Bin I L V PA
0 -2.095e-02 -5.486e-02 -1.063e-02 0.000e+00
1 5.631e-02 -2.969e-02 1.157e-02 0.000e+00
2 -1.251e-02 -5.315e-02 -4.346e-03 0.000e+00
3 -1.755e-02 -3.351e-02 1.968e-02 0.000e+00
4 -3.120e-03 -5.081e-02 -5.321e-03 0.000e+00
5 5.677e-03 -2.794e-02 -3.661e-02 0.000e+00
6 9.186e-03 1.781e-02 -8.175e-03 0.000e+00
7 -1.395e-02 -1.360e-03 8.269e-02 0.000e+00
8 -3.194e-03 -5.320e-02 2.859e-02 0.000e+00
9 -5.006e-02 1.461e-02 -6.100e-02 0.000e+00
10 1.290e-02 -5.359e-02 -1.969e-02 0.000e+00
11 4.568e-02 -3.924e-02 -1.672e-02 0.000e+00
12 -2.258e-02 1.712e-02 -4.636e-04 0.000e+00
13 -4.202e-02 -4.528e-02 -2.467e-02 0.000e+00
14 3.402e-03 1.697e-02 2.831e-02 0.000e+00
15 1.011e-01 -4.489e-02 6.128e-02 0.000e+00
16 -2.733e-02 6.129e-02 1.841e-02 5.497e+01
17 8.676e-03 1.056e-02 4.091e-03 0.000e+00
18 -3.867e-04 -3.572e-02 -3.827e-02 0.000e+00
19 -4.047e-03 2.469e-05 -4.258e-02 0.000e+00
20 -3.016e-03 5.751e-02 -5.186e-02 0.000e+00
21 -3.954e-03 -3.456e-02 3.499e-02 0.000e+00
22 4.119e-02 5.472e-03 2.046e-02 0.000e+00
23 3.825e-02 6.442e-02 2.533e-02 1.197e+02
24 -3.471e-02 -2.792e-02 4.167e-02 0.000e+00
25 -4.553e-03 1.807e-02 -6.058e-02 0.000e+00
26 3.850e-02 -3.247e-02 4.750e-02 0.000e+00
27 -1.881e-02 3.178e-02 2.122e-02 0.000e+00
28 -5.948e-02 -5.367e-04 -2.318e-02 0.000e+00
29 5.887e-03 -5.296e-02 -2.995e-02 0.000e+00
30 4.760e-02 -4.806e-02 -1.186e-02 0.000e+00
31 -6.169e-02 -3.662e-02 3.002e-02 0.000e+00
32 2.814e-02 1.160e-01 1.823e-02 4.507e+01
33 -7.378e-02 8.797e-02 -6.787e-02 1.325e+02
34 -1.462e-02 -4.097e-03 -4.945e-04 0.000e+00
35 8.744e-03 4.456e-02 -8.164e-03 0.000e+00
36 5.237e-03 -1.180e-02 -2.536e-02 0.000e+00
37 -2.877e-02 1.721e-02 2.848e-02 0.000e+00
38 3.629e-02 -6.792e-03 2.683e-03 0.000e+00
39 -4.078e-02 -5.637e-03 6.145e-02 0.000e+00
40 -1.580e-02 3.501e-02 2.929e-02 0.000e+00
41 3.505e-02 3.492e-03 -3.719e-02 0.000e+00
42 8.870e-03 5.476e-02 -3.262e-02 0.000e+00
43 2.891e-02 1.051e-02 2.040e-02 0.000e+00
44 2.333e-02 -5.355e-02 -2.103e-03 0.000e+00
45 2.558e-02 -7.324e-03 3.102e-03 0.000e+00
46 1.078e-02 2.051e-02 3.620e-03 0.000e+00
47 9.506e-03 -3.072e-02 8.810e-03 0.000e+00
48 2.175e-02 2.710e-02 -1.433e-04 0.000e+00
49 -4.127e-03 -4.426e-02 9.606e-02 0.000e+00
50 -7.822e-02 2.042e-02 6.158e-04 0.000e+00
51 -2.138e-02 5.606e-02 -4.836e-02 0.000e+00
52 7.478e-02 -4.067e-02 -1.897e-02 0.000e+00
53 5.770e-03 -2.469e-05 -5.953e-02 0.000e+00
54 -2.827e-02 8.449e-03 6.293e-02 0.000e+00
55 4.186e-02 -5.201e-02 -4.715e-02 0.000e+00
56 -1.090e-04 4.105e-02 2.923e-02 0.000e+00
57 2.882e-02 3.312e-02 -2.141e-02 0.000e+00
58 8.877e-02 9.541e-02 -7.731e-03 9.010e+01
59 -4.626e-02 -4.728e-02 -3.868e-02 0.000e+00
60 -6.755e-02 -2.249e-02 3.911e-02 0.000e+00
61 -9.256e-03 -4.530e-02 3.084e-02 0.000e+00
62 -6.206e-02 4.991e-03 3.788e-03 0.000e+00
63 1.198e-02 -2.783e-02 -4.964e-02 0.000e+00
64 6.280e-02 5.141e-02 -1.734e-02 0.000e+00
65 3.684e-02 -3.576e-02 1.680e-02 0.000e+00
66 -2.103e-03 -2.443e-02 -1.281e-02 0.000e+00
67 3.793e-02 -4.008e-02 4.138e-02 0.000e+00
68 -8.660e-02 -4.526e-02 3.723e-02 0.000e+00
69 -6.270e-03 4.014e-02 -9.344e-03 0.000e+00
70 2.487e-02 1.524e-02 1.321e-02 0.000e+00
71 -7.829e-04 -4.742e-02 2.365e-02 0.000e+00
72 -6.620e-03 -3.719e-02 -1.792e-02 0.000e+00
73 -1.718e-02 -5.503e-03 -8.930e-04 0.000e+00
74 -1.590e-02 -3.225e-02 4.573e-02 0.000e+00
75 -1.946e-02 5.326e-02 -1.985e-02 0.000e+00
76 1.047e-02 -4.764e-02 -3.278e-02 0.000e+00
77 -6.321e-02 -4.952e-02 -7.579e-02 0.000e+00
78 1.746e-02 2.530e-02 -7.951e-03 0.000e+00
79 8.079e-03 3.185e-02 -2.717e-02 0.000e+00
80 -3.476e-03 1.634e-02 2.338e-02 0.000e+00
81 7.685e-03 -4.661e-02 -6.787e-02 0.000e+00
82 1.081e-02 3.095e-02 -2.942e-02 0.000e+00
83 6.061e-04 3.445e-02 1.701e-02 0.000e+00
84 -1.649e-02 -2.604e-02 3.631e-02 0.000e+00
85 -7.266e-02 -5.436e-02 6.289e-03 0.000e+00
86 3.855e-02 4.597e-02 2.815e-02 0.000e+00
87 -3.314e-02 5.536e-02 -7.370e-03 0.000e+00
88 -2.328e-02 2.531e-03 7.367e-02 0.000e+00
89 -7.487e-02 3.957e-02 -1.741e-02 0.000e+00
90 1.880e-02 6.639e-02 -2.378e-02 8.746e+01
91 4.949e-03 7.859e-02 -1.538e-02 8.508e+01
92 7.345e-02 2.282e-02 4.967e-02 0.000e+00
93 7.033e-02 1.522e-02 -5.147e-02 0.000e+00
94 -5.578e-04 4.298e-03 8.203e-02 0.000e+00
95 8.985e-02 2.939e-02 7.236e-02 0.000e+00
96 3.196e-02 4.752e-02 4.045e-02 0.000e+00
97 4.988e-02 7.042e-02 5.712e-02 2.884e+01
98 1.350e-02 -4.939e-02 2.970e-02 0.000e+00
99 6.482e-02 9.981e-02 -4.017e-02 1.242e+02
100 -3.290e-02 2.397e-02 -4.398e-02 0.000e+00
101 2.464e-02 5.619e-02 -2.502e-02 0.000e+00
102 -3.200e-02 -4.789e-02 -2.699e-02 0.000e+00
103 -1.396e-02 -4.699e-02 -2.342e-02 0.000e+00
104 5.844e-03 -5.372e-02 1.722e-02 0.000e+00
105 -1.535e-02 3.511e-02 3.271e-02 0.000e+00
106 -3.238e-02 1.708e-02 -4.272e-02 0.000e+00
107 -4.261e-02 1.965e-02 2.864e-03 0.000e+00
108 -1.505e-02 8.134e-02 -3.774e-02 -3.716e+01
109 8.383e-03 3.459e-02 3.831e-02 0.000e+00
110 -3.941e-02 3.216e-02 -3.144e-02 0.000e+00
111 2.748e-02 3.674e-02 -3.352e-02 0.000e+00
112 6.885e-02 2.027e-02 5.936e-02 0.000e+00
113 5.880e-02 -3.131e-02 -5.729e-02 0.000e+00
114 1.287e-02 5.093e-03 -3.453e-02 0.000e+00
115 -6.943e-02 -4.232e-02 -1.052e-02 0.000e+00
116 -3.798e-02 -2.503e-02 -4.259e-02 0.000e+00
117 -5.068e-02 5.494e-02 8.909e-04 0.000e+00
118 -3.045e-02 -4.728e-02 1.201e-02 0.000e+00
119 2.874e-02 9.587e-02 -2.047e-02 -3.808e+01
120 -1.304e-02 4.038e-02 7.630e-02 0.000e+00
121 -4.118e-02 4.445e-02 1.898e-03 0.000e+00
122 -1.568e-02 -1.323e-03 1.239e-02 0.000e+00
123 2.901e-02 -5.083e-04 3.035e-02 0.000e+00
124 -3.956e-02 -3.408e-02 1.573e-02 0.000e+00
125 -8.941e-03 -5.827e-03 -2.511e-02 0.000e+00
126 1.441e-02 2.225e-02 1.247e-03 0.000e+00
127 1.903e-02 2.246e-02 -5.432e-02 0.000e+00
128 8.291e-03 -4.845e-02 -6.243e-03 0.000e+00
129 -6.587e-03 1.521e-03 2.904e-02 0.000e+00
130 -1.221e-02 -3.318e-02 -4.037e-02 0.000e+00
131 6.441e-03 1.339e-02 1.389e-02 0.000e+00
132 4.062e-02 3.008e-02 -7.189e-03 0.000e+00
133 -2.005e-03 5.159e-02 -1.410e-02 0.000e+00
134 -2.935e-02 6.423e-02 3.600e-02 8.959e+01
135 -4.470e-02 7.200e-02 6.946e-03 9.457e+01
136 -1.260e-02 7.195e-02 -5.458e-02 1.119e+02
137 -3.915e-02 2.148e-02 7.366e-03 0.000e+00
138 -4.083e-02 -3.957e-02 3.033e-02 0.000e+00
139 1.426e-02 3.853e-02 -2.067e-02 0.000e+00
140 2.499e-02 5.562e-02 2.317e-02 0.000e+00
141 -2.223e-02 6.191e-02 2.565e-02 1.268e+02
142 5.179e-02 2.303e-02 -2.536e-02 0.000e+00
143 7.163e-02 9.154e-03 6.982e-03 0.000e+00
144 5.773e-02 9.997e-03 -8.310e-03 0.000e+00
145 5.800e-02 2.252e-02 -2.980e-02 0.000e+00
146 6.347e-02 -2.542e-02 8.396e-02 0.000e+00
147 1.680e-02 2.006e-02 8.427e-02 0.000e+00
148 1.703e-02 -5.129e-02 -2.984e-02 0.000e+00
149 1.188e-02 3.389e-02 3.764e-02 0.000e+00
150 -2.732e-02 -2.803e-02 8.786e-03 0.000e+00
151 -1.013e-02 2.178e-02 -5.648e-02 0.000e+00
152 1.227e-03 -4.031e-02 4.731e-02 0.000e+00
153 -1.902e-02 4.496e-02 3.775e-02 0.000e+00
154 4.742e-02 5.477e-02 2.797e-02 0.000e+00
155 2.616e-03 3.275e-02 -1.821e-02 0.000e+00
156 1.630e-02 8.870e-02 -2.540e-02 -2.219e+01
157 -1.003e-01 -3.861e-02 1.137e-02 0.000e+00
158 -1.586e-02 -2.930e-02 -6.841e-03 0.000e+00
159 -4.605e-02 2.392e-03 -2.117e-02 0.000e+00
160 6.426e-02 -2.873e-02 -2.210e-02 0.000e+00
161 -3.619e-02 -4.615e-02 -6.036e-02 0.000e+00
162 -2.829e-02 4.001e-02 8.343e-03 0.000e+00
163 -7.852e-03 1.434e-02 -2.374e-02 0.000e+00
164 -8.132e-02 5.240e-02 -2.381e-02 0.000e+00
165 2.326e-02 4.985e-03 3.886e-02 0.000e+00
166 -4.056e-03 3.068e-02 1.702e-03 0.000e+00
167 -1.351e-02 -3.048e-02 8.157e-02 0.000e+00
168 -4.145e-03 -4.838e-02 3.284e-02 0.000e+00
169 8.980e-02 5.431e-02 -7.178e-03 0.000e+00
170 3.929e-02 2.170e-02 -2.409e-02 0.000e+00
171 3.629e-02 1.567e-02 -6.784e-02 0.000e+00
172 4.980e-02 -4.539e-02 -3.839e-02 0.000e+00
173 -1.308e-02 -3.173e-02 -3.539e-02 0.000e+00
174 -1.333e-02 1.167e-02 1.804e-03 0.000e+00
175 1.411e-02 -5.334e-02 3.603e-02 0.000e+00
176 -4.352e-02 -1.020e-02 -5.510e-02 0.000e+00
177 -6.756e-03 9.915e-03 -5.050e-02 0.000e+00
178 -1.897e-02 5.107e-02 -2.210e-02 0.000e+00
179 -3.412e-02 -9.065e-03 2.713e-02 0.000e+00
180 -8.974e-02 -2.459e-02 2.909e-02 0.000e+00
181 -4.485e-02 -4.622e-02 3.647e-02 0.000e+00
182 -2.516e-02 -5.238e-02 7.397e-02 0.000e+00
183 1.525e-02 6.563e-02 -6.883e-02 1.106e+02
184 3.430e-03 -4.829e-02 -3.443e-02 0.000e+00
185 2.446e-02 -3.561e-02 4.073e-03 0.000e+00
186 6.504e-02 -5.234e-02 7.071e-02 0.000e+00
187 1.562e-02 8.140e-03 -5.413e-03 0.000e+00
188 2.274e-02 1.500e-02 1.406e-02 0.000e+00
189 -1.963e-02 -5.263e-02 6.229e-02 0.000e+00
190 1.943e-02 -4.650e-02 -5.006e-02 0.000e+00
191 -4.305e-02 5.292e-02 4.387e-02 0.000e+00
192 5.331e-02 -4.641e-02 9.268e-05 0.000e+00
193 -4.099e-03 -3.342e-02 -3.971e-02 0.000e+00
194 2.641e-02 -7.609e-03 7.999e-02 0.000e+00
195 -2.910e-02 -4.998e-02 -1.370e-02 0.000e+00
196 3.285e-03 -4.722e-02 -7.133e-02 0.000e+00
197 8.935e-04 -5.030e-02 5.183e-02 0.000e+00
198 -1.394e-02 5.741e-02 -7.841e-03 0.000e+00
199 -4.263e-02 1.840e-02 -3.599e-02 0.000e+00
200 6.950e-02 4.701e-02 -2.596e-02 0.000e+00
201 -1.917e-02 -4.931e-02 -5.719e-02 0.000e+00
202 -1.717e-02 2.071e-02 -5.979e-02 0.000e+00
203 1.070e-02 -3.268e-02 2.324e-02 0.000e+00
204 -8.021e-03 2.955e-02 -5.571e-02 0.000e+00
205 6.856e-02 2.306e-02 -4.987e-03 0.000e+00
206 1.121e-01 3.040e-02 -1.510e-01 0.000e+00
207 1.790e-01 -1.279e-02 -6.305e-02 0.000e+00
208 3.844e-01 1.067e-01 -3.421e-02 1.105e+02
209 5.193e-01 1.619e-01 -4.437e-02 1.057e+02
210 7.108e-01 2.017e-01 -3.406e-02 8.680e+01
211 9.513e-01 1.973e-01 -7.036e-02 7.950e+01
212 1.000e+00 1.143e-01 -4.187e-02 6.825e+01
213 9.797e-01 2.367e-01 -9.929e-02 5.716e+01
214 9.077e-01 2.248e-01 -1.485e-01 4.084e+01
215 7.767e-01 1.252e-01 -2.585e-02 3.858e+01
216 4.648e-01 1.069e-01 -1.187e-01 3.897e+01
217 3.231e-01 7.227e-02 -7.881e-02 3.862e+01
218 1.678e-01 1.378e-01 2.552e-03 4.299e+01
219 6.465e-02 9.637e-03 -2.569e-02 0.000e+00
220 1.045e-01 6.527e-03 -4.068e-02 0.000e+00
221 6.446e-02 -4.254e-02 -2.158e-02 0.000e+00
222 4.425e-02 2.102e-02 -3.464e-02 0.000e+00
223 5.350e-02 -3.133e-02 4.440e-02 0.000e+00
224 6.287e-02 -5.348e-02 1.710e-02 0.000e+00
225 1.105e-02 -4.760e-02 2.046e-02 0.000e+00
226 -2.709e-02 1.375e-02 2.295e-02 0.000e+00
227 -2.792e-02 -5.122e-02 6.260e-03 0.000e+00
228 3.277e-03 -5.466e-02 -1.541e-02 0.000e+00
229 -1.258e-03 3.981e-02 -3.494e-02 0.000e+00
230 2.865e-04 2.271e-02 2.746e-03 0.000e+00
231 1.962e-02 2.215e-02 4.208e-03 0.000e+00
232 -8.641e-03 6.237e-02 -4.243e-02 -1.477e+01
233 8.945e-04 -5.393e-02 6.232e-02 0.000e+00
234 -1.445e-02 -4.972e-02 -7.620e-04 0.000e+00
235 -5.631e-02 -5.424e-03 7.000e-02 0.000e+00
236 1.368e-02 3.977e-02 -3.751e-02 0.000e+00
237 -3.517e-03 1.445e-02 -2.943e-02 0.000e+00
238 1.323e-02 -3.445e-02 -4.233e-02 0.000e+00
239 -4.271e-02 -4.746e-02 -1.568e-02 0.000e+00
240 1.829e-02 2.164e-02 2.131e-02 0.000e+00
241 9.992e-03 8.894e-03 -2.472e-02 0.000e+00
242 3.361e-02 -5.437e-02 4.337e-03 0.000e+00
243 -6.461e-02 2.851e-02 -2.068e-02 0.000e+00
244 1.367e-02 1.051e-02 -7.835e-03 0.000e+00
245 1.628e-02 -3.619e-03 -1.277e-02 0.000e+00
246 -2.985e-03 1.188e-02 1.060e-02 0.000e+00
247 -1.277e-02 -4.192e-02 4.535e-03 0.000e+00
248 5.247e-02 5.737e-02 1.590e-02 0.000e+00
249 -8.994e-02 -5.220e-02 1.474e-02 0.000e+00
250 3.775e-02 2.855e-02 3.062e-02 0.000e+00
251 1.210e-02 -4.652e-02 -3.908e-03 0.000e+00
252 -4.829e-02 1.868e-02 6.221e-02 0.000e+00
253 -4.257e-02 -4.663e-02 -4.687e-02 0.000e+00
254 -2.379e-02 1.196e-02 -8.501e-02 0.000e+00
255 9.468e-04 3.443e-02 -3.288e-04 0.000e+00
256 1.090e-04 5.405e-02 -3.244e-03 0.000e+00
257 -7.800e-02 -4.368e-02 3.922e-02 0.000e+00
258 3.645e-02 5.799e-02 7.549e-03 0.000e+00
259 -1.575e-02 -8.352e-04 -2.921e-02 0.000e+00
260 -1.704e-02 -1.102e-03 -8.640e-02 0.000e+00
261 -3.077e-02 -5.042e-02 1.604e-02 0.000e+00
262 4.353e-02 -5.289e-02 4.558e-02 0.000e+00
263 2.038e-02 -2.619e-02 -7.086e-02 0.000e+00
264 5.821e-02 -3.606e-02 2.966e-02 0.000e+00
265 2.332e-02 -4.616e-02 6.136e-02 0.000e+00
266 1.736e-03 -1.334e-02 5.288e-02 0.000e+00
267 -2.336e-02 2.642e-02 -3.756e-02 0.000e+00
268 3.514e-02 1.644e-03 -6.554e-03 0.000e+00
269 1.490e-02 2.272e-02 -1.952e-02 0.000e+00
270 5.428e-02 2.716e-02 -8.942e-03 0.000e+00
271 7.703e-02 5.001e-03 5.033e-02 0.000e+00
272 -5.847e-02 -3.899e-02 1.443e-02 0.000e+00
273 1.128e-01 4.850e-02 1.777e-02 0.000e+00
274 -1.769e-02 -5.003e-02 5.098e-02 0.000e+00
275 -1.983e-02 4.871e-02 -3.225e-02 0.000e+00
276 -3.493e-03 2.393e-02 3.177e-02 0.000e+00
277 6.386e-02 -3.750e-02 -2.033e-02 0.000e+00
278 -3.164e-02 4.941e-02 1.782e-02 0.000e+00
279 4.476e-02 2.846e-02 -6.467e-02 0.000e+00
280 -1.162e-02 -3.699e-02 -2.512e-03 0.000e+00
281 5.736e-02 -1.553e-03 3.348e-02 0.000e+00
282 5.254e-02 -4.770e-02 2.667e-02 0.000e+00
283 -2.961e-02 8.486e-03 -2.034e-02 0.000e+00
284 -4.959e-02 4.720e-02 -1.792e-02 0.000e+00
285 -7.337e-03 1.245e-02 3.153e-03 0.000e+00
286 1.591e-02 -4.866e-02 -3.670e-02 0.000e+00
287 3.838e-02 3.300e-02 9.758e-02 0.000e+00
288 -3.287e-02 1.874e-02 -3.819e-02 0.000e+00
289 1.435e-02 1.560e-02 -1.712e-02 0.000e+00
290 -2.901e-02 3.702e-02 2.428e-03 0.000e+00
291 -8.323e-02 4.304e-02 4.662e-02 0.000e+00
292 -5.705e-02 5.664e-02 -2.167e-02 0.000e+00
293 -4.514e-02 4.239e-02 1.092e-02 0.000e+00
294 7.247e-03 -5.315e-02 -8.190e-02 0.000e+00
295 -5.019e-02 7.576e-02 -1.122e-02 -4.064e+01
296 -6.958e-03 5.423e-02 -4.283e-02 0.000e+00
297 -5.311e-02 -7.940e-03 2.926e-02 0.000e+00
298 -7.106e-02 2.660e-02 -4.544e-02 0.000e+00
299 2.333e-02 -3.826e-02 3.897e-02 0.000e+00
300 1.718e-02 2.612e-02 5.285e-02 0.000e+00
301 -5.054e-02 -5.403e-02 1.453e-02 0.000e+00
302 -4.322e-02 -5.161e-02 -1.068e-03 0.000e+00
303 -1.258e-03 3.112e-02 3.974e-03 0.000e+00
304 6.337e-02 7.752e-02 -5.928e-02 8.795e+01
305 5.010e-02 3.398e-02 -1.842e-02 0.000e+00
306 1.104e-02 3.958e-02 8.051e-02 0.000e+00
307 -4.431e-02 -5.220e-02 -2.591e-03 0.000e+00
308 -2.833e-04 2.542e-02 5.651e-03 0.000e+00
309 -2.321e-02 1.840e-02 1.629e-02 0.000e+00
310 5.997e-02 4.638e-02 1.157e-02 0.000e+00
311 5.597e-02 -5.218e-02 3.052e-04 0.000e+00
312 -2.083e-02 -4.797e-02 -5.359e-05 0.000e+00
313 -3.872e-02 3.891e-02 -1.388e-02 0.000e+00
314 3.358e-02 3.990e-02 4.445e-02 0.000e+00
315 2.512e-02 3.207e-02 -6.711e-03 0.000e+00
316 6.852e-02 6.936e-02 -1.763e-02 7.988e+01
317 9.646e-02 -4.715e-02 -3.496e-02 0.000e+00
318 1.203e-02 -4.985e-02 1.114e-02 0.000e+00
319 5.187e-03 -4.212e-02 1.622e-02 0.000e+00
320 -1.038e-03 1.319e-02 1.776e-02 0.000e+00
321 7.999e-02 -3.885e-02 -6.602e-02 0.000e+00
322 2.914e-02 -4.467e-02 -9.414e-03 0.000e+00
323 -4.576e-02 -4.693e-02 -2.476e-02 0.000e+00
324 -5.086e-02 1.911e-03 2.774e-02 0.000e+00
325 2.200e-02 -4.232e-02 -3.551e-02 0.000e+00
326 2.168e-02 -4.394e-02 5.061e-02 0.000e+00
327 -9.482e-02 4.229e-02 1.576e-02 0.000e+00
328 3.751e-03 1.927e-02 3.259e-03 0.000e+00
329 -4.168e-03 -3.957e-02 3.961e-02 0.000e+00
330 1.489e-02 1.595e-02 5.925e-03 0.000e+00
331 -3.687e-02 -4.709e-02 5.885e-02 0.000e+00
332 1.740e-03 2.441e-02 -1.730e-02 0.000e+00
333 -1.770e-03 -5.139e-02 -2.094e-02 0.000e+00
334 -2.746e-02 -4.205e-02 -6.695e-02 0.000e+00
335 -1.488e-02 -1.979e-02 -9.581e-02 0.000e+00
336 -1.012e-02 -3.816e-02 -1.843e-02 0.000e+00
337 -2.616e-02 -3.893e-02 -2.400e-02 0.000e+00
338 3.395e-02 1.612e-02 2.032e-04 0.000e+00
339 3.874e-02 6.702e-02 8.411e-02 7.585e+01
340 -9.865e-02 5.790e-02 5.474e-02 0.000e+00
341 1.592e-02 -5.293e-02 -2.978e-02 0.000e+00
342 5.144e-02 -5.014e-02 -5.434e-02 0.000e+00
343 1.899e-02 -3.346e-02 -2.632e-03 0.000e+00
344 -1.099e-02 -5.351e-02 -3.911e-02 0.000e+00
345 -1.046e-02 -3.141e-02 7.415e-02 0.000e+00
346 3.177e-02 1.809e-02 5.739e-02 0.000e+00
347 -2.394e-03 2.847e-02 -9.149e-03 0.000e+00
348 6.731e-02 1.629e-02 1.161e-02 0.000e+00
349 -2.057e-02 1.393e-02 -1.531e-02 0.000e+00
350 -3.271e-02 3.665e-02 -2.008e-02 0.000e+00
351 4.554e-03 -3.676e-02 -2.672e-02 0.000e+00
352 -3.453e-02 3.097e-02 1.940e-02 0.000e+00
353 3.181e-02 -5.382e-02 -1.404e-02 0.000e+00
354 -5.262e-03 -5.141e-02 5.909e-02 0.000e+00
355 4.798e-02 -3.197e-02 -4.610e-02 0.000e+00
356 -1.356e-02 4.217e-02 4.013e-02 0.000e+00
357 -5.032e-02 3.958e-02 3.729e-02 0.000e+00
358 1.842e-02 -5.426e-02 8.124e-02 0.000e+00
359 -2.567e-02 -5.036e-02 8.459e-03 0.000e+00
360 -2.388e-02 -5.183e-02 -3.965e-02 0.000e+00
361 -1.777e-02 -3.854e-02 1.310e-02 0.000e+00
362 3.857e-02 2.600e-02 1.988e-02 0.000e+00
363 1.370e-03 9.945e-02 -3.883e-02 1.052e+02
364 -5.078e-02 4.702e-02 1.365e-02 0.000e+00
365 2.425e-02 -5.311e-03 -1.703e-02 0.000e+00
366 -1.345e-02 8.281e-02 -7.133e-02 1.064e+02
367 1.056e-03 3.093e-02 4.538e-02 0.000e+00
368 -1.923e-02 -3.498e-02 -2.153e-02 0.000e+00
369 -2.845e-02 6.339e-02 -6.446e-03 1.328e+02
370 2.310e-02 -4.997e-02 1.740e-02 0.000e+00
371 -5.816e-02 -5.464e-02 2.964e-02 0.000e+00
372 8.587e-02 6.721e-02 -7.113e-03 4.758e+01
373 -4.046e-03 4.250e-02 -3.525e-02 0.000e+00
374 6.086e-03 2.403e-03 1.046e-02 0.000e+00
375 5.322e-02 4.080e-02 2.461e-02 0.000e+00
376 -1.835e-02 -5.031e-02 -1.116e-02 0.000e+00
377 1.996e-02 -5.101e-02 2.972e-02 0.000e+00
378 -4.240e-02 3.943e-02 -4.979e-02 0.000e+00
379 1.624e-02 4.431e-02 -6.290e-03 0.000e+00
380 8.195e-02 8.168e-02 -6.087e-02 8.080e+01
381 -3.449e-02 1.661e-02 -4.879e-02 0.000e+00
382 -5.612e-02 4.015e-02 -4.105e-02 0.000e+00
383 1.201e-02 -3.541e-04 -7.431e-02 0.000e+00
384 4.296e-02 -4.812e-02 1.148e-02 0.000e+00
385 9.678e-02 -3.374e-02 1.546e-02 0.000e+00
386 1.049e-02 2.143e-02 1.912e-02 0.000e+00
387 2.419e-02 -5.447e-02 6.512e-02 0.000e+00
388 3.204e-02 6.486e-02 2.960e-02 1.126e+02
389 1.624e-04 -3.551e-02 2.905e-02 0.000e+00
390 -4.072e-02 -3.930e-02 9.515e-02 0.000e+00
391 -3.558e-02 4.410e-02 1.190e-02 0.000e+00
392 -9.362e-02 -3.545e-02 1.879e-02 0.000e+00
393 -4.318e-02 4.251e-02 -5.081e-02 0.000e+00
394 1.525e-02 -6.441e-03 3.514e-02 0.000e+00
395 -1.085e-02 2.506e-02 1.325e-02 0.000e+00
396 2.180e-02 1.057e-01 -2.300e-02 -2.439e+01
397 5.431e-02 2.041e-02 -9.347e-03 0.000e+00
398 -2.613e-02 3.209e-02 -7.089e-03 0.000e+00
399 2.470e-02 3.339e-02 -2.470e-03 0.000e+00
400 6.684e-02 -4.726e-02 -1.819e-03 0.000e+00
401 -9.222e-02 1.395e-02 1.319e-03 0.000e+00
402 -7.431e-02 -7.350e-03 4.516e-03 0.000e+00
403 -1.591e-02 -5.475e-02 2.549e-02 0.000e+00
404 -1.257e-02 -4.780e-02 4.709e-02 0.000e+00
405 -4.172e-02 2.647e-03 -3.396e-02 0.000e+00
406 2.545e-02 -5.400e-02 1.723e-02 0.000e+00
407 7.100e-02 -2.789e-02 -7.492e-02 0.000e+00
408 -1.401e-02 2.545e-02 -6.959e-02 0.000e+00
409 -7.937e-02 -3.288e-02 -2.629e-02 0.000e+00
410 6.653e-02 -2.577e-03 -2.029e-03 0.000e+00
411 -9.796e-03 -5.468e-02 2.021e-02 0.000e+00
412 6.624e-03 -4.348e-02 -4.837e-02 0.000e+00
413 3.648e-02 3.233e-02 3.789e-02 0.000e+00
414 -1.887e-02 -3.375e-02 4.187e-02 0.000e+00
415 7.851e-02 -5.295e-02 6.342e-02 0.000e+00
416 -1.101e-02 -6.162e-03 -8.553e-03 0.000e+00
417 3.644e-02 5.949e-02 -6.525e-02 0.000e+00
418 2.495e-02 -4.307e-03 7.532e-02 0.000e+00
419 -1.592e-02 -5.002e-02 -1.637e-02 0.000e+00
420 -3.085e-03 -4.498e-02 2.817e-02 0.000e+00
421 7.232e-03 -3.179e-02 -1.464e-01 0.000e+00
422 6.180e-03 -4.411e-02 2.767e-02 0.000e+00
423 5.574e-02 -5.312e-02 1.464e-02 0.000e+00
424 -4.139e-04 -3.047e-02 -5.975e-03 0.000e+00
425 -1.763e-02 5.843e-03 1.286e-02 0.000e+00
426 -7.563e-02 -3.731e-02 -1.926e-02 0.000e+00
427 3.078e-02 -2.463e-02 -1.665e-02 0.000e+00
428 -4.262e-02 7.486e-02 -4.597e-02 8.843e+01
429 -3.129e-03 -4.631e-02 3.413e-02 0.000e+00
430 -4.434e-02 5.421e-03 -5.800e-03 0.000e+00
431 4.137e-02 -2.607e-02 -7.279e-02 0.000e+00
432 1.630e-02 -3.575e-02 -3.208e-02 0.000e+00
433 -4.652e-02 -3.705e-02 -2.000e-02 0.000e+00
434 5.777e-03 8.303e-03 -3.088e-02 0.000e+00
435 -1.662e-02 -5.267e-02 5.229e-02 0.000e+00
436 2.682e-02 -4.836e-02 4.296e-02 0.000e+00
437 -3.747e-02 -5.349e-02 3.069e-02 0.000e+00
438 -1.756e-02 1.760e-02 3.917e-02 0.000e+00
439 3.896e-02 1.752e-02 -1.139e-02 0.000e+00
440 -1.968e-02 -5.024e-02 -4.441e-02 0.000e+00
441 -3.537e-03 -3.406e-02 6.822e-03 0.000e+00
442 8.499e-03 2.382e-02 5.783e-02 0.000e+00
443 4.971e-02 -4.011e-02 2.780e-02 0.000e+00
444 1.764e-02 -3.307e-02 -1.642e-02 0.000e+00
445 -3.417e-02 -3.844e-02 -1.156e-02 0.000e+00
446 6.326e-03 1.949e-03 -6.440e-03 0.000e+00
447 3.783e-02 -4.193e-02 3.135e-02 0.000e+00
448 2.307e-02 1.094e-02 -3.869e-02 0.000e+00
449 -4.285e-02 -4.625e-02 -6.824e-02 0.000e+00
450 -1.912e-02 -4.770e-02 2.069e-02 0.000e+00
451 -6.664e-03 -4.752e-02 8.071e-03 0.000e+00
452 4.070e-02 -4.692e-02 3.268e-03 0.000e+00
453 -7.072e-02 -4.976e-02 3.829e-02 0.000e+00
454 3.057e-02 -5.058e-02 3.154e-02 0.000e+00
455 3.437e-02 1.679e-02 -7.452e-02 0.000e+00
456 3.965e-02 -1.710e-03 -4.160e-02 0.000e+00
457 -2.204e-02 -4.915e-02 -8.000e-03 0.000e+00
458 -1.531e-03 5.640e-02 2.854e-02 0.000e+00
459 8.149e-02 4.554e-02 2.113e-02 0.000e+00
460 -6.018e-02 -5.434e-02 4.004e-02 0.000e+00
461 4.061e-02 -3.458e-02 5.359e-05 0.000e+00
462 -1.043e-02 3.554e-02 3.866e-02 0.000e+00
463 -5.615e-02 5.677e-03 -5.765e-02 0.000e+00
464 -1.911e-02 3.051e-02 -2.215e-02 0.000e+00
465 3.371e-03 2.724e-02 5.089e-02 0.000e+00
466 2.788e-02 -2.489e-04 -1.468e-02 0.000e+00
467 -3.928e-02 -3.178e-03 -2.371e-03 0.000e+00
468 -2.145e-02 6.615e-03 9.055e-03 0.000e+00
469 8.260e-03 -4.247e-02 -1.013e-03 0.000e+00
470 3.239e-02 1.501e-02 3.558e-02 0.000e+00
471 -2.732e-02 2.247e-02 -3.245e-02 0.000e+00
472 -2.773e-03 -4.762e-03 1.884e-03 0.000e+00
473 -6.736e-02 6.464e-02 2.902e-02 1.229e+02
474 2.052e-02 -4.786e-02 -6.010e-03 0.000e+00
475 6.778e-03 3.294e-02 1.411e-02 0.000e+00
476 6.235e-03 2.765e-02 -3.338e-02 0.000e+00
477 2.703e-02 3.259e-02 -5.174e-02 0.000e+00
478 4.130e-02 -4.794e-02 1.378e-02 0.000e+00
479 -5.540e-03 -3.934e-02 -2.128e-02 0.000e+00
480 1.044e-02 -4.867e-02 5.019e-02 0.000e+00
481 2.297e-02 -5.306e-02 8.421e-03 0.000e+00
482 -3.154e-02 -4.829e-02 -4.950e-02 0.000e+00
483 2.390e-02 -7.695e-03 2.409e-02 0.000e+00
484 4.353e-02 -3.732e-02 -6.125e-02 0.000e+00
485 -1.064e-02 -4.322e-02 1.613e-02 0.000e+00
486 -5.403e-03 -5.194e-02 6.365e-02 0.000e+00
487 -6.341e-03 2.059e-02 2.603e-02 0.000e+00
488 7.286e-03 2.682e-02 -4.058e-02 0.000e+00
489 -1.584e-02 4.326e-02 3.951e-02 0.000e+00
490 -2.871e-02 -4.990e-02 1.942e-02 0.000e+00
491 3.795e-02 -5.247e-02 -8.553e-02 0.000e+00
492 -3.251e-02 -4.585e-02 -5.737e-04 0.000e+00
493 2.019e-02 -5.349e-02 6.997e-02 0.000e+00
494 -5.935e-02 3.847e-02 2.267e-02 0.000e+00
495 -6.960e-02 -5.151e-02 -2.543e-02 0.000e+00
496 1.944e-02 2.001e-02 2.609e-03 0.000e+00
497 1.451e-02 1.775e-02 9.184e-03 0.000e+00
498 4.508e-02 3.973e-02 -2.519e-03 0.000e+00
499 6.130e-02 -5.101e-02 -1.638e-02 0.000e+00
500 -4.228e-02 -3.989e-02 -2.254e-02 0.000e+00
501 7.243e-02 3.252e-02 -1.844e-02 0.000e+00
502 -2.672e-02 -4.965e-02 -1.600e-02 0.000e+00
503 1.174e-02 1.961e-02 -4.820e-02 0.000e+00
504 -1.925e-02 -4.458e-02 8.472e-02 0.000e+00
505 -7.138e-02 4.791e-02 9.779e-03 0.000e+00
506 1.541e-02 -4.103e-02 5.141e-02 0.000e+00
507 1.123e-02 2.399e-02 -1.329e-02 0.000e+00
508 8.604e-02 4.435e-02 -2.179e-02 0.000e+00
509 -7.282e-02 -4.787e-02 -4.235e-02 0.000e+00
510 -9.913e-03 4.573e-03 2.426e-02 0.000e+00
511 1.940e-02 -4.452e-02 3.928e-03 0.000e+00
