Bin I L V PA
0 -1.958e-02 5.604e-03 9.084e-03 0.000e+00
1 -8.540e-03 1.456e-03 -9.362e-03 0.000e+00
2 -2.239e-03 -4.313e-03 -5.673e-03 0.000e+00
3 -1.930e-02 1.737e-02 3.056e-03 -2.447e+01
4 -1.515e-03 1.402e-02 1.124e-02 0.000e+00
5 -8.857e-03 -5.607e-03 -6.943e-03 0.000e+00
6 -3.340e-03 -2.179e-03 6.558e-03 0.000e+00
7 -1.958e-02 1.705e-02 4.011e-03 1.243e+02
8 -1.299e-03 9.788e-03 6.636e-03 0.000e+00
9 -2.940e-03 -5.787e-03 -6.028e-03 0.000e+00
10 -8.050e-03 -6.666e-03 0.000e+00 0.000e+00
11 -1.811e-02 -6.154e-03 3.118e-03 0.000e+00
12 1.906e-03 -4.218e-03 -2.460e-03 0.000e+00
13 -1.683e-02 5.013e-03 -1.267e-02 0.000e+00
14 -1.866e-02 1.718e-02 -1.135e-03 5.048e+01
15 -5.545e-03 7.661e-03 -2.829e-03 0.000e+00
16 1.234e-03 -6.171e-03 -1.081e-02 0.000e+00
17 8.137e-03 -6.304e-03 -1.086e-03 0.000e+00
18 -7.349e-03 -3.614e-03 -1.413e-02 0.000e+00
19 -3.902e-04 1.290e-02 1.134e-03 0.000e+00
20 -2.072e-02 3.107e-02 -2.127e-03 3.094e+01
21 8.927e-04 -2.160e-03 -9.156e-03 0.000e+00
22 -8.187e-03 -2.433e-03 -4.795e-04 0.000e+00
23 -3.038e-03 1.322e-02 -2.635e-03 0.000e+00
24 6.151e-03 1.766e-02 -3.442e-03 8.343e+01
25 -1.635e-02 -3.620e-03 6.956e-03 0.000e+00
26 6.623e-03 7.841e-03 2.257e-03 0.000e+00
27 1.074e-02 -5.606e-03 -1.694e-02 0.000e+00
28 9.103e-03 -6.561e-03 5.544e-03 0.000e+00
29 -2.177e-02 -1.764e-04 1.207e-03 0.000e+00
30 4.144e-03 -6.373e-03 -2.191e-03 0.000e+00
31 2.488e-03 1.853e-02 1.054e-02 1.310e+02
32 -5.192e-03 -4.836e-03 7.631e-03 0.000e+00
33 3.341e-03 -6.215e-03 5.543e-03 0.000e+00
34 -1.817e-03 1.904e-02 1.252e-02 -3.019e+01
35 -5.341e-03 1.369e-02 -6.207e-03 0.000e+00
36 -1.736e-02 2.123e-02 1.437e-02 8.333e+00
37 3.492e-03 -1.497e-03 -3.842e-03 0.000e+00
38 -1.305e-02 -5.286e-03 2.033e-03 0.000e+00
39 8.696e-04 -5.691e-03 3.954e-03 0.000e+00
40 1.097e-04 -1.422e-03 -4.941e-03 0.000e+00
41 -1.193e-02 1.140e-02 2.722e-03 0.000e+00
42 1.230e-02 1.007e-02 -1.028e-03 0.000e+00
43 4.690e-03 -3.819e-03 -7.414e-03 0.000e+00
44 -5.564e-03 -4.743e-03 -8.188e-03 0.000e+00
45 1.460e-02 7.342e-03 5.897e-03 0.000e+00
46 -6.040e-03 2.738e-02 1.280e-02 -7.877e-01
47 -6.547e-03 5.609e-03 -2.723e-02 0.000e+00
48 2.171e-02 1.537e-02 -5.354e-03 3.112e+01
49 -5.952e-03 2.129e-02 3.467e-03 -1.927e+01
50 -1.169e-02 8.380e-03 -1.322e-02 0.000e+00
51 2.698e-03 1.612e-02 7.332e-03 3.354e+01
52 8.975e-03 1.147e-02 6.270e-03 0.000e+00
53 7.453e-03 1.604e-02 7.161e-03 0.000e+00
54 -2.155e-03 1.726e-02 -6.426e-03 5.750e+01
55 5.880e-03 -5.335e-03 -3.651e-04 0.000e+00
56 -4.429e-03 -3.457e-03 -3.941e-03 0.000e+00
57 1.102e-02 1.097e-02 -3.759e-03 0.000e+00
58 3.120e-04 -4.870e-03 -5.036e-03 0.000e+00
59 9.693e-04 -8.393e-05 -3.590e-03 0.000e+00
60 1.701e-02 1.953e-02 1.849e-02 1.302e+02
61 0.000e+00 -2.414e-03 6.359e-03 0.000e+00
62 -5.773e-03 -6.809e-03 1.378e-02 0.000e+00
63 -8.301e-04 -4.286e-03 -3.397e-03 0.000e+00
64 -5.572e-03 -5.639e-03 1.848e-03 0.000e+00
65 9.969e-03 -3.368e-03 -1.465e-02 0.000e+00
66 4.410e-03 -5.482e-03 -1.401e-02 0.000e+00
67 -5.613e-03 -3.646e-03 6.469e-04 0.000e+00
68 -1.935e-02 1.890e-02 -5.269e-03 1.166e+02
69 5.758e-03 -5.322e-03 -6.626e-03 0.000e+00
70 1.282e-02 -4.951e-03 1.934e-03 0.000e+00
71 -1.253e-02 1.082e-02 -3.160e-03 0.000e+00
72 -6.957e-03 1.662e-02 3.143e-03 -1.195e+01
73 -6.577e-03 -6.631e-03 -1.131e-02 0.000e+00
74 -3.785e-03 1.047e-02 -8.618e-03 0.000e+00
75 1.128e-02 1.108e-02 7.956e-04 0.000e+00
76 -3.277e-03 -3.643e-03 -4.597e-03 0.000e+00
77 -2.544e-03 -2.665e-03 2.730e-03 0.000e+00
78 7.471e-04 -2.834e-03 1.677e-03 0.000e+00
79 3.994e-03 -4.734e-03 8.695e-03 0.000e+00
80 1.196e-02 -8.330e-04 -1.773e-02 0.000e+00
81 -1.722e-02 1.096e-02 -1.047e-02 0.000e+00
82 5.906e-03 2.135e-02 -1.724e-02 9.001e+01
83 -1.417e-03 -5.872e-03 5.222e-03 0.000e+00
84 6.732e-03 -4.338e-03 -2.530e-03 0.000e+00
85 9.660e-04 -1.865e-03 -2.023e-02 0.000e+00
86 -9.711e-04 -4.793e-03 5.091e-03 0.000e+00
87 3.323e-03 2.763e-02 2.252e-03 3.998e+01
88 -6.190e-03 2.312e-02 1.981e-02 -1.719e+01
89 -7.057e-03 -3.165e-03 -1.062e-02 0.000e+00
90 5.423e-03 1.086e-02 8.926e-03 0.000e+00
91 8.761e-03 5.988e-03 1.519e-02 0.000e+00
92 3.538e-03 1.869e-02 -1.425e-02 8.075e+01
93 -6.368e-03 1.482e-02 -2.217e-03 -1.376e+01
94 4.973e-03 1.730e-02 -7.420e-03 6.541e+01
95 -3.213e-03 1.661e-02 -2.202e-03 1.163e+02
96 2.521e-03 -2.737e-03 5.960e-03 0.000e+00
97 1.142e-03 2.597e-02 -2.332e-02 6.664e+01
98 -7.436e-03 -3.594e-03 3.188e-03 0.000e+00
99 1.014e-02 1.179e-02 -9.357e-03 0.000e+00
100 -5.624e-03 0.000e+00 7.218e-05 0.000e+00
101 -7.128e-03 1.248e-02 -8.667e-03 0.000e+00
102 1.215e-02 2.253e-02 -5.192e-03 7.924e+01
103 8.827e-03 -1.940e-03 -8.482e-03 0.000e+00
104 1.541e-02 -2.836e-03 -8.844e-03 0.000e+00
105 1.076e-02 -2.983e-03 7.374e-03 0.000e+00
106 1.052e-02 -6.673e-03 3.018e-02 0.000e+00
107 2.946e-03 -6.541e-03 4.957e-03 0.000e+00
108 1.638e-02 -4.809e-04 5.907e-03 0.000e+00
109 -3.622e-03 1.776e-02 -2.847e-04 4.317e+01
110 -5.158e-04 -3.375e-03 1.158e-02 0.000e+00
111 3.748e-03 1.551e-02 8.739e-03 8.859e+01
112 1.325e-02 -6.134e-03 -6.395e-03 0.000e+00
113 1.166e-02 1.460e-02 1.054e-03 7.751e+01
114 1.163e-02 3.241e-02 3.150e-03 7.066e+01
115 -3.406e-03 -5.315e-03 5.572e-03 0.000e+00
116 -4.723e-03 -5.598e-03 -1.328e-03 0.000e+00
117 2.692e-03 -5.665e-03 2.871e-03 0.000e+00
118 -1.528e-02 1.253e-02 -8.234e-03 0.000e+00
119 -1.361e-03 2.446e-02 2.191e-02 4.663e+01
120 8.589e-03 9.999e-03 -1.165e-02 0.000e+00
121 1.158e-02 -5.759e-03 1.067e-02 0.000e+00
122 -6.114e-03 -4.541e-03 3.249e-03 0.000e+00
123 4.435e-03 -1.782e-03 9.626e-03 0.000e+00
124 2.632e-04 -5.021e-03 1.583e-02 0.000e+00
125 -7.679e-03 1.511e-02 -1.198e-02 2.418e+01
126 9.471e-03 -5.924e-03 3.086e-04 0.000e+00
127 1.329e-02 -1.644e-03 -1.131e-02 0.000e+00
128 -9.875e-04 1.300e-02 1.294e-02 0.000e+00
129 1.501e-02 -1.303e-03 -5.659e-03 0.000e+00
130 1.742e-02 7.014e-03 4.722e-03 0.000e+00
131 7.293e-03 -6.297e-03 -6.597e-03 0.000e+00
132 1.151e-02 1.594e-02 5.888e-03 1.286e+02
133 1.543e-02 1.551e-02 1.768e-03 3.309e+01
134 -9.306e-04 7.771e-03 -2.685e-02 0.000e+00
135 5.480e-03 2.552e-02 7.806e-03 1.698e+01
136 -4.220e-03 9.089e-03 -9.728e-03 0.000e+00
137 4.051e-03 5.612e-03 6.394e-03 0.000e+00
138 -6.482e-03 5.114e-03 -8.251e-03 0.000e+00
139 1.468e-02 -5.227e-03 -5.073e-03 0.000e+00
140 1.213e-02 -3.956e-03 7.752e-03 0.000e+00
141 1.159e-02 1.714e-02 5.145e-03 1.960e+01
142 1.414e-02 2.904e-03 -7.052e-03 0.000e+00
143 -3.667e-03 -5.306e-03 -1.024e-03 0.000e+00
144 1.672e-02 -5.767e-03 2.411e-03 0.000e+00
145 1.160e-02 9.870e-03 5.348e-03 0.000e+00
146 1.462e-02 -6.645e-03 -5.462e-03 0.000e+00
147 1.262e-02 -5.936e-03 -3.382e-03 0.000e+00
148 1.434e-02 -5.136e-03 -1.021e-02 0.000e+00
149 2.443e-02 1.457e-02 -1.060e-02 4.449e+01
150 1.002e-02 -6.463e-03 -1.688e-03 0.000e+00
151 3.512e-03 4.436e-03 6.123e-03 0.000e+00
152 8.504e-03 1.940e-02 -1.231e-02 4.903e+01
153 -1.953e-03 1.654e-02 1.358e-02 1.020e-01
154 1.556e-02 -1.089e-03 4.732e-03 0.000e+00
155 1.763e-03 1.462e-02 -9.261e-03 7.705e-01
156 -6.097e-03 7.244e-03 1.289e-03 0.000e+00
157 1.327e-02 1.727e-02 -4.257e-03 -3.850e+01
158 1.656e-02 4.989e-03 3.165e-03 0.000e+00
159 1.703e-02 5.690e-03 1.178e-02 0.000e+00
160 9.571e-03 1.838e-02 -6.307e-03 8.906e+01
161 -5.110e-03 -5.473e-03 -1.222e-02 0.000e+00
162 9.752e-03 -5.343e-03 1.974e-02 0.000e+00
163 4.197e-03 3.046e-02 7.591e-03 2.514e+01
164 1.106e-02 -3.420e-04 1.084e-02 0.000e+00
165 1.990e-02 1.506e-02 3.463e-03 3.592e+01
166 7.147e-03 -6.477e-03 4.579e-03 0.000e+00
167 1.080e-02 4.894e-03 7.508e-06 0.000e+00
168 2.376e-02 -4.986e-03 3.770e-03 0.000e+00
169 2.194e-03 -6.697e-03 1.324e-02 0.000e+00
170 2.318e-02 -5.881e-05 -5.006e-03 0.000e+00
171 5.223e-03 -2.195e-03 1.174e-03 0.000e+00
172 1.943e-02 -4.703e-04 -1.060e-02 0.000e+00
173 1.674e-02 -3.835e-04 2.334e-03 0.000e+00
174 3.847e-02 -3.693e-03 8.351e-03 0.000e+00
175 1.167e-02 1.906e-02 -7.564e-03 2.446e+01
176 3.281e-02 2.303e-02 -4.904e-03 2.723e+01
177 2.511e-02 1.843e-02 8.390e-03 4.879e+00
178 1.982e-03 1.107e-02 4.056e-03 0.000e+00
179 2.748e-02 2.590e-02 9.075e-03 -1.723e+01
180 7.537e-03 1.879e-02 2.330e-03 1.979e+01
181 2.357e-02 3.006e-02 6.967e-03 1.009e+01
182 2.995e-02 -5.613e-03 -1.322e-02 0.000e+00
183 2.316e-02 2.647e-02 -1.299e-02 -7.231e+00
184 1.564e-02 1.707e-02 8.472e-03 2.046e+01
185 1.996e-02 1.713e-02 1.517e-02 5.904e+00
186 3.226e-02 1.544e-02 -3.890e-03 1.217e+01
187 3.154e-02 3.141e-02 1.647e-02 3.078e+00
188 3.265e-02 1.081e-02 1.098e-02 0.000e+00
189 2.907e-02 2.521e-02 -1.574e-02 -1.890e+01
190 1.875e-02 2.025e-02 3.507e-03 -4.320e+00
191 3.617e-02 1.822e-02 -4.721e-03 1.966e+01
192 3.100e-02 8.088e-03 -9.699e-03 0.000e+00
193 2.221e-02 1.313e-02 3.901e-03 0.000e+00
194 3.665e-02 1.492e-02 -2.399e-02 2.747e+00
195 2.389e-02 1.162e-02 1.565e-02 0.000e+00
196 3.592e-02 3.536e-02 1.720e-02 8.097e+00
197 3.611e-02 3.286e-02 7.983e-04 3.048e+01
198 3.728e-02 1.507e-02 6.338e-03 -1.053e+01
199 2.655e-02 1.771e-02 -9.932e-03 8.341e+00
200 2.314e-02 2.163e-02 5.762e-03 5.674e-01
201 3.143e-02 2.622e-02 -1.802e-03 1.680e+01
202 1.404e-02 4.026e-02 3.863e-03 -3.609e-01
203 4.297e-02 3.804e-02 -5.336e-03 1.072e+01
204 3.995e-02 1.416e-02 -9.145e-04 0.000e+00
205 1.339e-02 2.532e-02 1.574e-02 3.684e+00
206 4.113e-02 2.435e-02 1.713e-02 5.246e+00
207 2.897e-02 1.818e-02 -5.090e-03 -3.221e+00
208 1.771e-02 1.324e-02 -8.231e-03 0.000e+00
209 3.303e-02 3.661e-02 5.400e-03 5.480e-02
210 4.041e-02 3.959e-02 -1.755e-02 1.459e+01
211 2.278e-02 1.290e-02 9.867e-04 0.000e+00
212 2.960e-02 3.437e-02 1.803e-03 6.913e+00
213 3.078e-02 2.095e-02 1.129e-02 1.066e+01
214 4.376e-02 2.109e-02 1.391e-04 -1.647e+01
215 4.456e-02 3.674e-02 1.438e-02 -1.080e+01
216 3.282e-02 2.136e-02 -7.098e-03 4.348e+00
217 2.089e-02 1.496e-02 1.892e-02 2.179e+00
218 5.125e-02 3.216e-02 9.137e-03 6.005e+00
219 5.090e-02 2.185e-02 3.686e-03 7.762e+00
220 4.425e-02 2.736e-02 -1.010e-02 1.282e+01
221 3.934e-02 3.466e-02 1.742e-02 2.589e+01
222 5.291e-02 2.004e-02 2.657e-03 2.000e+01
223 5.277e-02 1.703e-02 -1.358e-02 -1.438e+01
224 5.051e-02 3.496e-02 1.924e-02 2.178e+01
225 3.703e-02 2.230e-02 -2.148e-02 2.304e+01
226 5.027e-02 2.252e-02 -6.441e-03 1.799e+01
227 5.334e-02 2.288e-02 1.705e-03 -9.553e-02
228 6.635e-02 1.925e-02 -5.317e-03 1.497e+01
229 4.052e-02 2.876e-02 8.221e-03 2.392e+00
230 4.281e-02 2.594e-02 5.081e-03 4.085e+00
231 5.054e-02 2.540e-02 4.382e-03 -1.182e+01
232 5.167e-02 4.087e-02 2.991e-03 5.555e+00
233 4.311e-02 3.227e-02 -5.939e-05 2.795e+01
234 5.276e-02 4.148e-02 1.477e-02 2.126e+00
235 4.687e-02 3.416e-02 -1.900e-03 1.192e-01
236 5.248e-02 2.944e-02 1.460e-02 5.751e+00
237 4.555e-02 4.398e-02 -1.038e-03 8.566e+00
238 3.104e-02 3.546e-02 1.122e-03 3.041e+00
239 6.792e-02 4.024e-02 -5.163e-06 -1.528e+00
240 4.058e-02 2.698e-02 4.383e-03 5.664e+00
241 5.211e-02 1.619e-02 -1.693e-02 -5.962e+00
242 5.426e-02 2.006e-02 1.755e-02 1.990e+01
243 5.424e-02 3.201e-02 -1.194e-03 2.585e+00
244 6.175e-02 4.273e-02 -5.426e-03 1.178e+01
245 6.297e-02 2.249e-02 -1.725e-02 1.744e+01
246 3.705e-02 3.154e-02 1.415e-03 1.401e+01
247 4.897e-02 3.256e-02 1.185e-02 -1.052e+00
248 5.283e-02 3.654e-02 -1.349e-02 -4.742e+00
249 5.066e-02 2.693e-02 1.595e-02 1.392e-02
250 5.469e-02 3.375e-02 1.408e-02 7.589e+00
251 5.199e-02 1.947e-02 -2.519e-03 3.611e+00
252 6.773e-02 3.260e-02 -1.195e-03 -9.709e-01
253 5.415e-02 4.313e-02 5.041e-03 -2.968e+00
254 4.424e-02 3.282e-02 3.250e-03 -1.071e+00
255 6.597e-02 3.145e-02 1.248e-04 1.749e+01
256 4.739e-02 3.094e-02 -1.255e-02 -1.276e+01
257 6.258e-02 2.455e-02 1.411e-02 9.804e+00
258 5.272e-02 5.883e-03 -1.287e-02 0.000e+00
259 7.248e-02 1.141e-02 -6.076e-03 0.000e+00
260 6.482e-02 2.550e-02 7.060e-04 3.861e+00
261 7.362e-02 2.520e-02 -2.946e-03 -9.495e+00
262 8.427e-02 1.914e-02 -4.505e-03 -3.741e+00
263 7.743e-02 3.050e-02 1.256e-02 1.344e+00
264 5.065e-02 1.501e-02 7.874e-04 3.335e+01
265 7.303e-02 1.296e-02 1.298e-02 0.000e+00
266 6.585e-02 -5.140e-03 4.765e-03 0.000e+00
267 7.560e-02 2.565e-02 5.179e-03 8.055e+00
268 5.521e-02 2.991e-02 1.232e-02 -1.703e+01
269 7.502e-02 4.320e-02 -1.417e-02 -1.292e+01
270 6.411e-02 2.562e-02 -5.338e-03 -5.053e+00
271 6.963e-02 1.534e-02 6.186e-03 -8.384e-01
272 7.118e-02 -1.570e-03 4.892e-03 0.000e+00
273 7.241e-02 1.771e-02 -1.030e-02 -4.215e+00
274 7.670e-02 2.037e-02 -3.743e-03 5.461e+00
275 8.427e-02 2.523e-02 1.997e-02 -1.931e+01
276 6.777e-02 -5.898e-03 4.554e-03 0.000e+00
277 8.124e-02 2.838e-02 -8.061e-03 -7.452e+00
278 9.426e-02 1.008e-02 -1.007e-03 0.000e+00
279 8.947e-02 -6.540e-03 1.755e-02 0.000e+00
280 1.067e-01 8.298e-03 7.664e-03 0.000e+00
281 1.044e-01 2.053e-02 7.581e-03 -3.204e+01
282 7.814e-02 1.503e-02 -4.786e-04 -2.709e+01
283 8.266e-02 4.041e-03 7.398e-03 0.000e+00
284 9.315e-02 2.989e-02 -2.273e-03 -4.310e+01
285 1.122e-01 5.477e-03 1.018e-02 0.000e+00
286 9.272e-02 -1.346e-03 2.457e-03 0.000e+00
287 9.426e-02 2.565e-02 -2.823e-03 1.789e+01
288 8.297e-02 -4.511e-03 5.383e-03 0.000e+00
289 9.490e-02 1.508e-02 3.125e-03 1.809e+01
290 9.826e-02 -2.396e-03 -1.082e-02 0.000e+00
291 9.887e-02 -2.606e-03 1.447e-02 0.000e+00
292 1.043e-01 1.848e-02 -7.569e-04 7.684e+00
293 9.593e-02 -4.106e-03 -2.892e-03 0.000e+00
294 9.989e-02 -2.639e-03 2.280e-02 0.000e+00
295 1.010e-01 1.414e-02 1.941e-03 0.000e+00
296 1.168e-01 1.175e-02 -9.701e-04 0.000e+00
297 1.023e-01 2.291e-02 1.087e-02 9.113e+01
298 9.977e-02 -4.587e-03 -3.593e-03 0.000e+00
299 1.033e-01 9.582e-03 -1.640e-02 0.000e+00
300 1.205e-01 1.736e-02 -1.661e-02 6.536e+01
301 1.270e-01 1.085e-02 2.435e-03 0.000e+00
302 1.213e-01 1.321e-02 -1.228e-03 0.000e+00
303 1.146e-01 6.087e-03 5.284e-03 0.000e+00
304 1.163e-01 1.855e-02 2.007e-03 8.296e+01
305 1.312e-01 -4.456e-03 3.057e-03 0.000e+00
306 1.178e-01 2.078e-02 -2.575e-03 8.235e+01
307 1.218e-01 -5.747e-03 8.239e-03 0.000e+00
308 1.212e-01 2.501e-02 -2.662e-04 1.008e+02
309 1.367e-01 1.279e-02 1.082e-02 0.000e+00
310 1.159e-01 3.681e-02 -7.936e-03 9.747e+01
311 1.274e-01 1.943e-02 -5.522e-03 1.026e+02
312 1.365e-01 2.443e-02 1.825e-02 9.609e+01
313 1.417e-01 2.532e-02 -4.156e-03 8.974e+01
314 1.376e-01 3.040e-02 5.487e-04 1.053e+02
315 1.255e-01 2.918e-02 3.149e-03 8.186e+01
316 1.441e-01 3.098e-02 -8.744e-03 1.009e+02
317 1.586e-01 4.367e-02 7.213e-03 8.173e+01
318 1.494e-01 4.187e-02 -2.831e-03 8.968e+01
319 1.404e-01 4.860e-02 6.462e-03 9.140e+01
320 1.418e-01 2.886e-02 5.562e-04 9.608e+01
321 1.375e-01 2.780e-02 4.706e-03 9.442e+01
322 1.367e-01 4.631e-02 1.094e-02 9.460e+01
323 1.476e-01 4.132e-02 -1.356e-02 9.326e+01
324 1.691e-01 4.940e-02 7.521e-03 9.746e+01
325 1.451e-01 4.816e-02 1.561e-02 9.298e+01
326 1.580e-01 3.620e-02 3.667e-03 9.882e+01
327 1.559e-01 4.521e-02 4.573e-03 9.975e+01
328 1.716e-01 5.451e-02 2.823e-03 8.824e+01
329 1.416e-01 5.163e-02 6.085e-03 8.856e+01
330 1.554e-01 5.153e-02 1.769e-02 8.946e+01
331 1.678e-01 8.027e-02 6.533e-03 9.498e+01
332 1.554e-01 6.335e-02 -1.571e-03 9.595e+01
333 1.639e-01 3.283e-02 -1.397e-03 9.599e+01
334 1.522e-01 5.167e-02 1.300e-02 9.206e+01
335 1.614e-01 6.861e-02 2.152e-03 9.280e+01
336 1.513e-01 5.470e-02 -7.449e-04 9.050e+01
337 1.747e-01 6.324e-02 7.263e-04 9.356e+01
338 1.629e-01 6.660e-02 -1.525e-03 9.427e+01
339 1.606e-01 7.326e-02 1.139e-02 8.937e+01
340 1.600e-01 7.955e-02 1.346e-02 9.184e+01
341 1.619e-01 6.480e-02 -2.048e-02 8.904e+01
342 1.726e-01 7.331e-02 -6.003e-03 8.507e+01
343 1.582e-01 5.983e-02 -4.705e-03 9.210e+01
344 1.692e-01 5.319e-02 1.570e-02 9.197e+01
345 1.884e-01 7.483e-02 1.008e-02 9.226e+01
346 1.663e-01 8.220e-02 -5.046e-04 9.149e+01
347 1.817e-01 7.594e-02 -1.376e-02 8.881e+01
348 1.676e-01 9.317e-02 -3.510e-04 9.099e+01
349 1.697e-01 5.663e-02 -4.166e-03 8.727e+01
350 1.776e-01 7.614e-02 3.963e-03 8.821e+01
351 1.690e-01 6.585e-02 1.065e-02 8.906e+01
352 1.617e-01 8.745e-02 2.320e-03 8.812e+01
353 1.864e-01 9.069e-02 -1.223e-02 9.285e+01
354 1.705e-01 9.020e-02 1.823e-02 9.310e+01
355 1.667e-01 8.161e-02 1.199e-02 8.883e+01
356 1.797e-01 6.944e-02 6.071e-03 9.099e+01
357 1.721e-01 7.775e-02 -2.867e-04 8.875e+01
358 1.850e-01 7.606e-02 1.624e-02 8.811e+01
359 1.866e-01 8.425e-02 4.979e-03 8.813e+01
360 1.797e-01 7.783e-02 4.698e-03 9.541e+01
361 1.779e-01 7.124e-02 8.706e-03 9.332e+01
362 1.842e-01 7.777e-02 -1.757e-02 9.109e+01
363 1.642e-01 6.707e-02 7.077e-03 9.010e+01
364 1.749e-01 6.471e-02 5.889e-04 8.406e+01
365 1.731e-01 7.623e-02 -1.001e-02 8.763e+01
366 1.707e-01 7.372e-02 5.525e-03 8.690e+01
367 1.686e-01 8.200e-02 5.218e-04 9.420e+01
368 1.681e-01 6.881e-02 3.989e-03 9.470e+01
369 1.672e-01 6.155e-02 1.303e-02 8.908e+01
370 1.812e-01 7.347e-02 -8.749e-04 9.106e+01
371 1.641e-01 8.047e-02 1.562e-02 8.899e+01
372 1.665e-01 6.345e-02 2.312e-03 9.121e+01
373 1.777e-01 6.704e-02 5.152e-03 8.684e+01
374 1.853e-01 6.968e-02 -2.517e-03 8.902e+01
375 1.847e-01 8.415e-02 8.962e-03 8.860e+01
376 1.752e-01 8.715e-02 9.788e-04 9.242e+01
377 1.865e-01 6.648e-02 -4.086e-03 8.857e+01
378 1.656e-01 6.825e-02 1.062e-02 9.190e+01
379 1.855e-01 5.212e-02 1.525e-02 9.110e+01
380 1.773e-01 7.710e-02 -5.054e-03 9.219e+01
381 1.873e-01 6.701e-02 -1.453e-03 8.888e+01
382 1.777e-01 6.724e-02 -6.200e-03 9.035e+01
383 1.864e-01 7.505e-02 -2.862e-03 9.079e+01
384 1.689e-01 8.635e-02 1.422e-02 8.947e+01
385 1.868e-01 5.677e-02 -6.388e-03 8.895e+01
386 1.729e-01 4.212e-02 -2.554e-03 8.145e+01
387 1.819e-01 5.244e-02 1.871e-02 8.735e+01
388 1.709e-01 5.538e-02 -5.891e-03 9.474e+01
389 1.766e-01 5.064e-02 2.714e-03 9.455e+01
390 1.923e-01 5.356e-02 6.717e-03 8.777e+01
391 1.890e-01 5.230e-02 -1.749e-03 8.932e+01
392 1.866e-01 4.472e-02 1.278e-02 9.526e+01
393 2.062e-01 5.091e-02 -3.275e-03 9.513e+01
394 1.765e-01 3.837e-02 4.132e-03 8.530e+01
395 1.839e-01 4.031e-02 -1.844e-03 8.867e+01
396 1.937e-01 4.227e-02 -2.270e-03 1.009e+02
397 1.905e-01 3.898e-02 -2.677e-03 9.131e+01
398 1.835e-01 3.636e-02 8.145e-04 9.646e+01
399 2.017e-01 3.470e-02 8.309e-03 1.006e+02
400 1.845e-01 4.307e-02 8.867e-03 9.900e+01
401 1.787e-01 2.818e-02 9.346e-03 9.739e+01
402 2.070e-01 3.320e-02 -6.945e-04 9.322e+01
403 1.877e-01 4.454e-02 1.041e-02 9.607e+01
404 1.770e-01 2.884e-02 2.612e-03 1.070e+02
405 1.962e-01 2.881e-02 -2.581e-02 9.542e+01
406 1.973e-01 1.239e-02 -2.509e-03 0.000e+00
407 1.729e-01 1.188e-02 5.872e-03 0.000e+00
408 2.078e-01 2.830e-02 -3.208e-03 1.117e+02
409 1.967e-01 3.859e-02 4.165e-03 1.078e+02
410 1.945e-01 2.384e-02 -1.598e-03 1.011e+02
411 1.881e-01 3.920e-02 -2.827e-03 9.678e+01
412 1.933e-01 3.527e-02 6.250e-03 7.084e+01
413 2.052e-01 3.224e-02 -1.028e-02 8.469e+01
414 1.810e-01 1.827e-02 2.732e-03 1.112e+02
415 1.998e-01 1.499e-02 -1.152e-02 1.064e+02
416 1.804e-01 7.858e-03 -6.430e-03 0.000e+00
417 1.989e-01 2.586e-02 -4.010e-03 9.311e+01
418 1.830e-01 3.199e-02 -1.583e-03 1.138e+02
419 1.995e-01 1.815e-02 3.035e-03 1.251e+02
420 2.006e-01 1.143e-02 4.465e-03 0.000e+00
421 2.124e-01 3.077e-02 7.400e-03 1.013e+02
422 1.955e-01 3.346e-02 -6.983e-04 1.102e+02
423 2.046e-01 3.934e-02 -4.889e-03 1.202e+02
424 2.048e-01 1.850e-02 -8.915e-03 1.288e+02
425 1.886e-01 3.574e-02 8.895e-03 1.316e+02
426 2.009e-01 3.399e-03 -5.101e-03 0.000e+00
427 2.000e-01 2.652e-02 6.221e-03 1.252e+02
428 2.007e-01 2.861e-02 -1.240e-02 1.162e+02
429 1.939e-01 1.273e-02 -1.166e-02 0.000e+00
430 1.965e-01 2.363e-02 -6.027e-03 1.192e+02
431 1.957e-01 2.101e-02 -6.914e-03 1.179e+02
432 1.956e-01 2.106e-02 3.093e-03 1.218e+02
433 1.922e-01 3.390e-02 2.555e-03 1.315e+02
434 2.004e-01 1.469e-02 1.065e-02 1.289e+02
435 2.109e-01 2.719e-02 -7.604e-03 1.043e+02
436 1.978e-01 2.006e-02 4.465e-03 1.310e+02
437 1.817e-01 2.776e-02 -6.741e-03 1.142e+02
438 2.064e-01 3.545e-02 -1.131e-02 1.095e+02
439 2.009e-01 3.560e-02 -1.281e-02 1.143e+02
440 1.918e-01 3.097e-02 -1.423e-02 1.328e+02
441 1.904e-01 3.796e-02 -1.052e-02 1.178e+02
442 2.080e-01 2.442e-02 7.623e-03 1.180e+02
443 2.002e-01 1.759e-02 -1.096e-02 -4.363e+01
444 1.799e-01 3.703e-02 -1.465e-02 1.180e+02
445 1.807e-01 2.040e-02 7.792e-03 1.200e+02
446 1.929e-01 2.750e-02 4.714e-03 1.150e+02
447 2.126e-01 3.764e-02 -2.029e-03 1.270e+02
448 2.032e-01 3.730e-02 -8.222e-03 1.284e+02
449 1.956e-01 3.769e-02 -1.696e-02 1.301e+02
450 1.989e-01 2.308e-02 -2.620e-02 1.009e+02
451 1.928e-01 2.900e-02 -1.001e-02 1.216e+02
452 2.102e-01 2.909e-02 -9.129e-03 1.166e+02
453 2.110e-01 3.863e-02 3.457e-04 1.156e+02
454 2.087e-01 3.157e-02 -9.294e-03 1.244e+02
455 1.957e-01 2.389e-02 -1.444e-02 1.196e+02
456 2.150e-01 2.525e-02 -1.641e-03 1.216e+02
457 1.992e-01 1.654e-02 -9.554e-03 1.096e+02
458 2.050e-01 4.038e-02 -4.644e-03 1.128e+02
459 2.097e-01 2.975e-02 -4.422e-03 1.306e+02
460 2.213e-01 3.742e-02 -2.508e-03 1.095e+02
461 1.979e-01 2.686e-02 -2.437e-03 1.220e+02
462 2.013e-01 4.835e-02 -7.415e-03 1.228e+02
463 1.983e-01 2.890e-02 -2.216e-02 1.171e+02
464 2.055e-01 1.833e-02 -5.980e-03 1.228e+02
465 1.985e-01 4.292e-02 -3.093e-03 1.181e+02
466 2.015e-01 3.766e-02 3.592e-03 1.066e+02
467 2.157e-01 2.321e-02 -8.842e-03 1.286e+02
468 2.028e-01 3.368e-02 -9.850e-03 1.171e+02
469 2.177e-01 3.361e-02 -1.245e-02 1.138e+02
470 2.104e-01 1.496e-02 -8.368e-04 1.029e+02
471 2.222e-01 2.378e-02 -1.201e-02 1.300e+02
472 2.047e-01 3.627e-02 1.189e-02 1.210e+02
473 2.228e-01 2.956e-02 -3.006e-02 9.942e+01
474 2.191e-01 2.047e-02 -4.482e-03 1.229e+02
475 2.073e-01 2.355e-02 -1.266e-02 -2.975e+01
476 2.128e-01 2.497e-02 -3.018e-03 1.292e+02
477 2.195e-01 1.378e-02 -2.802e-03 0.000e+00
478 2.283e-01 1.375e-02 4.926e-03 0.000e+00
479 2.339e-01 2.222e-02 -3.695e-03 1.126e+02
480 2.438e-01 -6.556e-04 7.557e-03 0.000e+00
481 2.332e-01 1.812e-02 -6.038e-03 -3.560e+01
482 2.266e-01 1.958e-02 -2.116e-02 1.246e+02
483 2.337e-01 1.939e-02 -1.153e-05 -3.850e+01
484 2.368e-01 1.130e-02 3.190e-03 0.000e+00
485 2.485e-01 1.830e-02 -2.222e-03 1.041e+02
486 2.488e-01 2.671e-02 -1.102e-02 -3.952e+01
487 2.277e-01 2.369e-02 -6.867e-04 1.148e+02
488 2.521e-01 1.053e-02 -6.891e-03 0.000e+00
489 2.468e-01 8.631e-03 -1.407e-02 0.000e+00
490 2.513e-01 1.070e-02 -8.764e-03 0.000e+00
491 2.331e-01 3.090e-02 7.721e-05 1.270e+02
492 2.479e-01 1.956e-02 3.169e-03 -2.995e+01
493 2.570e-01 1.878e-02 -5.265e-04 1.252e+02
494 2.606e-01 1.450e-02 4.899e-03 -1.408e+01
495 2.526e-01 1.867e-02 -9.606e-03 -3.378e+01
496 2.762e-01 2.052e-02 4.655e-03 -3.291e+01
497 2.610e-01 2.068e-02 -6.836e-03 -2.398e+01
498 2.677e-01 1.614e-02 -7.168e-03 9.630e+01
499 2.734e-01 1.736e-02 7.136e-04 -1.374e+00
500 2.686e-01 1.132e-02 2.626e-03 0.000e+00
501 2.732e-01 2.357e-02 3.742e-03 -1.050e+01
502 2.871e-01 1.209e-02 -6.955e-03 0.000e+00
503 2.870e-01 1.315e-02 1.942e-03 0.000e+00
504 2.823e-01 1.669e-02 -4.923e-04 -1.543e+01
505 3.009e-01 -3.886e-03 -1.242e-02 0.000e+00
506 2.911e-01 1.561e-02 -4.963e-03 -2.904e+01
507 2.977e-01 1.976e-02 -2.387e-02 -6.528e+00
508 2.826e-01 2.282e-02 -2.896e-03 -1.805e+01
509 3.036e-01 2.480e-02 -1.101e-02 7.372e+00
510 2.913e-01 2.423e-02 -1.109e-02 4.070e+00
511 3.012e-01 2.477e-02 2.091e-03 3.242e-03
512 2.981e-01 2.694e-02 -1.291e-03 -2.094e+01
513 3.175e-01 1.555e-02 2.452e-03 6.085e+00
514 3.049e-01 1.185e-02 -1.292e-02 0.000e+00
515 3.153e-01 3.197e-02 -1.344e-02 -5.166e+00
516 3.198e-01 2.566e-02 -9.320e-03 1.153e+00
517 3.259e-01 4.280e-02 -1.463e-02 -8.952e+00
518 3.181e-01 1.987e-02 -1.508e-02 1.032e+01
519 3.277e-01 4.698e-02 5.517e-03 2.971e+00
520 3.116e-01 3.685e-02 -6.666e-03 6.255e+00
521 3.366e-01 3.892e-02 -2.364e-03 -6.849e+00
522 3.319e-01 2.690e-02 -7.570e-03 6.880e+00
523 3.383e-01 2.924e-02 -1.364e-03 2.867e+00
524 3.306e-01 4.593e-02 -1.032e-02 3.557e+00
525 3.528e-01 4.107e-02 9.240e-03 1.154e+00
526 3.259e-01 3.270e-02 -4.405e-03 9.403e-01
527 3.484e-01 3.863e-02 -2.548e-03 -2.106e+00
528 3.387e-01 4.560e-02 -6.203e-03 6.884e+00
529 3.448e-01 4.726e-02 4.880e-03 8.502e+00
530 3.398e-01 4.627e-02 -9.989e-04 -3.871e+00
531 3.367e-01 2.501e-02 -7.552e-03 3.325e+00
532 3.649e-01 3.697e-02 -4.403e-03 2.651e-01
533 3.635e-01 4.190e-02 -7.285e-03 9.595e-01
534 3.508e-01 5.077e-02 7.793e-03 6.931e+00
535 3.669e-01 4.541e-02 -6.390e-03 5.206e+00
536 3.752e-01 6.279e-02 -5.629e-04 2.822e+00
537 3.697e-01 5.348e-02 4.752e-03 1.153e+01
538 3.813e-01 5.813e-02 -8.547e-05 2.411e+00
539 3.651e-01 5.587e-02 3.265e-03 1.304e+01
540 3.741e-01 5.341e-02 1.006e-02 1.008e+01
541 3.722e-01 5.646e-02 1.949e-02 7.694e+00
542 3.624e-01 6.532e-02 -1.772e-04 -2.406e+00
543 3.692e-01 5.718e-02 3.708e-03 4.539e+00
544 3.850e-01 4.775e-02 -6.727e-03 2.174e+00
545 3.769e-01 6.221e-02 -2.084e-03 1.198e+01
546 3.738e-01 4.732e-02 7.441e-03 8.415e+00
547 3.805e-01 6.082e-02 -1.851e-02 5.032e+00
548 3.765e-01 6.955e-02 5.809e-03 1.098e+01
549 3.743e-01 6.517e-02 -6.695e-03 5.585e+00
550 3.778e-01 8.173e-02 -2.961e-03 2.858e+00
551 3.885e-01 6.819e-02 -8.685e-04 6.531e+00
552 3.968e-01 7.016e-02 -3.904e-04 7.775e+00
553 3.846e-01 7.850e-02 1.741e-04 8.735e+00
554 3.851e-01 6.538e-02 -3.602e-03 9.707e+00
555 3.837e-01 6.938e-02 -1.340e-02 3.739e+00
556 3.968e-01 5.492e-02 -1.848e-02 6.680e+00
557 3.791e-01 7.444e-02 -1.101e-02 4.377e+00
558 3.932e-01 8.829e-02 -5.771e-03 7.633e+00
559 4.019e-01 8.069e-02 3.251e-03 8.515e+00
560 3.817e-01 6.982e-02 4.596e-03 1.051e+01
561 3.990e-01 6.369e-02 3.154e-03 1.916e+01
562 3.954e-01 5.381e-02 -2.354e-02 1.521e+00
563 3.954e-01 7.668e-02 -1.075e-02 2.972e-01
564 3.946e-01 7.070e-02 -1.144e-02 5.456e+00
565 4.047e-01 7.075e-02 5.161e-03 7.773e+00
566 3.827e-01 5.195e-02 -7.837e-03 2.535e+00
567 3.982e-01 5.854e-02 -1.243e-02 1.473e+01
568 4.047e-01 5.796e-02 -2.237e-02 9.834e+00
569 3.864e-01 5.254e-02 -9.603e-03 5.904e+00
570 3.862e-01 6.861e-02 -8.852e-03 2.812e+00
571 4.216e-01 4.540e-02 -1.690e-02 4.549e-01
572 3.992e-01 5.031e-02 -1.669e-02 -3.080e-01
573 3.932e-01 4.420e-02 -5.189e-03 7.239e+00
574 4.135e-01 6.041e-02 -1.608e-02 8.098e+00
575 4.036e-01 5.847e-02 -1.303e-02 1.130e+01
576 3.904e-01 4.946e-02 -2.174e-02 1.552e+01
577 4.076e-01 4.310e-02 -2.437e-02 1.532e+01
578 4.092e-01 4.200e-02 -2.778e-02 -4.947e-01
579 4.105e-01 4.410e-02 -3.734e-03 9.869e+00
580 4.087e-01 3.985e-02 -1.255e-02 8.921e+00
581 4.067e-01 2.629e-02 -1.821e-03 3.428e+00
582 4.104e-01 4.356e-02 -1.489e-02 4.789e+00
583 4.123e-01 3.220e-02 -1.555e-03 3.334e+00
584 4.118e-01 4.526e-02 -1.687e-02 4.230e+00
585 3.909e-01 2.911e-02 -1.711e-02 -4.842e-01
586 3.990e-01 2.464e-02 -2.791e-02 4.805e+00
587 3.972e-01 1.315e-02 -2.454e-02 0.000e+00
588 4.115e-01 1.588e-02 -5.032e-03 -2.517e+00
589 4.086e-01 3.970e-02 -1.235e-02 -6.666e+00
590 4.053e-01 2.048e-02 -4.645e-03 8.932e-01
591 3.907e-01 7.030e-03 -7.765e-03 0.000e+00
592 4.149e-01 -5.987e-03 -1.833e-02 0.000e+00
593 4.031e-01 2.118e-02 -5.977e-03 1.948e+01
594 4.049e-01 1.256e-02 -1.935e-02 0.000e+00
595 4.111e-01 3.588e-04 -1.103e-03 0.000e+00
596 4.001e-01 1.020e-02 -2.078e-02 0.000e+00
597 4.049e-01 2.196e-02 -1.010e-02 -4.347e+01
598 4.014e-01 9.011e-03 -1.104e-02 0.000e+00
599 3.914e-01 2.335e-02 -2.019e-02 1.270e+02
600 4.041e-01 2.209e-02 -2.022e-02 1.083e+02
601 3.994e-01 2.932e-02 -1.794e-02 1.156e+02
602 3.908e-01 2.208e-02 -2.161e-03 1.084e+02
603 4.031e-01 4.055e-02 -1.851e-02 1.126e+02
604 4.060e-01 3.836e-02 -1.619e-02 1.228e+02
605 3.877e-01 3.431e-02 -2.078e-02 1.087e+02
606 4.052e-01 3.859e-02 1.653e-03 1.157e+02
607 4.105e-01 3.938e-02 -6.300e-03 1.196e+02
608 4.118e-01 4.235e-02 -2.277e-02 1.229e+02
609 3.914e-01 2.530e-02 -1.402e-02 1.040e+02
610 4.012e-01 5.820e-02 -2.108e-02 1.166e+02
611 3.944e-01 6.679e-02 -3.026e-02 1.125e+02
612 4.119e-01 6.277e-02 -3.015e-02 1.054e+02
613 4.113e-01 5.374e-02 -1.137e-02 1.184e+02
614 4.205e-01 5.895e-02 -2.441e-02 1.049e+02
615 3.977e-01 5.443e-02 -1.958e-02 1.104e+02
616 4.256e-01 5.249e-02 -2.612e-02 1.083e+02
617 3.977e-01 5.539e-02 -2.343e-02 1.133e+02
618 4.061e-01 7.908e-02 -3.621e-02 1.125e+02
619 3.969e-01 8.866e-02 -2.799e-02 1.057e+02
620 4.031e-01 7.239e-02 -2.445e-02 1.016e+02
621 3.982e-01 7.047e-02 -2.227e-02 1.111e+02
622 4.074e-01 7.956e-02 -8.325e-03 1.103e+02
623 3.990e-01 6.982e-02 -1.734e-02 1.075e+02
624 4.064e-01 7.118e-02 -3.198e-02 1.086e+02
625 4.105e-01 8.379e-02 -1.957e-02 1.030e+02
626 4.053e-01 7.025e-02 -2.482e-02 1.124e+02
627 4.085e-01 8.347e-02 -1.565e-02 1.053e+02
628 3.891e-01 7.857e-02 -1.793e-02 1.083e+02
629 3.894e-01 8.434e-02 -3.202e-02 1.037e+02
630 4.133e-01 8.261e-02 -3.533e-02 1.100e+02
631 3.862e-01 8.522e-02 -1.433e-02 1.102e+02
632 3.965e-01 8.347e-02 -2.932e-02 1.151e+02
633 4.091e-01 7.446e-02 -3.294e-03 9.884e+01
634 3.839e-01 6.211e-02 -2.418e-02 1.067e+02
635 4.014e-01 7.461e-02 -2.460e-02 1.069e+02
636 3.719e-01 8.563e-02 -2.009e-02 1.082e+02
637 3.680e-01 8.722e-02 -1.622e-02 1.125e+02
638 3.877e-01 7.669e-02 -2.337e-02 1.061e+02
639 3.800e-01 7.493e-02 -3.324e-02 1.082e+02
640 3.698e-01 7.867e-02 -2.235e-02 1.093e+02
641 3.747e-01 8.088e-02 -4.015e-02 1.102e+02
642 3.720e-01 7.766e-02 -2.074e-02 1.103e+02
643 3.678e-01 6.073e-02 -3.393e-02 1.148e+02
644 3.621e-01 7.370e-02 -9.972e-04 1.080e+02
645 3.696e-01 8.056e-02 -1.420e-02 1.057e+02
646 3.474e-01 6.865e-02 -2.678e-02 1.131e+02
647 3.506e-01 8.125e-02 -1.568e-02 1.073e+02
648 3.506e-01 6.373e-02 -2.263e-02 1.019e+02
649 3.448e-01 7.157e-02 -1.880e-02 1.073e+02
650 3.376e-01 8.059e-02 -2.085e-02 1.057e+02
651 3.408e-01 7.525e-02 -2.552e-02 1.079e+02
652 3.536e-01 6.510e-02 -1.755e-02 1.062e+02
653 3.421e-01 8.195e-02 -9.326e-03 1.075e+02
654 3.397e-01 8.527e-02 -2.968e-02 1.130e+02
655 3.440e-01 7.197e-02 -1.011e-02 1.103e+02
656 3.224e-01 7.859e-02 -1.870e-02 1.113e+02
657 3.242e-01 8.657e-02 -8.764e-03 1.101e+02
658 3.388e-01 7.966e-02 -1.920e-02 1.086e+02
659 3.377e-01 8.819e-02 -9.527e-03 1.120e+02
660 3.394e-01 9.306e-02 -2.731e-02 1.096e+02
661 3.242e-01 1.064e-01 -1.973e-02 1.063e+02
662 3.293e-01 9.173e-02 -1.204e-02 1.061e+02
663 3.205e-01 8.831e-02 -2.938e-02 1.104e+02
664 3.383e-01 1.012e-01 -1.233e-02 1.119e+02
665 3.364e-01 9.413e-02 -3.136e-02 1.068e+02
666 3.309e-01 1.100e-01 -3.191e-02 1.096e+02
667 3.510e-01 1.240e-01 -3.720e-02 1.070e+02
668 3.544e-01 1.314e-01 -3.849e-02 1.062e+02
669 3.541e-01 1.253e-01 -2.337e-02 1.065e+02
670 3.542e-01 1.417e-01 -3.304e-02 1.085e+02
671 3.604e-01 1.361e-01 -3.473e-02 1.093e+02
672 3.701e-01 1.465e-01 -3.243e-02 1.068e+02
673 3.795e-01 1.521e-01 -2.175e-02 1.128e+02
674 3.888e-01 1.483e-01 -2.982e-02 1.061e+02
675 3.863e-01 1.630e-01 -2.837e-02 1.082e+02
676 3.926e-01 1.567e-01 -4.468e-02 1.090e+02
677 4.001e-01 1.791e-01 -3.235e-02 1.112e+02
678 4.121e-01 1.785e-01 -1.275e-02 1.050e+02
679 4.174e-01 1.824e-01 -4.083e-02 1.077e+02
680 4.339e-01 1.860e-01 -2.553e-02 1.093e+02
681 4.453e-01 1.950e-01 -4.122e-02 1.099e+02
682 4.343e-01 2.016e-01 -4.924e-02 1.090e+02
683 4.599e-01 2.119e-01 -4.034e-02 1.088e+02
684 4.756e-01 2.095e-01 -4.967e-02 1.094e+02
685 4.688e-01 2.074e-01 -5.231e-02 1.101e+02
686 4.635e-01 2.211e-01 -4.366e-02 1.094e+02
687 4.999e-01 2.306e-01 -3.368e-02 1.092e+02
688 5.169e-01 2.425e-01 -4.154e-02 1.067e+02
689 5.210e-01 2.398e-01 -2.944e-02 1.092e+02
690 5.392e-01 2.418e-01 -5.016e-02 1.089e+02
691 5.293e-01 2.567e-01 -4.691e-02 1.086e+02
692 5.563e-01 2.519e-01 -5.207e-02 1.085e+02
693 5.584e-01 2.708e-01 -5.596e-02 1.071e+02
694 5.635e-01 2.422e-01 -4.418e-02 1.078e+02
695 5.845e-01 2.692e-01 -3.983e-02 1.080e+02
696 5.883e-01 2.834e-01 -3.877e-02 1.089e+02
697 6.026e-01 2.856e-01 -5.365e-02 1.085e+02
698 6.121e-01 2.808e-01 -3.924e-02 1.105e+02
699 6.122e-01 2.642e-01 -3.932e-02 1.072e+02
700 6.443e-01 2.800e-01 -6.561e-02 1.090e+02
701 6.443e-01 2.976e-01 -4.760e-02 1.067e+02
702 6.490e-01 2.808e-01 -5.782e-02 1.081e+02
703 6.517e-01 2.901e-01 -4.869e-02 1.082e+02
704 6.800e-01 2.741e-01 -5.954e-02 1.072e+02
705 6.634e-01 3.049e-01 -5.667e-02 1.079e+02
706 6.769e-01 2.921e-01 -5.602e-02 1.089e+02
707 6.761e-01 2.824e-01 -6.164e-02 1.070e+02
708 6.812e-01 2.820e-01 -4.787e-02 1.080e+02
709 6.920e-01 2.908e-01 -5.380e-02 1.084e+02
710 7.006e-01 2.858e-01 -5.569e-02 1.069e+02
711 6.993e-01 2.834e-01 -4.917e-02 1.074e+02
712 7.000e-01 2.832e-01 -5.785e-02 1.078e+02
713 6.914e-01 2.943e-01 -6.143e-02 1.074e+02
714 7.091e-01 2.844e-01 -6.021e-02 1.074e+02
715 7.119e-01 2.573e-01 -5.495e-02 1.075e+02
716 7.006e-01 2.739e-01 -5.547e-02 1.061e+02
717 7.242e-01 2.667e-01 -3.964e-02 1.077e+02
718 7.239e-01 2.678e-01 -4.869e-02 1.073e+02
719 7.132e-01 2.547e-01 -5.273e-02 1.069e+02
720 6.994e-01 2.755e-01 -4.779e-02 1.080e+02
721 7.150e-01 2.577e-01 -5.218e-02 1.063e+02
722 7.153e-01 2.575e-01 -6.618e-02 1.049e+02
723 7.235e-01 2.439e-01 -3.651e-02 1.081e+02
724 7.183e-01 2.427e-01 -5.230e-02 1.054e+02
725 7.146e-01 2.265e-01 -2.759e-02 1.082e+02
726 6.955e-01 2.238e-01 -5.622e-02 1.047e+02
727 6.938e-01 2.164e-01 -3.617e-02 1.043e+02
728 6.893e-01 2.064e-01 -2.240e-02 1.061e+02
729 6.837e-01 2.114e-01 -3.929e-02 1.044e+02
730 6.627e-01 2.043e-01 -3.929e-02 1.057e+02
731 6.785e-01 1.881e-01 -2.771e-02 1.034e+02
732 6.861e-01 2.059e-01 -4.206e-02 1.088e+02
733 6.662e-01 1.793e-01 -2.404e-02 1.026e+02
734 6.623e-01 1.803e-01 -3.312e-02 1.055e+02
735 6.479e-01 1.666e-01 -5.190e-02 1.065e+02
736 6.357e-01 1.694e-01 -4.384e-02 1.044e+02
737 6.232e-01 1.695e-01 -4.687e-02 1.030e+02
738 6.323e-01 1.634e-01 -2.349e-02 1.029e+02
739 6.051e-01 1.338e-01 -2.690e-02 1.065e+02
740 6.102e-01 1.413e-01 -3.300e-02 1.025e+02
741 6.037e-01 1.380e-01 -8.158e-03 1.051e+02
742 6.004e-01 1.200e-01 -2.713e-02 1.020e+02
743 5.706e-01 1.249e-01 -1.428e-02 1.050e+02
744 5.838e-01 9.971e-02 -2.910e-02 1.020e+02
745 5.594e-01 1.146e-01 -1.452e-02 9.980e+01
746 5.523e-01 1.087e-01 -1.868e-02 9.927e+01
747 5.522e-01 9.883e-02 -4.071e-04 9.672e+01
748 5.378e-01 9.293e-02 -1.861e-02 1.076e+02
749 5.293e-01 9.755e-02 -8.115e-03 9.461e+01
750 5.269e-01 7.970e-02 -1.490e-02 9.821e+01
751 5.230e-01 8.932e-02 -6.088e-03 9.953e+01
752 5.185e-01 8.587e-02 -8.007e-03 9.968e+01
753 4.960e-01 6.744e-02 -1.447e-03 9.836e+01
754 4.706e-01 6.411e-02 -2.515e-03 9.258e+01
755 4.733e-01 6.672e-02 -3.530e-03 9.039e+01
756 4.755e-01 4.960e-02 -6.132e-03 9.268e+01
757 4.637e-01 6.459e-02 -2.310e-03 9.125e+01
758 4.438e-01 4.183e-02 -3.196e-03 9.007e+01
759 4.281e-01 5.406e-02 -6.222e-03 8.910e+01
760 4.414e-01 3.875e-02 7.797e-03 8.053e+01
761 4.471e-01 4.296e-02 -4.268e-03 8.529e+01
762 4.023e-01 4.129e-02 3.413e-03 8.032e+01
763 4.169e-01 3.485e-02 7.938e-03 7.582e+01
764 3.936e-01 5.161e-02 -1.718e-02 7.939e+01
765 3.882e-01 3.208e-02 8.639e-03 5.721e+01
766 3.780e-01 2.739e-02 -9.514e-03 6.384e+01
767 3.790e-01 3.659e-02 9.570e-03 5.984e+01
768 3.626e-01 3.020e-02 9.863e-04 6.452e+01
769 3.545e-01 3.189e-02 -3.746e-03 7.130e+01
770 3.598e-01 4.825e-02 5.644e-04 6.514e+01
771 3.555e-01 3.407e-02 -3.471e-03 5.682e+01
772 3.424e-01 5.216e-02 1.998e-02 6.412e+01
773 3.526e-01 2.660e-02 7.552e-03 6.112e+01
774 3.298e-01 3.317e-02 2.015e-02 5.590e+01
775 3.451e-01 4.787e-02 1.865e-03 3.978e+01
776 3.306e-01 3.199e-02 1.278e-02 5.001e+01
777 3.124e-01 6.133e-02 1.816e-04 5.344e+01
778 2.951e-01 4.415e-02 4.571e-03 4.414e+01
779 2.950e-01 5.149e-02 1.558e-02 4.782e+01
780 3.113e-01 5.589e-02 1.603e-02 4.255e+01
781 3.044e-01 5.918e-02 5.954e-03 4.156e+01
782 2.946e-01 3.275e-02 2.500e-03 3.711e+01
783 2.724e-01 6.375e-02 -4.872e-03 3.903e+01
784 2.736e-01 5.368e-02 3.667e-03 3.545e+01
785 2.606e-01 5.086e-02 5.058e-03 3.591e+01
786 2.721e-01 5.630e-02 8.104e-04 3.960e+01
787 2.620e-01 5.270e-02 3.974e-03 4.123e+01
788 2.536e-01 5.528e-02 6.843e-03 2.683e+01
789 2.544e-01 5.873e-02 1.798e-02 3.802e+01
790 2.506e-01 5.070e-02 4.350e-03 3.250e+01
791 2.617e-01 7.448e-02 1.006e-02 3.522e+01
792 2.277e-01 6.635e-02 -5.133e-03 3.210e+01
793 2.454e-01 7.626e-02 -5.520e-03 2.614e+01
794 2.463e-01 6.449e-02 1.188e-02 2.683e+01
795 2.123e-01 6.529e-02 4.206e-03 2.789e+01
796 2.190e-01 6.917e-02 8.085e-03 3.042e+01
797 2.048e-01 7.470e-02 1.150e-02 3.701e+01
798 2.099e-01 6.604e-02 5.319e-03 3.069e+01
799 1.991e-01 6.256e-02 8.872e-03 2.795e+01
800 2.022e-01 6.157e-02 1.709e-03 3.697e+01
801 1.844e-01 7.056e-02 4.545e-03 2.717e+01
802 2.138e-01 7.369e-02 -1.290e-02 2.684e+01
803 2.009e-01 6.703e-02 -1.740e-04 2.880e+01
804 1.852e-01 7.144e-02 -5.048e-03 2.849e+01
805 1.973e-01 7.080e-02 5.641e-03 2.766e+01
806 1.770e-01 7.634e-02 -3.890e-03 2.656e+01
807 1.839e-01 6.604e-02 -9.304e-03 2.961e+01
808 1.747e-01 6.578e-02 1.262e-02 2.406e+01
809 1.684e-01 6.887e-02 -2.485e-03 2.839e+01
810 1.532e-01 5.868e-02 1.649e-02 2.056e+01
811 1.659e-01 6.404e-02 -3.728e-03 2.953e+01
812 1.564e-01 6.839e-02 -7.134e-04 2.207e+01
813 1.396e-01 6.550e-02 5.840e-04 1.961e+01
814 1.348e-01 7.257e-02 8.609e-03 3.109e+01
815 1.381e-01 7.395e-02 1.287e-02 1.753e+01
816 1.440e-01 8.027e-02 9.203e-04 2.789e+01
817 1.179e-01 7.746e-02 1.523e-03 3.157e+01
818 1.118e-01 5.722e-02 1.254e-02 3.206e+01
819 1.169e-01 5.715e-02 -1.035e-02 2.822e+01
820 1.236e-01 6.442e-02 -3.395e-03 2.766e+01
821 1.217e-01 5.262e-02 -7.548e-03 2.055e+01
822 1.307e-01 6.071e-02 -3.228e-03 2.306e+01
823 1.303e-01 5.523e-02 1.470e-02 1.974e+01
824 1.155e-01 4.906e-02 -1.254e-03 2.586e+01
825 1.208e-01 4.066e-02 -8.833e-03 1.683e+01
826 8.537e-02 4.934e-02 5.542e-03 2.469e+01
827 9.550e-02 5.152e-02 1.045e-04 2.740e+01
828 9.756e-02 4.026e-02 -8.400e-03 2.369e+01
829 1.181e-01 4.607e-02 1.075e-03 2.728e+01
830 9.312e-02 5.508e-02 1.311e-02 9.380e+00
831 7.620e-02 4.979e-02 -1.179e-03 1.755e+01
832 8.710e-02 5.212e-02 -6.314e-04 1.876e+01
833 7.864e-02 1.725e-02 -7.658e-04 9.943e+00
834 8.505e-02 6.199e-02 -6.958e-03 1.715e+01
835 8.253e-02 3.270e-02 4.883e-03 1.027e+01
836 7.920e-02 5.193e-02 -6.025e-03 1.051e+01
837 5.963e-02 4.149e-02 4.823e-04 2.038e+01
838 8.741e-02 4.909e-02 -7.575e-04 1.959e+01
839 7.290e-02 3.501e-02 -4.336e-03 1.469e+01
840 8.721e-02 5.306e-02 9.445e-03 1.350e+01
841 8.343e-02 3.822e-02 -1.285e-03 1.082e+01
842 5.385e-02 4.519e-02 -1.302e-02 1.233e+01
843 5.637e-02 5.282e-02 -8.946e-03 1.419e+01
844 7.023e-02 4.163e-02 1.077e-03 1.784e+01
845 5.620e-02 4.350e-02 -7.650e-03 2.074e+01
846 6.890e-02 5.377e-02 4.707e-04 1.767e+01
847 6.044e-02 4.575e-02 -1.425e-02 1.667e+01
848 4.917e-02 4.612e-02 5.561e-03 1.797e+01
849 5.728e-02 3.921e-02 3.301e-04 2.935e+01
850 5.541e-02 4.013e-02 1.235e-02 2.587e+01
851 5.900e-02 4.506e-02 5.723e-04 1.221e+01
852 5.865e-02 3.443e-02 9.792e-03 2.369e+01
853 6.012e-02 3.026e-02 3.593e-03 2.028e+01
854 4.652e-02 3.656e-02 -5.629e-03 1.662e+01
855 6.639e-02 3.247e-02 1.521e-02 1.118e+01
856 5.081e-02 2.306e-02 -2.987e-03 7.107e+00
857 5.126e-02 5.083e-02 -5.611e-03 9.513e+00
858 5.766e-02 5.065e-02 3.324e-03 6.330e+00
859 4.552e-02 3.293e-02 1.521e-02 1.364e+01
860 5.151e-02 3.567e-02 5.983e-03 1.818e+01
861 4.563e-02 3.125e-02 4.890e-04 1.156e+01
862 3.810e-02 4.325e-02 3.317e-03 1.562e+01
863 6.606e-02 3.544e-02 -9.939e-04 2.667e+01
864 6.184e-02 2.888e-02 -1.595e-03 2.077e+01
865 7.325e-02 5.563e-02 9.921e-03 3.167e+01
866 4.345e-02 3.108e-02 2.272e-03 1.686e+01
867 6.212e-02 3.884e-02 5.075e-03 3.428e+01
868 6.932e-02 5.355e-02 1.157e-02 2.308e+01
869 4.198e-02 3.021e-02 -3.186e-03 1.002e+01
870 6.212e-02 3.631e-02 2.305e-03 2.198e+01
871 5.483e-02 3.063e-02 -2.981e-04 3.062e+01
872 5.055e-02 2.970e-02 4.557e-03 1.102e+01
873 5.877e-02 3.316e-02 1.035e-02 1.867e+01
874 5.586e-02 5.145e-02 -9.705e-03 1.641e+01
875 5.057e-02 4.011e-02 -3.703e-03 2.476e+01
876 4.728e-02 4.599e-02 -3.212e-03 3.091e+01
877 4.262e-02 4.758e-02 -9.802e-03 9.057e+00
878 3.895e-02 3.833e-02 -2.359e-03 3.029e+01
879 5.434e-02 2.622e-02 -3.600e-03 1.104e+01
880 4.465e-02 3.626e-02 6.971e-03 1.042e+01
881 5.001e-02 4.987e-02 9.916e-03 1.898e+01
882 3.730e-02 3.953e-02 -2.159e-03 2.601e+01
883 4.994e-02 3.478e-02 1.440e-02 9.758e+00
884 5.121e-02 3.390e-02 -1.465e-02 1.606e+01
885 3.749e-02 4.685e-02 1.585e-02 1.399e+01
886 4.588e-02 2.214e-02 -6.400e-03 1.505e+01
887 3.616e-02 2.735e-02 -6.514e-04 2.329e+01
888 4.080e-02 4.743e-02 -3.635e-04 1.193e+01
889 4.141e-02 3.509e-02 -3.124e-03 1.705e+01
890 5.361e-02 2.861e-02 -9.640e-03 1.465e+01
891 4.864e-02 3.677e-02 1.302e-03 2.231e+01
892 6.370e-02 2.894e-02 2.389e-02 2.159e+01
893 3.401e-02 5.375e-02 -5.139e-03 2.053e+01
894 4.607e-02 2.458e-02 1.656e-02 1.503e+01
895 3.127e-02 4.279e-02 -9.947e-03 1.449e+01
896 5.543e-02 3.406e-02 -1.433e-02 2.123e+01
897 4.224e-02 5.558e-02 1.537e-03 2.319e+01
898 5.027e-02 2.708e-02 1.132e-03 1.250e+01
899 3.344e-02 4.154e-02 4.188e-03 2.025e+01
900 4.971e-02 3.035e-02 1.929e-02 1.546e+01
901 5.069e-02 4.361e-02 -3.914e-03 2.393e+01
902 3.881e-02 2.207e-02 1.066e-02 2.532e+01
903 6.245e-02 3.686e-02 -5.559e-03 1.779e+01
904 3.389e-02 3.668e-02 -9.373e-03 2.726e+01
905 4.597e-02 3.406e-02 -6.771e-03 1.569e+01
906 4.345e-02 3.920e-02 -1.043e-03 1.641e+01
907 3.643e-02 2.927e-02 1.120e-02 1.724e+01
908 5.405e-02 3.989e-02 1.703e-02 1.740e+01
909 5.259e-02 4.702e-02 -1.104e-02 2.797e+01
910 3.043e-02 2.843e-02 3.840e-03 1.050e+01
911 3.894e-02 2.875e-02 -1.010e-02 2.996e+01
912 3.655e-02 2.765e-02 9.153e-03 3.032e+01
913 4.048e-02 1.273e-02 -8.597e-03 0.000e+00
914 3.994e-02 2.662e-02 1.314e-02 1.108e+01
915 2.572e-02 1.432e-02 -2.446e-03 3.563e+01
916 3.532e-02 3.747e-02 -2.769e-02 3.261e+01
917 3.249e-02 2.759e-02 1.623e-02 2.477e+01
918 4.038e-02 4.365e-02 -6.686e-03 3.118e+01
919 5.375e-02 3.573e-02 -5.618e-03 2.191e+01
920 4.508e-02 3.537e-02 1.158e-02 2.723e+01
921 4.388e-02 3.986e-02 -1.246e-02 1.023e+01
922 3.463e-02 1.368e-02 -1.891e-02 0.000e+00
923 3.979e-02 2.162e-02 2.181e-02 1.987e+01
924 4.675e-02 3.638e-02 6.132e-03 1.370e+01
925 3.246e-02 3.440e-02 -1.012e-02 2.604e+01
926 4.305e-02 3.924e-02 1.431e-03 1.429e+01
927 4.116e-02 3.737e-02 6.574e-03 2.024e+01
928 4.319e-02 2.978e-02 -2.221e-03 2.646e+01
929 3.389e-02 1.719e-02 4.826e-03 2.034e+01
930 3.048e-02 2.395e-02 1.155e-02 2.077e+01
931 2.866e-02 3.840e-02 6.639e-03 4.055e+01
932 4.103e-02 3.030e-02 8.086e-04 4.533e+01
933 3.654e-02 3.927e-02 -1.220e-03 1.852e+01
934 4.477e-02 2.028e-02 9.399e-03 3.071e+01
935 2.919e-02 3.147e-02 1.513e-02 1.731e+01
936 3.084e-02 2.558e-02 7.502e-03 2.824e+01
937 3.924e-02 2.243e-02 -1.223e-02 1.524e+01
938 3.894e-02 3.052e-02 4.078e-03 3.307e+01
939 3.392e-02 3.682e-02 -1.058e-03 3.200e+01
940 4.027e-02 5.391e-02 1.061e-02 3.346e+01
941 4.255e-02 3.532e-02 -2.060e-02 2.179e+01
942 3.655e-02 2.924e-02 3.177e-03 1.850e+01
943 3.953e-02 2.485e-02 7.516e-03 2.259e+01
944 3.284e-02 1.853e-02 -5.807e-03 2.473e+01
945 1.787e-02 2.992e-02 3.421e-03 1.234e+01
946 3.408e-02 2.568e-02 5.764e-03 3.164e+01
947 3.116e-02 4.466e-02 1.931e-03 2.642e+01
948 2.867e-02 3.697e-02 -3.854e-03 3.561e+01
949 2.858e-02 2.098e-02 8.842e-03 3.849e+01
950 2.267e-02 2.346e-02 -1.388e-02 3.582e+01
951 2.289e-02 2.985e-02 -2.684e-03 3.139e+01
952 3.536e-02 3.182e-03 1.122e-02 0.000e+00
953 3.628e-02 2.873e-02 2.852e-03 8.331e+00
954 2.161e-02 1.882e-02 -3.264e-04 2.170e+01
955 1.916e-02 2.886e-02 6.003e-03 1.168e+01
956 3.772e-02 3.656e-02 6.820e-03 3.559e+01
957 3.035e-02 3.161e-02 4.566e-03 1.147e+01
958 3.179e-02 3.878e-02 8.039e-03 3.586e+01
959 2.690e-02 3.201e-02 -8.167e-03 2.104e+01
960 3.583e-02 2.877e-02 -1.585e-03 1.798e+01
961 1.836e-02 3.343e-02 7.016e-04 9.613e+00
962 2.753e-02 1.994e-02 -1.313e-03 1.671e+01
963 4.173e-02 -1.618e-03 -6.734e-03 0.000e+00
964 2.172e-02 3.891e-02 6.337e-03 2.819e+01
965 2.110e-02 3.975e-02 4.749e-03 1.869e+01
966 5.018e-02 2.317e-02 -6.448e-03 2.039e+01
967 1.894e-02 4.527e-02 -1.020e-02 3.489e+01
968 1.275e-03 3.917e-02 1.721e-02 2.016e+01
969 2.885e-02 1.852e-02 5.693e-03 9.844e+00
970 2.015e-02 2.717e-02 4.562e-03 3.131e+01
971 2.578e-02 3.695e-02 -4.239e-03 3.002e+01
972 1.765e-02 1.588e-02 1.181e-03 3.411e+01
973 3.849e-02 2.382e-02 -9.080e-03 3.611e+00
974 1.704e-02 1.164e-02 -7.420e-03 0.000e+00
975 1.727e-02 2.538e-02 -3.718e-04 -2.106e+00
976 2.692e-02 2.511e-02 -6.693e-03 1.704e+01
977 2.308e-02 3.927e-02 -5.093e-03 1.338e+01
978 3.014e-02 1.927e-02 3.043e-03 1.864e+01
979 2.453e-02 3.007e-02 1.122e-02 2.681e+01
980 1.603e-02 4.143e-02 7.508e-04 2.090e+01
981 3.167e-02 1.377e-02 -6.952e-04 0.000e+00
982 2.744e-02 1.765e-02 -1.471e-03 1.696e+01
983 3.076e-02 9.613e-03 1.152e-03 0.000e+00
984 1.894e-02 2.495e-02 6.040e-03 1.967e+01
985 1.077e-02 1.683e-02 -1.817e-03 1.711e+01
986 3.403e-02 3.675e-02 -2.169e-03 2.764e+01
987 2.704e-02 3.275e-02 5.823e-04 2.249e+01
988 2.834e-02 1.597e-02 -1.970e-03 6.438e+00
989 1.069e-02 3.104e-02 9.523e-03 2.321e+01
990 2.900e-02 3.381e-02 7.374e-03 1.320e+01
991 2.276e-02 4.215e-02 -7.030e-03 3.661e+01
992 4.509e-03 1.188e-02 1.077e-02 0.000e+00
993 2.201e-02 2.532e-02 -1.155e-02 4.353e+01
994 2.942e-02 2.725e-02 2.585e-03 3.160e+01
995 9.868e-03 3.548e-02 -2.579e-03 3.001e+01
996 1.906e-02 2.237e-02 6.577e-03 2.032e+01
997 7.754e-03 3.178e-02 1.516e-03 3.071e+01
998 3.272e-02 3.037e-02 4.089e-03 2.482e+01
999 1.878e-02 2.845e-02 1.817e-03 3.681e+01
1000 1.432e-02 3.494e-02 1.808e-03 1.670e+01
1001 3.037e-02 2.834e-02 8.634e-03 3.723e+01
1002 1.429e-02 -1.567e-03 -6.830e-03 0.000e+00
1003 2.098e-02 3.924e-02 4.324e-03 1.605e+01
1004 2.133e-02 2.921e-02 4.530e-04 2.979e+01
1005 -1.158e-03 2.354e-02 -2.775e-03 1.887e+01
1006 2.216e-02 2.273e-02 1.030e-02 -2.525e+00
1007 2.213e-02 1.868e-02 1.370e-02 1.201e+01
1008 1.665e-02 1.873e-02 -1.284e-03 -3.391e+00
1009 1.807e-02 1.450e-02 -1.216e-03 1.567e+01
1010 6.520e-03 2.044e-02 -1.066e-02 3.629e+01
1011 2.448e-02 8.078e-03 1.326e-02 0.000e+00
1012 1.444e-02 3.275e-02 -6.559e-03 4.389e+01
1013 1.360e-02 3.190e-02 -2.672e-04 2.003e+01
1014 2.737e-02 1.955e-02 1.327e-03 2.687e+01
1015 1.495e-02 5.930e-03 2.381e-03 0.000e+00
1016 2.714e-02 3.855e-02 4.419e-03 5.656e+00
1017 7.758e-03 1.510e-02 -5.070e-03 3.213e+01
1018 3.910e-02 2.662e-02 -1.919e-03 2.820e+01
1019 2.279e-02 1.363e-02 1.919e-03 0.000e+00
1020 1.085e-02 2.027e-02 6.749e-03 1.216e+01
1021 2.194e-02 2.577e-02 1.599e-02 3.190e+01
1022 2.731e-02 6.687e-03 5.421e-03 0.000e+00
1023 3.155e-02 2.522e-02 -2.014e-02 1.386e+01
1024 3.318e-02 2.171e-02 1.506e-03 2.495e+01
1025 1.283e-02 3.680e-02 -1.160e-02 2.267e+01
1026 7.267e-03 1.429e-02 4.974e-03 5.199e+00
1027 3.076e-02 -2.823e-03 -1.100e-02 0.000e+00
1028 2.738e-02 2.630e-02 3.646e-03 8.865e+00
1029 2.288e-02 1.478e-02 8.713e-03 6.403e+00
1030 2.267e-02 9.635e-03 -6.776e-03 0.000e+00
1031 2.539e-02 1.488e-02 6.593e-03 4.077e+01
1032 1.560e-02 2.131e-02 -2.774e-03 2.198e+00
1033 2.659e-02 1.782e-02 -8.542e-03 3.100e+01
1034 9.776e-03 1.494e-02 2.153e-02 2.876e+00
1035 4.900e-03 -2.433e-03 1.718e-02 0.000e+00
1036 1.772e-02 1.378e-02 3.657e-03 0.000e+00
1037 1.014e-02 2.026e-02 6.151e-03 3.924e+01
1038 1.809e-02 2.765e-02 4.758e-03 3.887e+01
1039 2.448e-03 1.699e-02 -5.498e-03 1.190e+01
1040 2.036e-02 2.867e-02 1.794e-04 1.759e+01
1041 2.893e-02 3.425e-02 -1.193e-02 1.348e+00
1042 1.632e-02 1.867e-02 -3.038e-03 -1.323e+01
1043 1.768e-02 7.192e-03 3.699e-03 0.000e+00
1044 2.927e-02 2.640e-02 -4.063e-03 1.349e+01
1045 2.638e-02 2.626e-02 -7.137e-03 2.826e+01
1046 2.621e-02 1.968e-02 -1.145e-03 2.622e+01
1047 2.587e-02 1.709e-02 6.890e-03 2.861e+01
1048 2.476e-02 2.047e-02 1.041e-02 1.854e+01
1049 2.902e-02 2.675e-02 1.043e-02 2.076e+01
1050 1.330e-02 1.942e-02 -5.975e-03 4.893e+01
1051 1.049e-02 3.255e-02 1.233e-02 1.996e+01
1052 7.435e-03 3.281e-02 7.549e-03 1.314e+01
1053 2.632e-02 3.217e-02 -6.076e-04 1.698e+01
1054 1.238e-02 1.886e-02 1.258e-02 -5.805e+00
1055 2.761e-02 2.689e-02 -7.776e-03 2.035e+01
1056 3.061e-02 2.901e-02 4.767e-03 3.495e+01
1057 2.578e-02 1.801e-02 -6.415e-03 4.080e+01
1058 2.534e-02 1.418e-02 6.042e-03 3.465e+01
1059 2.478e-02 1.239e-02 -1.422e-02 0.000e+00
1060 2.639e-02 2.502e-02 3.264e-02 9.246e+00
1061 1.956e-02 2.367e-02 -5.059e-03 2.943e+01
1062 3.001e-02 3.476e-02 -1.446e-02 1.487e+01
1063 3.027e-02 1.539e-02 -4.618e-03 6.614e+00
1064 3.092e-02 4.052e-02 1.144e-02 3.072e+01
1065 1.385e-02 2.594e-02 3.572e-03 8.595e+00
1066 1.437e-02 1.014e-02 9.285e-03 0.000e+00
1067 1.871e-02 2.066e-02 6.307e-04 1.085e+01
1068 1.196e-02 2.326e-02 5.576e-03 1.719e+01
1069 3.273e-02 1.447e-02 1.362e-02 1.315e+01
1070 2.110e-02 3.930e-02 -9.139e-03 1.448e+01
1071 2.128e-02 2.780e-02 4.330e-03 1.804e+01
1072 2.415e-02 2.158e-02 1.139e-02 2.112e+01
1073 2.561e-02 2.281e-02 -3.006e-02 -2.919e-01
1074 1.420e-02 2.543e-02 7.701e-03 1.744e+01
1075 2.399e-02 1.572e-02 -1.454e-02 2.205e+01
1076 9.215e-03 3.559e-02 8.357e-03 1.250e+01
1077 2.371e-02 2.552e-02 1.517e-03 8.729e+00
1078 3.253e-02 2.088e-02 -8.276e-05 3.446e+01
1079 2.820e-02 1.959e-02 -1.154e-02 1.703e+01
1080 1.598e-02 3.358e-02 -2.145e-03 1.330e+01
1081 3.778e-02 4.549e-02 -1.511e-03 2.535e+01
1082 3.197e-02 4.151e-02 -9.881e-03 1.211e+01
1083 3.090e-02 2.838e-02 -2.793e-03 2.445e+01
1084 2.136e-02 4.343e-02 -7.945e-03 3.025e+01
1085 2.131e-02 2.134e-02 6.094e-03 3.303e+01
1086 3.801e-02 4.708e-02 2.144e-02 1.861e+01
1087 3.677e-02 1.646e-02 9.204e-03 4.386e+01
1088 2.713e-02 4.936e-02 -1.437e-02 1.457e+01
1089 4.633e-02 2.810e-02 -3.792e-03 3.531e+01
1090 2.168e-02 3.349e-02 1.212e-03 7.698e+00
1091 8.545e-03 3.231e-02 -2.146e-03 6.731e+00
1092 3.365e-02 1.540e-02 -1.084e-03 3.127e+01
1093 5.047e-02 3.108e-02 -1.308e-02 9.040e+00
1094 2.485e-02 3.214e-02 -1.156e-02 1.303e+01
1095 2.212e-02 3.122e-02 1.883e-02 1.810e+01
1096 4.028e-02 3.377e-02 -2.272e-04 1.411e+01
1097 3.615e-02 4.896e-02 -7.511e-03 2.676e+01
1098 4.142e-02 4.264e-02 9.231e-03 1.569e+01
1099 3.766e-03 3.658e-02 1.832e-02 2.278e+01
1100 4.201e-02 4.335e-02 7.019e-03 1.608e+01
1101 3.052e-02 4.023e-02 -4.100e-03 1.214e+01
1102 4.288e-02 3.395e-02 -4.465e-03 1.317e+01
1103 2.396e-02 4.790e-02 -8.813e-03 1.567e+01
1104 3.944e-02 3.642e-02 -9.685e-03 7.849e+00
1105 1.375e-02 3.327e-02 1.330e-03 2.706e+01
1106 5.159e-02 3.260e-02 1.085e-02 2.013e+01
1107 3.082e-02 4.969e-02 1.226e-02 1.660e+01
1108 2.566e-02 2.577e-02 2.729e-03 1.902e+01
1109 2.220e-02 6.112e-02 3.522e-03 1.095e+01
1110 3.301e-02 3.024e-02 -9.338e-03 3.286e+00
1111 3.780e-02 3.813e-02 -2.101e-03 1.698e+01
1112 2.949e-02 4.228e-02 3.199e-03 3.088e+00
1113 3.183e-02 4.272e-02 -1.950e-03 1.945e+01
1114 2.481e-02 4.532e-02 2.190e-03 1.967e+01
1115 2.973e-02 3.611e-02 4.288e-04 1.621e+01
1116 3.154e-02 4.967e-02 -1.038e-02 1.102e+01
1117 3.699e-02 4.568e-02 8.440e-03 1.813e+01
1118 2.531e-02 3.250e-02 3.017e-03 2.586e+01
1119 4.115e-02 4.764e-02 -1.555e-02 1.258e+01
1120 4.334e-02 3.077e-02 -1.726e-02 1.710e+01
1121 2.710e-02 4.995e-02 -1.247e-02 1.025e+01
1122 5.315e-02 5.217e-02 -1.457e-02 1.324e+01
1123 5.014e-02 5.692e-02 3.095e-03 2.287e+01
1124 3.054e-02 4.284e-02 -1.643e-02 2.231e+01
1125 4.404e-02 6.947e-02 -6.237e-03 2.162e+01
1126 4.046e-02 3.638e-02 -6.189e-03 1.203e+01
1127 4.378e-02 4.493e-02 2.633e-03 5.992e-01
1128 3.527e-02 4.400e-02 -1.019e-02 2.157e+01
1129 4.848e-02 3.914e-02 -1.135e-03 1.259e+01
1130 4.230e-02 3.280e-02 -4.976e-03 1.136e+01
1131 4.738e-02 3.673e-02 5.096e-03 8.414e+00
1132 4.645e-02 5.849e-02 -4.033e-03 2.234e+01
1133 5.214e-02 5.277e-02 -5.555e-03 1.517e+01
1134 3.985e-02 4.823e-02 -2.393e-03 2.559e+01
1135 5.132e-02 4.518e-02 -1.830e-03 1.524e+01
1136 4.176e-02 4.240e-02 3.619e-04 1.345e+01
1137 3.958e-02 4.386e-02 7.479e-03 8.995e+00
1138 3.917e-02 3.406e-02 -3.483e-03 2.605e+01
1139 4.439e-02 4.842e-02 -1.688e-03 2.865e+01
1140 5.984e-02 3.441e-02 -1.939e-02 1.151e+01
1141 5.228e-02 4.248e-02 7.363e-03 2.467e+01
1142 4.553e-02 5.378e-02 -6.286e-03 1.163e+01
1143 4.187e-02 4.694e-02 -3.540e-03 1.241e+01
1144 3.849e-02 4.718e-02 8.003e-03 1.800e+01
1145 5.192e-02 3.534e-02 -4.354e-03 9.120e+00
1146 2.814e-02 5.508e-02 1.589e-02 1.389e+01
1147 4.713e-02 4.109e-02 7.936e-03 9.503e+00
1148 3.783e-02 6.301e-02 -1.901e-02 1.468e+01
1149 4.683e-02 4.388e-02 -4.773e-03 1.367e+01
1150 5.419e-02 4.875e-02 -1.118e-02 2.235e+01
1151 3.631e-02 4.095e-02 -1.773e-03 1.320e+01
1152 4.930e-02 5.068e-02 -1.498e-02 2.426e+01
1153 4.351e-02 4.690e-02 -5.958e-03 9.203e+00
1154 4.896e-02 4.575e-02 5.733e-04 2.523e+01
1155 3.625e-02 4.815e-02 -1.058e-02 1.273e+01
1156 4.583e-02 5.241e-02 -1.398e-02 8.647e+00
1157 3.626e-02 4.768e-02 -1.907e-03 1.858e+01
1158 5.333e-02 6.356e-02 -5.992e-03 1.641e+01
1159 5.841e-02 3.827e-02 -1.578e-02 7.170e+00
1160 4.769e-02 4.024e-02 -6.445e-03 1.677e+01
1161 3.265e-02 4.385e-02 -4.132e-03 1.798e+01
1162 4.370e-02 5.455e-02 -7.459e-04 1.491e+01
1163 5.598e-02 4.538e-02 -3.654e-03 1.964e+01
1164 3.739e-02 4.836e-02 -4.742e-03 1.256e+01
1165 3.683e-02 4.775e-02 -2.245e-03 1.310e+01
1166 5.998e-02 5.113e-02 -2.486e-03 5.675e+00
1167 4.703e-02 5.182e-02 -5.660e-03 9.264e+00
1168 4.786e-02 5.066e-02 -1.549e-02 1.597e+01
1169 3.524e-02 4.083e-02 -1.397e-02 1.080e+01
1170 4.788e-02 6.034e-02 -1.029e-02 1.132e+01
1171 3.592e-02 3.689e-02 -8.788e-03 9.383e+00
1172 3.630e-02 2.721e-02 -1.020e-02 1.017e+01
1173 5.665e-02 3.997e-02 3.139e-03 1.507e+01
1174 4.064e-02 4.721e-02 -9.979e-03 2.478e+00
1175 3.583e-02 4.252e-02 -1.343e-02 6.657e+00
1176 3.578e-02 5.433e-02 6.356e-03 2.086e+00
1177 4.868e-02 4.877e-02 -1.860e-03 7.046e+00
1178 4.103e-02 2.681e-02 -1.942e-02 1.069e+01
1179 4.205e-02 4.083e-02 -2.200e-02 3.570e+00
1180 5.796e-02 5.755e-02 -1.166e-02 1.028e+01
1181 3.808e-02 4.308e-02 -1.101e-02 1.029e+01
1182 6.205e-02 3.697e-02 -1.751e-02 1.868e+01
1183 5.306e-02 3.776e-02 -1.010e-02 1.448e+01
1184 6.045e-02 4.437e-02 -8.386e-03 -2.655e+00
1185 3.811e-02 4.859e-02 -1.774e-04 7.605e+00
1186 5.211e-02 5.027e-02 -1.954e-02 6.141e+00
1187 4.228e-02 4.303e-02 -8.366e-03 7.707e+00
1188 4.572e-02 3.390e-02 -2.709e-02 1.152e+01
1189 5.856e-02 3.407e-02 -2.746e-03 -2.923e+00
1190 4.404e-02 5.011e-02 -1.882e-02 1.065e+01
1191 4.306e-02 4.317e-02 -7.546e-03 1.947e+00
1192 5.885e-02 6.276e-02 -1.460e-02 -3.171e+00
1193 3.967e-02 5.137e-02 -2.315e-03 9.614e+00
1194 5.438e-02 3.422e-02 -2.483e-02 8.888e+00
1195 2.725e-02 4.584e-02 -1.480e-02 1.670e+00
1196 4.900e-02 4.135e-02 -3.033e-02 9.544e+00
1197 4.063e-02 5.322e-02 9.569e-03 1.295e+01
1198 2.557e-02 5.094e-02 -4.706e-03 4.312e+00
1199 2.541e-02 4.987e-02 -8.920e-03 -4.819e-01
1200 5.151e-02 4.877e-02 -1.284e-02 6.535e+00
1201 4.194e-02 4.615e-02 -2.298e-02 6.402e+00
1202 4.357e-02 5.749e-02 -2.572e-02 5.014e+00
1203 4.930e-02 4.962e-02 -1.775e-02 -4.355e+00
1204 3.550e-02 5.413e-02 -1.769e-03 -2.306e+00
1205 4.585e-02 3.832e-02 -1.610e-02 -5.459e+00
1206 3.845e-02 5.929e-02 -8.872e-03 1.838e+00
1207 4.234e-02 3.929e-02 -1.405e-02 5.547e+00
1208 4.437e-02 4.642e-02 -1.619e-02 6.276e+00
1209 4.601e-02 5.532e-02 2.024e-03 7.635e+00
1210 5.687e-02 4.627e-02 -2.359e-03 -2.643e+00
1211 4.242e-02 4.300e-02 -9.262e-03 -3.378e+00
1212 5.493e-02 4.833e-02 7.582e-04 -9.826e-01
1213 5.677e-02 5.438e-02 -1.225e-02 2.808e+00
1214 5.994e-02 4.323e-02 5.939e-03 6.040e+00
1215 5.794e-02 4.641e-02 -6.625e-03 -5.588e+00
1216 5.190e-02 4.358e-02 -2.850e-03 -7.455e+00
1217 5.460e-02 4.261e-02 2.553e-03 -1.146e+01
1218 5.453e-02 3.667e-02 -6.068e-03 -2.016e+00
1219 5.221e-02 4.590e-02 4.941e-03 -8.994e+00
1220 5.295e-02 5.639e-02 5.454e-03 1.965e-02
1221 4.283e-02 3.123e-02 -1.915e-02 -1.098e+01
1222 6.108e-02 4.265e-02 -1.707e-02 2.982e+00
1223 6.519e-02 4.762e-02 -2.145e-02 -3.791e+00
1224 5.852e-02 4.871e-02 -8.508e-03 -3.516e+00
1225 4.821e-02 4.673e-02 2.045e-03 5.210e+00
1226 5.398e-02 4.962e-02 -4.996e-03 -1.199e+01
1227 4.377e-02 5.663e-02 1.043e-02 -7.931e+00
1228 5.989e-02 3.834e-02 -2.127e-03 1.833e+01
1229 5.252e-02 4.470e-02 4.690e-03 5.281e+00
1230 4.146e-02 5.041e-02 -9.038e-03 2.460e+00
1231 6.029e-02 4.238e-02 -2.846e-03 1.716e+01
1232 6.615e-02 6.136e-02 -1.626e-02 -7.966e+00
1233 3.798e-02 3.875e-02 -2.103e-02 -5.047e+00
1234 5.623e-02 5.251e-02 1.021e-02 1.907e+00
1235 6.457e-02 4.993e-02 -6.101e-04 4.365e-03
1236 6.633e-02 4.562e-02 -1.115e-03 4.409e+00
1237 6.665e-02 6.384e-02 -1.471e-02 -1.083e+01
1238 5.628e-02 4.639e-02 -2.938e-02 -9.544e+00
1239 5.610e-02 6.395e-02 -1.394e-02 -1.584e+01
1240 7.179e-02 5.982e-02 -7.750e-03 -7.501e+00
1241 6.224e-02 4.749e-02 -7.194e-03 1.347e+00
1242 3.320e-02 3.656e-02 -1.236e-04 -8.194e+00
1243 5.895e-02 5.398e-02 1.463e-03 -9.430e+00
1244 5.879e-02 5.939e-02 -2.103e-02 -5.306e+00
1245 6.809e-02 5.320e-02 -1.707e-02 -7.569e+00
1246 6.582e-02 6.588e-02 6.078e-04 -4.084e+00
1247 7.956e-02 6.106e-02 -6.648e-03 -1.164e+01
1248 8.299e-02 4.837e-02 -1.252e-02 -1.132e+01
1249 4.988e-02 5.844e-02 -9.722e-03 -1.664e+00
1250 7.694e-02 3.565e-02 -2.021e-02 -1.354e+01
1251 7.349e-02 4.273e-02 -1.254e-02 6.430e+00
1252 7.575e-02 6.212e-02 -7.874e-03 -9.497e+00
1253 8.368e-02 5.360e-02 -2.679e-03 -3.652e+00
1254 8.956e-02 5.112e-02 -8.314e-03 -1.675e+00
1255 7.493e-02 4.568e-02 -1.028e-02 -1.293e+01
1256 6.235e-02 6.785e-02 1.845e-03 -2.017e+00
1257 7.424e-02 5.537e-02 -1.605e-02 -4.338e+00
1258 8.377e-02 6.486e-02 -3.504e-03 -7.769e+00
1259 9.030e-02 4.247e-02 -6.661e-03 -1.718e+01
1260 6.720e-02 5.462e-02 -3.980e-04 -2.645e+00
1261 8.454e-02 5.738e-02 1.364e-02 -1.099e+01
1262 9.142e-02 5.551e-02 -1.293e-02 -8.197e+00
1263 9.709e-02 6.771e-02 -1.868e-02 -7.387e+00
1264 8.405e-02 4.965e-02 -4.726e-03 -1.189e+01
1265 6.086e-02 7.698e-02 -1.532e-02 -8.366e+00
1266 7.849e-02 7.724e-02 -2.369e-02 -1.069e+01
1267 7.634e-02 4.925e-02 -1.893e-02 -6.589e+00
1268 9.008e-02 6.367e-02 1.304e-02 -1.526e+01
1269 7.922e-02 5.963e-02 -1.625e-03 -7.825e+00
1270 8.861e-02 4.745e-02 -4.016e-03 -5.530e+00
1271 9.066e-02 4.113e-02 -3.239e-02 -1.518e+01
1272 1.148e-01 5.992e-02 -1.164e-02 -3.681e+00
1273 8.446e-02 6.430e-02 5.414e-03 -1.221e+01
1274 7.345e-02 4.568e-02 -1.476e-02 -1.042e+01
1275 9.399e-02 7.720e-02 -1.171e-02 -7.163e+00
1276 1.084e-01 4.233e-02 -8.376e-03 -1.069e+01
1277 8.117e-02 6.760e-02 -1.377e-03 -1.754e+00
1278 1.012e-01 7.289e-02 -7.014e-03 -6.111e+00
1279 8.289e-02 7.913e-02 -1.907e-02 -1.814e+01
1280 9.318e-02 5.917e-02 -1.870e-02 -9.842e+00
1281 9.434e-02 8.057e-02 2.027e-03 -8.264e+00
1282 8.250e-02 5.608e-02 -1.013e-02 -1.882e+01
1283 8.636e-02 5.588e-02 5.949e-03 -2.002e+01
1284 9.183e-02 5.722e-02 -2.056e-02 -6.081e+00
1285 8.701e-02 5.483e-02 -2.755e-02 -2.379e+00
1286 9.325e-02 4.667e-02 -2.214e-03 -1.158e+01
1287 1.052e-01 6.821e-02 -2.490e-02 -2.024e+01
1288 1.104e-01 6.287e-02 7.468e-03 -6.793e+00
1289 1.146e-01 4.634e-02 -1.072e-02 -1.316e+01
1290 9.237e-02 5.890e-02 -3.037e-04 -1.353e+01
1291 9.163e-02 5.579e-02 -1.629e-03 -1.219e+01
1292 1.124e-01 5.904e-02 3.916e-03 -8.403e+00
1293 1.073e-01 5.213e-02 -6.137e-03 -1.074e+01
1294 1.075e-01 5.295e-02 -1.676e-02 -7.111e+00
1295 9.855e-02 6.715e-02 -6.972e-03 -1.189e+01
1296 1.111e-01 4.369e-02 4.940e-03 2.354e+00
1297 9.131e-02 5.550e-02 -5.915e-03 -9.718e+00
1298 1.192e-01 6.389e-02 -1.157e-02 -3.591e+00
1299 1.158e-01 6.207e-02 4.940e-03 -1.124e+01
1300 1.214e-01 7.444e-02 -4.600e-03 -9.671e+00
1301 9.995e-02 5.270e-02 1.996e-03 -2.133e+01
1302 1.186e-01 5.437e-02 -8.025e-03 -1.045e+01
1303 1.198e-01 6.396e-02 -1.212e-02 -9.299e+00
1304 1.239e-01 5.410e-02 -4.097e-03 -1.933e+00
1305 1.111e-01 7.775e-02 -6.498e-03 -1.128e+01
1306 1.186e-01 6.259e-02 -1.135e-02 -8.971e+00
1307 1.101e-01 7.788e-02 -1.598e-02 -1.137e+01
1308 1.097e-01 5.169e-02 -1.623e-02 -1.252e+01
1309 1.199e-01 6.784e-02 -1.311e-02 -8.963e+00
1310 1.025e-01 8.351e-02 -7.744e-03 -3.212e+00
1311 1.173e-01 5.498e-02 -1.238e-02 -7.877e+00
1312 1.284e-01 6.255e-02 1.789e-03 -6.540e+00
1313 1.090e-01 6.572e-02 -7.406e-03 -9.960e+00
1314 1.159e-01 6.039e-02 -1.224e-02 -1.413e+01
1315 1.268e-01 6.326e-02 -1.334e-02 -7.244e+00
1316 1.356e-01 4.606e-02 -1.158e-02 -2.188e+00
1317 1.197e-01 7.130e-02 -1.174e-02 -7.367e+00
1318 1.483e-01 7.904e-02 -2.080e-02 -2.766e+00
1319 1.286e-01 7.495e-02 -8.299e-03 -9.192e+00
1320 1.233e-01 6.026e-02 1.395e-03 -1.261e+01
1321 1.310e-01 5.652e-02 -5.732e-03 -1.033e+01
1322 1.236e-01 5.516e-02 -1.082e-02 -7.080e+00
1323 1.401e-01 8.305e-02 -1.987e-03 -9.481e+00
1324 1.466e-01 5.727e-02 -1.902e-02 -6.596e+00
1325 1.301e-01 7.247e-02 -9.897e-03 -4.292e-01
1326 1.388e-01 6.174e-02 -1.860e-02 -5.253e+00
1327 1.452e-01 6.630e-02 -2.036e-02 -1.590e-01
1328 1.391e-01 5.083e-02 -2.136e-03 -2.490e+00
1329 1.428e-01 6.307e-02 -8.152e-03 -3.938e+00
1330 1.416e-01 5.098e-02 -2.387e-02 7.389e+00
1331 1.382e-01 5.845e-02 1.115e-03 -1.000e+01
1332 1.478e-01 7.770e-02 -1.228e-02 -4.876e+00
1333 1.613e-01 7.042e-02 -1.018e-02 -4.922e-01
1334 1.517e-01 6.326e-02 -1.198e-02 -1.431e+00
1335 1.683e-01 7.254e-02 -9.585e-03 4.486e+00
1336 1.697e-01 6.086e-02 -8.940e-03 2.409e+00
1337 1.605e-01 5.926e-02 -1.286e-02 -2.637e+00
1338 1.629e-01 5.481e-02 -1.843e-02 -8.076e+00
1339 1.621e-01 7.294e-02 -6.231e-04 -1.348e+00
1340 1.504e-01 7.451e-02 -2.461e-02 -3.446e+00
1341 1.605e-01 5.325e-02 -2.817e-03 -5.295e+00
1342 1.735e-01 6.534e-02 -1.574e-02 8.258e+00
1343 1.758e-01 7.126e-02 -1.748e-02 3.720e+00
1344 1.618e-01 8.169e-02 -2.279e-02 -5.173e+00
1345 1.697e-01 6.533e-02 -8.171e-05 1.324e+00
1346 1.765e-01 7.276e-02 -2.364e-02 -8.837e+00
1347 1.775e-01 6.884e-02 -2.182e-02 -2.007e+00
1348 1.877e-01 8.762e-02 -2.386e-02 -1.635e+00
1349 1.868e-01 7.253e-02 -1.039e-02 4.739e+00
1350 1.938e-01 7.133e-02 -1.663e-02 -1.898e+00
1351 1.878e-01 7.848e-02 -2.109e-02 2.838e+00
1352 1.904e-01 6.030e-02 -1.141e-02 2.962e+00
1353 1.940e-01 6.063e-02 -2.441e-02 4.511e+00
1354 1.881e-01 5.986e-02 -1.803e-02 3.963e+00
1355 1.981e-01 8.905e-02 4.543e-03 3.817e+00
1356 1.794e-01 8.428e-02 -2.163e-02 1.028e+00
1357 1.926e-01 6.867e-02 -2.561e-02 1.139e+01
1358 2.167e-01 7.894e-02 -1.410e-02 6.874e+00
1359 1.968e-01 6.883e-02 -1.798e-03 4.712e+00
1360 2.171e-01 6.326e-02 -2.787e-02 4.171e+00
1361 1.937e-01 5.702e-02 -1.426e-02 1.103e+01
1362 2.084e-01 6.527e-02 -2.983e-02 7.080e+00
1363 2.047e-01 6.489e-02 -9.699e-03 2.794e+00
1364 2.128e-01 7.035e-02 -3.989e-03 1.133e+01
1365 2.212e-01 7.080e-02 -1.824e-02 6.807e+00
1366 2.181e-01 7.002e-02 -5.553e-03 7.672e+00
1367 2.209e-01 7.791e-02 -1.530e-02 5.387e+00
1368 2.344e-01 8.682e-02 -3.346e-02 1.245e+01
1369 2.159e-01 7.376e-02 -2.361e-02 1.575e+01
1370 2.284e-01 6.720e-02 -8.157e-03 7.364e+00
1371 2.501e-01 6.829e-02 -2.304e-02 1.335e+01
1372 2.399e-01 9.108e-02 -2.915e-02 5.852e+00
1373 2.393e-01 7.970e-02 -1.533e-02 1.613e+01
1374 2.493e-01 7.763e-02 -2.716e-02 9.544e+00
1375 2.409e-01 8.458e-02 -1.911e-02 8.905e+00
1376 2.397e-01 8.175e-02 -2.168e-02 1.158e+01
1377 2.412e-01 8.784e-02 -2.911e-02 1.384e+01
1378 2.496e-01 8.777e-02 -1.574e-02 1.397e+01
1379 2.427e-01 8.462e-02 -1.513e-02 1.126e+01
1380 2.473e-01 8.301e-02 -3.686e-02 1.885e+01
1381 2.503e-01 8.976e-02 -3.141e-02 1.758e+01
1382 2.571e-01 9.592e-02 -1.650e-02 1.690e+01
1383 2.511e-01 9.234e-02 -2.776e-02 1.451e+01
1384 2.776e-01 9.732e-02 -2.277e-02 2.068e+01
1385 2.484e-01 1.040e-01 -2.427e-02 2.052e+01
1386 2.773e-01 8.032e-02 -1.821e-02 2.088e+01
1387 2.675e-01 9.382e-02 -1.791e-02 2.264e+01
1388 2.917e-01 1.100e-01 -3.116e-02 2.085e+01
1389 2.853e-01 1.079e-01 -2.923e-02 2.053e+01
1390 3.003e-01 1.190e-01 -2.689e-02 1.936e+01
1391 2.965e-01 9.458e-02 -3.218e-02 2.573e+01
1392 2.953e-01 1.127e-01 -1.953e-02 1.965e+01
1393 2.961e-01 1.059e-01 -2.349e-02 2.315e+01
1394 3.081e-01 1.028e-01 -2.094e-02 2.287e+01
1395 3.162e-01 1.072e-01 -2.023e-02 2.542e+01
1396 3.089e-01 1.204e-01 -2.708e-02 2.604e+01
1397 3.285e-01 1.274e-01 -5.091e-02 2.093e+01
1398 3.308e-01 1.167e-01 -3.211e-02 2.733e+01
1399 3.334e-01 1.222e-01 -2.966e-02 2.263e+01
1400 3.298e-01 1.399e-01 -2.727e-02 2.614e+01
1401 3.301e-01 1.285e-01 -1.558e-02 2.704e+01
1402 3.444e-01 1.378e-01 -4.263e-02 2.813e+01
1403 3.503e-01 1.385e-01 -3.943e-02 3.248e+01
1404 3.680e-01 1.416e-01 -2.739e-02 3.045e+01
1405 3.676e-01 1.449e-01 -2.408e-02 3.115e+01
1406 3.807e-01 1.428e-01 -4.437e-02 3.181e+01
1407 3.721e-01 1.509e-01 -3.267e-02 2.841e+01
1408 3.735e-01 1.675e-01 -4.107e-02 3.210e+01
1409 3.878e-01 1.444e-01 -2.268e-02 3.143e+01
1410 3.830e-01 1.800e-01 -4.018e-02 2.907e+01
1411 3.890e-01 1.623e-01 -4.254e-02 3.108e+01
1412 3.938e-01 1.769e-01 -2.874e-02 3.394e+01
1413 4.063e-01 1.896e-01 -3.203e-02 3.094e+01
1414 4.305e-01 1.752e-01 -2.604e-02 3.081e+01
1415 4.307e-01 1.898e-01 -2.694e-02 3.592e+01
1416 4.320e-01 1.938e-01 -3.430e-02 3.397e+01
1417 4.354e-01 2.118e-01 -3.702e-02 3.508e+01
1418 4.583e-01 2.227e-01 -4.304e-02 3.596e+01
1419 4.569e-01 2.204e-01 -2.837e-02 3.616e+01
1420 4.678e-01 2.278e-01 -4.245e-02 3.512e+01
1421 4.696e-01 2.221e-01 -4.008e-02 3.427e+01
1422 4.847e-01 2.206e-01 -4.849e-02 3.656e+01
1423 4.876e-01 2.483e-01 -4.943e-02 3.607e+01
1424 4.771e-01 2.453e-01 -4.182e-02 3.671e+01
1425 5.140e-01 2.575e-01 -4.748e-02 3.840e+01
1426 5.076e-01 2.642e-01 -3.308e-02 3.682e+01
1427 5.064e-01 2.823e-01 -3.178e-02 3.786e+01
1428 5.252e-01 2.690e-01 -5.656e-02 3.670e+01
1429 5.495e-01 2.757e-01 -4.088e-02 3.635e+01
1430 5.396e-01 2.851e-01 -3.920e-02 3.737e+01
1431 5.351e-01 2.945e-01 -4.294e-02 3.826e+01
1432 5.510e-01 3.067e-01 -5.931e-02 3.624e+01
1433 5.563e-01 3.210e-01 -3.411e-02 3.800e+01
1434 5.729e-01 3.224e-01 -4.371e-02 3.864e+01
1435 5.704e-01 3.350e-01 -5.243e-02 3.891e+01
1436 5.922e-01 3.184e-01 -4.453e-02 3.887e+01
1437 6.108e-01 3.507e-01 -4.703e-02 3.925e+01
1438 6.127e-01 3.568e-01 -6.426e-02 3.733e+01
1439 6.269e-01 3.582e-01 -5.810e-02 3.965e+01
1440 6.206e-01 3.855e-01 -4.667e-02 3.792e+01
1441 6.169e-01 3.730e-01 -4.866e-02 3.860e+01
1442 6.401e-01 3.631e-01 -5.764e-02 3.941e+01
1443 6.570e-01 3.704e-01 -5.881e-02 3.842e+01
1444 6.638e-01 3.822e-01 -4.713e-02 4.051e+01
1445 6.707e-01 3.928e-01 -5.530e-02 3.939e+01
1446 6.613e-01 3.952e-01 -5.645e-02 3.896e+01
1447 6.813e-01 3.904e-01 -6.438e-02 3.996e+01
1448 7.011e-01 3.942e-01 -5.874e-02 4.014e+01
1449 7.168e-01 3.942e-01 -7.044e-02 4.047e+01
1450 7.107e-01 4.135e-01 -7.499e-02 3.961e+01
1451 7.095e-01 4.231e-01 -7.907e-02 3.882e+01
1452 7.335e-01 4.214e-01 -5.481e-02 4.004e+01
1453 7.477e-01 4.457e-01 -6.596e-02 3.952e+01
1454 7.436e-01 4.361e-01 -7.168e-02 4.138e+01
1455 7.397e-01 4.523e-01 -5.366e-02 3.993e+01
1456 7.515e-01 4.465e-01 -6.412e-02 4.031e+01
1457 7.793e-01 4.456e-01 -6.487e-02 4.205e+01
1458 7.794e-01 4.419e-01 -5.325e-02 4.074e+01
1459 7.829e-01 4.687e-01 -5.647e-02 4.065e+01
1460 8.026e-01 4.721e-01 -5.024e-02 4.086e+01
1461 8.115e-01 4.688e-01 -6.684e-02 4.127e+01
1462 8.129e-01 4.674e-01 -7.160e-02 4.135e+01
1463 8.230e-01 4.710e-01 -8.288e-02 4.085e+01
1464 8.239e-01 4.582e-01 -8.038e-02 3.990e+01
1465 8.136e-01 4.759e-01 -5.828e-02 4.121e+01
1466 8.274e-01 4.796e-01 -8.003e-02 4.082e+01
1467 8.641e-01 4.784e-01 -8.422e-02 4.012e+01
1468 8.495e-01 4.787e-01 -6.896e-02 4.068e+01
1469 8.666e-01 4.943e-01 -8.246e-02 4.029e+01
1470 8.758e-01 4.843e-01 -7.852e-02 4.210e+01
1471 8.802e-01 4.923e-01 -8.946e-02 4.084e+01
1472 8.872e-01 4.900e-01 -8.085e-02 4.109e+01
1473 9.075e-01 4.859e-01 -7.978e-02 4.104e+01
1474 8.979e-01 4.857e-01 -7.366e-02 4.081e+01
1475 9.065e-01 4.959e-01 -7.600e-02 4.200e+01
1476 9.124e-01 5.003e-01 -9.045e-02 4.104e+01
1477 9.152e-01 4.893e-01 -8.332e-02 4.138e+01
1478 9.217e-01 4.947e-01 -7.951e-02 4.100e+01
1479 9.323e-01 4.971e-01 -9.901e-02 4.104e+01
1480 9.468e-01 5.093e-01 -9.221e-02 4.118e+01
1481 9.411e-01 5.016e-01 -8.149e-02 4.172e+01
1482 9.465e-01 5.034e-01 -8.734e-02 4.101e+01
1483 9.684e-01 5.069e-01 -9.858e-02 4.092e+01
1484 9.597e-01 5.123e-01 -9.765e-02 4.083e+01
1485 9.587e-01 4.951e-01 -8.092e-02 4.127e+01
1486 9.543e-01 5.012e-01 -8.276e-02 4.227e+01
1487 9.653e-01 5.096e-01 -7.416e-02 4.172e+01
1488 9.729e-01 4.967e-01 -7.670e-02 4.154e+01
1489 1.000e+00 5.042e-01 -8.833e-02 4.025e+01
1490 9.818e-01 5.085e-01 -9.271e-02 4.058e+01
1491 9.744e-01 4.880e-01 -7.896e-02 4.075e+01
1492 9.826e-01 4.992e-01 -1.029e-01 4.157e+01
1493 9.697e-01 4.987e-01 -8.704e-02 4.213e+01
1494 9.856e-01 5.008e-01 -1.118e-01 4.131e+01
1495 9.766e-01 4.931e-01 -9.482e-02 4.161e+01
1496 9.667e-01 4.820e-01 -7.662e-02 4.146e+01
1497 9.787e-01 4.896e-01 -8.611e-02 4.200e+01
1498 9.647e-01 4.882e-01 -7.998e-02 4.178e+01
1499 9.473e-01 4.751e-01 -8.857e-02 4.107e+01
1500 9.525e-01 4.777e-01 -8.519e-02 4.077e+01
1501 9.526e-01 4.611e-01 -8.066e-02 4.072e+01
1502 9.460e-01 4.694e-01 -8.449e-02 4.176e+01
1503 9.475e-01 4.619e-01 -7.525e-02 4.190e+01
1504 9.380e-01 4.686e-01 -7.565e-02 4.133e+01
1505 9.202e-01 4.699e-01 -9.213e-02 4.067e+01
1506 9.134e-01 4.540e-01 -1.012e-01 4.141e+01
1507 9.096e-01 4.446e-01 -8.210e-02 4.099e+01
1508 9.013e-01 4.338e-01 -7.649e-02 4.126e+01
1509 8.946e-01 4.415e-01 -9.439e-02 4.272e+01
1510 8.842e-01 4.419e-01 -1.006e-01 4.116e+01
1511 8.861e-01 4.265e-01 -8.406e-02 4.048e+01
1512 8.461e-01 4.180e-01 -7.818e-02 4.053e+01
1513 8.561e-01 4.169e-01 -8.448e-02 4.154e+01
1514 8.529e-01 4.101e-01 -7.178e-02 3.954e+01
1515 8.309e-01 3.960e-01 -8.327e-02 4.101e+01
1516 8.200e-01 4.059e-01 -7.173e-02 4.257e+01
1517 7.997e-01 3.844e-01 -7.295e-02 4.151e+01
1518 7.920e-01 3.773e-01 -7.337e-02 4.159e+01
1519 7.587e-01 3.664e-01 -7.503e-02 4.090e+01
1520 7.571e-01 3.616e-01 -6.581e-02 4.092e+01
1521 7.539e-01 3.481e-01 -6.577e-02 4.025e+01
1522 7.264e-01 3.393e-01 -7.249e-02 4.127e+01
1523 6.988e-01 3.463e-01 -4.419e-02 4.112e+01
1524 7.026e-01 3.419e-01 -9.308e-02 4.060e+01
1525 6.730e-01 3.153e-01 -7.142e-02 4.070e+01
1526 6.635e-01 3.329e-01 -6.340e-02 4.003e+01
1527 6.563e-01 3.205e-01 -6.783e-02 3.993e+01
1528 6.211e-01 3.186e-01 -4.630e-02 4.037e+01
1529 6.303e-01 3.001e-01 -5.918e-02 4.110e+01
1530 5.972e-01 2.940e-01 -7.850e-02 4.024e+01
1531 5.852e-01 3.005e-01 -6.257e-02 4.027e+01
1532 5.676e-01 2.672e-01 -5.185e-02 4.149e+01
1533 5.521e-01 2.680e-01 -5.711e-02 3.973e+01
1534 5.370e-01 2.595e-01 -5.122e-02 4.078e+01
1535 5.123e-01 2.675e-01 -5.948e-02 4.169e+01
1536 5.096e-01 2.384e-01 -5.646e-02 4.004e+01
1537 4.819e-01 2.260e-01 -5.460e-02 4.122e+01
1538 4.813e-01 2.258e-01 -4.415e-02 3.981e+01
1539 4.672e-01 2.266e-01 -4.820e-02 3.897e+01
1540 4.290e-01 2.268e-01 -5.974e-02 4.008e+01
1541 4.326e-01 2.131e-01 -5.329e-02 4.079e+01
1542 4.213e-01 2.030e-01 -4.067e-02 4.097e+01
1543 3.988e-01 2.140e-01 -4.625e-02 3.834e+01
1544 3.747e-01 2.043e-01 -4.157e-02 3.882e+01
1545 3.719e-01 1.868e-01 -4.624e-02 3.910e+01
1546 3.751e-01 1.934e-01 -4.430e-02 3.978e+01
1547 3.621e-01 1.773e-01 -3.608e-02 3.968e+01
1548 3.331e-01 1.691e-01 -5.594e-02 3.987e+01
1549 3.359e-01 1.688e-01 -4.039e-02 3.902e+01
1550 3.058e-01 1.708e-01 -3.216e-02 3.873e+01
1551 2.926e-01 1.617e-01 -3.416e-02 3.954e+01
1552 2.904e-01 1.579e-01 -3.163e-02 4.131e+01
1553 2.715e-01 1.429e-01 -5.010e-02 4.015e+01
1554 2.741e-01 1.558e-01 -3.160e-02 3.984e+01
1555 2.579e-01 1.365e-01 -2.416e-02 3.913e+01
1556 2.455e-01 1.369e-01 -5.487e-02 3.739e+01
1557 2.247e-01 1.355e-01 -3.460e-02 4.312e+01
1558 2.346e-01 1.407e-01 -2.852e-02 4.290e+01
1559 2.284e-01 1.293e-01 -4.482e-02 3.963e+01
1560 2.152e-01 1.140e-01 -2.003e-02 3.927e+01
1561 2.061e-01 1.126e-01 -4.395e-02 3.798e+01
1562 2.053e-01 1.098e-01 -4.415e-02 3.943e+01
1563 2.082e-01 1.135e-01 -3.913e-02 4.114e+01
1564 1.908e-01 1.045e-01 -2.659e-02 3.391e+01
1565 1.785e-01 8.845e-02 -3.912e-02 3.796e+01
1566 1.720e-01 9.965e-02 -2.881e-02 3.966e+01
1567 1.731e-01 1.006e-01 -3.607e-02 3.792e+01
1568 1.726e-01 8.745e-02 -1.918e-02 4.035e+01
1569 1.412e-01 9.293e-02 -2.585e-02 3.849e+01
1570 1.676e-01 9.708e-02 -3.206e-02 4.005e+01
1571 1.621e-01 6.671e-02 -1.868e-02 4.139e+01
1572 1.484e-01 8.598e-02 -2.251e-02 3.855e+01
1573 1.297e-01 6.430e-02 -7.537e-03 4.329e+01
1574 1.537e-01 8.374e-02 -1.346e-02 3.726e+01
1575 1.480e-01 7.184e-02 -1.648e-02 3.703e+01
1576 1.335e-01 7.263e-02 -1.141e-02 3.921e+01
1577 1.306e-01 5.989e-02 -4.279e-03 3.258e+01
1578 1.214e-01 7.392e-02 -1.763e-02 3.816e+01
1579 1.310e-01 6.165e-02 -3.181e-02 3.458e+01
1580 1.299e-01 7.803e-02 -1.686e-02 3.832e+01
1581 1.380e-01 6.524e-02 -1.711e-02 4.324e+01
1582 1.022e-01 5.973e-02 -9.237e-03 4.639e+01
1583 1.149e-01 4.861e-02 -1.493e-02 4.634e+01
1584 1.046e-01 6.810e-02 -1.880e-02 3.899e+01
1585 1.138e-01 6.061e-02 -1.377e-02 3.484e+01
1586 1.198e-01 5.757e-02 -2.610e-02 4.401e+01
1587 1.135e-01 5.268e-02 9.719e-03 4.604e+01
1588 1.052e-01 5.046e-02 -6.571e-03 4.474e+01
1589 9.590e-02 5.338e-02 -1.862e-02 3.174e+01
1590 1.075e-01 4.876e-02 -1.519e-02 3.639e+01
1591 1.100e-01 5.987e-02 -8.623e-04 4.579e+01
1592 1.049e-01 5.242e-02 -9.822e-03 3.725e+01
1593 1.044e-01 6.901e-02 -6.114e-03 3.883e+01
1594 9.535e-02 3.775e-02 -3.852e-03 4.047e+01
1595 1.005e-01 3.538e-02 -8.146e-03 3.275e+01
1596 9.557e-02 3.137e-02 -2.644e-03 4.108e+01
1597 5.718e-02 4.040e-02 -1.016e-02 2.308e+01
1598 9.065e-02 4.911e-02 -1.878e-02 3.522e+01
1599 8.460e-02 3.701e-02 -2.781e-02 3.545e+01
1600 9.065e-02 4.181e-02 -5.055e-03 4.013e+01
1601 7.441e-02 4.529e-02 -2.190e-02 4.306e+01
1602 8.202e-02 4.019e-02 -4.590e-03 4.418e+01
1603 8.860e-02 4.855e-02 -1.592e-02 4.064e+01
1604 7.637e-02 4.065e-02 -3.113e-03 4.914e+01
1605 7.859e-02 3.577e-02 -1.302e-02 4.661e+01
1606 7.529e-02 2.462e-02 1.540e-03 4.811e+01
1607 7.931e-02 4.458e-02 -1.194e-02 4.241e+01
1608 1.059e-01 4.402e-02 -7.939e-03 2.653e+01
1609 6.281e-02 3.199e-02 -9.773e-03 3.045e+01
1610 7.686e-02 3.942e-02 -9.723e-03 3.091e+01
1611 8.323e-02 2.838e-02 -5.386e-03 5.387e+01
1612 8.426e-02 3.654e-02 -1.051e-02 3.670e+01
1613 7.160e-02 3.857e-02 -1.083e-02 3.902e+01
1614 5.692e-02 4.978e-02 -3.721e-03 3.798e+01
1615 7.710e-02 4.823e-02 -1.826e-02 3.500e+01
1616 8.272e-02 3.096e-02 -7.144e-03 2.945e+01
1617 7.897e-02 1.921e-02 -9.766e-04 4.603e+01
1618 7.725e-02 4.150e-02 1.778e-03 4.099e+01
1619 6.455e-02 3.493e-02 1.151e-03 3.991e+01
1620 6.807e-02 3.932e-02 -1.494e-02 3.737e+01
1621 5.984e-02 2.027e-02 -1.886e-02 4.180e+01
1622 6.069e-02 2.135e-02 4.969e-03 4.377e+01
1623 4.854e-02 2.362e-02 -5.780e-03 3.297e+01
1624 4.790e-02 4.481e-02 -1.208e-02 4.122e+01
1625 4.787e-02 3.916e-02 -2.367e-03 3.022e+01
1626 6.860e-02 3.523e-02 -1.046e-02 4.930e+01
1627 5.584e-02 1.008e-02 -1.204e-02 0.000e+00
1628 6.501e-02 1.031e-02 -1.004e-02 0.000e+00
1629 5.552e-02 2.734e-02 -5.855e-03 3.789e+01
1630 6.552e-02 1.705e-02 -6.177e-03 4.959e+01
1631 6.133e-02 3.517e-02 -1.811e-02 4.225e+01
1632 4.856e-02 3.244e-02 -4.061e-03 3.140e+01
1633 4.853e-02 1.107e-02 5.241e-04 0.000e+00
1634 3.912e-02 2.201e-02 7.699e-03 3.182e+01
1635 4.984e-02 1.749e-02 -6.282e-03 4.272e+01
1636 4.669e-02 2.480e-02 1.866e-03 3.114e+01
1637 4.831e-02 2.745e-02 -6.375e-03 3.940e+01
1638 5.332e-02 2.001e-02 -1.357e-02 5.852e+01
1639 4.837e-02 -3.486e-03 2.563e-03 0.000e+00
1640 3.343e-02 -1.426e-03 -1.722e-03 0.000e+00
1641 5.230e-02 2.250e-02 -3.317e-03 4.626e+01
1642 4.988e-02 3.060e-03 -1.295e-02 0.000e+00
1643 3.774e-02 -1.411e-03 6.245e-03 0.000e+00
1644 5.831e-02 2.217e-02 -5.745e-03 6.687e+01
1645 4.443e-02 2.833e-02 -8.010e-03 2.554e+01
1646 4.873e-02 2.336e-02 3.540e-04 5.867e+01
1647 3.754e-02 1.032e-02 2.707e-03 0.000e+00
1648 2.443e-02 1.248e-02 -3.192e-03 0.000e+00
1649 4.948e-02 2.233e-02 -2.005e-02 4.208e+01
1650 2.187e-02 1.690e-02 -4.267e-03 1.796e+01
1651 4.379e-02 2.527e-02 -1.151e-02 4.281e+01
1652 3.125e-02 2.773e-02 3.991e-03 2.643e+01
1653 2.988e-02 2.279e-02 -6.789e-03 4.924e+01
1654 4.175e-02 1.437e-02 -7.504e-03 2.293e+01
1655 3.512e-02 2.575e-02 1.299e-03 1.695e+01
1656 3.902e-02 1.152e-02 -7.116e-04 0.000e+00
1657 3.265e-02 1.819e-02 2.126e-03 3.253e+01
1658 3.222e-02 -5.551e-03 -9.506e-03 0.000e+00
1659 4.449e-02 4.132e-02 -9.901e-03 4.266e+01
1660 3.269e-02 1.029e-02 -1.101e-02 0.000e+00
1661 4.479e-02 1.336e-02 -8.945e-03 0.000e+00
1662 2.791e-02 1.348e-02 -5.548e-03 0.000e+00
1663 5.024e-02 3.895e-02 -1.989e-02 3.946e+01
1664 2.304e-02 1.149e-02 -4.293e-03 0.000e+00
1665 3.519e-02 1.068e-02 -8.732e-03 0.000e+00
1666 4.012e-02 5.233e-03 -8.053e-03 0.000e+00
1667 3.877e-02 3.490e-02 -1.189e-02 2.856e+01
1668 4.824e-02 -6.429e-03 -8.939e-03 0.000e+00
1669 3.190e-02 2.708e-02 -9.777e-04 3.232e+01
1670 3.907e-02 1.986e-02 -1.170e-02 2.694e+01
1671 4.255e-02 2.663e-02 -1.676e-02 1.757e+01
1672 3.196e-02 3.206e-02 -9.214e-03 2.868e+01
1673 2.762e-02 1.225e-02 -6.899e-03 0.000e+00
1674 4.686e-02 -1.416e-03 7.079e-03 0.000e+00
1675 4.809e-02 2.348e-02 -1.198e-02 3.874e+01
1676 4.680e-02 1.876e-02 -1.373e-02 3.806e+01
1677 3.185e-02 1.718e-02 -4.623e-03 2.426e+01
1678 3.964e-02 9.905e-03 2.648e-03 0.000e+00
1679 3.040e-02 2.409e-02 -8.340e-03 4.850e+01
1680 3.225e-02 3.345e-02 -1.042e-02 3.265e+01
1681 3.391e-02 1.726e-02 -7.042e-03 3.262e+01
1682 4.797e-02 1.666e-02 5.262e-03 7.866e+00
1683 5.304e-02 3.414e-02 -3.687e-03 3.167e+01
1684 4.828e-02 1.700e-02 -1.089e-02 4.242e+01
1685 2.471e-02 1.556e-02 -9.950e-03 -5.499e+00
1686 4.587e-02 1.309e-02 -5.564e-03 0.000e+00
1687 5.296e-02 1.716e-02 -2.624e-03 2.292e+01
1688 4.361e-02 2.042e-02 -8.164e-03 2.230e+01
1689 4.517e-02 1.953e-02 -1.335e-02 4.401e+01
1690 5.081e-02 1.458e-02 5.577e-03 3.613e+01
1691 4.106e-02 1.551e-02 -4.554e-03 4.340e+00
1692 4.224e-02 -2.302e-03 -7.421e-03 0.000e+00
1693 5.214e-02 2.590e-02 -6.779e-04 4.391e+01
1694 4.131e-02 1.401e-02 -9.863e-03 0.000e+00
1695 6.663e-02 1.746e-02 1.058e-03 5.094e+01
1696 6.539e-02 2.038e-02 5.371e-03 4.508e+01
1697 7.237e-02 2.670e-02 -7.476e-03 1.106e+01
1698 4.785e-02 2.524e-02 -7.672e-04 2.828e+01
1699 5.502e-02 1.414e-02 7.865e-03 0.000e+00
1700 6.105e-02 1.879e-02 -8.168e-03 2.543e+00
1701 6.130e-02 2.039e-02 1.148e-02 2.446e+01
1702 6.896e-02 1.585e-02 8.079e-03 2.983e+01
1703 6.370e-02 7.823e-03 -2.570e-03 0.000e+00
1704 6.293e-02 3.339e-02 -3.441e-03 2.597e+01
1705 6.578e-02 2.032e-02 2.089e-04 2.269e+01
1706 8.713e-02 1.226e-02 1.917e-03 0.000e+00
1707 9.234e-02 5.619e-03 5.187e-03 0.000e+00
1708 8.178e-02 2.575e-02 -6.596e-03 3.648e+01
1709 7.618e-02 -2.269e-03 -2.058e-02 0.000e+00
1710 8.462e-02 2.330e-02 4.993e-03 3.001e+01
1711 8.338e-02 2.238e-02 -6.081e-04 3.820e+01
1712 8.455e-02 1.067e-02 -8.202e-03 0.000e+00
1713 8.609e-02 2.449e-02 7.287e-03 2.716e+01
1714 7.623e-02 -2.625e-03 2.816e-03 0.000e+00
1715 8.833e-02 1.886e-02 2.241e-03 2.823e+01
1716 9.656e-02 2.277e-02 -1.911e-03 2.839e+01
1717 9.373e-02 2.857e-02 -5.141e-03 8.037e+00
1718 1.050e-01 6.389e-03 -9.565e-03 0.000e+00
1719 9.477e-02 2.887e-02 -3.264e-03 2.876e+01
1720 9.897e-02 1.551e-02 -8.910e-03 1.352e+01
1721 1.164e-01 3.301e-02 2.214e-03 3.356e+01
1722 1.130e-01 1.991e-02 -1.552e-02 3.693e+01
1723 9.894e-02 2.893e-02 8.183e-03 3.004e+01
1724 1.057e-01 2.229e-02 1.183e-02 5.959e+00
1725 1.054e-01 3.394e-02 7.084e-03 2.151e+01
1726 1.048e-01 1.537e-02 -1.174e-02 3.292e+01
1727 1.336e-01 3.553e-02 1.290e-04 3.929e+01
1728 1.211e-01 3.115e-02 -1.382e-03 3.445e+01
1729 1.123e-01 2.801e-02 1.484e-02 3.183e+01
1730 1.189e-01 2.310e-02 1.393e-02 5.266e+01
1731 1.249e-01 2.544e-02 1.136e-02 2.084e+01
1732 1.464e-01 3.267e-02 5.111e-03 3.560e+01
1733 1.298e-01 3.154e-02 -9.442e-03 3.330e+01
1734 1.460e-01 3.083e-02 -2.233e-03 3.290e+01
1735 1.341e-01 5.015e-02 5.440e-03 3.526e+01
1736 1.347e-01 3.731e-02 -6.639e-03 3.049e+01
1737 1.348e-01 1.357e-02 1.284e-02 0.000e+00
1738 1.311e-01 2.493e-02 -4.987e-03 3.589e+01
1739 1.509e-01 2.685e-02 -1.357e-02 2.773e+01
1740 1.542e-01 2.547e-02 -5.339e-03 3.152e+01
1741 1.472e-01 2.236e-02 -3.329e-03 2.841e+01
1742 1.395e-01 3.777e-02 -1.546e-03 2.779e+01
1743 1.534e-01 1.756e-02 -6.815e-04 3.220e+01
1744 1.485e-01 3.304e-02 -3.335e-03 5.270e+01
1745 1.495e-01 3.242e-02 -8.833e-04 3.796e+01
1746 1.648e-01 2.454e-02 -3.157e-03 5.184e+01
1747 1.492e-01 4.080e-02 -5.966e-03 3.809e+01
1748 1.521e-01 2.125e-02 -9.081e-03 4.053e+01
1749 1.609e-01 4.731e-02 -1.642e-03 3.358e+01
1750 1.666e-01 2.745e-02 -2.489e-02 3.124e+01
1751 1.547e-01 3.356e-02 7.238e-03 2.811e+01
1752 1.664e-01 5.191e-02 6.591e-03 3.989e+01
1753 1.758e-01 5.650e-02 -6.471e-05 3.002e+01
1754 1.655e-01 4.996e-02 -1.247e-02 3.906e+01
1755 1.728e-01 3.640e-02 -2.125e-02 3.638e+01
1756 1.599e-01 2.806e-02 -5.460e-03 3.430e+01
1757 1.758e-01 3.124e-02 -6.492e-03 2.533e+01
1758 1.957e-01 6.129e-02 1.080e-02 3.692e+01
1759 1.816e-01 4.421e-02 -4.718e-03 2.811e+01
1760 1.810e-01 3.945e-02 -7.331e-03 3.880e+01
1761 1.954e-01 5.048e-02 -6.310e-03 4.453e+01
1762 1.950e-01 5.439e-02 -3.706e-03 3.803e+01
1763 1.850e-01 5.079e-02 8.033e-04 3.497e+01
1764 1.934e-01 3.944e-02 -7.063e-03 3.240e+01
1765 1.888e-01 4.910e-02 1.672e-03 3.885e+01
1766 1.781e-01 2.313e-02 -9.206e-03 4.258e+01
1767 2.009e-01 2.886e-02 -6.811e-04 4.341e+01
1768 2.140e-01 5.140e-02 -9.660e-03 3.418e+01
1769 2.153e-01 3.926e-02 -6.155e-03 4.095e+01
1770 1.987e-01 4.095e-02 -1.025e-02 4.004e+01
1771 2.213e-01 5.510e-02 2.162e-02 3.543e+01
1772 2.022e-01 5.968e-02 5.505e-03 3.319e+01
1773 2.077e-01 4.260e-02 5.161e-03 2.842e+01
1774 2.240e-01 2.921e-02 7.814e-03 2.880e+01
1775 2.279e-01 6.917e-02 1.479e-02 3.564e+01
1776 2.193e-01 6.793e-02 -1.178e-02 2.857e+01
1777 2.198e-01 5.261e-02 -4.204e-03 3.346e+01
1778 2.224e-01 6.027e-02 1.388e-02 3.885e+01
1779 2.315e-01 6.841e-02 1.020e-02 3.408e+01
1780 2.209e-01 4.580e-02 2.573e-03 2.328e+01
1781 2.365e-01 3.429e-02 -1.125e-02 3.713e+01
1782 2.356e-01 5.795e-02 3.875e-03 2.611e+01
1783 2.332e-01 2.766e-02 -4.871e-03 3.878e+01
1784 2.437e-01 4.909e-02 -2.703e-02 3.187e+01
1785 2.289e-01 4.944e-02 -3.261e-03 2.990e+01
1786 2.332e-01 2.798e-02 3.054e-03 3.511e+01
1787 2.409e-01 5.485e-02 -4.279e-03 3.293e+01
1788 2.344e-01 5.050e-02 -6.350e-03 2.657e+01
1789 2.329e-01 4.207e-02 2.510e-04 2.667e+01
1790 2.499e-01 4.907e-02 8.481e-03 1.808e+01
1791 2.445e-01 4.487e-02 -1.825e-02 3.244e+01
1792 2.532e-01 6.608e-02 -5.363e-03 3.833e+01
1793 2.548e-01 5.275e-02 -7.434e-03 3.342e+01
1794 2.418e-01 3.628e-02 1.039e-02 2.815e+01
1795 2.421e-01 3.742e-02 -1.059e-02 3.250e+01
1796 2.437e-01 4.261e-02 -1.736e-02 3.775e+01
1797 2.367e-01 3.714e-02 -4.554e-03 1.696e+01
1798 2.325e-01 4.754e-02 -8.544e-03 1.813e+01
1799 2.436e-01 3.841e-02 -1.127e-02 2.405e+01
1800 2.346e-01 4.916e-02 -1.938e-02 2.445e+01
1801 2.422e-01 3.526e-02 -8.916e-03 3.514e+01
1802 2.268e-01 4.029e-02 -1.902e-03 2.202e+01
1803 2.268e-01 4.057e-02 8.903e-05 2.911e+01
1804 2.309e-01 2.982e-02 -2.054e-02 2.607e+01
1805 2.387e-01 4.541e-02 -5.471e-03 3.302e+01
1806 2.293e-01 3.656e-02 -3.554e-03 2.293e+01
1807 2.270e-01 4.094e-02 -2.602e-03 3.182e+01
1808 2.399e-01 2.535e-02 -5.846e-03 1.181e+01
1809 2.294e-01 2.662e-02 3.766e-03 1.795e+01
1810 2.376e-01 2.809e-02 -1.655e-02 1.066e+01
1811 2.271e-01 3.332e-02 -1.533e-02 3.140e+01
1812 2.324e-01 4.175e-02 3.448e-03 1.924e+01
1813 2.104e-01 3.678e-02 3.969e-05 2.408e+01
1814 2.099e-01 2.346e-02 -1.004e-02 2.180e+01
1815 2.199e-01 2.548e-02 -1.972e-03 1.301e+01
1816 2.117e-01 3.581e-02 -1.801e-02 4.149e+01
1817 2.112e-01 4.455e-02 -1.121e-02 1.230e+01
1818 1.972e-01 3.766e-02 -1.216e-02 3.193e+00
1819 1.874e-01 3.324e-02 -6.205e-03 1.993e+00
1820 2.011e-01 3.382e-02 -2.778e-03 7.805e+00
1821 1.967e-01 2.166e-02 -1.311e-02 1.970e+01
1822 2.005e-01 2.648e-02 -1.046e-02 -2.730e+00
1823 1.857e-01 2.651e-02 -2.631e-03 9.444e+00
1824 1.709e-01 2.619e-02 -5.347e-03 1.438e+01
1825 1.670e-01 1.248e-02 -5.785e-03 0.000e+00
1826 1.809e-01 2.267e-02 -6.614e-03 1.824e+01
1827 1.763e-01 2.494e-02 -1.024e-02 3.296e+01
1828 1.689e-01 3.075e-02 -2.965e-04 9.151e+00
1829 1.759e-01 3.883e-02 -1.082e-02 1.950e+01
1830 1.653e-01 1.671e-02 -2.023e-02 2.361e+01
1831 1.619e-01 9.883e-03 -9.284e-03 0.000e+00
1832 1.497e-01 1.988e-02 1.202e-02 1.089e+01
1833 1.578e-01 2.891e-02 -3.842e-03 7.388e+00
1834 1.582e-01 2.982e-02 -8.323e-03 1.992e+01
1835 1.555e-01 1.285e-02 -1.856e-02 0.000e+00
1836 1.406e-01 2.448e-02 1.758e-03 6.847e+00
1837 1.341e-01 2.446e-02 -6.470e-03 -3.282e+00
1838 1.275e-01 2.796e-02 -1.458e-02 2.280e+01
1839 1.394e-01 1.892e-02 -5.964e-03 1.839e+01
1840 1.152e-01 3.801e-02 -2.072e-03 6.823e+00
1841 9.854e-02 2.754e-02 -2.381e-02 2.994e+01
1842 1.348e-01 2.558e-02 -2.113e-02 2.353e+01
1843 1.037e-01 2.099e-02 6.986e-03 4.069e+01
1844 1.147e-01 2.568e-02 -4.122e-03 1.739e+01
1845 1.057e-01 2.964e-02 -3.005e-05 1.480e+01
1846 9.240e-02 2.168e-02 -6.656e-03 2.854e+01
1847 7.698e-02 2.784e-02 -1.505e-03 1.976e+01
1848 9.345e-02 3.146e-02 -1.009e-02 3.802e+01
1849 8.446e-02 1.275e-02 1.911e-03 0.000e+00
1850 8.351e-02 2.597e-02 1.373e-02 3.753e+01
1851 7.059e-02 8.361e-03 9.141e-04 0.000e+00
1852 6.886e-02 2.670e-02 -3.620e-03 2.787e+01
1853 6.932e-02 2.818e-02 -1.096e-02 7.040e+00
1854 6.259e-02 2.122e-02 -1.373e-02 2.185e+01
1855 6.702e-02 2.951e-02 -1.243e-02 2.552e+01
1856 6.459e-02 1.838e-02 -9.964e-04 2.159e+01
1857 6.078e-02 2.304e-02 4.370e-03 3.625e+01
1858 4.299e-02 7.202e-03 3.640e-03 0.000e+00
1859 5.183e-02 2.200e-02 1.116e-03 -7.186e+00
1860 4.046e-02 -5.841e-03 4.753e-03 0.000e+00
1861 4.848e-02 1.900e-02 4.890e-03 1.961e+01
1862 3.615e-02 3.724e-02 -2.651e-03 2.963e+01
1863 3.317e-02 1.886e-02 -2.533e-04 1.422e+01
1864 4.789e-02 1.539e-02 -2.431e-03 2.011e+01
1865 3.643e-02 2.200e-02 -2.720e-03 2.023e+01
1866 2.342e-02 1.601e-02 1.682e-03 7.605e+00
1867 2.174e-02 1.745e-02 -4.256e-03 2.803e+01
1868 3.516e-02 -6.124e-03 -2.060e-02 0.000e+00
1869 4.207e-02 -6.513e-03 1.791e-03 0.000e+00
1870 9.908e-03 1.612e-02 3.722e-03 1.549e+01
1871 1.203e-02 1.585e-02 -7.844e-03 7.035e+00
1872 2.714e-02 2.307e-02 5.805e-03 3.976e+01
1873 2.064e-02 8.125e-03 3.989e-03 0.000e+00
1874 1.236e-02 1.821e-02 1.550e-02 1.893e+01
1875 2.535e-02 1.901e-02 -3.870e-03 3.799e+01
1876 2.709e-02 3.588e-02 2.147e-03 9.671e+00
1877 2.578e-03 1.480e-02 -4.946e-03 2.556e+01
1878 1.049e-02 2.787e-02 1.701e-04 3.792e+01
1879 2.055e-02 1.807e-02 -5.204e-03 1.294e+01
1880 6.029e-03 -5.460e-03 1.670e-02 0.000e+00
1881 2.057e-02 1.167e-02 -1.144e-02 0.000e+00
1882 2.330e-02 7.977e-03 6.022e-03 0.000e+00
1883 1.268e-02 1.787e-02 7.297e-03 3.118e+01
1884 1.875e-02 2.264e-02 -4.900e-03 2.186e+01
1885 2.584e-02 1.531e-02 -3.517e-03 -1.164e+01
1886 1.160e-02 2.073e-02 -1.047e-02 2.636e+01
1887 2.717e-02 4.978e-03 -1.060e-03 0.000e+00
1888 9.969e-04 -1.881e-03 8.253e-03 0.000e+00
1889 1.779e-02 3.119e-02 -6.843e-03 3.574e+00
1890 2.072e-02 3.063e-02 -5.935e-03 1.579e+01
1891 1.635e-02 2.844e-02 5.730e-03 2.177e+01
1892 1.973e-02 2.610e-02 -7.099e-03 1.444e+01
1893 1.541e-02 3.018e-02 6.197e-03 1.388e+01
1894 8.530e-03 9.508e-03 1.293e-02 0.000e+00
1895 -9.965e-03 8.627e-03 1.035e-02 0.000e+00
1896 1.524e-02 2.830e-02 5.317e-03 1.615e+01
1897 9.749e-03 1.618e-02 -4.036e-03 3.818e+01
1898 1.735e-02 -1.639e-03 -1.450e-02 0.000e+00
1899 2.247e-02 -4.928e-03 -4.121e-03 0.000e+00
1900 1.958e-02 4.248e-03 -4.280e-03 0.000e+00
1901 2.542e-02 -5.295e-03 -5.794e-03 0.000e+00
1902 1.357e-02 2.478e-02 -7.680e-04 3.479e+01
1903 1.292e-02 1.858e-02 4.316e-03 7.236e+00
1904 -6.772e-03 1.691e-02 1.049e-02 2.461e+01
1905 2.182e-02 1.410e-02 1.114e-02 0.000e+00
1906 3.045e-03 -3.244e-03 -1.323e-02 0.000e+00
1907 8.929e-03 1.309e-02 -2.290e-04 0.000e+00
1908 4.543e-03 1.047e-02 8.576e-03 0.000e+00
1909 -7.595e-03 7.014e-03 3.351e-03 0.000e+00
1910 1.194e-03 2.774e-02 -7.763e-03 8.085e+00
1911 -3.606e-03 2.802e-02 -3.300e-03 1.482e+01
1912 8.126e-03 7.078e-03 -4.014e-03 0.000e+00
1913 2.688e-02 1.916e-02 1.340e-02 2.334e+01
1914 2.000e-03 -6.691e-04 -7.576e-03 0.000e+00
1915 -1.688e-02 6.140e-03 1.613e-02 0.000e+00
1916 1.404e-02 2.175e-02 7.112e-03 2.933e+01
1917 5.816e-03 1.787e-02 2.853e-03 2.921e+01
1918 2.035e-03 2.927e-02 -5.955e-03 2.095e+01
1919 -9.778e-03 2.780e-02 -2.779e-03 1.211e+01
1920 6.730e-03 2.145e-02 5.076e-03 2.201e+01
1921 9.318e-03 2.095e-02 4.810e-03 2.181e+01
1922 -3.785e-03 2.396e-02 -1.982e-03 3.385e+01
1923 -1.227e-02 1.798e-02 -4.286e-03 2.294e+01
1924 3.190e-03 3.808e-03 -3.633e-03 0.000e+00
1925 -3.582e-03 1.959e-02 6.334e-03 2.761e+01
1926 1.265e-02 1.687e-02 -1.264e-03 2.337e+01
1927 -1.024e-02 2.027e-02 1.023e-02 4.281e+01
1928 4.059e-03 4.038e-02 -5.604e-03 3.320e+01
1929 8.738e-03 6.515e-03 -2.013e-04 0.000e+00
1930 5.431e-03 -6.460e-03 9.936e-03 0.000e+00
1931 1.222e-02 2.179e-02 -6.471e-03 -5.153e+00
1932 7.584e-03 -3.809e-03 -4.006e-03 0.000e+00
1933 -5.822e-03 6.200e-03 -2.772e-03 0.000e+00
1934 -1.227e-02 1.136e-02 8.203e-03 0.000e+00
1935 8.799e-03 2.709e-02 -4.647e-03 2.810e+01
1936 -2.925e-03 9.082e-03 -1.619e-02 0.000e+00
1937 1.477e-02 2.204e-02 -5.986e-03 1.406e+01
1938 -1.352e-03 9.092e-03 7.167e-03 0.000e+00
1939 -8.102e-03 1.696e-02 -6.527e-04 3.235e+01
1940 -6.618e-03 4.921e-03 -3.385e-03 0.000e+00
1941 5.985e-03 1.478e-02 -8.197e-03 2.194e+01
1942 -5.670e-03 2.037e-02 1.947e-02 6.419e+01
1943 -1.502e-02 2.321e-02 2.304e-03 1.328e+01
1944 -1.476e-03 1.267e-02 -8.533e-03 0.000e+00
1945 -8.617e-05 1.492e-02 -9.963e-03 -7.525e+00
1946 -5.037e-03 -1.438e-05 -1.003e-02 0.000e+00
1947 -2.109e-02 -4.540e-03 -4.621e-03 0.000e+00
1948 -8.704e-03 5.167e-04 1.085e-02 0.000e+00
1949 2.654e-03 1.072e-02 -1.335e-02 0.000e+00
1950 -5.564e-03 4.961e-03 -1.268e-04 0.000e+00
1951 -2.556e-03 -6.525e-03 -1.356e-03 0.000e+00
1952 4.412e-03 1.297e-02 -1.539e-03 0.000e+00
1953 -1.391e-02 2.645e-02 -6.509e-03 3.576e+01
1954 5.473e-04 1.727e-02 1.098e-02 -5.042e+00
1955 1.251e-02 1.454e-02 -5.262e-03 -6.434e+00
1956 -5.407e-03 1.200e-02 5.141e-03 0.000e+00
1957 9.005e-03 1.237e-02 -9.253e-03 0.000e+00
1958 -1.512e-02 1.628e-02 8.728e-03 2.617e+01
1959 -1.331e-02 9.074e-03 1.918e-02 0.000e+00
1960 -7.674e-03 1.386e-02 8.869e-04 0.000e+00
1961 -1.820e-02 1.533e-02 -2.404e-03 1.396e+01
1962 -1.454e-02 1.798e-02 8.278e-03 3.116e+01
1963 7.792e-03 -4.622e-03 -1.048e-02 0.000e+00
1964 -3.869e-03 1.145e-02 -1.221e-02 0.000e+00
1965 5.627e-03 1.342e-02 -8.241e-03 0.000e+00
1966 -1.076e-02 -4.460e-03 4.583e-03 0.000e+00
1967 -3.531e-03 2.332e-02 -7.994e-03 4.108e+01
1968 1.191e-03 9.136e-03 -3.040e-03 0.000e+00
1969 -4.055e-03 9.022e-03 -1.092e-02 0.000e+00
1970 -2.179e-03 6.617e-03 8.326e-04 0.000e+00
1971 -5.592e-03 1.664e-02 1.674e-02 3.227e+01
1972 4.088e-03 1.353e-02 7.751e-03 0.000e+00
1973 -1.049e-02 -2.006e-04 -9.543e-03 0.000e+00
1974 -2.439e-03 2.898e-02 7.193e-03 2.973e+01
1975 -1.690e-02 -4.401e-03 4.542e-03 0.000e+00
1976 -1.063e-02 6.799e-03 -2.707e-03 0.000e+00
1977 -1.222e-02 1.652e-02 1.802e-02 3.861e+01
1978 -3.311e-03 -4.727e-03 6.016e-03 0.000e+00
1979 -6.607e-03 1.029e-02 2.995e-03 0.000e+00
1980 -9.605e-03 -5.707e-03 5.702e-03 0.000e+00
1981 2.101e-02 1.959e-02 3.573e-03 2.613e+01
1982 -1.262e-02 4.608e-05 -6.219e-03 0.000e+00
1983 -9.603e-03 1.398e-02 -1.482e-02 0.000e+00
1984 -5.200e-03 -5.116e-03 1.480e-02 0.000e+00
1985 6.267e-03 -2.621e-03 4.007e-03 0.000e+00
1986 -7.283e-03 -5.847e-03 -4.183e-04 0.000e+00
1987 -1.463e-02 -3.775e-03 -6.060e-03 0.000e+00
1988 2.194e-03 1.550e-02 5.419e-03 3.607e+01
1989 -1.315e-02 1.398e-02 -3.829e-03 0.000e+00
1990 -1.358e-02 1.985e-02 -1.588e-03 4.068e+01
1991 -7.171e-03 7.430e-03 1.049e-02 0.000e+00
1992 -5.878e-03 1.399e-02 2.037e-03 0.000e+00
1993 3.828e-03 1.413e-02 7.480e-03 0.000e+00
1994 -7.177e-03 7.356e-03 8.864e-03 0.000e+00
1995 -1.404e-03 7.924e-03 -6.872e-03 0.000e+00
1996 1.831e-03 9.134e-03 3.336e-03 0.000e+00
1997 4.942e-03 2.701e-02 1.755e-03 4.947e+01
1998 -1.988e-02 1.490e-02 6.605e-03 4.789e+01
1999 9.314e-03 1.937e-02 6.882e-03 3.030e+01
2000 -1.535e-03 -4.362e-03 -1.796e-03 0.000e+00
2001 -1.206e-02 -2.566e-03 -2.617e-03 0.000e+00
2002 -8.479e-03 1.750e-02 -8.019e-03 6.169e+01
2003 -3.034e-03 2.186e-02 7.774e-03 -1.370e+01
2004 -3.553e-03 -4.803e-03 1.736e-03 0.000e+00
2005 5.204e-03 3.095e-02 6.838e-04 3.353e+00
2006 2.843e-03 -6.697e-03 -1.268e-02 0.000e+00
2007 -1.077e-02 -6.120e-03 6.135e-04 0.000e+00
2008 1.045e-02 1.163e-02 -4.994e-03 0.000e+00
2009 -3.640e-03 9.961e-03 -3.127e-03 0.000e+00
2010 4.923e-03 1.160e-02 5.608e-03 0.000e+00
2011 -2.036e-03 6.791e-03 -8.265e-03 0.000e+00
2012 -9.405e-03 1.003e-02 -3.350e-03 0.000e+00
2013 -4.340e-03 9.647e-03 3.579e-03 0.000e+00
2014 8.580e-03 1.682e-02 3.798e-03 6.696e+01
2015 -4.886e-03 1.579e-02 1.360e-02 -3.527e+01
2016 -2.309e-02 1.694e-02 3.513e-03 4.270e+01
2017 4.182e-03 1.185e-02 4.296e-03 0.000e+00
2018 -5.155e-03 1.887e-02 -2.699e-03 1.380e+01
2019 5.820e-04 2.564e-02 1.621e-03 7.040e+01
2020 9.436e-03 2.128e-02 1.209e-02 2.657e+01
2021 -1.405e-02 7.616e-03 5.139e-03 0.000e+00
2022 7.640e-04 1.644e-02 7.872e-03 4.884e+01
2023 -1.389e-02 -5.116e-03 2.087e-02 0.000e+00
2024 1.115e-02 -5.090e-03 1.033e-03 0.000e+00
2025 -7.287e-03 -5.729e-03 -4.588e-03 0.000e+00
2026 -4.360e-03 -3.098e-03 -5.694e-03 0.000e+00
2027 -1.109e-02 1.451e-02 8.884e-03 1.156e+02
2028 3.189e-03 -6.551e-03 6.109e-03 0.000e+00
2029 7.008e-03 -6.706e-03 -8.528e-03 0.000e+00
2030 -6.718e-04 -6.164e-03 -5.360e-03 0.000e+00
2031 -6.861e-03 -4.217e-03 9.800e-03 0.000e+00
2032 1.186e-03 1.024e-02 1.091e-02 0.000e+00
2033 -6.872e-03 1.240e-02 5.148e-03 0.000e+00
2034 -2.307e-03 9.353e-03 -2.057e-03 0.000e+00
2035 -2.707e-03 -6.833e-03 -5.087e-03 0.000e+00
2036 1.330e-03 1.009e-02 1.217e-02 0.000e+00
2037 -2.212e-03 1.230e-02 -2.514e-02 0.000e+00
2038 -9.000e-03 -1.665e-03 -2.095e-03 0.000e+00
2039 6.175e-03 -2.868e-03 -4.022e-03 0.000e+00
2040 -7.145e-03 1.382e-02 8.362e-04 0.000e+00
2041 -1.814e-03 8.644e-03 -1.161e-02 0.000e+00
2042 -6.492e-03 1.971e-02 5.569e-03 -2.079e+01
2043 9.865e-03 6.250e-03 1.214e-03 0.000e+00
2044 5.167e-03 1.265e-02 -1.740e-02 0.000e+00
2045 -1.401e-03 1.218e-02 8.221e-03 0.000e+00
2046 7.309e-03 -4.473e-03 -8.511e-03 0.000e+00
2047 6.885e-03 4.483e-03 3.905e-03 0.000e+00
