Bin I L V PA
0 3.400e-04 -8.592e-04 6.032e-04 0.000e+00
1 -1.202e-04 -4.544e-05 -1.694e-04 0.000e+00
2 9.934e-04 -9.168e-04 -4.046e-04 0.000e+00
3 5.002e-04 5.029e-04 6.958e-05 0.000e+00
4 -1.796e-04 8.401e-04 3.566e-04 0.000e+00
5 5.992e-04 -8.359e-04 8.603e-04 0.000e+00
6 7.876e-04 -5.912e-04 5.406e-04 0.000e+00
7 -6.776e-04 -7.167e-04 4.567e-04 0.000e+00
8 5.569e-05 3.310e-04 3.914e-04 0.000e+00
9 -4.905e-04 -6.996e-05 -4.734e-04 0.000e+00
10 -3.538e-04 -2.455e-05 -1.333e-05 0.000e+00
11 -1.016e-03 7.584e-04 7.680e-04 0.000e+00
12 -4.998e-04 -6.513e-04 -2.674e-04 0.000e+00
13 1.719e-04 5.439e-05 -2.655e-04 0.000e+00
14 -6.063e-04 -7.469e-04 -5.352e-04 0.000e+00
15 2.042e-04 -8.609e-04 -2.353e-04 0.000e+00
16 -7.942e-04 -5.211e-04 -4.224e-04 0.000e+00
17 -1.287e-03 9.016e-04 8.140e-05 0.000e+00
18 -1.054e-03 -8.263e-04 -4.228e-04 0.000e+00
19 -4.466e-04 -7.862e-04 -6.447e-04 0.000e+00
20 -5.855e-04 4.728e-04 2.464e-04 0.000e+00
21 -1.604e-04 -6.950e-04 -9.477e-04 0.000e+00
22 5.502e-04 -5.084e-04 1.104e-04 0.000e+00
23 8.892e-04 2.909e-04 2.633e-05 0.000e+00
24 -1.100e-03 -8.943e-04 4.498e-04 0.000e+00
25 -5.421e-04 2.570e-04 1.341e-03 0.000e+00
26 -1.273e-04 1.181e-05 -3.719e-04 0.000e+00
27 -1.396e-03 -7.987e-04 1.083e-03 0.000e+00
28 4.205e-04 -7.073e-04 -5.831e-05 0.000e+00
29 -7.819e-04 9.491e-04 5.531e-04 0.000e+00
30 -2.523e-04 -7.353e-04 3.051e-05 0.000e+00
31 1.300e-03 8.090e-04 -3.334e-04 0.000e+00
32 7.037e-04 5.004e-04 -1.137e-03 0.000e+00
33 2.288e-04 1.361e-04 -6.946e-05 0.000e+00
34 -2.512e-04 -8.844e-04 4.080e-04 0.000e+00
35 7.207e-04 2.891e-04 -9.224e-04 0.000e+00
36 -4.033e-04 3.208e-05 6.137e-04 0.000e+00
37 -6.479e-04 -8.952e-04 1.089e-03 0.000e+00
38 -4.335e-05 -7.769e-04 1.419e-03 0.000e+00
39 -7.209e-04 2.391e-04 1.064e-03 0.000e+00
40 -3.713e-04 -9.104e-04 6.220e-04 0.000e+00
41 -2.209e-03 -8.505e-04 -5.355e-04 0.000e+00
42 5.787e-04 -6.863e-04 -3.058e-04 0.000e+00
43 -1.043e-03 -8.165e-04 1.365e-03 0.000e+00
44 6.346e-04 -8.338e-05 -1.064e-03 0.000e+00
45 -8.583e-04 -8.131e-04 -5.675e-07 0.000e+00
46 -4.853e-04 -9.231e-04 4.595e-04 0.000e+00
47 1.108e-03 1.664e-04 -4.926e-04 0.000e+00
48 6.102e-04 2.851e-04 -5.989e-04 0.000e+00
49 -9.629e-04 -7.472e-04 1.343e-04 0.000e+00
50 5.684e-05 1.111e-03 -1.832e-04 1.747e+01
51 -1.237e-03 1.696e-04 -9.022e-05 0.000e+00
52 -3.637e-04 4.961e-04 -3.836e-04 0.000e+00
53 4.498e-04 -9.172e-04 -1.140e-03 0.000e+00
54 5.973e-04 -6.505e-04 -6.685e-04 0.000e+00
55 4.233e-04 -4.840e-04 -6.861e-04 0.000e+00
56 1.155e-03 -7.750e-04 -2.338e-04 0.000e+00
57 -1.215e-04 -6.015e-04 -3.881e-04 0.000e+00
58 5.949e-05 2.126e-04 -4.452e-04 0.000e+00
59 -1.152e-03 -5.789e-04 1.136e-03 0.000e+00
60 -1.031e-03 2.464e-04 6.481e-05 0.000e+00
61 -5.828e-04 -8.941e-04 -1.297e-03 0.000e+00
62 -1.358e-03 -4.048e-04 8.283e-05 0.000e+00
63 -8.651e-04 5.230e-04 3.637e-04 0.000e+00
64 -8.045e-05 7.456e-04 1.525e-04 0.000e+00
65 -1.182e-03 -6.550e-04 -6.287e-05 0.000e+00
66 -3.630e-04 7.191e-04 -1.960e-04 0.000e+00
67 1.958e-04 6.609e-04 2.044e-04 0.000e+00
68 2.665e-04 -6.347e-04 5.010e-05 0.000e+00
69 -7.020e-04 -9.026e-04 6.428e-05 0.000e+00
70 7.798e-05 -4.981e-04 -7.226e-05 0.000e+00
71 -1.341e-04 5.281e-04 7.594e-05 0.000e+00
72 -9.715e-04 9.716e-04 4.815e-04 0.000e+00
73 -2.196e-04 -8.802e-04 6.652e-04 0.000e+00
74 -8.891e-04 4.097e-05 6.168e-04 0.000e+00
75 -1.278e-03 -8.471e-04 -3.239e-05 0.000e+00
76 -2.015e-04 -7.090e-04 1.553e-03 0.000e+00
77 -1.663e-03 3.548e-04 -6.065e-04 0.000e+00
78 -5.580e-04 9.072e-04 -7.931e-04 0.000e+00
79 -1.083e-03 9.489e-04 -3.194e-04 0.000e+00
80 -1.556e-03 9.732e-04 3.853e-04 0.000e+00
81 -1.235e-03 -8.938e-04 1.201e-04 0.000e+00
82 -3.575e-04 1.380e-04 2.923e-04 0.000e+00
83 -1.046e-05 -8.814e-04 5.927e-04 0.000e+00
84 3.943e-04 3.440e-04 -9.189e-04 0.000e+00
85 -2.669e-04 7.938e-04 -3.205e-04 0.000e+00
86 8.753e-06 -6.058e-04 1.163e-04 0.000e+00
87 5.915e-05 -9.242e-04 2.985e-06 0.000e+00
88 4.066e-04 8.644e-04 -9.321e-04 0.000e+00
89 -6.326e-04 7.406e-04 -1.003e-03 0.000e+00
90 -5.994e-04 4.543e-04 -7.214e-04 0.000e+00
91 -3.234e-04 -8.400e-04 6.215e-04 0.000e+00
92 9.052e-04 9.027e-06 -8.513e-04 0.000e+00
93 1.246e-03 6.814e-04 7.133e-05 0.000e+00
94 2.505e-04 -8.394e-04 6.658e-04 0.000e+00
95 -3.512e-04 3.794e-04 1.364e-04 0.000e+00
96 -3.132e-04 6.963e-04 4.460e-04 0.000e+00
97 -1.425e-04 -9.214e-04 -8.642e-04 0.000e+00
98 8.407e-05 3.252e-04 1.436e-03 0.000e+00
99 3.014e-04 1.222e-03 1.357e-03 1.191e+02
100 -7.086e-04 7.140e-04 2.105e-04 0.000e+00
101 2.757e-04 2.866e-04 1.303e-03 0.000e+00
102 4.992e-04 -8.040e-04 5.970e-04 0.000e+00
103 -1.447e-04 6.104e-04 9.490e-04 0.000e+00
104 4.364e-04 5.330e-04 -5.869e-04 0.000e+00
105 -5.037e-04 1.488e-04 2.979e-04 0.000e+00
106 -3.439e-04 5.837e-04 1.354e-03 0.000e+00
107 4.975e-04 1.159e-06 2.460e-04 0.000e+00
108 1.406e-03 -6.356e-04 -1.729e-04 0.000e+00
109 2.075e-04 9.998e-04 -1.177e-03 0.000e+00
110 -2.413e-04 2.003e-04 2.169e-04 0.000e+00
111 -8.455e-04 5.138e-04 -5.128e-05 0.000e+00
112 -3.077e-04 -9.400e-06 8.402e-04 0.000e+00
113 -2.422e-04 3.248e-04 6.675e-04 0.000e+00
114 -2.717e-04 -7.849e-04 3.280e-05 0.000e+00
115 -5.092e-04 -7.719e-04 -2.520e-04 0.000e+00
116 1.130e-03 3.411e-05 -1.038e-03 0.000e+00
117 -7.840e-04 -5.101e-04 1.811e-04 0.000e+00
118 -6.620e-04 -7.601e-04 1.743e-05 0.000e+00
119 6.733e-05 -7.406e-04 3.156e-04 0.000e+00
120 -1.020e-03 3.965e-04 1.698e-03 0.000e+00
121 4.851e-04 1.347e-04 3.532e-04 0.000e+00
122 1.006e-03 -4.516e-04 -7.371e-04 0.000e+00
123 -3.514e-04 7.638e-04 -3.004e-04 0.000e+00
124 -8.596e-04 -8.691e-04 -7.086e-05 0.000e+00
125 6.553e-05 -8.516e-04 1.903e-04 0.000e+00
126 1.551e-06 7.795e-04 -3.645e-04 0.000e+00
127 1.565e-03 9.824e-06 -9.226e-04 0.000e+00
128 -1.072e-04 -1.736e-05 -9.407e-04 0.000e+00
129 -1.048e-03 -5.649e-04 -8.273e-05 0.000e+00
130 -2.069e-04 7.599e-04 3.470e-05 0.000e+00
131 -1.158e-03 8.995e-04 1.082e-03 0.000e+00
132 -9.871e-04 4.777e-04 5.264e-04 0.000e+00
133 8.525e-04 -8.468e-04 6.569e-04 0.000e+00
134 5.502e-04 6.853e-04 -9.228e-04 0.000e+00
135 9.411e-04 3.487e-04 -1.095e-03 0.000e+00
136 -7.802e-05 6.271e-04 -8.806e-05 0.000e+00
137 -6.845e-04 -6.677e-04 2.957e-04 0.000e+00
138 -5.560e-04 -6.850e-04 -1.989e-05 0.000e+00
139 7.085e-04 1.471e-03 -1.002e-03 -2.083e+01
140 -1.004e-03 1.143e-03 -8.604e-04 5.986e+01
141 4.437e-04 1.890e-04 -9.008e-04 0.000e+00
142 7.849e-04 9.060e-05 -6.899e-04 0.000e+00
143 2.466e-04 -8.764e-04 -4.506e-04 0.000e+00
144 -1.127e-03 -9.185e-04 -5.228e-05 0.000e+00
145 -6.680e-04 1.031e-03 2.382e-04 0.000e+00
146 -3.255e-04 1.232e-03 2.251e-04 -3.537e+01
147 -2.405e-04 -8.447e-04 -4.858e-04 0.000e+00
148 -6.747e-04 1.244e-03 6.857e-04 9.607e+01
149 -3.588e-04 -8.683e-04 -8.128e-04 0.000e+00
150 -6.544e-04 3.467e-04 3.330e-04 0.000e+00
151 -2.854e-05 9.353e-04 -5.310e-04 0.000e+00
152 1.102e-03 4.899e-04 -6.542e-04 0.000e+00
153 -6.281e-04 -8.289e-04 5.292e-04 0.000e+00
154 -1.187e-03 6.941e-04 2.584e-04 0.000e+00
155 4.303e-04 6.346e-04 -4.468e-04 0.000e+00
156 -1.515e-04 -5.415e-04 6.378e-04 0.000e+00
157 3.912e-04 -6.606e-04 2.731e-04 0.000e+00
158 -3.866e-04 -7.445e-04 4.540e-04 0.000e+00
159 1.262e-05 -4.883e-04 -1.498e-03 0.000e+00
160 2.904e-04 6.740e-04 3.281e-05 0.000e+00
161 -8.431e-05 4.154e-04 3.278e-04 0.000e+00
162 8.004e-05 5.845e-04 8.829e-04 0.000e+00
163 -1.695e-05 2.934e-04 1.562e-04 0.000e+00
164 -5.959e-05 5.770e-04 5.458e-05 0.000e+00
165 9.135e-04 4.384e-04 -2.122e-04 0.000e+00
166 7.012e-04 5.900e-04 -6.551e-04 0.000e+00
167 -1.167e-03 -8.653e-04 9.522e-04 0.000e+00
168 -3.476e-04 -7.917e-04 5.600e-04 0.000e+00
169 6.961e-04 -6.662e-04 -5.054e-04 0.000e+00
170 -1.414e-03 4.582e-04 6.730e-05 0.000e+00
171 9.922e-05 1.126e-03 -8.329e-05 1.276e+02
172 -4.995e-04 -7.221e-04 1.357e-04 0.000e+00
173 -2.975e-04 7.237e-04 6.210e-04 0.000e+00
174 7.050e-04 1.289e-03 5.134e-04 2.772e+01
175 -9.513e-04 4.170e-04 4.249e-04 0.000e+00
176 1.787e-03 1.717e-04 -7.242e-04 0.000e+00
177 6.796e-06 -9.062e-04 7.370e-04 0.000e+00
178 8.234e-05 -8.928e-04 -1.213e-05 0.000e+00
179 1.853e-04 -6.367e-04 7.206e-04 0.000e+00
180 -1.214e-03 1.239e-04 -8.186e-04 0.000e+00
181 1.664e-03 6.187e-04 -8.290e-04 0.000e+00
182 5.629e-04 -7.498e-04 -2.714e-04 0.000e+00
183 1.483e-03 -8.029e-04 -1.207e-03 0.000e+00
184 8.632e-04 1.051e-04 -4.257e-04 0.000e+00
185 1.811e-04 -8.514e-04 4.893e-04 0.000e+00
186 1.204e-04 -9.189e-04 5.171e-04 0.000e+00
187 5.348e-04 -6.653e-04 -5.763e-04 0.000e+00
188 -4.138e-04 4.977e-04 6.546e-04 0.000e+00
189 -4.603e-04 1.075e-03 -2.879e-04 1.186e+02
190 5.306e-05 3.879e-04 -6.602e-04 0.000e+00
191 -3.661e-04 -7.925e-04 4.879e-04 0.000e+00
192 -1.472e-05 3.462e-04 -9.381e-04 0.000e+00
193 -1.289e-04 -8.498e-04 1.972e-04 0.000e+00
194 -6.957e-04 9.063e-04 -2.619e-04 0.000e+00
195 2.171e-04 4.439e-04 6.329e-04 0.000e+00
196 -4.769e-04 1.528e-03 -6.793e-04 5.583e+01
197 2.443e-04 -7.226e-04 -9.454e-04 0.000e+00
198 2.828e-04 -4.725e-04 1.266e-05 0.000e+00
199 -6.969e-04 -2.166e-05 5.843e-04 0.000e+00
200 2.469e-04 -6.222e-04 8.858e-04 0.000e+00
201 -1.606e-04 1.275e-03 1.322e-04 9.397e+01
202 1.598e-04 6.974e-04 4.897e-04 0.000e+00
203 1.819e-04 5.784e-04 -1.606e-03 0.000e+00
204 -1.273e-04 1.673e-04 -3.378e-04 0.000e+00
205 -1.291e-05 9.367e-04 5.031e-04 0.000e+00
206 7.574e-05 -6.732e-04 -2.738e-04 0.000e+00
207 -7.014e-04 -3.418e-04 -6.883e-05 0.000e+00
208 3.689e-04 8.085e-04 2.078e-04 0.000e+00
209 3.351e-04 -5.383e-04 -8.617e-04 0.000e+00
210 -5.772e-04 -7.930e-04 4.180e-04 0.000e+00
211 8.290e-04 -4.655e-05 6.419e-04 0.000e+00
212 -6.870e-04 -7.933e-04 1.429e-03 0.000e+00
213 -2.891e-04 -4.419e-04 7.789e-04 0.000e+00
214 4.119e-04 -6.702e-04 -1.200e-03 0.000e+00
215 1.136e-05 3.617e-04 1.080e-03 0.000e+00
216 1.629e-03 -6.337e-04 -1.280e-04 0.000e+00
217 4.561e-04 4.496e-04 7.790e-05 0.000e+00
218 2.968e-04 7.885e-06 5.344e-04 0.000e+00
219 1.057e-03 4.930e-04 -1.262e-03 0.000e+00
220 -4.609e-04 3.097e-04 -6.737e-04 0.000e+00
221 -2.910e-04 8.099e-04 5.435e-06 0.000e+00
222 5.944e-04 4.346e-04 6.748e-04 0.000e+00
223 -8.294e-05 3.174e-04 -3.108e-05 0.000e+00
224 6.844e-04 -8.461e-04 -3.160e-04 0.000e+00
225 4.103e-04 6.154e-04 -1.256e-03 0.000e+00
226 -7.966e-04 -6.431e-04 3.197e-04 0.000e+00
227 -2.869e-04 1.022e-03 2.157e-05 0.000e+00
228 2.878e-04 2.384e-04 -3.568e-04 0.000e+00
229 -6.571e-04 3.687e-04 7.574e-04 0.000e+00
230 1.490e-04 -8.048e-04 -6.879e-04 0.000e+00
231 7.047e-05 1.480e-04 -7.699e-04 0.000e+00
232 9.359e-04 -8.350e-04 2.824e-04 0.000e+00
233 2.618e-04 -8.571e-04 1.811e-04 0.000e+00
234 -7.169e-04 -6.537e-04 -4.770e-04 0.000e+00
235 8.691e-05 7.978e-06 -2.674e-04 0.000e+00
236 -5.353e-04 -7.933e-04 3.868e-04 0.000e+00
237 7.485e-04 -8.653e-04 -3.049e-04 0.000e+00
238 -1.560e-04 -3.841e-04 9.514e-04 0.000e+00
239 -8.738e-05 9.642e-04 -3.637e-06 0.000e+00
240 1.233e-03 -8.610e-04 2.062e-04 0.000e+00
241 1.058e-03 -8.547e-04 -2.589e-04 0.000e+00
242 4.462e-04 1.009e-03 4.884e-04 0.000e+00
243 4.565e-04 2.623e-04 -7.322e-04 0.000e+00
244 1.026e-04 -7.897e-04 1.409e-03 0.000e+00
245 -6.125e-05 -8.672e-04 -6.575e-04 0.000e+00
246 7.467e-04 -6.871e-04 8.782e-04 0.000e+00
247 2.820e-05 -5.966e-04 4.621e-04 0.000e+00
248 6.545e-04 2.337e-04 -1.999e-04 0.000e+00
249 7.545e-05 1.642e-04 2.446e-04 0.000e+00
250 1.104e-03 -6.124e-04 2.199e-04 0.000e+00
251 -1.392e-03 -8.665e-04 -7.794e-05 0.000e+00
252 -9.364e-04 7.570e-04 -3.888e-04 0.000e+00
253 1.235e-04 -7.240e-04 1.343e-05 0.000e+00
254 6.220e-05 1.112e-03 3.193e-05 -1.599e+01
255 5.063e-04 4.844e-05 -4.984e-04 0.000e+00
256 -5.645e-04 5.088e-04 3.157e-04 0.000e+00
257 -1.725e-04 3.385e-04 2.703e-05 0.000e+00
258 -3.513e-04 4.163e-04 -1.604e-04 0.000e+00
259 -9.245e-04 -7.054e-04 -1.344e-03 0.000e+00
260 -9.918e-04 1.678e-04 -1.149e-04 0.000e+00
261 9.861e-04 7.376e-04 -1.195e-03 0.000e+00
262 -6.089e-04 2.885e-04 6.398e-04 0.000e+00
263 4.402e-04 -2.915e-05 1.074e-04 0.000e+00
264 6.319e-05 -9.032e-04 2.571e-04 0.000e+00
265 -3.554e-04 -8.825e-04 3.200e-04 0.000e+00
266 4.121e-05 4.256e-04 -2.436e-04 0.000e+00
267 1.344e-03 9.304e-05 -1.043e-03 0.000e+00
268 -7.176e-04 -9.110e-04 7.786e-04 0.000e+00
269 -8.583e-04 8.764e-04 -2.442e-04 0.000e+00
270 -4.880e-04 -6.587e-04 -3.473e-04 0.000e+00
271 -7.433e-04 2.315e-04 6.967e-04 0.000e+00
272 7.817e-04 6.301e-04 -4.709e-05 0.000e+00
273 7.586e-04 -8.941e-04 -1.243e-03 0.000e+00
274 -3.674e-04 3.796e-04 5.063e-04 0.000e+00
275 6.934e-04 1.139e-03 -1.057e-03 -1.936e+01
276 -6.592e-04 8.501e-04 1.860e-05 0.000e+00
277 3.424e-05 -8.684e-04 1.249e-04 0.000e+00
278 2.692e-04 -7.998e-04 5.044e-04 0.000e+00
279 5.251e-04 -3.542e-04 -4.726e-04 0.000e+00
280 4.111e-04 6.889e-04 7.527e-04 0.000e+00
281 1.574e-04 -6.047e-04 6.696e-05 0.000e+00
282 -1.155e-03 1.803e-03 7.653e-05 7.310e+01
283 5.502e-04 -5.193e-04 9.310e-04 0.000e+00
284 7.110e-04 -9.063e-04 8.109e-04 0.000e+00
285 -1.119e-03 -8.693e-04 4.742e-04 0.000e+00
286 -1.308e-03 2.227e-04 1.165e-03 0.000e+00
287 -2.677e-05 -5.396e-04 -4.162e-04 0.000e+00
288 -8.104e-04 -9.214e-04 4.716e-04 0.000e+00
289 -4.937e-04 -8.625e-04 7.104e-04 0.000e+00
290 4.520e-04 -7.647e-05 -5.972e-04 0.000e+00
291 6.130e-04 2.502e-04 -1.392e-04 0.000e+00
292 3.385e-04 -8.711e-04 -6.084e-04 0.000e+00
293 -7.759e-04 3.561e-04 -4.134e-04 0.000e+00
294 -9.500e-04 1.605e-04 1.404e-03 0.000e+00
295 5.099e-04 -8.859e-04 -2.117e-06 0.000e+00
296 -1.334e-03 5.456e-05 1.632e-03 0.000e+00
297 2.109e-04 1.095e-03 -8.309e-04 3.287e+01
298 -6.617e-04 -7.821e-04 -4.471e-04 0.000e+00
299 -7.766e-04 -8.110e-04 1.524e-03 0.000e+00
300 -7.422e-04 -9.205e-04 -9.545e-05 0.000e+00
301 -1.561e-04 7.551e-05 4.304e-04 0.000e+00
302 1.069e-03 -9.120e-04 -1.250e-04 0.000e+00
303 6.873e-04 -9.073e-04 3.910e-04 0.000e+00
304 -1.086e-03 -5.547e-04 4.986e-04 0.000e+00
305 -3.087e-04 2.164e-04 -1.032e-04 0.000e+00
306 5.925e-04 -5.803e-04 -3.631e-04 0.000e+00
307 8.664e-04 1.034e-03 -9.136e-05 0.000e+00
308 -1.096e-03 -6.538e-04 -4.236e-04 0.000e+00
309 7.350e-05 -7.113e-05 -5.958e-04 0.000e+00
310 5.805e-04 4.763e-04 3.103e-04 0.000e+00
311 -4.315e-04 -9.066e-04 -1.111e-03 0.000e+00
312 -6.568e-04 -9.274e-04 -1.454e-03 0.000e+00
313 -1.463e-04 7.541e-05 -1.751e-05 0.000e+00
314 1.377e-04 -3.523e-04 -1.685e-03 0.000e+00
315 -6.316e-04 3.158e-04 9.379e-04 0.000e+00
316 1.398e-04 1.794e-04 -1.279e-03 0.000e+00
317 3.891e-04 1.171e-03 -1.239e-04 -9.629e+00
318 2.859e-04 1.197e-04 -1.375e-04 0.000e+00
319 1.714e-04 -6.369e-05 -4.572e-04 0.000e+00
320 4.378e-04 1.029e-03 -5.032e-04 0.000e+00
321 1.265e-04 4.593e-04 5.917e-04 0.000e+00
322 -3.009e-05 2.081e-04 -1.054e-04 0.000e+00
323 -9.177e-04 -3.899e-04 8.788e-04 0.000e+00
324 7.521e-04 8.033e-04 -8.577e-04 0.000e+00
325 -5.228e-04 -8.941e-04 1.528e-03 0.000e+00
326 1.043e-03 -8.326e-04 4.125e-04 0.000e+00
327 8.543e-04 4.590e-05 -8.785e-04 0.000e+00
328 -1.061e-03 5.227e-04 3.462e-04 0.000e+00
329 3.979e-04 6.146e-04 -7.055e-04 0.000e+00
330 -1.636e-04 -9.127e-04 3.852e-04 0.000e+00
331 9.902e-04 -7.319e-04 3.313e-04 0.000e+00
332 7.414e-04 -3.089e-04 -1.823e-03 0.000e+00
333 2.050e-04 -8.646e-04 -6.225e-04 0.000e+00
334 1.291e-03 -7.012e-04 -4.638e-04 0.000e+00
335 -1.413e-04 -8.590e-04 -5.280e-04 0.000e+00
336 1.235e-03 -7.381e-04 -1.806e-04 0.000e+00
337 -8.898e-04 5.913e-04 2.217e-04 0.000e+00
338 -2.806e-04 -4.110e-05 4.411e-04 0.000e+00
339 7.253e-04 4.680e-04 -9.655e-04 0.000e+00
340 1.025e-04 7.123e-04 -4.348e-04 0.000e+00
341 -3.609e-04 -7.942e-04 4.671e-04 0.000e+00
342 6.631e-04 1.008e-04 1.035e-04 0.000e+00
343 1.294e-03 -8.316e-04 9.924e-05 0.000e+00
344 1.540e-04 4.499e-04 -5.936e-04 0.000e+00
345 -5.111e-04 -8.367e-04 6.452e-04 0.000e+00
346 9.108e-04 2.352e-04 -3.094e-04 0.000e+00
347 1.433e-03 7.740e-04 -3.046e-05 0.000e+00
348 -8.696e-04 9.489e-04 -2.087e-04 0.000e+00
349 -9.205e-04 5.347e-04 1.098e-03 0.000e+00
350 -9.965e-04 -9.201e-04 3.687e-04 0.000e+00
351 3.714e-04 3.511e-04 -5.253e-04 0.000e+00
352 2.918e-05 -8.666e-04 -3.586e-04 0.000e+00
353 1.565e-04 -7.124e-04 -5.934e-04 0.000e+00
354 2.359e-04 5.496e-04 -3.530e-04 0.000e+00
355 -1.055e-04 -7.369e-04 2.441e-04 0.000e+00
356 1.138e-03 5.434e-04 -1.327e-03 0.000e+00
357 1.199e-04 -6.764e-04 -9.100e-04 0.000e+00
358 -3.138e-04 -5.972e-04 -7.221e-04 0.000e+00
359 -6.662e-04 -7.977e-04 6.159e-04 0.000e+00
360 3.049e-04 -5.744e-04 1.480e-03 0.000e+00
361 8.966e-05 4.742e-04 7.729e-04 0.000e+00
362 -8.480e-05 1.110e-03 5.629e-04 6.777e+01
363 -1.761e-04 3.975e-04 7.809e-04 0.000e+00
364 -9.432e-04 1.263e-03 7.646e-04 9.218e+01
365 1.247e-03 1.115e-04 1.350e-04 0.000e+00
366 -9.805e-05 -6.446e-04 -2.429e-04 0.000e+00
367 3.538e-04 -4.629e-04 3.391e-04 0.000e+00
368 -5.325e-04 -5.443e-04 7.533e-04 0.000e+00
369 4.255e-04 1.162e-04 5.054e-06 0.000e+00
370 -6.000e-04 -1.154e-04 7.336e-04 0.000e+00
371 -3.089e-04 -5.937e-04 4.412e-04 0.000e+00
372 -2.454e-04 -5.186e-04 -5.557e-04 0.000e+00
373 9.185e-04 4.321e-04 2.001e-04 0.000e+00
374 1.168e-03 1.506e-03 -5.041e-04 6.655e+01
375 -7.567e-04 -9.217e-04 -1.241e-04 0.000e+00
376 -1.006e-03 -6.059e-04 -5.580e-05 0.000e+00
377 -3.422e-04 -6.444e-04 7.108e-04 0.000e+00
378 -1.725e-04 3.246e-05 -1.354e-04 0.000e+00
379 -3.400e-04 -6.870e-04 -6.450e-05 0.000e+00
380 1.065e-03 -3.799e-05 -7.603e-04 0.000e+00
381 6.268e-06 -8.163e-04 -4.362e-04 0.000e+00
382 -6.332e-04 -6.712e-04 5.706e-04 0.000e+00
383 -2.639e-04 1.620e-05 -1.100e-04 0.000e+00
384 3.578e-04 5.866e-05 -4.794e-05 0.000e+00
385 1.506e-04 -5.837e-04 7.265e-04 0.000e+00
386 1.559e-03 -9.252e-04 -1.370e-03 0.000e+00
387 -6.251e-04 1.075e-03 -4.899e-04 9.122e+01
388 -2.212e-04 9.536e-04 -1.879e-04 0.000e+00
389 -2.073e-04 6.886e-05 -1.222e-03 0.000e+00
390 2.518e-05 -5.406e-04 5.599e-05 0.000e+00
391 -7.926e-04 -8.719e-04 7.675e-05 0.000e+00
392 -6.646e-04 1.123e-03 4.466e-04 4.866e+01
393 4.354e-04 9.246e-04 -1.363e-04 0.000e+00
394 5.579e-04 -7.554e-04 1.578e-04 0.000e+00
395 -8.983e-05 -6.478e-04 4.911e-04 0.000e+00
396 -1.494e-03 9.220e-04 6.553e-04 0.000e+00
397 -2.008e-04 6.473e-04 -1.247e-04 0.000e+00
398 4.470e-04 1.052e-03 8.697e-05 0.000e+00
399 -1.216e-03 -7.975e-04 4.001e-06 0.000e+00
400 -3.476e-04 -9.128e-04 2.603e-04 0.000e+00
401 -4.711e-05 3.155e-04 -3.264e-04 0.000e+00
402 3.913e-04 6.293e-05 -7.332e-04 0.000e+00
403 -1.594e-04 2.217e-04 -2.557e-04 0.000e+00
404 -2.651e-04 3.416e-04 -4.697e-04 0.000e+00
405 5.051e-04 7.884e-04 -7.876e-05 0.000e+00
406 5.400e-04 1.652e-04 2.132e-04 0.000e+00
407 1.662e-04 3.172e-04 -4.587e-04 0.000e+00
408 -1.092e-04 -8.602e-04 -4.608e-04 0.000e+00
409 8.083e-04 2.508e-04 -6.692e-04 0.000e+00
410 2.594e-05 4.931e-04 2.422e-04 0.000e+00
411 2.841e-04 -6.871e-04 -4.683e-04 0.000e+00
412 -9.906e-04 2.173e-04 9.515e-05 0.000e+00
413 8.192e-04 3.640e-04 -3.450e-04 0.000e+00
414 -6.534e-04 -5.046e-05 -1.503e-04 0.000e+00
415 7.113e-04 -8.016e-04 5.871e-04 0.000e+00
416 -3.732e-04 -8.626e-04 7.063e-04 0.000e+00
417 -7.681e-05 -5.620e-04 7.623e-04 0.000e+00
418 6.112e-04 6.804e-04 1.511e-04 0.000e+00
419 -6.883e-04 -9.060e-04 -8.125e-04 0.000e+00
420 -2.419e-04 -4.921e-04 2.920e-04 0.000e+00
421 6.581e-04 3.878e-04 4.729e-04 0.000e+00
422 1.572e-04 -5.296e-04 -1.127e-04 0.000e+00
423 -5.411e-05 -5.795e-04 3.270e-04 0.000e+00
424 5.872e-04 -5.378e-04 -4.071e-04 0.000e+00
425 2.898e-04 5.409e-04 -3.534e-04 0.000e+00
426 -7.860e-05 8.172e-04 2.208e-04 0.000e+00
427 -5.158e-04 3.188e-04 2.070e-04 0.000e+00
428 8.014e-04 6.350e-04 -7.910e-04 0.000e+00
429 -5.652e-04 2.402e-05 9.344e-04 0.000e+00
430 -1.986e-04 -7.993e-04 2.241e-04 0.000e+00
431 5.537e-04 -7.515e-04 9.711e-04 0.000e+00
432 -1.063e-03 1.210e-03 6.449e-04 2.918e+01
433 3.154e-04 -5.765e-04 5.566e-05 0.000e+00
434 3.797e-04 7.016e-04 1.294e-04 0.000e+00
435 1.618e-05 -4.895e-04 3.999e-04 0.000e+00
436 3.233e-04 -4.108e-04 -1.143e-03 0.000e+00
437 1.011e-04 7.475e-04 -5.997e-04 0.000e+00
438 -1.830e-04 -9.287e-04 2.338e-04 0.000e+00
439 -1.167e-04 6.269e-04 5.037e-04 0.000e+00
440 4.081e-04 1.138e-03 9.192e-04 -4.856e+00
441 -2.421e-04 1.032e-03 -9.202e-04 0.000e+00
442 -6.177e-04 1.854e-04 3.646e-04 0.000e+00
443 -1.789e-04 -9.275e-04 8.905e-04 0.000e+00
444 -7.988e-05 -6.985e-04 7.694e-05 0.000e+00
445 1.350e-03 6.379e-04 -1.189e-04 0.000e+00
446 6.807e-04 2.583e-04 7.782e-04 0.000e+00
447 -7.219e-04 -7.339e-04 7.501e-04 0.000e+00
448 4.183e-04 7.146e-04 -8.539e-04 0.000e+00
449 -7.685e-04 3.817e-06 8.613e-04 0.000e+00
450 4.067e-04 -8.535e-04 7.366e-04 0.000e+00
451 7.664e-04 4.510e-04 -1.658e-03 0.000e+00
452 -6.456e-04 1.133e-03 -2.260e-05 -8.602e+00
453 2.139e-04 -1.304e-05 -1.225e-04 0.000e+00
454 -1.308e-05 4.310e-04 6.087e-04 0.000e+00
455 3.872e-04 -7.413e-04 -8.104e-04 0.000e+00
456 5.741e-04 9.175e-04 8.323e-05 0.000e+00
457 1.374e-03 -6.515e-04 -9.254e-04 0.000e+00
458 1.709e-04 -5.633e-04 -1.475e-04 0.000e+00
459 -1.079e-04 -8.107e-04 -2.878e-04 0.000e+00
460 -3.615e-04 7.306e-04 -1.620e-05 0.000e+00
461 -3.794e-04 4.958e-04 9.252e-05 0.000e+00
462 6.045e-04 6.391e-05 8.720e-04 0.000e+00
463 4.847e-05 3.908e-04 -8.013e-05 0.000e+00
464 5.664e-04 2.066e-04 -3.262e-04 0.000e+00
465 5.506e-05 4.498e-04 2.714e-04 0.000e+00
466 4.651e-04 -7.885e-04 -3.078e-04 0.000e+00
467 -1.775e-04 -8.562e-04 -6.493e-04 0.000e+00
468 -2.370e-04 4.494e-04 -1.808e-04 0.000e+00
469 -7.365e-04 9.660e-05 -2.259e-04 0.000e+00
470 4.943e-04 -4.166e-04 -3.549e-04 0.000e+00
471 6.308e-04 1.334e-04 -1.353e-03 0.000e+00
472 3.169e-04 1.060e-03 -2.223e-04 9.753e+01
473 6.649e-04 -1.948e-04 -2.519e-04 0.000e+00
474 6.030e-04 -6.732e-04 2.342e-05 0.000e+00
475 -8.594e-04 -8.366e-04 -1.824e-04 0.000e+00
476 2.180e-04 3.899e-04 1.212e-03 0.000e+00
477 7.999e-04 1.763e-04 -1.372e-03 0.000e+00
478 1.020e-03 -6.625e-04 -1.005e-03 0.000e+00
479 5.292e-04 -7.237e-04 3.434e-04 0.000e+00
480 -1.009e-03 8.869e-04 7.934e-04 0.000e+00
481 -1.047e-03 5.043e-04 -4.794e-04 0.000e+00
482 -2.611e-04 9.797e-04 -7.766e-04 0.000e+00
483 -2.048e-05 5.697e-04 -5.143e-04 0.000e+00
484 6.207e-04 4.279e-04 -4.137e-04 0.000e+00
485 2.399e-05 6.336e-05 -9.272e-04 0.000e+00
486 -7.908e-04 -7.250e-04 1.192e-04 0.000e+00
487 3.522e-04 1.081e-05 1.022e-04 0.000e+00
488 3.653e-04 7.870e-04 -1.271e-03 0.000e+00
489 3.028e-04 4.493e-04 -6.102e-04 0.000e+00
490 -5.418e-04 -8.306e-04 3.818e-04 0.000e+00
491 -2.186e-04 3.962e-04 5.404e-05 0.000e+00
492 -7.604e-04 1.082e-04 7.602e-04 0.000e+00
493 4.486e-04 -7.949e-04 -1.091e-04 0.000e+00
494 -2.382e-04 -3.924e-04 -3.025e-04 0.000e+00
495 9.100e-04 -9.171e-04 -1.559e-04 0.000e+00
496 -5.412e-04 -7.932e-04 -1.876e-06 0.000e+00
497 -7.134e-04 -8.133e-04 -4.898e-05 0.000e+00
498 5.935e-04 9.565e-04 5.445e-04 0.000e+00
499 -9.838e-05 3.432e-04 5.382e-04 0.000e+00
500 -1.343e-04 1.457e-03 1.041e-03 2.692e+01
501 -6.630e-04 1.852e-04 5.790e-04 0.000e+00
502 3.871e-04 3.777e-05 -7.210e-04 0.000e+00
503 1.372e-03 1.338e-03 -3.174e-04 -9.993e+00
504 1.840e-04 -5.837e-04 -1.423e-03 0.000e+00
505 1.186e-03 -6.147e-04 6.081e-04 0.000e+00
506 1.064e-04 -8.587e-04 4.022e-04 0.000e+00
507 6.641e-04 2.817e-04 -5.582e-04 0.000e+00
508 -1.827e-04 -8.951e-04 1.009e-05 0.000e+00
509 5.008e-04 -6.561e-04 -7.900e-04 0.000e+00
510 6.893e-04 3.928e-04 -8.524e-05 0.000e+00
511 -1.014e-03 -8.645e-04 -2.478e-04 0.000e+00
512 -1.118e-03 -8.767e-04 4.589e-04 0.000e+00
513 -3.964e-04 4.237e-05 -1.952e-04 0.000e+00
514 1.568e-04 3.584e-04 5.963e-05 0.000e+00
515 -9.755e-04 -4.922e-04 4.770e-04 0.000e+00
516 -2.871e-04 8.618e-04 7.336e-04 0.000e+00
517 -5.498e-05 6.493e-04 6.028e-04 0.000e+00
518 5.933e-04 3.731e-04 6.395e-04 0.000e+00
519 1.431e-04 -5.948e-04 -2.472e-04 0.000e+00
520 -3.040e-04 1.200e-03 1.305e-04 -3.673e+01
521 -3.272e-04 5.042e-05 3.864e-04 0.000e+00
522 1.589e-03 1.984e-04 -5.728e-04 0.000e+00
523 6.678e-04 2.226e-05 7.540e-05 0.000e+00
524 4.712e-05 -4.444e-04 -3.274e-04 0.000e+00
525 -5.136e-04 -8.605e-04 -4.815e-04 0.000e+00
526 -1.546e-04 9.187e-04 -1.071e-04 0.000e+00
527 2.711e-04 1.008e-03 -3.208e-04 0.000e+00
528 -1.176e-03 4.876e-04 1.685e-04 0.000e+00
529 1.916e-03 -6.410e-04 -7.175e-04 0.000e+00
530 -2.516e-04 -8.909e-04 1.125e-03 0.000e+00
531 -3.704e-04 4.430e-04 2.578e-04 0.000e+00
532 -1.638e-03 -5.559e-04 -3.331e-04 0.000e+00
533 -5.361e-04 3.161e-04 6.195e-04 0.000e+00
534 1.650e-04 -9.058e-04 -2.727e-04 0.000e+00
535 5.295e-04 -8.888e-04 -6.933e-04 0.000e+00
536 6.954e-04 -6.312e-04 -5.055e-04 0.000e+00
537 3.694e-05 3.908e-04 -2.926e-04 0.000e+00
538 -1.995e-04 7.470e-04 -2.189e-04 0.000e+00
539 5.053e-04 5.454e-04 -9.295e-05 0.000e+00
540 -9.272e-04 3.424e-04 -1.562e-03 0.000e+00
541 -4.233e-04 -4.097e-04 -3.183e-04 0.000e+00
542 -9.848e-04 -6.431e-05 -3.480e-04 0.000e+00
543 -4.261e-04 2.805e-05 -4.882e-04 0.000e+00
544 -1.321e-04 -8.323e-04 -7.876e-05 0.000e+00
545 -3.554e-04 1.105e-04 3.556e-04 0.000e+00
546 -4.780e-04 1.191e-04 1.931e-04 0.000e+00
547 4.353e-04 -4.456e-04 -7.614e-04 0.000e+00
548 2.417e-04 -6.364e-04 6.324e-05 0.000e+00
549 7.557e-04 1.083e-03 7.534e-05 3.963e+01
550 -1.386e-04 -8.016e-04 1.440e-04 0.000e+00
551 -1.420e-04 3.452e-04 -1.825e-04 0.000e+00
552 5.207e-04 1.622e-03 -1.297e-03 4.952e+01
553 1.216e-04 1.266e-04 1.710e-04 0.000e+00
554 -1.456e-03 -6.578e-04 4.859e-04 0.000e+00
555 6.983e-04 8.545e-04 5.458e-04 0.000e+00
556 1.169e-04 -8.336e-04 -1.250e-05 0.000e+00
557 1.923e-04 3.416e-04 4.493e-04 0.000e+00
558 -2.958e-04 -8.549e-04 -6.013e-04 0.000e+00
559 -2.043e-04 -6.162e-04 2.998e-04 0.000e+00
560 -3.417e-04 1.526e-04 -3.574e-04 0.000e+00
561 9.062e-05 -1.961e-04 -4.439e-04 0.000e+00
562 6.139e-04 -7.658e-04 -5.406e-04 0.000e+00
563 -1.376e-03 -8.016e-04 -1.671e-04 0.000e+00
564 3.754e-04 -8.037e-04 9.292e-04 0.000e+00
565 1.193e-04 1.103e-03 -6.421e-04 5.218e+01
566 4.947e-04 -6.590e-04 9.099e-04 0.000e+00
567 2.494e-04 -9.106e-04 7.182e-04 0.000e+00
568 -7.071e-04 -5.370e-04 -1.100e-03 0.000e+00
569 -1.111e-03 -1.375e-04 7.439e-04 0.000e+00
570 -1.102e-03 1.293e-04 3.527e-04 0.000e+00
571 5.926e-04 -8.889e-04 -7.476e-04 0.000e+00
572 1.426e-03 1.075e-03 -6.922e-04 1.338e+01
573 3.419e-04 -8.103e-04 -2.310e-04 0.000e+00
574 1.260e-04 3.518e-04 -1.204e-03 0.000e+00
575 -3.086e-04 1.333e-03 -1.365e-04 1.555e+01
576 2.036e-04 1.166e-03 8.846e-04 2.439e+00
577 8.281e-04 2.898e-05 -2.628e-04 0.000e+00
578 -7.700e-04 -3.836e-04 -5.194e-04 0.000e+00
579 -1.942e-05 4.043e-04 1.009e-03 0.000e+00
580 1.182e-04 3.403e-04 -4.364e-04 0.000e+00
581 -3.513e-04 -6.433e-05 -4.472e-05 0.000e+00
582 3.893e-04 6.292e-04 -8.291e-05 0.000e+00
583 -4.517e-04 4.920e-04 -3.662e-04 0.000e+00
584 -2.905e-04 0.000e+00 9.617e-05 0.000e+00
585 -1.163e-03 9.117e-04 1.599e-04 0.000e+00
586 -5.382e-04 -7.451e-04 -4.047e-04 0.000e+00
587 4.793e-04 2.618e-04 2.435e-04 0.000e+00
588 3.872e-04 -5.610e-04 -5.610e-04 0.000e+00
589 -1.224e-03 -8.566e-04 1.485e-04 0.000e+00
590 -1.039e-03 5.517e-04 8.368e-04 0.000e+00
591 4.723e-04 -8.119e-04 1.178e-03 0.000e+00
592 -1.696e-03 -8.915e-04 -5.180e-05 0.000e+00
593 -8.735e-04 -7.782e-04 -8.060e-05 0.000e+00
594 -7.464e-04 1.982e-04 -4.581e-04 0.000e+00
595 1.096e-03 -7.100e-04 1.112e-04 0.000e+00
596 4.751e-04 4.241e-04 -5.744e-04 0.000e+00
597 -2.236e-05 -5.056e-04 0.000e+00 0.000e+00
598 5.697e-04 -7.123e-04 -1.078e-03 0.000e+00
599 3.994e-04 6.493e-04 4.279e-04 0.000e+00
600 -3.145e-04 6.666e-04 1.628e-04 0.000e+00
601 -6.280e-04 6.839e-04 1.706e-05 0.000e+00
602 9.825e-04 2.269e-04 9.664e-04 0.000e+00
603 4.636e-04 5.675e-04 -8.787e-04 0.000e+00
604 8.757e-04 3.202e-04 -4.321e-05 0.000e+00
605 -9.329e-04 -6.374e-04 -2.806e-04 0.000e+00
606 -3.080e-04 -7.178e-04 -2.020e-04 0.000e+00
607 2.204e-04 -3.860e-05 -4.878e-04 0.000e+00
608 -2.308e-04 -8.361e-04 9.718e-05 0.000e+00
609 3.806e-04 -9.125e-04 -1.670e-04 0.000e+00
610 -5.888e-04 -7.176e-04 6.580e-04 0.000e+00
611 -3.298e-04 -8.086e-04 8.557e-04 0.000e+00
612 1.717e-03 5.579e-05 -8.071e-04 0.000e+00
613 -8.083e-04 -8.997e-04 4.599e-04 0.000e+00
614 -8.073e-04 4.794e-04 1.238e-04 0.000e+00
615 6.630e-04 -6.468e-04 2.679e-04 0.000e+00
616 -7.363e-04 -9.236e-04 -8.975e-04 0.000e+00
617 -1.621e-03 1.206e-04 1.088e-03 0.000e+00
618 4.187e-06 -9.121e-04 9.729e-04 0.000e+00
619 -6.805e-04 -8.907e-04 3.048e-04 0.000e+00
620 6.843e-04 9.135e-04 -1.001e-04 0.000e+00
621 -9.927e-06 5.622e-04 6.277e-04 0.000e+00
622 9.724e-05 -4.075e-04 4.252e-04 0.000e+00
623 -5.734e-04 -9.038e-04 -1.361e-04 0.000e+00
624 6.426e-04 -7.606e-04 1.342e-03 0.000e+00
625 2.862e-04 1.373e-04 2.149e-04 0.000e+00
626 8.762e-05 1.031e-03 -4.410e-04 0.000e+00
627 -1.569e-04 -8.353e-04 8.123e-04 0.000e+00
628 5.786e-04 -8.279e-04 -1.515e-03 0.000e+00
629 -3.787e-04 6.692e-04 -5.728e-04 0.000e+00
630 -9.735e-04 3.910e-04 4.152e-04 0.000e+00
631 -1.448e-04 2.769e-04 4.891e-04 0.000e+00
632 3.629e-04 -4.173e-04 1.083e-04 0.000e+00
633 4.779e-04 -1.963e-05 2.453e-04 0.000e+00
634 -5.246e-04 7.419e-04 2.688e-04 0.000e+00
635 -3.540e-04 -8.592e-04 6.867e-04 0.000e+00
636 3.282e-04 -7.465e-04 7.594e-04 0.000e+00
637 2.730e-04 -8.605e-04 9.808e-04 0.000e+00
638 -6.169e-04 8.611e-04 -8.509e-04 0.000e+00
639 -5.390e-05 -7.302e-04 -5.739e-04 0.000e+00
640 -2.352e-04 2.570e-04 1.604e-05 0.000e+00
641 1.517e-04 2.182e-04 3.884e-04 0.000e+00
642 1.281e-04 9.931e-05 5.830e-04 0.000e+00
643 8.462e-04 1.356e-04 4.499e-04 0.000e+00
644 1.043e-03 -9.222e-04 -5.519e-04 0.000e+00
645 5.820e-05 -8.116e-04 -5.550e-05 0.000e+00
646 4.034e-04 -7.210e-04 1.889e-04 0.000e+00
647 1.797e-03 7.141e-04 3.149e-04 0.000e+00
648 2.000e-04 -5.173e-04 8.781e-04 0.000e+00
649 5.917e-04 4.356e-04 -6.370e-04 0.000e+00
650 -5.253e-05 -7.674e-04 -4.718e-04 0.000e+00
651 1.295e-03 8.968e-04 -2.008e-04 0.000e+00
652 -4.739e-04 -2.228e-05 -2.010e-04 0.000e+00
653 -6.311e-04 1.677e-03 -2.667e-04 -2.133e+00
654 2.474e-04 7.500e-05 -2.299e-04 0.000e+00
655 -6.466e-04 1.697e-05 1.184e-03 0.000e+00
656 1.333e-03 2.315e-05 -3.219e-04 0.000e+00
657 -1.296e-03 -7.442e-04 -8.303e-04 0.000e+00
658 3.315e-04 4.868e-04 -9.792e-04 0.000e+00
659 5.952e-04 -8.950e-04 1.262e-04 0.000e+00
660 -1.675e-04 1.004e-03 2.663e-04 0.000e+00
661 1.603e-03 1.686e-03 -7.628e-04 3.408e+01
662 5.574e-05 3.357e-04 1.063e-05 0.000e+00
663 -4.614e-04 6.150e-04 2.304e-05 0.000e+00
664 1.873e-04 5.252e-04 9.476e-04 0.000e+00
665 8.137e-04 -8.348e-04 -2.915e-04 0.000e+00
666 4.561e-04 2.212e-04 -1.181e-03 0.000e+00
667 8.599e-04 -8.332e-04 -2.633e-04 0.000e+00
668 1.106e-03 -8.027e-04 -1.113e-03 0.000e+00
669 1.128e-04 -7.968e-04 -1.374e-03 0.000e+00
670 -1.124e-03 -8.897e-04 9.360e-04 0.000e+00
671 5.035e-04 -9.027e-04 -2.418e-04 0.000e+00
672 7.144e-04 3.617e-04 -1.110e-03 0.000e+00
673 6.168e-04 7.759e-04 2.084e-04 0.000e+00
674 7.224e-04 -8.013e-04 5.569e-04 0.000e+00
675 6.439e-04 -8.620e-04 -6.896e-05 0.000e+00
676 -2.074e-04 -1.158e-04 -4.105e-04 0.000e+00
677 -4.382e-04 1.330e-03 -2.852e-04 -2.709e+01
678 -3.947e-04 6.042e-05 -4.351e-05 0.000e+00
679 1.579e-04 -9.186e-04 2.967e-04 0.000e+00
680 3.825e-05 4.036e-04 8.185e-05 0.000e+00
681 -2.374e-04 -3.993e-04 5.359e-04 0.000e+00
682 -3.716e-04 -8.906e-04 -5.432e-04 0.000e+00
683 9.533e-04 -8.984e-04 -1.613e-03 0.000e+00
684 4.009e-04 -8.692e-04 6.276e-04 0.000e+00
685 1.819e-04 -4.383e-04 -2.326e-03 0.000e+00
686 2.524e-04 -4.972e-04 3.042e-04 0.000e+00
687 1.118e-04 7.761e-04 -1.906e-04 0.000e+00
688 9.701e-04 5.003e-04 -1.540e-04 0.000e+00
689 7.312e-04 8.630e-04 6.729e-04 0.000e+00
690 1.570e-04 -9.217e-04 1.268e-03 0.000e+00
691 -4.924e-05 8.414e-04 -1.005e-04 0.000e+00
692 -2.131e-05 -9.158e-04 6.662e-04 0.000e+00
693 -2.156e-04 9.061e-04 1.452e-03 0.000e+00
694 1.985e-04 7.264e-04 5.349e-05 0.000e+00
695 2.683e-04 1.626e-03 7.154e-04 4.717e+01
696 9.864e-04 5.800e-04 -9.392e-04 0.000e+00
697 -1.294e-03 -1.689e-04 3.481e-04 0.000e+00
698 4.721e-04 8.038e-04 -3.988e-04 0.000e+00
699 2.117e-04 -5.466e-04 -2.162e-04 0.000e+00
700 -7.595e-04 -7.361e-04 -8.267e-06 0.000e+00
701 -1.459e-05 4.583e-04 1.309e-03 0.000e+00
702 -3.472e-04 1.947e-03 9.094e-04 3.101e+01
703 -4.930e-04 7.445e-04 2.661e-04 0.000e+00
704 3.533e-05 -5.198e-04 4.506e-04 0.000e+00
705 1.285e-03 -5.007e-05 -3.929e-04 0.000e+00
706 -1.359e-04 4.630e-04 4.268e-05 0.000e+00
707 9.911e-05 -7.047e-04 -8.774e-04 0.000e+00
708 -3.853e-04 -5.209e-04 -3.257e-04 0.000e+00
709 5.002e-04 3.007e-04 -1.133e-03 0.000e+00
710 2.385e-04 -7.436e-04 2.233e-04 0.000e+00
711 1.396e-04 -4.070e-04 -5.028e-04 0.000e+00
712 8.994e-04 -4.829e-04 -1.897e-04 0.000e+00
713 2.761e-04 -3.551e-05 4.881e-04 0.000e+00
714 -1.021e-04 -7.352e-04 -7.561e-04 0.000e+00
715 -3.882e-04 4.079e-04 4.873e-04 0.000e+00
716 1.816e-04 5.820e-04 -4.554e-04 0.000e+00
717 4.623e-04 -8.616e-05 2.662e-05 0.000e+00
718 4.033e-04 -6.704e-04 4.836e-05 0.000e+00
719 -5.403e-04 -4.981e-04 -8.029e-04 0.000e+00
720 4.284e-04 -7.095e-04 5.316e-04 0.000e+00
721 -3.979e-04 -7.312e-04 -2.858e-04 0.000e+00
722 5.249e-04 5.137e-04 -1.207e-04 0.000e+00
723 -5.555e-04 -3.451e-04 7.256e-04 0.000e+00
724 8.423e-04 -7.759e-04 1.986e-04 0.000e+00
725 -2.019e-05 -7.353e-04 1.020e-03 0.000e+00
726 1.208e-03 -8.674e-04 -6.392e-04 0.000e+00
727 -9.528e-04 1.360e-04 2.719e-04 0.000e+00
728 -4.264e-04 2.424e-04 6.050e-04 0.000e+00
729 4.574e-05 2.115e-04 -1.000e-03 0.000e+00
730 -3.754e-04 1.101e-03 5.759e-04 8.160e+01
731 2.027e-04 -7.652e-04 4.630e-04 0.000e+00
732 -1.393e-04 2.795e-04 -7.004e-04 0.000e+00
733 2.251e-04 -8.567e-04 -3.411e-04 0.000e+00
734 -2.688e-04 -2.366e-05 -3.141e-04 0.000e+00
735 6.003e-04 -7.277e-04 2.350e-04 0.000e+00
736 -4.246e-04 -7.247e-04 2.285e-03 0.000e+00
737 1.094e-03 6.719e-04 1.794e-05 0.000e+00
738 -6.001e-04 6.355e-04 -6.806e-04 0.000e+00
739 3.051e-04 3.632e-04 -4.559e-05 0.000e+00
740 -6.000e-04 -5.970e-04 3.539e-04 0.000e+00
741 -2.276e-05 -7.997e-04 1.522e-04 0.000e+00
742 -9.326e-04 -8.667e-04 1.457e-03 0.000e+00
743 -1.484e-05 8.660e-04 -6.153e-04 0.000e+00
744 -5.193e-04 1.076e-05 8.565e-05 0.000e+00
745 9.057e-04 1.232e-03 4.235e-04 -5.901e+00
746 2.603e-04 -6.718e-04 -7.368e-04 0.000e+00
747 6.420e-05 7.273e-04 6.180e-04 0.000e+00
748 1.162e-04 1.858e-04 1.259e-06 0.000e+00
749 6.731e-04 -8.198e-04 -4.368e-04 0.000e+00
750 9.553e-04 3.774e-04 1.719e-04 0.000e+00
751 -1.381e-06 5.012e-04 -2.857e-04 0.000e+00
752 -1.556e-04 3.760e-04 -4.769e-05 0.000e+00
753 1.397e-04 5.518e-05 -4.419e-04 0.000e+00
754 -9.505e-05 7.526e-04 9.243e-05 0.000e+00
755 -5.423e-04 -8.230e-04 9.807e-04 0.000e+00
756 1.994e-04 7.313e-04 -1.281e-03 0.000e+00
757 -1.344e-04 -6.123e-04 2.915e-04 0.000e+00
758 -8.884e-04 6.834e-04 3.546e-04 0.000e+00
759 1.541e-03 -4.626e-04 3.795e-04 0.000e+00
760 5.589e-05 -8.210e-04 -1.501e-05 0.000e+00
761 5.446e-04 -9.275e-04 -5.223e-04 0.000e+00
762 3.760e-04 -6.075e-04 4.208e-04 0.000e+00
763 5.232e-04 5.815e-04 2.058e-04 0.000e+00
764 -5.773e-05 -6.175e-04 -2.611e-04 0.000e+00
765 1.204e-05 7.555e-04 3.427e-04 0.000e+00
766 -6.978e-04 -5.744e-04 3.709e-04 0.000e+00
767 -1.131e-03 -7.034e-04 -8.192e-05 0.000e+00
768 4.880e-05 -5.936e-04 -1.882e-04 0.000e+00
769 3.992e-04 1.330e-04 2.768e-04 0.000e+00
770 -8.296e-05 3.676e-04 6.955e-04 0.000e+00
771 9.311e-04 -8.240e-04 4.166e-04 0.000e+00
772 7.332e-05 4.543e-04 1.424e-04 0.000e+00
773 -1.972e-04 -8.984e-04 8.771e-04 0.000e+00
774 -6.904e-04 -6.535e-04 -1.112e-03 0.000e+00
775 7.375e-04 -8.217e-04 -2.526e-04 0.000e+00
776 -1.121e-04 -7.891e-04 -1.458e-04 0.000e+00
777 8.525e-04 -8.749e-04 -6.514e-04 0.000e+00
778 -1.220e-04 1.895e-04 -4.857e-04 0.000e+00
779 1.754e-04 1.252e-03 5.391e-04 2.575e+01
780 -3.957e-04 2.077e-04 9.443e-04 0.000e+00
781 2.236e-04 -8.908e-04 -2.848e-05 0.000e+00
782 -9.132e-04 -6.516e-04 -3.655e-04 0.000e+00
783 1.283e-03 1.451e-03 3.838e-04 3.693e+01
784 -2.139e-05 7.602e-04 -7.467e-04 0.000e+00
785 9.579e-04 2.378e-04 1.265e-04 0.000e+00
786 9.037e-04 -9.098e-04 -3.740e-04 0.000e+00
787 -1.075e-03 -7.176e-04 -4.696e-04 0.000e+00
788 8.271e-04 7.380e-04 5.951e-05 0.000e+00
789 8.524e-04 8.839e-04 -2.413e-04 0.000e+00
790 -2.980e-04 4.069e-04 -2.890e-04 0.000e+00
791 4.962e-04 -8.630e-04 3.071e-04 0.000e+00
792 5.877e-04 2.354e-04 -4.900e-04 0.000e+00
793 2.339e-04 -5.594e-04 -1.909e-04 0.000e+00
794 -4.057e-04 8.810e-04 -1.020e-04 0.000e+00
795 9.344e-04 -7.370e-04 -2.207e-04 0.000e+00
796 3.795e-04 -4.752e-04 5.514e-04 0.000e+00
797 9.437e-04 6.188e-04 -9.685e-05 0.000e+00
798 1.759e-04 -5.588e-04 5.610e-04 0.000e+00
799 1.790e-03 5.025e-04 -9.889e-05 0.000e+00
800 -5.537e-05 5.680e-04 -6.199e-04 0.000e+00
801 9.105e-04 -8.789e-04 -1.655e-03 0.000e+00
802 5.097e-04 6.074e-04 1.035e-03 0.000e+00
803 1.497e-04 -8.357e-04 8.773e-04 0.000e+00
804 1.000e-03 -6.226e-04 -1.150e-04 0.000e+00
805 6.735e-04 2.878e-04 -4.580e-04 0.000e+00
806 1.399e-03 -8.493e-04 1.600e-03 0.000e+00
807 4.358e-04 -6.499e-04 -3.533e-05 0.000e+00
808 1.463e-03 -8.574e-04 4.129e-04 0.000e+00
809 2.029e-03 -6.480e-04 -3.854e-04 0.000e+00
810 5.841e-04 -5.968e-04 4.478e-04 0.000e+00
811 1.433e-03 7.174e-04 -1.642e-04 0.000e+00
812 8.668e-04 8.128e-04 5.024e-04 0.000e+00
813 4.519e-04 2.042e-04 -7.772e-04 0.000e+00
814 1.213e-03 -5.835e-04 5.623e-04 0.000e+00
815 8.550e-04 5.748e-04 3.016e-04 0.000e+00
816 1.061e-03 4.701e-04 2.639e-04 0.000e+00
817 1.007e-03 1.829e-04 -7.616e-04 0.000e+00
818 9.659e-04 1.044e-03 -1.477e-04 0.000e+00
819 1.313e-03 7.478e-04 -5.366e-04 0.000e+00
820 1.595e-03 1.412e-04 7.555e-04 0.000e+00
821 1.404e-03 -8.957e-04 3.992e-04 0.000e+00
822 2.067e-03 -5.307e-04 -1.449e-03 0.000e+00
823 8.562e-04 -9.246e-04 5.660e-04 0.000e+00
824 2.317e-03 -6.055e-05 -1.257e-04 0.000e+00
825 1.364e-03 -6.458e-04 4.420e-04 0.000e+00
826 2.817e-03 -2.878e-06 -4.135e-04 0.000e+00
827 3.661e-04 -8.938e-04 1.747e-04 0.000e+00
828 2.172e-03 -8.453e-04 -3.360e-04 0.000e+00
829 1.071e-03 -7.643e-04 6.606e-04 0.000e+00
830 2.065e-03 -8.849e-04 2.233e-04 0.000e+00
831 1.724e-03 -5.864e-04 -1.665e-03 0.000e+00
832 2.550e-03 -8.611e-04 -4.570e-04 0.000e+00
833 1.707e-03 -7.873e-04 -8.142e-04 0.000e+00
834 1.979e-03 7.393e-04 -9.019e-04 0.000e+00
835 1.947e-03 -8.086e-04 -2.111e-05 0.000e+00
836 2.752e-03 5.034e-05 -3.470e-04 0.000e+00
837 1.896e-03 5.169e-06 -6.082e-05 0.000e+00
838 2.203e-03 3.928e-04 -8.005e-04 0.000e+00
839 1.415e-03 -2.948e-04 -7.201e-04 0.000e+00
840 2.785e-03 1.053e-03 -3.812e-04 0.000e+00
841 2.538e-03 -8.329e-04 -4.577e-04 0.000e+00
842 2.166e-03 -7.870e-04 8.773e-04 0.000e+00
843 2.255e-03 -6.495e-04 -8.312e-05 0.000e+00
844 2.653e-03 1.130e-04 -6.324e-04 0.000e+00
845 3.289e-03 5.240e-04 -7.036e-04 0.000e+00
846 1.832e-03 2.134e-04 1.172e-04 0.000e+00
847 2.366e-03 -6.804e-04 -1.572e-04 0.000e+00
848 3.631e-03 2.282e-04 1.456e-03 0.000e+00
849 2.654e-03 -6.766e-04 5.714e-05 0.000e+00
850 2.662e-03 -9.285e-04 2.339e-05 0.000e+00
851 3.189e-03 5.733e-04 -7.782e-04 0.000e+00
852 3.203e-03 -7.153e-04 1.251e-03 0.000e+00
853 2.933e-03 -7.701e-04 -9.035e-04 0.000e+00
854 2.737e-03 8.647e-04 3.677e-04 0.000e+00
855 2.996e-03 -7.791e-04 5.406e-04 0.000e+00
856 4.464e-03 -9.166e-04 -1.164e-04 0.000e+00
857 5.174e-03 6.088e-04 -1.076e-04 0.000e+00
858 4.531e-03 -7.710e-04 -5.768e-05 0.000e+00
859 3.599e-03 -5.153e-04 4.594e-04 0.000e+00
860 3.286e-03 -7.386e-04 -1.168e-04 0.000e+00
861 4.698e-03 7.038e-04 -5.690e-04 0.000e+00
862 3.718e-03 -8.760e-04 1.447e-04 0.000e+00
863 4.376e-03 2.426e-04 -2.821e-04 0.000e+00
864 4.015e-03 6.982e-04 1.239e-03 0.000e+00
865 4.076e-03 8.863e-04 7.255e-04 0.000e+00
866 5.726e-03 -7.482e-04 -3.342e-04 0.000e+00
867 4.426e-03 4.017e-04 -8.689e-04 0.000e+00
868 4.535e-03 9.265e-04 4.055e-04 0.000e+00
869 6.077e-03 -8.420e-04 -5.619e-04 0.000e+00
870 5.367e-03 9.594e-04 -7.121e-04 0.000e+00
871 5.960e-03 -8.547e-04 2.356e-04 0.000e+00
872 6.591e-03 7.226e-04 4.698e-04 0.000e+00
873 4.963e-03 7.249e-04 6.149e-04 0.000e+00
874 7.323e-03 2.331e-04 7.798e-04 0.000e+00
875 7.780e-03 8.282e-04 1.336e-05 0.000e+00
876 7.074e-03 1.843e-03 -4.012e-04 -1.412e+01
877 5.477e-03 1.327e-03 3.113e-04 5.848e+00
878 6.887e-03 1.036e-03 2.292e-04 0.000e+00
879 7.270e-03 1.390e-03 -4.120e-04 -2.310e+00
880 7.201e-03 2.107e-03 -2.667e-04 -1.323e+01
881 6.845e-03 1.415e-03 6.302e-04 -1.911e+01
882 8.086e-03 2.009e-03 7.671e-06 -1.279e+01
883 6.639e-03 2.487e-03 1.392e-04 -4.680e+00
884 7.455e-03 1.151e-03 2.803e-04 -2.308e+01
885 7.710e-03 1.873e-03 9.433e-04 4.894e+00
886 7.970e-03 3.097e-03 -9.976e-04 -8.692e+00
887 8.368e-03 2.101e-03 1.058e-03 -2.422e+01
888 7.254e-03 2.069e-03 2.415e-04 -1.397e+01
889 8.617e-03 3.147e-03 3.211e-04 -8.371e+00
890 1.104e-02 2.878e-03 -7.329e-04 -1.435e+01
891 9.321e-03 2.622e-03 -7.679e-04 -3.289e+00
892 8.706e-03 3.180e-03 8.595e-04 -5.282e+00
893 9.400e-03 2.957e-03 1.264e-04 -8.437e+00
894 9.160e-03 3.317e-03 5.774e-04 -1.518e+01
895 9.481e-03 3.936e-03 8.757e-04 -4.732e+00
896 1.105e-02 5.177e-03 -2.521e-04 -1.377e+01
897 1.190e-02 5.118e-03 -5.407e-04 -1.058e+01
898 1.103e-02 4.447e-03 4.377e-04 -8.255e+00
899 1.145e-02 4.598e-03 6.878e-04 -1.712e+01
900 9.546e-03 4.761e-03 9.905e-04 -1.122e+01
901 1.055e-02 5.388e-03 1.709e-04 -1.060e+01
902 1.039e-02 7.343e-03 1.309e-03 -1.174e+01
903 1.148e-02 7.143e-03 3.398e-04 -1.121e+01
904 1.193e-02 6.598e-03 1.272e-03 -1.685e+01
905 1.450e-02 6.748e-03 -3.178e-04 -1.292e+01
906 1.373e-02 6.046e-03 1.262e-03 -1.801e+01
907 1.230e-02 7.154e-03 3.297e-04 -1.137e+01
908 1.172e-02 7.650e-03 1.365e-03 -1.454e+01
909 1.343e-02 7.162e-03 5.264e-04 -1.178e+01
910 1.266e-02 8.416e-03 1.197e-03 -1.385e+01
911 1.268e-02 8.663e-03 8.643e-04 -1.595e+01
912 1.334e-02 8.211e-03 5.011e-04 -1.631e+01
913 1.326e-02 9.911e-03 1.595e-03 -1.336e+01
914 1.402e-02 9.729e-03 1.056e-03 -1.208e+01
915 1.385e-02 9.376e-03 1.728e-03 -1.209e+01
916 1.472e-02 9.074e-03 1.543e-03 -1.149e+01
917 1.416e-02 1.054e-02 1.497e-03 -1.246e+01
918 1.489e-02 1.083e-02 1.465e-03 -1.257e+01
919 1.605e-02 1.202e-02 7.435e-04 -1.286e+01
920 1.537e-02 1.210e-02 1.460e-03 -1.197e+01
921 1.608e-02 1.076e-02 2.168e-03 -1.296e+01
922 1.469e-02 1.281e-02 1.774e-03 -1.606e+01
923 1.626e-02 1.381e-02 1.737e-03 -1.395e+01
924 1.503e-02 1.340e-02 1.621e-03 -1.295e+01
925 1.762e-02 1.365e-02 1.433e-03 -1.283e+01
926 1.733e-02 1.358e-02 1.901e-03 -1.342e+01
927 1.777e-02 1.444e-02 1.226e-03 -1.312e+01
928 1.738e-02 1.452e-02 1.365e-03 -1.551e+01
929 1.737e-02 1.509e-02 1.487e-03 -1.531e+01
930 1.769e-02 1.601e-02 9.432e-04 -1.550e+01
931 1.681e-02 1.499e-02 1.333e-03 -1.414e+01
932 1.764e-02 1.556e-02 2.256e-03 -1.322e+01
933 1.876e-02 1.562e-02 1.960e-03 -1.300e+01
934 1.794e-02 1.694e-02 2.115e-03 -1.361e+01
935 1.837e-02 1.628e-02 2.326e-03 -1.362e+01
936 1.964e-02 1.795e-02 1.910e-03 -1.294e+01
937 2.026e-02 1.773e-02 2.083e-03 -1.466e+01
938 2.103e-02 1.899e-02 2.406e-03 -1.592e+01
939 1.990e-02 1.908e-02 2.270e-03 -1.511e+01
940 2.190e-02 1.815e-02 2.567e-03 -1.298e+01
941 2.067e-02 1.918e-02 4.025e-03 -1.393e+01
942 2.093e-02 1.957e-02 4.130e-03 -1.379e+01
943 2.211e-02 2.068e-02 2.888e-03 -1.584e+01
944 2.190e-02 2.085e-02 1.825e-03 -1.476e+01
945 2.233e-02 2.130e-02 3.035e-03 -1.345e+01
946 2.178e-02 2.233e-02 2.762e-03 -1.582e+01
947 2.433e-02 2.199e-02 2.667e-03 -1.469e+01
948 2.337e-02 2.324e-02 2.797e-03 -1.527e+01
949 2.469e-02 2.283e-02 3.452e-03 -1.387e+01
950 2.347e-02 2.233e-02 4.355e-03 -1.395e+01
951 2.548e-02 2.340e-02 3.433e-03 -1.339e+01
952 2.635e-02 2.459e-02 3.499e-03 -1.586e+01
953 2.663e-02 2.490e-02 4.529e-03 -1.606e+01
954 2.686e-02 2.583e-02 3.435e-03 -1.524e+01
955 2.729e-02 2.620e-02 4.085e-03 -1.518e+01
956 2.797e-02 2.686e-02 3.867e-03 -1.577e+01
957 2.996e-02 2.883e-02 3.953e-03 -1.505e+01
958 3.061e-02 2.945e-02 3.527e-03 -1.485e+01
959 3.045e-02 2.905e-02 4.571e-03 -1.433e+01
960 3.057e-02 3.053e-02 5.139e-03 -1.557e+01
961 3.239e-02 3.064e-02 4.617e-03 -1.646e+01
962 3.400e-02 3.136e-02 4.123e-03 -1.573e+01
963 3.381e-02 3.309e-02 4.913e-03 -1.517e+01
964 3.557e-02 3.364e-02 5.033e-03 -1.561e+01
965 3.721e-02 3.541e-02 5.470e-03 -1.579e+01
966 3.726e-02 3.596e-02 6.467e-03 -1.596e+01
967 3.867e-02 3.723e-02 7.252e-03 -1.639e+01
968 4.025e-02 3.833e-02 6.030e-03 -1.621e+01
969 4.088e-02 4.088e-02 5.643e-03 -1.600e+01
970 4.304e-02 4.153e-02 6.033e-03 -1.614e+01
971 4.414e-02 4.308e-02 6.944e-03 -1.597e+01
972 4.560e-02 4.289e-02 7.851e-03 -1.598e+01
973 4.828e-02 4.678e-02 7.524e-03 -1.576e+01
974 4.963e-02 4.867e-02 7.687e-03 -1.640e+01
975 5.098e-02 5.124e-02 8.490e-03 -1.727e+01
976 5.228e-02 5.128e-02 8.191e-03 -1.722e+01
977 5.543e-02 5.426e-02 9.015e-03 -1.645e+01
978 5.725e-02 5.505e-02 9.353e-03 -1.721e+01
979 5.870e-02 5.699e-02 8.659e-03 -1.656e+01
980 6.135e-02 5.909e-02 1.044e-02 -1.722e+01
981 6.376e-02 6.131e-02 9.715e-03 -1.680e+01
982 6.564e-02 6.306e-02 1.055e-02 -1.745e+01
983 6.809e-02 6.662e-02 1.131e-02 -1.736e+01
984 7.038e-02 6.814e-02 1.022e-02 -1.753e+01
985 7.278e-02 7.196e-02 1.147e-02 -1.736e+01
986 7.546e-02 7.437e-02 1.267e-02 -1.740e+01
987 7.827e-02 7.625e-02 1.227e-02 -1.732e+01
988 8.136e-02 8.017e-02 1.272e-02 -1.753e+01
989 8.485e-02 8.281e-02 1.442e-02 -1.787e+01
990 8.781e-02 8.545e-02 1.522e-02 -1.763e+01
991 9.162e-02 8.861e-02 1.493e-02 -1.783e+01
992 9.494e-02 9.219e-02 1.553e-02 -1.767e+01
993 9.737e-02 9.450e-02 1.586e-02 -1.807e+01
994 1.021e-01 9.903e-02 1.674e-02 -1.816e+01
995 1.049e-01 1.022e-01 1.644e-02 -1.795e+01
996 1.082e-01 1.068e-01 1.822e-02 -1.859e+01
997 1.123e-01 1.094e-01 1.800e-02 -1.834e+01
998 1.166e-01 1.122e-01 1.861e-02 -1.878e+01
999 1.206e-01 1.187e-01 1.978e-02 -1.870e+01
1000 1.243e-01 1.211e-01 2.003e-02 -1.881e+01
1001 1.290e-01 1.249e-01 2.107e-02 -1.881e+01
1002 1.338e-01 1.310e-01 2.155e-02 -1.904e+01
1003 1.387e-01 1.359e-01 2.308e-02 -1.900e+01
1004 1.441e-01 1.407e-01 2.325e-02 -1.910e+01
1005 1.509e-01 1.473e-01 2.579e-02 -1.946e+01
1006 1.569e-01 1.520e-01 2.704e-02 -1.923e+01
1007 1.625e-01 1.595e-01 2.785e-02 -1.961e+01
1008 1.702e-01 1.637e-01 2.859e-02 -1.963e+01
1009 1.759e-01 1.702e-01 2.946e-02 -1.949e+01
1010 1.826e-01 1.770e-01 2.963e-02 -2.011e+01
1011 1.890e-01 1.840e-01 3.054e-02 -2.002e+01
1012 1.964e-01 1.916e-01 3.281e-02 -2.010e+01
1013 2.040e-01 1.979e-01 3.487e-02 -2.018e+01
1014 2.116e-01 2.058e-01 3.686e-02 -2.045e+01
1015 2.199e-01 2.145e-01 3.811e-02 -2.058e+01
1016 2.307e-01 2.243e-01 3.927e-02 -2.085e+01
1017 2.406e-01 2.346e-01 4.078e-02 -2.085e+01
1018 2.505e-01 2.452e-01 4.210e-02 -2.099e+01
1019 2.633e-01 2.553e-01 4.567e-02 -2.109e+01
1020 2.748e-01 2.703e-01 4.781e-02 -2.131e+01
1021 2.898e-01 2.822e-01 4.871e-02 -2.138e+01
1022 3.037e-01 2.960e-01 5.313e-02 -2.150e+01
1023 3.196e-01 3.096e-01 5.427e-02 -2.170e+01
1024 3.343e-01 3.267e-01 5.742e-02 -2.176e+01
1025 3.518e-01 3.418e-01 6.004e-02 -2.197e+01
1026 3.668e-01 3.581e-01 6.352e-02 -2.229e+01
1027 3.843e-01 3.760e-01 6.589e-02 -2.226e+01
1028 4.034e-01 3.936e-01 7.062e-02 -2.241e+01
1029 4.223e-01 4.130e-01 7.450e-02 -2.264e+01
1030 4.431e-01 4.332e-01 7.603e-02 -2.278e+01
1031 4.634e-01 4.522e-01 7.947e-02 -2.294e+01
1032 4.853e-01 4.743e-01 8.507e-02 -2.304e+01
1033 5.087e-01 4.969e-01 8.818e-02 -2.321e+01
1034 5.337e-01 5.223e-01 9.279e-02 -2.333e+01
1035 5.589e-01 5.472e-01 9.636e-02 -2.344e+01
1036 5.877e-01 5.746e-01 1.001e-01 -2.367e+01
1037 6.142e-01 6.026e-01 1.067e-01 -2.382e+01
1038 6.454e-01 6.326e-01 1.114e-01 -2.393e+01
1039 6.755e-01 6.621e-01 1.167e-01 -2.409e+01
1040 7.081e-01 6.939e-01 1.214e-01 -2.428e+01
1041 7.393e-01 7.246e-01 1.271e-01 -2.444e+01
1042 7.725e-01 7.562e-01 1.329e-01 -2.460e+01
1043 8.041e-01 7.887e-01 1.380e-01 -2.474e+01
1044 8.360e-01 8.187e-01 1.424e-01 -2.483e+01
1045 8.668e-01 8.504e-01 1.460e-01 -2.505e+01
1046 8.937e-01 8.786e-01 1.517e-01 -2.517e+01
1047 9.208e-01 9.036e-01 1.557e-01 -2.534e+01
1048 9.421e-01 9.260e-01 1.578e-01 -2.550e+01
1049 9.625e-01 9.459e-01 1.605e-01 -2.563e+01
1050 9.776e-01 9.603e-01 1.629e-01 -2.582e+01
1051 9.899e-01 9.739e-01 1.633e-01 -2.593e+01
1052 9.953e-01 9.813e-01 1.652e-01 -2.607e+01
1053 1.000e+00 9.827e-01 1.638e-01 -2.627e+01
1054 9.985e-01 9.839e-01 1.627e-01 -2.641e+01
1055 9.936e-01 9.782e-01 1.602e-01 -2.661e+01
1056 9.828e-01 9.688e-01 1.580e-01 -2.675e+01
1057 9.677e-01 9.542e-01 1.556e-01 -2.691e+01
1058 9.503e-01 9.375e-01 1.513e-01 -2.707e+01
1059 9.289e-01 9.167e-01 1.480e-01 -2.724e+01
1060 9.050e-01 8.946e-01 1.435e-01 -2.742e+01
1061 8.798e-01 8.676e-01 1.393e-01 -2.765e+01
1062 8.507e-01 8.397e-01 1.344e-01 -2.781e+01
1063 8.201e-01 8.113e-01 1.301e-01 -2.801e+01
1064 7.889e-01 7.788e-01 1.243e-01 -2.821e+01
1065 7.569e-01 7.478e-01 1.194e-01 -2.839e+01
1066 7.252e-01 7.152e-01 1.146e-01 -2.864e+01
1067 6.931e-01 6.839e-01 1.102e-01 -2.883e+01
1068 6.603e-01 6.532e-01 1.045e-01 -2.903e+01
1069 6.295e-01 6.219e-01 1.024e-01 -2.929e+01
1070 5.997e-01 5.914e-01 9.496e-02 -2.954e+01
1071 5.690e-01 5.620e-01 9.293e-02 -2.975e+01
1072 5.412e-01 5.343e-01 8.716e-02 -3.002e+01
1073 5.145e-01 5.079e-01 8.282e-02 -3.026e+01
1074 4.879e-01 4.828e-01 7.964e-02 -3.046e+01
1075 4.646e-01 4.589e-01 7.628e-02 -3.076e+01
1076 4.414e-01 4.362e-01 7.225e-02 -3.097e+01
1077 4.204e-01 4.148e-01 6.845e-02 -3.130e+01
1078 4.015e-01 3.974e-01 6.605e-02 -3.141e+01
1079 3.832e-01 3.774e-01 6.272e-02 -3.176e+01
1080 3.662e-01 3.617e-01 6.027e-02 -3.195e+01
1081 3.507e-01 3.456e-01 5.669e-02 -3.223e+01
1082 3.367e-01 3.325e-01 5.460e-02 -3.249e+01
1083 3.236e-01 3.206e-01 5.337e-02 -3.270e+01
1084 3.138e-01 3.091e-01 5.120e-02 -3.304e+01
1085 3.031e-01 2.984e-01 4.874e-02 -3.327e+01
1086 2.934e-01 2.899e-01 4.634e-02 -3.355e+01
1087 2.866e-01 2.827e-01 4.783e-02 -3.380e+01
1088 2.819e-01 2.785e-01 4.625e-02 -3.416e+01
1089 2.783e-01 2.748e-01 4.528e-02 -3.445e+01
1090 2.753e-01 2.712e-01 4.343e-02 -3.466e+01
1091 2.737e-01 2.699e-01 4.379e-02 -3.493e+01
1092 2.745e-01 2.720e-01 4.385e-02 -3.527e+01
1093 2.766e-01 2.731e-01 4.395e-02 -3.549e+01
1094 2.769e-01 2.755e-01 4.512e-02 -3.577e+01
1095 2.801e-01 2.766e-01 4.315e-02 -3.610e+01
1096 2.845e-01 2.794e-01 4.382e-02 -3.634e+01
1097 2.878e-01 2.846e-01 4.422e-02 -3.663e+01
1098 2.925e-01 2.881e-01 4.430e-02 -3.690e+01
1099 2.972e-01 2.938e-01 4.542e-02 -3.713e+01
1100 3.022e-01 2.984e-01 4.478e-02 -3.735e+01
1101 3.067e-01 3.037e-01 4.493e-02 -3.759e+01
1102 3.134e-01 3.093e-01 4.451e-02 -3.772e+01
1103 3.177e-01 3.154e-01 4.608e-02 -3.806e+01
1104 3.248e-01 3.205e-01 4.526e-02 -3.828e+01
1105 3.304e-01 3.260e-01 4.558e-02 -3.859e+01
1106 3.368e-01 3.341e-01 4.522e-02 -3.883e+01
1107 3.433e-01 3.400e-01 4.520e-02 -3.894e+01
1108 3.510e-01 3.484e-01 4.671e-02 -3.926e+01
1109 3.588e-01 3.541e-01 4.610e-02 -3.951e+01
1110 3.659e-01 3.639e-01 4.626e-02 -3.982e+01
1111 3.732e-01 3.707e-01 4.744e-02 -4.002e+01
1112 3.808e-01 3.782e-01 4.684e-02 -4.019e+01
1113 3.883e-01 3.857e-01 4.638e-02 -4.049e+01
1114 3.938e-01 3.911e-01 4.845e-02 -4.079e+01
1115 3.996e-01 3.969e-01 4.757e-02 -4.101e+01
1116 4.043e-01 4.005e-01 4.860e-02 -4.119e+01
1117 4.078e-01 4.038e-01 4.678e-02 -4.156e+01
1118 4.094e-01 4.066e-01 4.759e-02 -4.192e+01
1119 4.098e-01 4.073e-01 4.780e-02 -4.218e+01
1120 4.123e-01 4.079e-01 4.675e-02 -4.250e+01
1121 4.109e-01 4.078e-01 4.638e-02 -4.276e+01
1122 4.092e-01 4.050e-01 4.703e-02 -4.307e+01
1123 4.051e-01 4.023e-01 4.623e-02 -4.337e+01
1124 4.010e-01 3.972e-01 4.487e-02 -4.371e+01
1125 3.955e-01 3.920e-01 4.504e-02 -4.406e+01
1126 3.897e-01 3.864e-01 4.423e-02 -4.440e+01
1127 3.828e-01 3.809e-01 4.394e-02 -4.475e+01
1128 3.769e-01 3.738e-01 4.287e-02 1.349e+02
1129 3.690e-01 3.667e-01 4.241e-02 1.346e+02
1130 3.614e-01 3.585e-01 4.096e-02 1.342e+02
1131 3.541e-01 3.495e-01 3.996e-02 1.338e+02
1132 3.455e-01 3.417e-01 3.981e-02 1.335e+02
1133 3.351e-01 3.322e-01 3.844e-02 1.332e+02
1134 3.259e-01 3.232e-01 3.845e-02 1.329e+02
1135 3.171e-01 3.138e-01 3.638e-02 1.325e+02
1136 3.077e-01 3.059e-01 3.588e-02 1.321e+02
1137 2.998e-01 2.962e-01 3.448e-02 1.318e+02
1138 2.912e-01 2.873e-01 3.385e-02 1.314e+02
1139 2.826e-01 2.802e-01 3.257e-02 1.312e+02
1140 2.746e-01 2.721e-01 3.069e-02 1.307e+02
1141 2.677e-01 2.655e-01 3.116e-02 1.304e+02
1142 2.609e-01 2.593e-01 3.042e-02 1.301e+02
1143 2.546e-01 2.534e-01 2.974e-02 1.296e+02
1144 2.487e-01 2.464e-01 2.784e-02 1.292e+02
1145 2.440e-01 2.418e-01 2.788e-02 1.289e+02
1146 2.394e-01 2.368e-01 2.665e-02 1.285e+02
1147 2.342e-01 2.328e-01 2.671e-02 1.283e+02
1148 2.290e-01 2.277e-01 2.587e-02 1.277e+02
1149 2.266e-01 2.234e-01 2.550e-02 1.273e+02
1150 2.234e-01 2.216e-01 2.473e-02 1.269e+02
1151 2.202e-01 2.173e-01 2.393e-02 1.267e+02
1152 2.162e-01 2.142e-01 2.403e-02 1.264e+02
1153 2.119e-01 2.093e-01 2.291e-02 1.259e+02
1154 2.069e-01 2.075e-01 2.402e-02 1.255e+02
1155 2.051e-01 2.030e-01 2.106e-02 1.253e+02
1156 2.005e-01 1.984e-01 2.184e-02 1.249e+02
1157 1.967e-01 1.945e-01 2.087e-02 1.243e+02
1158 1.909e-01 1.915e-01 2.094e-02 1.241e+02
1159 1.889e-01 1.859e-01 1.881e-02 1.235e+02
1160 1.836e-01 1.833e-01 1.894e-02 1.235e+02
1161 1.798e-01 1.792e-01 1.807e-02 1.230e+02
1162 1.758e-01 1.742e-01 1.754e-02 1.224e+02
1163 1.712e-01 1.696e-01 1.679e-02 1.221e+02
1164 1.660e-01 1.657e-01 1.621e-02 1.216e+02
1165 1.619e-01 1.609e-01 1.581e-02 1.213e+02
1166 1.575e-01 1.570e-01 1.487e-02 1.210e+02
1167 1.529e-01 1.525e-01 1.470e-02 1.208e+02
1168 1.508e-01 1.478e-01 1.459e-02 1.202e+02
1169 1.457e-01 1.435e-01 1.265e-02 1.195e+02
1170 1.404e-01 1.401e-01 1.266e-02 1.195e+02
1171 1.360e-01 1.352e-01 1.053e-02 1.190e+02
1172 1.306e-01 1.305e-01 1.008e-02 1.185e+02
1173 1.262e-01 1.247e-01 9.854e-03 1.183e+02
1174 1.212e-01 1.209e-01 8.613e-03 1.176e+02
1175 1.166e-01 1.156e-01 7.977e-03 1.176e+02
1176 1.115e-01 1.104e-01 8.501e-03 1.168e+02
1177 1.054e-01 1.050e-01 7.757e-03 1.169e+02
1178 1.000e-01 9.876e-02 6.845e-03 1.163e+02
1179 9.445e-02 9.312e-02 6.552e-03 1.161e+02
1180 8.981e-02 8.862e-02 4.992e-03 1.155e+02
1181 8.362e-02 8.397e-02 4.612e-03 1.156e+02
1182 7.923e-02 7.956e-02 4.361e-03 1.149e+02
1183 7.526e-02 7.455e-02 4.020e-03 1.148e+02
1184 7.118e-02 7.179e-02 2.547e-03 1.149e+02
1185 6.799e-02 6.712e-02 2.528e-03 1.138e+02
1186 6.482e-02 6.234e-02 2.545e-03 1.137e+02
1187 6.042e-02 5.976e-02 2.799e-03 1.129e+02
1188 5.765e-02 5.625e-02 3.004e-03 1.130e+02
1189 5.430e-02 5.386e-02 1.968e-03 1.127e+02
1190 5.097e-02 5.131e-02 2.069e-03 1.122e+02
1191 4.884e-02 4.865e-02 6.283e-04 1.122e+02
1192 4.649e-02 4.552e-02 8.649e-04 1.115e+02
1193 4.395e-02 4.349e-02 6.923e-04 1.110e+02
1194 4.213e-02 4.099e-02 -4.520e-04 1.116e+02
1195 3.957e-02 3.807e-02 7.613e-04 1.120e+02
1196 3.747e-02 3.655e-02 1.571e-03 1.115e+02
1197 3.596e-02 3.431e-02 5.491e-04 1.110e+02
1198 3.290e-02 3.088e-02 1.280e-03 1.107e+02
1199 3.227e-02 2.970e-02 -2.272e-04 1.109e+02
1200 2.892e-02 2.772e-02 4.607e-05 1.100e+02
1201 2.752e-02 2.576e-02 9.332e-04 1.091e+02
1202 2.661e-02 2.325e-02 -3.886e-04 1.093e+02
1203 2.413e-02 2.234e-02 3.263e-04 1.095e+02
1204 2.332e-02 2.089e-02 6.609e-04 1.096e+02
1205 2.077e-02 1.930e-02 8.812e-04 1.099e+02
1206 2.140e-02 1.703e-02 5.914e-04 1.088e+02
1207 2.025e-02 1.588e-02 -2.119e-04 1.076e+02
1208 2.017e-02 1.619e-02 -9.981e-04 1.100e+02
1209 1.748e-02 1.335e-02 1.167e-03 1.068e+02
1210 1.856e-02 1.293e-02 8.469e-04 1.075e+02
1211 1.848e-02 1.176e-02 -2.190e-03 1.085e+02
1212 1.785e-02 1.033e-02 1.513e-04 1.076e+02
1213 1.700e-02 1.163e-02 1.162e-03 1.066e+02
1214 1.459e-02 9.420e-03 1.917e-07 1.080e+02
1215 1.593e-02 9.017e-03 -2.349e-04 1.103e+02
1216 1.662e-02 9.194e-03 -1.324e-03 1.093e+02
1217 1.492e-02 6.092e-03 5.167e-04 1.045e+02
1218 1.489e-02 6.847e-03 1.122e-03 1.093e+02
1219 1.487e-02 5.838e-03 -3.523e-04 1.043e+02
1220 1.554e-02 6.107e-03 -5.560e-04 1.073e+02
1221 1.586e-02 4.325e-03 -8.178e-05 1.132e+02
1222 1.513e-02 4.793e-03 5.394e-04 1.047e+02
1223 1.322e-02 2.719e-03 -1.878e-04 1.041e+02
1224 1.502e-02 1.793e-03 3.999e-04 9.791e+01
1225 1.395e-02 2.386e-03 1.136e-03 1.076e+02
1226 1.455e-02 2.561e-03 1.173e-03 1.056e+02
1227 1.278e-02 -8.566e-04 7.478e-04 0.000e+00
1228 1.481e-02 -6.110e-04 -2.076e-04 0.000e+00
1229 1.359e-02 1.184e-03 -6.535e-05 3.044e+01
1230 1.387e-02 5.406e-04 1.224e-03 0.000e+00
1231 1.452e-02 -3.702e-04 -9.910e-04 0.000e+00
1232 1.350e-02 1.092e-03 1.036e-04 4.160e+00
1233 1.313e-02 3.071e-03 -5.216e-05 9.898e+00
1234 1.423e-02 2.319e-03 1.017e-03 1.098e+01
1235 1.322e-02 3.292e-03 3.784e-04 8.286e+00
1236 1.355e-02 3.311e-03 1.296e-03 1.688e+00
1237 1.359e-02 3.652e-03 7.341e-04 1.072e+01
1238 1.347e-02 3.777e-03 1.280e-03 6.011e+00
1239 1.320e-02 3.976e-03 9.981e-04 1.572e+01
1240 1.368e-02 4.768e-03 3.640e-04 1.352e+01
1241 1.384e-02 3.820e-03 9.155e-04 1.179e+01
1242 1.432e-02 5.076e-03 -1.780e-04 1.339e+01
1243 1.298e-02 4.308e-03 -2.163e-04 1.231e+01
1244 1.303e-02 4.688e-03 8.933e-04 4.024e+00
1245 1.279e-02 5.281e-03 9.185e-04 1.069e+01
1246 1.396e-02 4.621e-03 1.616e-03 2.181e+00
1247 1.318e-02 5.160e-03 8.865e-04 7.232e+00
1248 1.248e-02 5.826e-03 1.562e-03 1.190e+01
1249 1.206e-02 5.672e-03 7.936e-04 6.626e+00
1250 1.317e-02 5.562e-03 -2.841e-04 2.267e+00
1251 1.301e-02 5.721e-03 2.792e-04 8.379e+00
1252 1.264e-02 5.198e-03 -4.498e-05 5.569e+00
1253 1.218e-02 6.295e-03 2.691e-04 7.566e+00
1254 1.242e-02 5.024e-03 4.772e-04 4.337e+00
1255 1.131e-02 5.883e-03 1.102e-03 9.011e+00
1256 1.344e-02 5.936e-03 -4.135e-04 3.678e+00
1257 1.192e-02 4.301e-03 1.946e-04 7.957e+00
1258 1.142e-02 5.649e-03 -1.768e-03 6.424e+00
1259 1.030e-02 5.773e-03 -2.608e-04 7.499e+00
1260 1.075e-02 4.004e-03 3.314e-04 1.109e+00
1261 1.044e-02 3.500e-03 1.322e-04 3.106e+00
1262 9.601e-03 4.632e-03 2.025e-03 4.069e+00
1263 1.062e-02 4.561e-03 1.075e-03 4.890e+00
1264 8.664e-03 4.173e-03 7.129e-05 7.167e+00
1265 9.289e-03 3.846e-03 4.219e-04 2.903e+00
1266 8.435e-03 3.212e-03 9.859e-04 5.016e+00
1267 7.949e-03 3.576e-03 -6.421e-05 1.418e+00
1268 8.996e-03 3.938e-03 9.630e-04 -2.267e+00
1269 8.797e-03 4.278e-03 2.676e-04 4.238e+00
1270 8.368e-03 3.818e-03 -4.214e-04 8.760e+00
1271 7.248e-03 2.365e-03 6.107e-04 7.794e-01
1272 7.629e-03 4.291e-03 2.702e-05 7.771e-01
1273 5.721e-03 3.127e-03 4.777e-04 7.620e+00
1274 6.828e-03 2.713e-03 2.167e-04 1.426e+00
1275 7.446e-03 4.068e-03 -2.186e-04 5.280e+00
1276 7.289e-03 3.227e-03 -3.228e-04 7.273e+00
1277 7.922e-03 2.693e-03 5.616e-04 8.842e+00
1278 5.844e-03 2.727e-03 -6.581e-04 1.050e+01
1279 4.960e-03 2.109e-03 4.910e-04 -1.795e+00
1280 6.170e-03 2.235e-03 3.770e-04 5.349e+00
1281 6.173e-03 2.423e-03 5.393e-04 1.719e+00
1282 4.757e-03 2.756e-03 -2.453e-04 1.408e+01
1283 5.406e-03 2.201e-03 4.325e-04 1.237e+01
1284 4.503e-03 2.450e-03 7.296e-05 4.159e+00
1285 5.324e-03 1.499e-03 4.948e-04 -7.025e+00
1286 4.667e-03 1.659e-03 5.699e-04 8.360e+00
1287 4.891e-03 1.163e-03 4.678e-04 2.009e+00
1288 4.806e-03 1.451e-03 -6.033e-04 1.310e+00
1289 4.021e-03 1.068e-03 1.880e-04 2.036e+01
1290 3.822e-03 1.463e-03 1.134e-03 7.958e+00
1291 3.735e-03 6.307e-04 -6.935e-04 0.000e+00
1292 4.396e-03 1.273e-03 -1.100e-03 2.082e+00
1293 3.160e-03 1.351e-03 9.248e-04 7.296e+00
1294 2.887e-03 -6.005e-04 9.532e-04 0.000e+00
1295 2.792e-03 8.305e-04 1.800e-04 0.000e+00
1296 3.525e-03 1.857e-03 -4.705e-04 1.760e+01
1297 2.881e-03 -7.322e-04 6.006e-07 0.000e+00
1298 1.841e-03 7.212e-04 2.486e-04 0.000e+00
1299 2.286e-03 5.703e-04 -4.053e-04 0.000e+00
1300 3.101e-03 -8.286e-04 4.580e-04 0.000e+00
1301 2.586e-03 -7.376e-04 -8.263e-04 0.000e+00
1302 2.411e-03 5.417e-04 8.646e-04 0.000e+00
1303 2.374e-03 -3.942e-04 -2.960e-05 0.000e+00
1304 1.424e-03 -7.925e-04 -4.485e-04 0.000e+00
1305 2.649e-03 3.008e-04 -3.349e-04 0.000e+00
1306 1.861e-03 -8.723e-04 -7.709e-04 0.000e+00
1307 1.802e-03 9.381e-04 -1.775e-04 0.000e+00
1308 2.111e-03 1.061e-03 2.502e-04 -7.887e+00
1309 1.226e-03 -7.433e-04 6.462e-04 0.000e+00
1310 1.728e-03 -8.859e-04 -9.177e-04 0.000e+00
1311 1.685e-03 -8.513e-04 1.994e-04 0.000e+00
1312 2.120e-03 -1.051e-04 2.242e-04 0.000e+00
1313 1.214e-03 5.591e-04 -2.202e-04 0.000e+00
1314 9.826e-04 -5.652e-05 6.793e-04 0.000e+00
1315 9.138e-04 -8.037e-04 -1.005e-04 0.000e+00
1316 1.021e-03 4.340e-04 4.992e-04 0.000e+00
1317 9.001e-04 9.315e-05 -5.021e-04 0.000e+00
1318 1.663e-03 -9.108e-04 -3.063e-05 0.000e+00
1319 1.674e-03 -8.404e-04 -1.214e-03 0.000e+00
1320 8.188e-04 6.317e-04 6.881e-04 0.000e+00
1321 1.127e-03 9.732e-05 -1.412e-03 0.000e+00
1322 1.849e-03 -7.431e-04 -1.214e-03 0.000e+00
1323 1.494e-03 -8.263e-04 -1.301e-03 0.000e+00
1324 1.039e-03 -7.057e-04 -5.362e-04 0.000e+00
1325 4.875e-04 7.055e-05 1.089e-03 0.000e+00
1326 3.693e-04 -5.928e-04 7.021e-04 0.000e+00
1327 1.165e-04 -9.275e-04 2.842e-04 0.000e+00
1328 9.567e-04 5.133e-04 6.275e-04 0.000e+00
1329 4.099e-04 2.509e-04 8.541e-04 0.000e+00
1330 1.763e-03 -7.253e-04 -8.624e-04 0.000e+00
1331 1.139e-03 -1.704e-04 -7.864e-05 0.000e+00
1332 1.122e-03 8.430e-05 4.706e-04 0.000e+00
1333 1.490e-03 1.044e-03 1.864e-04 0.000e+00
1334 1.811e-03 -7.467e-04 -9.155e-04 0.000e+00
1335 4.725e-04 -7.414e-04 1.327e-03 0.000e+00
1336 9.892e-04 -8.165e-04 -1.303e-04 0.000e+00
1337 2.577e-04 1.258e-03 1.213e-04 -8.270e-01
1338 9.834e-04 5.526e-05 -6.110e-04 0.000e+00
1339 9.238e-04 -6.576e-04 3.819e-04 0.000e+00
1340 3.322e-04 5.356e-04 -1.381e-04 0.000e+00
1341 6.277e-04 9.190e-04 -6.319e-04 0.000e+00
1342 4.318e-04 3.067e-04 -5.116e-04 0.000e+00
1343 2.977e-04 -5.523e-04 -3.062e-04 0.000e+00
1344 4.901e-04 -8.856e-04 4.648e-04 0.000e+00
1345 -3.707e-04 1.326e-04 1.208e-04 0.000e+00
1346 -1.010e-04 -7.164e-04 2.852e-04 0.000e+00
1347 6.340e-04 6.815e-04 1.364e-03 0.000e+00
1348 -5.095e-04 -7.932e-04 3.725e-04 0.000e+00
1349 4.494e-04 2.198e-04 4.712e-04 0.000e+00
1350 -4.742e-04 -7.479e-04 8.752e-04 0.000e+00
1351 -9.877e-05 8.085e-04 7.183e-04 0.000e+00
1352 1.017e-04 -8.413e-04 -7.043e-04 0.000e+00
1353 8.528e-04 6.435e-04 -7.380e-04 0.000e+00
1354 1.349e-03 1.170e-04 -2.351e-04 0.000e+00
1355 -5.740e-04 7.274e-04 3.934e-04 0.000e+00
1356 5.293e-04 -1.785e-06 3.238e-04 0.000e+00
1357 -6.343e-04 8.406e-04 -5.563e-05 0.000e+00
1358 6.331e-04 -8.024e-04 -3.251e-04 0.000e+00
1359 7.238e-04 -7.805e-04 -1.209e-04 0.000e+00
1360 -3.776e-06 2.329e-04 -2.613e-04 0.000e+00
1361 -3.941e-04 -7.859e-04 1.419e-04 0.000e+00
1362 9.606e-06 1.792e-04 -3.175e-05 0.000e+00
1363 -6.023e-04 -8.801e-04 -2.889e-05 0.000e+00
1364 9.329e-04 4.315e-04 -2.060e-04 0.000e+00
1365 3.425e-04 1.215e-03 2.072e-04 2.242e+00
1366 9.908e-04 3.175e-04 -6.075e-04 0.000e+00
1367 2.214e-04 -6.421e-04 -5.754e-04 0.000e+00
1368 2.058e-04 -7.419e-04 -6.998e-04 0.000e+00
1369 2.584e-04 4.091e-04 -4.873e-04 0.000e+00
1370 -2.797e-04 -8.210e-04 -8.852e-05 0.000e+00
1371 1.029e-04 3.385e-04 -1.576e-03 0.000e+00
1372 1.968e-04 4.700e-04 -4.491e-04 0.000e+00
1373 1.308e-03 -8.119e-04 3.977e-04 0.000e+00
1374 9.939e-04 -3.105e-05 5.095e-04 0.000e+00
1375 6.015e-04 -6.428e-04 -2.938e-04 0.000e+00
1376 2.041e-03 6.230e-04 -1.134e-03 0.000e+00
1377 9.104e-04 -5.918e-04 8.194e-05 0.000e+00
1378 -1.676e-03 -5.148e-04 1.076e-03 0.000e+00
1379 1.028e-03 3.702e-04 -4.300e-04 0.000e+00
1380 3.609e-04 4.228e-04 3.074e-04 0.000e+00
1381 -8.968e-05 1.135e-04 1.284e-03 0.000e+00
1382 5.782e-05 2.734e-04 4.350e-04 0.000e+00
1383 3.481e-04 1.479e-03 4.784e-04 1.831e+00
1384 4.132e-04 7.783e-04 5.487e-04 0.000e+00
1385 -3.199e-04 -1.185e-04 1.428e-03 0.000e+00
1386 -8.583e-04 -4.613e-04 5.648e-04 0.000e+00
1387 -3.993e-04 2.930e-04 -2.176e-04 0.000e+00
1388 -3.940e-04 -7.870e-04 -2.011e-03 0.000e+00
1389 1.012e-03 9.262e-04 -7.849e-04 0.000e+00
1390 -1.088e-03 -5.022e-04 3.814e-04 0.000e+00
1391 -5.793e-04 1.501e-03 1.535e-04 -2.493e+01
1392 8.598e-04 2.095e-04 -1.381e-03 0.000e+00
1393 3.991e-04 -7.456e-04 3.135e-04 0.000e+00
1394 -7.470e-04 -8.062e-04 6.233e-04 0.000e+00
1395 -6.963e-05 1.668e-05 -2.715e-04 0.000e+00
1396 7.914e-04 -6.133e-04 -4.299e-04 0.000e+00
1397 5.455e-04 8.385e-04 2.288e-04 0.000e+00
1398 9.990e-04 -1.676e-05 -9.535e-04 0.000e+00
1399 -5.362e-04 4.190e-04 -6.767e-04 0.000e+00
1400 8.676e-04 6.831e-04 -8.373e-04 0.000e+00
1401 5.174e-04 -5.422e-04 -2.051e-04 0.000e+00
1402 2.079e-04 -8.001e-04 7.223e-04 0.000e+00
1403 1.267e-04 -7.277e-04 1.123e-03 0.000e+00
1404 1.509e-05 4.956e-04 3.035e-04 0.000e+00
1405 -4.682e-04 -7.225e-04 7.562e-04 0.000e+00
1406 -1.095e-03 -8.272e-04 -1.586e-04 0.000e+00
1407 6.141e-04 -7.955e-04 -2.846e-04 0.000e+00
1408 1.359e-03 5.066e-04 -2.787e-05 0.000e+00
1409 -1.636e-03 2.682e-06 1.174e-03 0.000e+00
1410 -3.791e-05 8.913e-04 4.885e-05 0.000e+00
1411 1.537e-04 2.343e-04 -9.399e-04 0.000e+00
1412 -1.608e-04 1.435e-04 1.060e-03 0.000e+00
1413 3.588e-04 1.031e-04 -1.508e-04 0.000e+00
1414 -1.228e-03 -5.704e-04 4.139e-04 0.000e+00
1415 -1.376e-04 6.188e-05 -9.690e-04 0.000e+00
1416 -5.140e-04 -9.153e-04 1.006e-04 0.000e+00
1417 -7.450e-04 5.645e-04 -1.165e-03 0.000e+00
1418 1.158e-04 -6.737e-04 4.096e-05 0.000e+00
1419 1.722e-04 1.030e-03 -9.012e-05 0.000e+00
1420 0.000e+00 -9.046e-04 -6.224e-04 0.000e+00
1421 -8.790e-05 1.047e-03 -1.796e-04 0.000e+00
1422 5.895e-04 1.362e-03 7.545e-04 8.574e+01
1423 -5.546e-04 5.367e-04 1.364e-03 0.000e+00
1424 -1.592e-06 4.004e-04 -8.826e-04 0.000e+00
1425 5.961e-04 -3.729e-04 -1.065e-03 0.000e+00
1426 1.890e-04 1.019e-03 -7.331e-04 0.000e+00
1427 -2.781e-04 6.553e-04 -1.424e-04 0.000e+00
1428 -2.326e-04 -5.981e-04 1.668e-04 0.000e+00
1429 5.610e-04 7.952e-04 -3.964e-06 0.000e+00
1430 -1.165e-04 7.142e-04 6.568e-04 0.000e+00
1431 4.182e-04 6.364e-04 -1.523e-03 0.000e+00
1432 -5.968e-04 -9.072e-04 3.351e-04 0.000e+00
1433 8.846e-04 -7.546e-05 -2.273e-04 0.000e+00
1434 -3.170e-04 7.799e-04 6.757e-04 0.000e+00
1435 -4.411e-04 1.356e-04 6.281e-04 0.000e+00
1436 7.715e-04 -9.080e-04 -4.947e-04 0.000e+00
1437 -2.846e-04 -8.532e-04 -2.371e-04 0.000e+00
1438 -4.344e-05 -8.724e-04 -1.322e-03 0.000e+00
1439 2.916e-04 2.674e-04 -5.306e-04 0.000e+00
1440 5.287e-04 3.005e-04 1.856e-04 0.000e+00
1441 1.405e-04 -8.248e-04 4.453e-04 0.000e+00
1442 6.010e-05 -8.178e-04 5.434e-04 0.000e+00
1443 -1.147e-03 -6.063e-04 -2.927e-04 0.000e+00
1444 -1.136e-03 -7.535e-04 4.421e-04 0.000e+00
1445 3.575e-04 8.010e-04 -3.622e-04 0.000e+00
1446 -1.857e-04 5.587e-04 -5.298e-04 0.000e+00
1447 -3.564e-04 1.026e-03 -9.069e-04 0.000e+00
1448 1.476e-04 -1.373e-04 3.681e-04 0.000e+00
1449 -3.642e-04 -7.443e-04 1.167e-04 0.000e+00
1450 2.112e-04 -1.842e-04 3.895e-04 0.000e+00
1451 -3.017e-04 -4.133e-05 -6.556e-04 0.000e+00
1452 2.174e-04 5.244e-04 -3.830e-04 0.000e+00
1453 6.007e-04 -6.596e-04 4.598e-04 0.000e+00
1454 -1.554e-04 4.264e-04 3.023e-04 0.000e+00
1455 1.906e-04 3.812e-04 1.154e-04 0.000e+00
1456 -5.933e-04 -1.529e-04 2.294e-04 0.000e+00
1457 -3.928e-04 3.186e-04 -6.942e-04 0.000e+00
1458 -2.978e-04 5.613e-04 3.673e-04 0.000e+00
1459 -5.857e-05 4.052e-04 2.030e-04 0.000e+00
1460 -4.970e-04 -7.965e-04 7.465e-04 0.000e+00
1461 4.210e-04 -8.316e-04 1.052e-03 0.000e+00
1462 -4.150e-04 -8.629e-04 -3.963e-04 0.000e+00
1463 -1.490e-05 -8.656e-04 -7.793e-04 0.000e+00
1464 -9.183e-04 4.170e-04 1.006e-03 0.000e+00
1465 6.047e-04 -8.307e-04 -3.447e-05 0.000e+00
1466 8.904e-04 -8.704e-04 3.432e-04 0.000e+00
1467 -7.452e-04 6.595e-04 8.533e-04 0.000e+00
1468 -1.395e-04 2.570e-04 1.710e-04 0.000e+00
1469 -7.089e-04 1.065e-03 -1.467e-04 1.126e+02
1470 -7.438e-06 -9.143e-04 -2.514e-04 0.000e+00
1471 -7.955e-05 7.810e-04 5.668e-04 0.000e+00
1472 -4.970e-04 -7.027e-04 4.698e-05 0.000e+00
1473 -1.016e-03 4.989e-04 -4.860e-04 0.000e+00
1474 3.579e-04 -5.451e-04 -3.881e-04 0.000e+00
1475 1.986e-04 -5.998e-04 -9.846e-04 0.000e+00
1476 -1.214e-03 -8.660e-04 9.737e-04 0.000e+00
1477 -7.169e-04 -7.685e-04 3.450e-04 0.000e+00
1478 1.833e-04 -1.512e-04 -3.562e-04 0.000e+00
1479 6.933e-04 6.231e-04 8.836e-04 0.000e+00
1480 4.838e-04 9.520e-04 -8.582e-05 0.000e+00
1481 -2.977e-04 -8.487e-04 -4.486e-04 0.000e+00
1482 4.707e-04 2.391e-04 1.409e-03 0.000e+00
1483 -5.852e-04 4.247e-04 -9.883e-05 0.000e+00
1484 -2.209e-04 -7.076e-04 -4.606e-04 0.000e+00
1485 3.453e-04 -8.296e-04 7.440e-04 0.000e+00
1486 6.680e-04 -5.394e-04 -2.083e-04 0.000e+00
1487 -2.192e-04 -5.229e-04 2.444e-04 0.000e+00
1488 5.232e-04 6.201e-04 1.290e-04 0.000e+00
1489 -4.578e-04 -5.505e-04 -6.210e-04 0.000e+00
1490 6.925e-04 -7.958e-04 -9.887e-04 0.000e+00
1491 1.552e-03 -7.943e-04 5.852e-04 0.000e+00
1492 -4.823e-04 9.609e-04 4.270e-04 0.000e+00
1493 1.543e-05 2.687e-04 5.141e-04 0.000e+00
1494 1.449e-04 -7.633e-04 6.930e-04 0.000e+00
1495 -5.814e-04 -6.354e-04 2.230e-04 0.000e+00
1496 -8.127e-04 4.737e-04 1.039e-03 0.000e+00
1497 8.082e-05 -9.022e-04 -1.868e-04 0.000e+00
1498 -3.964e-04 -8.802e-04 5.904e-04 0.000e+00
1499 -2.653e-04 -8.387e-04 4.902e-04 0.000e+00
1500 1.115e-04 -8.509e-04 -8.606e-05 0.000e+00
1501 -5.070e-04 3.678e-04 2.112e-04 0.000e+00
1502 4.292e-04 8.277e-04 -1.454e-04 0.000e+00
1503 -3.859e-04 -4.127e-04 1.408e-03 0.000e+00
1504 1.739e-04 -4.541e-04 4.741e-05 0.000e+00
1505 1.097e-03 4.626e-04 1.269e-04 0.000e+00
1506 -2.093e-04 -7.326e-04 -5.546e-04 0.000e+00
1507 -3.865e-04 -8.994e-04 -1.641e-04 0.000e+00
1508 8.469e-04 1.543e-04 -5.413e-04 0.000e+00
1509 9.069e-04 -6.483e-04 -1.600e-03 0.000e+00
1510 2.762e-04 -4.848e-04 9.043e-04 0.000e+00
1511 4.316e-04 -7.337e-04 -2.470e-04 0.000e+00
1512 -1.581e-03 -6.309e-04 3.953e-04 0.000e+00
1513 -2.453e-04 -4.648e-04 1.146e-03 0.000e+00
1514 -2.409e-04 7.986e-04 -1.128e-03 0.000e+00
1515 -7.221e-04 7.724e-04 -4.463e-04 0.000e+00
1516 -9.912e-04 -7.395e-04 4.670e-04 0.000e+00
1517 -5.234e-04 -7.045e-04 2.245e-04 0.000e+00
1518 1.582e-04 -8.723e-04 -9.949e-04 0.000e+00
1519 -4.313e-04 5.302e-04 -6.221e-04 0.000e+00
1520 -1.188e-05 2.955e-04 2.682e-04 0.000e+00
1521 -2.247e-04 8.707e-04 5.513e-04 0.000e+00
1522 4.123e-04 -7.771e-04 1.422e-04 0.000e+00
1523 -1.052e-03 -5.540e-04 -1.671e-04 0.000e+00
1524 4.184e-04 8.482e-04 -2.129e-05 0.000e+00
1525 1.525e-03 -6.274e-04 2.053e-04 0.000e+00
1526 -7.387e-04 1.836e-04 9.957e-05 0.000e+00
1527 -5.781e-05 1.169e-03 1.829e-04 4.242e+01
1528 -1.547e-03 -8.810e-04 4.599e-04 0.000e+00
1529 -4.557e-04 -8.621e-04 -1.649e-04 0.000e+00
1530 3.285e-04 1.146e-04 2.189e-05 0.000e+00
1531 1.224e-04 9.067e-04 9.638e-04 0.000e+00
1532 -7.070e-04 5.144e-04 8.857e-05 0.000e+00
1533 1.160e-03 -8.936e-04 -4.775e-04 0.000e+00
1534 -3.145e-04 -6.183e-04 -3.560e-04 0.000e+00
1535 4.616e-05 7.804e-04 -1.628e-04 0.000e+00
1536 7.719e-04 7.337e-05 2.388e-04 0.000e+00
1537 6.331e-04 1.319e-03 -1.128e-03 1.237e+02
1538 8.853e-04 -8.696e-04 -9.323e-04 0.000e+00
1539 -2.739e-05 2.280e-04 -1.594e-03 0.000e+00
1540 -9.192e-04 -7.552e-04 1.805e-04 0.000e+00
1541 1.117e-03 -9.249e-04 6.982e-04 0.000e+00
1542 4.121e-04 4.011e-04 -9.395e-05 0.000e+00
1543 -5.186e-04 -7.328e-04 5.527e-04 0.000e+00
1544 -3.019e-04 8.880e-04 5.065e-04 0.000e+00
1545 -6.785e-04 -4.297e-04 7.491e-04 0.000e+00
1546 -9.253e-04 9.295e-06 9.968e-04 0.000e+00
1547 -5.290e-04 -7.022e-04 2.087e-04 0.000e+00
1548 7.045e-04 -7.730e-04 -8.276e-04 0.000e+00
1549 2.905e-04 5.037e-04 -7.240e-04 0.000e+00
1550 -4.930e-04 -8.140e-04 -8.418e-04 0.000e+00
1551 -3.329e-04 -8.109e-04 2.975e-04 0.000e+00
1552 -4.338e-04 3.260e-04 3.630e-04 0.000e+00
1553 -1.385e-04 -8.965e-04 -9.805e-04 0.000e+00
1554 -1.513e-03 -5.029e-04 1.054e-03 0.000e+00
1555 -2.017e-04 8.789e-05 1.321e-04 0.000e+00
1556 2.980e-05 9.315e-04 -8.713e-04 0.000e+00
1557 6.089e-04 4.250e-04 8.790e-04 0.000e+00
1558 1.149e-03 8.770e-04 -8.218e-04 0.000e+00
1559 2.667e-04 -4.866e-04 6.409e-04 0.000e+00
1560 1.131e-04 1.626e-04 2.178e-04 0.000e+00
1561 -5.819e-04 6.167e-04 -3.757e-04 0.000e+00
1562 -4.643e-04 8.465e-04 1.088e-03 0.000e+00
1563 -4.317e-04 -9.076e-04 8.311e-05 0.000e+00
1564 7.893e-04 6.827e-04 -1.001e-03 0.000e+00
1565 -1.214e-03 -6.417e-04 2.464e-04 0.000e+00
1566 1.104e-03 3.743e-04 -1.315e-03 0.000e+00
1567 -3.194e-04 -7.233e-04 -4.873e-04 0.000e+00
1568 1.165e-03 1.268e-04 -6.516e-04 0.000e+00
1569 -1.524e-03 -6.129e-04 4.419e-05 0.000e+00
1570 -3.397e-04 -4.740e-04 -8.099e-05 0.000e+00
1571 -1.478e-03 -7.990e-05 2.488e-04 0.000e+00
1572 -9.602e-04 4.430e-04 5.933e-04 0.000e+00
1573 -8.672e-05 -8.678e-04 1.087e-03 0.000e+00
1574 -4.579e-05 2.765e-04 -5.645e-04 0.000e+00
1575 -1.098e-03 7.311e-04 -2.676e-05 0.000e+00
1576 9.224e-04 -7.040e-04 2.816e-04 0.000e+00
1577 -2.474e-04 -5.325e-04 -1.140e-03 0.000e+00
1578 7.831e-04 1.251e-03 -6.933e-05 1.277e+02
1579 4.690e-04 5.378e-04 -3.109e-04 0.000e+00
1580 -7.603e-04 1.252e-04 2.768e-04 0.000e+00
1581 -5.751e-04 -9.252e-04 1.013e-03 0.000e+00
1582 -1.454e-04 4.238e-04 -4.088e-04 0.000e+00
1583 -4.131e-04 -1.518e-04 1.066e-03 0.000e+00
1584 -6.849e-04 5.182e-04 6.480e-04 0.000e+00
1585 -6.181e-04 -7.715e-04 7.685e-04 0.000e+00
1586 -9.734e-04 1.081e-03 9.036e-04 1.100e+02
1587 2.983e-04 -8.556e-04 6.477e-04 0.000e+00
1588 4.869e-04 1.812e-05 -4.243e-04 0.000e+00
1589 1.014e-03 -6.411e-04 1.622e-04 0.000e+00
1590 -1.720e-03 -9.018e-04 3.564e-05 0.000e+00
1591 -2.417e-04 -8.189e-04 1.553e-04 0.000e+00
1592 6.255e-05 1.016e-03 4.202e-04 0.000e+00
1593 1.551e-04 5.964e-04 -6.057e-04 0.000e+00
1594 -1.072e-03 -9.011e-04 2.531e-04 0.000e+00
1595 3.253e-04 -7.324e-04 9.099e-07 0.000e+00
1596 3.572e-04 9.455e-04 -1.316e-04 0.000e+00
1597 -9.018e-04 4.393e-04 -8.311e-04 0.000e+00
1598 -7.404e-04 -1.927e-04 -5.204e-04 0.000e+00
1599 -1.335e-03 -3.967e-05 1.622e-03 0.000e+00
1600 1.871e-04 4.424e-04 -2.724e-04 0.000e+00
1601 -5.943e-04 -8.712e-04 1.673e-03 0.000e+00
1602 -4.193e-04 -4.723e-04 1.204e-05 0.000e+00
1603 -3.594e-04 2.445e-04 1.877e-04 0.000e+00
1604 -2.759e-04 1.168e-03 -1.083e-06 1.116e+02
1605 -9.435e-04 -7.350e-04 9.351e-04 0.000e+00
1606 -1.851e-04 2.090e-03 -5.304e-04 1.230e+02
1607 -6.323e-05 9.129e-04 5.892e-04 0.000e+00
1608 -7.963e-04 -6.552e-04 2.404e-04 0.000e+00
1609 2.548e-04 -8.451e-04 4.953e-06 0.000e+00
1610 9.967e-04 5.101e-04 5.632e-04 0.000e+00
1611 -3.879e-04 9.713e-04 -1.237e-03 0.000e+00
1612 5.032e-04 8.585e-04 -1.279e-05 0.000e+00
1613 8.310e-04 4.790e-04 -4.681e-05 0.000e+00
1614 1.639e-04 5.992e-04 5.386e-04 0.000e+00
1615 4.646e-04 2.301e-04 -3.271e-04 0.000e+00
1616 -5.251e-04 1.053e-03 6.385e-04 0.000e+00
1617 -6.417e-04 7.272e-04 3.966e-04 0.000e+00
1618 -3.875e-05 6.024e-04 -6.696e-05 0.000e+00
1619 3.780e-04 -7.262e-04 -1.653e-04 0.000e+00
1620 -4.353e-04 1.015e-03 7.368e-04 0.000e+00
1621 -9.119e-04 6.722e-05 3.292e-04 0.000e+00
1622 -6.067e-04 5.320e-05 5.673e-05 0.000e+00
1623 -8.124e-04 -7.939e-04 1.916e-04 0.000e+00
1624 -6.233e-04 5.389e-04 2.499e-04 0.000e+00
1625 -6.464e-04 6.613e-04 9.501e-04 0.000e+00
1626 1.197e-04 -7.971e-04 -1.334e-03 0.000e+00
1627 3.551e-04 -8.598e-04 1.046e-03 0.000e+00
1628 1.679e-03 1.174e-04 -7.406e-04 0.000e+00
1629 -1.269e-04 3.211e-04 2.480e-04 0.000e+00
1630 -2.390e-04 1.146e-03 -6.814e-04 -7.223e-01
1631 -3.694e-04 -7.973e-04 -6.333e-04 0.000e+00
1632 -3.541e-04 3.241e-04 -1.720e-04 0.000e+00
1633 -5.015e-04 -7.949e-04 -2.832e-04 0.000e+00
1634 8.870e-04 7.290e-04 -3.996e-04 0.000e+00
1635 -5.131e-04 -8.449e-04 1.464e-03 0.000e+00
1636 1.045e-03 1.201e-03 -4.532e-04 3.048e+01
1637 -3.858e-05 2.432e-04 -6.815e-04 0.000e+00
1638 1.100e-03 -4.712e-04 5.593e-05 0.000e+00
1639 -4.066e-05 -1.997e-04 6.356e-04 0.000e+00
1640 -6.258e-04 -8.694e-04 3.142e-04 0.000e+00
1641 -5.093e-04 -5.951e-04 9.353e-04 0.000e+00
1642 -1.111e-03 -6.875e-04 3.242e-04 0.000e+00
1643 -5.577e-04 4.367e-04 3.070e-05 0.000e+00
1644 8.391e-05 7.081e-04 -4.219e-05 0.000e+00
1645 -1.837e-04 6.953e-04 3.689e-04 0.000e+00
1646 -1.579e-03 -8.575e-04 1.101e-03 0.000e+00
1647 -3.735e-04 4.762e-04 1.056e-04 0.000e+00
1648 -9.678e-04 5.662e-05 -7.583e-05 0.000e+00
1649 1.154e-03 4.104e-04 -9.545e-05 0.000e+00
1650 -4.248e-04 4.367e-04 1.121e-04 0.000e+00
1651 -3.622e-04 -7.607e-04 -8.414e-04 0.000e+00
1652 4.270e-06 5.076e-04 4.706e-04 0.000e+00
1653 -8.899e-04 -7.377e-04 -7.459e-04 0.000e+00
1654 -2.181e-04 -7.813e-04 -4.201e-04 0.000e+00
1655 -1.195e-04 -2.511e-05 -7.559e-04 0.000e+00
1656 -5.339e-04 -7.841e-04 2.509e-04 0.000e+00
1657 -2.893e-04 -7.118e-04 3.962e-04 0.000e+00
1658 -2.574e-04 7.867e-04 -1.775e-04 0.000e+00
1659 -1.448e-04 8.683e-04 7.645e-04 0.000e+00
1660 -1.383e-03 2.356e-04 1.380e-04 0.000e+00
1661 8.685e-06 1.332e-03 1.261e-03 9.113e+01
1662 1.970e-04 -7.900e-04 5.755e-04 0.000e+00
1663 9.673e-04 6.477e-04 6.743e-04 0.000e+00
1664 -3.813e-04 3.123e-04 5.581e-04 0.000e+00
1665 1.022e-04 9.180e-04 5.656e-04 0.000e+00
1666 5.369e-05 2.688e-04 -2.902e-04 0.000e+00
1667 -2.471e-04 4.029e-04 -5.415e-04 0.000e+00
1668 -4.380e-04 5.147e-04 -4.499e-04 0.000e+00
1669 -6.112e-04 -6.228e-04 5.889e-04 0.000e+00
1670 -8.849e-04 -7.603e-04 6.641e-04 0.000e+00
1671 -5.271e-04 -7.269e-04 3.359e-04 0.000e+00
1672 -2.051e-04 5.754e-04 -8.196e-04 0.000e+00
1673 -3.097e-05 -8.465e-04 1.671e-03 0.000e+00
1674 -1.580e-04 1.901e-04 -5.166e-06 0.000e+00
1675 3.454e-04 1.210e-03 2.092e-04 1.092e+02
1676 5.778e-04 6.454e-04 6.354e-04 0.000e+00
1677 -1.534e-04 -1.456e-04 3.300e-04 0.000e+00
1678 -2.424e-04 -8.910e-04 1.068e-04 0.000e+00
1679 -9.206e-04 6.054e-05 4.690e-05 0.000e+00
1680 1.658e-04 9.064e-04 -1.055e-04 0.000e+00
1681 -6.845e-05 -5.362e-04 4.005e-04 0.000e+00
1682 -7.491e-04 -8.808e-04 -1.122e-03 0.000e+00
1683 -9.170e-04 9.513e-04 7.260e-04 0.000e+00
1684 -1.218e-03 5.690e-04 2.461e-04 0.000e+00
1685 5.234e-04 -7.198e-04 2.424e-04 0.000e+00
1686 -2.123e-04 -4.450e-04 -2.436e-04 0.000e+00
1687 -3.219e-04 5.127e-04 -8.658e-04 0.000e+00
1688 1.459e-04 7.291e-04 -7.815e-04 0.000e+00
1689 -5.334e-04 4.873e-04 2.591e-04 0.000e+00
1690 -7.462e-04 -9.164e-04 -3.952e-05 0.000e+00
1691 -5.705e-04 1.715e-04 3.275e-04 0.000e+00
1692 -6.734e-04 1.176e-03 1.816e-04 -3.918e+01
1693 4.962e-04 5.619e-04 7.532e-04 0.000e+00
1694 -2.395e-04 -4.615e-04 -2.228e-05 0.000e+00
1695 8.858e-04 -8.352e-04 2.348e-05 0.000e+00
1696 -7.006e-05 3.236e-04 4.426e-05 0.000e+00
1697 7.355e-06 -7.492e-04 -7.814e-04 0.000e+00
1698 -6.697e-04 8.326e-04 1.078e-03 0.000e+00
1699 1.770e-04 -6.886e-04 -8.179e-04 0.000e+00
1700 5.301e-04 7.314e-05 -7.067e-04 0.000e+00
1701 -1.235e-03 -8.810e-04 -6.083e-04 0.000e+00
1702 -9.374e-04 -7.689e-04 1.084e-03 0.000e+00
1703 5.016e-04 6.613e-04 4.644e-04 0.000e+00
1704 3.049e-05 -7.941e-04 2.561e-04 0.000e+00
1705 -7.576e-04 -8.789e-04 1.964e-04 0.000e+00
1706 6.010e-04 -8.718e-04 -3.530e-04 0.000e+00
1707 7.091e-04 6.846e-05 2.983e-04 0.000e+00
1708 6.448e-04 4.926e-04 -3.480e-05 0.000e+00
1709 -6.955e-04 -8.190e-04 8.304e-06 0.000e+00
1710 1.228e-03 1.284e-05 -1.443e-04 0.000e+00
1711 -5.659e-04 4.260e-04 5.973e-04 0.000e+00
1712 1.486e-03 3.251e-04 -7.425e-04 0.000e+00
1713 6.349e-04 -7.884e-04 -4.981e-04 0.000e+00
1714 1.965e-04 -4.028e-04 9.201e-04 0.000e+00
1715 -9.727e-04 -4.297e-04 -1.139e-03 0.000e+00
1716 -2.949e-04 7.216e-05 -1.718e-03 0.000e+00
1717 5.621e-05 1.040e-04 -3.098e-04 0.000e+00
1718 5.147e-04 -4.955e-04 -1.457e-04 0.000e+00
1719 -3.685e-04 1.047e-03 1.054e-03 0.000e+00
1720 2.339e-04 8.832e-04 3.528e-04 0.000e+00
1721 5.001e-04 -4.863e-04 2.769e-04 0.000e+00
1722 -1.685e-04 4.893e-04 -5.185e-04 0.000e+00
1723 -6.871e-04 -2.711e-05 2.895e-04 0.000e+00
1724 -3.770e-04 -7.442e-04 5.192e-04 0.000e+00
1725 -1.150e-03 -5.370e-04 5.956e-04 0.000e+00
1726 1.413e-04 -8.851e-04 6.536e-04 0.000e+00
1727 -1.114e-03 -9.192e-04 7.427e-04 0.000e+00
1728 8.209e-04 -6.954e-04 -1.030e-03 0.000e+00
1729 -5.849e-04 4.585e-04 4.762e-04 0.000e+00
1730 9.349e-04 -3.163e-05 -8.933e-04 0.000e+00
1731 3.381e-04 2.337e-04 7.047e-04 0.000e+00
1732 6.755e-05 6.940e-05 -2.790e-04 0.000e+00
1733 7.408e-04 -6.903e-04 -2.576e-04 0.000e+00
1734 8.770e-04 -6.476e-04 -9.711e-04 0.000e+00
1735 -1.507e-03 -3.827e-05 -2.775e-04 0.000e+00
1736 2.574e-04 5.750e-04 2.253e-04 0.000e+00
1737 -8.687e-04 -2.269e-05 1.455e-04 0.000e+00
1738 -3.987e-04 -4.614e-04 6.585e-04 0.000e+00
1739 -8.501e-04 -6.828e-04 2.017e-04 0.000e+00
1740 -8.709e-04 4.887e-04 7.896e-04 0.000e+00
1741 6.508e-04 -4.648e-04 6.971e-04 0.000e+00
1742 1.330e-04 -6.356e-04 -3.668e-04 0.000e+00
1743 -9.886e-04 -7.886e-04 1.578e-03 0.000e+00
1744 2.874e-04 -8.574e-04 -9.662e-04 0.000e+00
1745 2.281e-04 6.060e-04 -1.099e-03 0.000e+00
1746 -2.234e-04 -8.996e-04 -6.539e-04 0.000e+00
1747 -8.315e-04 -8.822e-04 -5.335e-04 0.000e+00
1748 5.543e-04 -3.912e-04 -2.686e-05 0.000e+00
1749 -2.879e-04 4.477e-04 -9.998e-04 0.000e+00
1750 1.912e-04 3.708e-04 -5.116e-04 0.000e+00
1751 3.904e-04 -3.939e-06 -7.069e-04 0.000e+00
1752 5.953e-04 3.282e-04 8.520e-04 0.000e+00
1753 -5.050e-04 1.001e-03 3.368e-05 0.000e+00
1754 2.277e-04 -7.015e-04 1.628e-03 0.000e+00
1755 -2.462e-04 -6.119e-04 -1.346e-04 0.000e+00
1756 -3.288e-04 8.431e-04 8.536e-04 0.000e+00
1757 1.084e-03 -3.822e-05 -2.404e-04 0.000e+00
1758 4.236e-04 -7.110e-04 -7.170e-04 0.000e+00
1759 -8.729e-04 -7.548e-04 5.243e-05 0.000e+00
1760 -7.901e-04 -6.043e-04 4.962e-04 0.000e+00
1761 2.027e-04 7.982e-04 -2.054e-04 0.000e+00
1762 -3.186e-04 1.133e-04 -5.852e-04 0.000e+00
1763 -4.963e-04 2.619e-04 1.221e-03 0.000e+00
1764 3.031e-04 -5.546e-04 -6.226e-04 0.000e+00
1765 9.573e-04 1.199e-03 4.206e-04 -7.534e+00
1766 -3.713e-04 -4.996e-04 2.968e-04 0.000e+00
1767 -2.025e-04 -4.790e-04 -5.364e-04 0.000e+00
1768 -5.540e-04 -7.424e-04 -4.527e-04 0.000e+00
1769 7.136e-04 2.762e-04 -3.852e-04 0.000e+00
1770 5.182e-04 -8.849e-04 3.011e-04 0.000e+00
1771 -1.279e-05 1.513e-04 -9.810e-05 0.000e+00
1772 -9.941e-05 1.902e-04 1.830e-03 0.000e+00
1773 -7.255e-05 -8.790e-04 -7.377e-04 0.000e+00
1774 9.939e-04 9.391e-04 -9.726e-04 0.000e+00
1775 -5.185e-04 -9.009e-04 3.175e-04 0.000e+00
1776 -2.601e-04 -7.381e-04 1.567e-04 0.000e+00
1777 4.688e-05 -1.672e-04 2.958e-04 0.000e+00
1778 4.172e-04 1.027e-03 6.074e-05 0.000e+00
1779 -7.492e-04 -5.914e-04 -9.180e-04 0.000e+00
1780 1.139e-03 -6.768e-05 -1.291e-03 0.000e+00
1781 5.919e-04 -8.091e-04 -1.206e-03 0.000e+00
1782 -5.158e-04 4.419e-04 -5.578e-04 0.000e+00
1783 8.168e-04 -9.422e-05 -1.060e-03 0.000e+00
1784 -1.211e-03 -5.033e-04 1.745e-04 0.000e+00
1785 3.428e-04 1.281e-04 -2.195e-04 0.000e+00
1786 -1.410e-04 -3.259e-05 -2.467e-05 0.000e+00
1787 1.432e-04 9.121e-04 7.309e-04 0.000e+00
1788 6.695e-04 3.475e-04 -8.555e-04 0.000e+00
1789 -3.120e-04 2.907e-04 9.163e-04 0.000e+00
1790 -7.525e-04 -4.965e-04 -1.860e-04 0.000e+00
1791 -1.183e-04 -8.989e-04 4.007e-04 0.000e+00
1792 -3.875e-04 -8.621e-04 3.777e-04 0.000e+00
1793 6.137e-05 1.178e-04 2.839e-04 0.000e+00
1794 9.433e-05 9.584e-05 -7.347e-04 0.000e+00
1795 -6.003e-04 -5.045e-04 5.011e-04 0.000e+00
1796 -5.542e-04 -9.073e-04 2.381e-05 0.000e+00
1797 1.822e-04 -6.164e-04 -6.096e-04 0.000e+00
1798 1.633e-04 -9.134e-04 -5.953e-04 0.000e+00
1799 7.962e-04 -6.346e-04 -1.445e-03 0.000e+00
1800 3.075e-04 4.107e-04 8.105e-04 0.000e+00
1801 7.085e-04 9.906e-04 7.353e-04 0.000e+00
1802 -8.140e-04 5.991e-04 2.337e-04 0.000e+00
1803 5.065e-05 6.974e-04 -5.107e-07 0.000e+00
1804 3.005e-04 -6.292e-04 -6.062e-05 0.000e+00
1805 -1.269e-03 -9.183e-04 5.474e-04 0.000e+00
1806 -7.715e-04 -8.895e-04 6.510e-04 0.000e+00
1807 -3.953e-04 -1.150e-04 -1.013e-03 0.000e+00
1808 6.444e-04 1.260e-03 3.098e-04 5.670e+01
1809 -4.360e-04 -7.876e-04 -8.454e-05 0.000e+00
1810 1.090e-03 -7.596e-04 -1.310e-03 0.000e+00
1811 -9.377e-05 9.679e-04 1.404e-04 0.000e+00
1812 -9.056e-05 1.246e-03 -4.482e-04 6.336e+01
1813 8.430e-04 -9.039e-04 -4.906e-04 0.000e+00
1814 -8.513e-04 1.191e-03 -3.136e-04 -4.222e+01
1815 9.740e-04 -8.242e-04 -8.139e-04 0.000e+00
1816 5.433e-05 -3.306e-04 -1.095e-03 0.000e+00
1817 -4.581e-04 -5.466e-04 3.577e-04 0.000e+00
1818 -1.238e-04 -6.385e-04 -5.433e-04 0.000e+00
1819 1.318e-03 -7.874e-04 -2.793e-05 0.000e+00
1820 -8.924e-04 -7.148e-04 -8.496e-04 0.000e+00
1821 -6.782e-04 -4.884e-04 -1.592e-03 0.000e+00
1822 -9.358e-05 -7.526e-04 -1.588e-03 0.000e+00
1823 2.366e-04 -6.576e-04 1.089e-03 0.000e+00
1824 -1.331e-04 2.230e-04 -1.206e-03 0.000e+00
1825 -1.266e-03 1.018e-03 7.843e-04 0.000e+00
1826 -6.668e-04 -8.954e-04 7.432e-04 0.000e+00
1827 3.601e-04 -6.479e-04 -7.851e-04 0.000e+00
1828 -9.451e-04 -5.143e-04 -3.233e-04 0.000e+00
1829 -5.358e-04 1.007e-04 1.093e-04 0.000e+00
1830 3.783e-04 -6.911e-04 5.280e-04 0.000e+00
1831 -1.290e-03 5.278e-04 7.053e-04 0.000e+00
1832 9.285e-04 -7.928e-04 1.511e-05 0.000e+00
1833 1.980e-04 -5.864e-04 5.093e-04 0.000e+00
1834 -5.529e-04 -9.202e-04 9.443e-04 0.000e+00
1835 -4.130e-04 6.088e-04 -1.646e-04 0.000e+00
1836 -5.896e-04 -7.859e-04 -3.446e-04 0.000e+00
1837 -7.149e-04 6.056e-04 -8.394e-05 0.000e+00
1838 5.621e-04 5.147e-05 6.944e-05 0.000e+00
1839 3.258e-05 -8.924e-04 -1.236e-03 0.000e+00
1840 -8.164e-04 9.639e-04 5.842e-04 0.000e+00
1841 -1.106e-03 -8.152e-04 -4.066e-04 0.000e+00
1842 4.182e-04 -9.232e-04 -6.480e-04 0.000e+00
1843 5.502e-04 -5.296e-04 5.620e-05 0.000e+00
1844 6.572e-04 1.656e-04 -1.460e-04 0.000e+00
1845 9.589e-05 5.286e-05 -2.132e-04 0.000e+00
1846 -1.207e-03 -5.678e-05 7.576e-04 0.000e+00
1847 1.962e-04 4.004e-04 5.178e-05 0.000e+00
1848 9.470e-04 -6.197e-04 6.904e-04 0.000e+00
1849 2.662e-04 8.175e-04 6.659e-04 0.000e+00
1850 -3.159e-05 2.385e-04 -5.567e-06 0.000e+00
1851 -3.012e-04 4.850e-04 -3.869e-04 0.000e+00
1852 -4.137e-04 3.266e-04 7.174e-04 0.000e+00
1853 1.675e-04 -8.277e-04 -7.467e-04 0.000e+00
1854 2.718e-04 -5.801e-04 -4.820e-04 0.000e+00
1855 -1.228e-03 5.999e-04 5.422e-04 0.000e+00
1856 1.497e-04 -6.734e-04 2.939e-05 0.000e+00
1857 1.450e-05 1.142e-04 -4.437e-04 0.000e+00
1858 -4.743e-04 1.773e-03 -6.007e-04 1.186e+02
1859 -2.949e-04 -6.964e-04 1.283e-03 0.000e+00
1860 -4.241e-04 -8.336e-04 2.523e-04 0.000e+00
1861 8.275e-04 -7.607e-04 -1.609e-04 0.000e+00
1862 3.907e-04 5.352e-04 -5.813e-04 0.000e+00
1863 -9.535e-04 8.657e-04 4.501e-04 0.000e+00
1864 -1.939e-04 1.466e-03 4.401e-04 8.104e+01
1865 1.194e-03 -8.674e-04 1.361e-04 0.000e+00
1866 -5.692e-04 -1.238e-04 6.689e-04 0.000e+00
1867 1.672e-04 -3.146e-05 1.628e-04 0.000e+00
1868 -4.427e-04 -8.826e-04 7.730e-04 0.000e+00
1869 -7.502e-04 7.214e-05 2.887e-04 0.000e+00
1870 -3.029e-04 -8.513e-04 -1.124e-04 0.000e+00
1871 -7.823e-05 7.434e-04 -2.079e-04 0.000e+00
1872 -4.429e-04 4.599e-04 4.595e-04 0.000e+00
1873 1.336e-03 -7.089e-04 -3.796e-04 0.000e+00
1874 5.805e-04 -9.136e-04 -2.191e-04 0.000e+00
1875 -2.664e-04 -9.009e-04 1.644e-03 0.000e+00
1876 -5.621e-04 6.624e-04 -6.271e-04 0.000e+00
1877 -1.055e-03 -7.016e-04 2.676e-04 0.000e+00
1878 7.441e-04 -8.459e-04 -1.076e-03 0.000e+00
1879 4.677e-04 1.303e-04 -6.864e-04 0.000e+00
1880 4.325e-04 1.020e-03 5.958e-04 0.000e+00
1881 -3.699e-04 -5.849e-06 -6.749e-05 0.000e+00
1882 -5.274e-04 -7.940e-04 7.622e-04 0.000e+00
1883 8.794e-04 -9.214e-04 -5.850e-04 0.000e+00
1884 1.862e-04 -7.777e-04 2.014e-04 0.000e+00
1885 -2.356e-04 -8.338e-04 3.342e-04 0.000e+00
1886 -3.570e-05 4.291e-04 -5.990e-04 0.000e+00
1887 7.926e-04 -9.241e-04 5.836e-05 0.000e+00
1888 -1.544e-04 4.379e-06 -5.485e-05 0.000e+00
1889 1.304e-03 5.009e-04 1.908e-04 0.000e+00
1890 -5.998e-04 2.306e-04 2.962e-04 0.000e+00
1891 -4.173e-04 -9.030e-04 3.531e-04 0.000e+00
1892 1.751e-04 2.994e-04 -3.731e-04 0.000e+00
1893 -7.188e-04 -7.438e-04 1.207e-03 0.000e+00
1894 -7.874e-05 1.444e-04 -8.471e-05 0.000e+00
1895 -5.611e-04 -8.177e-04 -5.949e-04 0.000e+00
1896 5.399e-04 -8.658e-04 -5.083e-04 0.000e+00
1897 -6.405e-04 1.349e-04 -6.708e-04 0.000e+00
1898 -2.874e-04 -7.677e-04 -6.924e-05 0.000e+00
1899 -6.020e-04 -8.558e-04 -4.296e-04 0.000e+00
1900 3.447e-04 -5.894e-04 -5.018e-05 0.000e+00
1901 6.066e-04 2.058e-04 -2.934e-05 0.000e+00
1902 7.902e-04 -7.886e-04 -4.851e-04 0.000e+00
1903 6.886e-04 9.064e-04 -6.900e-06 0.000e+00
1904 -4.860e-04 -9.248e-04 8.050e-05 0.000e+00
1905 -2.333e-05 2.233e-04 -5.013e-04 0.000e+00
1906 -3.242e-04 3.752e-04 6.684e-04 0.000e+00
1907 -3.839e-04 -4.817e-04 -2.979e-05 0.000e+00
1908 8.081e-06 1.064e-05 -5.948e-04 0.000e+00
1909 7.670e-04 9.159e-04 -7.232e-04 0.000e+00
1910 -1.132e-03 5.528e-04 6.616e-04 0.000e+00
1911 2.302e-05 -4.514e-04 -2.573e-04 0.000e+00
1912 2.010e-04 2.100e-04 -8.446e-04 0.000e+00
1913 -1.198e-04 1.357e-03 2.067e-05 4.839e+01
1914 9.917e-04 1.931e-04 -9.868e-04 0.000e+00
1915 1.939e-05 3.031e-04 2.078e-05 0.000e+00
1916 6.021e-04 2.609e-04 -7.955e-04 0.000e+00
1917 7.298e-04 -6.693e-04 -1.087e-04 0.000e+00
1918 -8.308e-04 -4.492e-04 2.522e-04 0.000e+00
1919 -5.705e-04 8.720e-04 4.070e-04 0.000e+00
1920 1.095e-03 3.089e-04 -7.701e-04 0.000e+00
1921 -1.127e-04 -6.254e-04 7.475e-04 0.000e+00
1922 -2.414e-06 -2.152e-04 4.107e-04 0.000e+00
1923 6.241e-04 -9.246e-04 -1.624e-04 0.000e+00
1924 -3.123e-04 1.247e-03 4.195e-04 -4.679e+00
1925 -3.928e-04 -8.560e-04 4.451e-04 0.000e+00
1926 -3.996e-05 4.696e-04 9.799e-04 0.000e+00
1927 -1.251e-03 -3.282e-04 1.154e-03 0.000e+00
1928 9.223e-04 6.799e-04 7.828e-05 0.000e+00
1929 -2.962e-05 3.131e-04 6.648e-04 0.000e+00
1930 -5.471e-05 4.697e-04 -3.220e-04 0.000e+00
1931 -4.430e-04 -9.141e-04 -9.643e-05 0.000e+00
1932 5.625e-05 1.993e-04 -6.236e-04 0.000e+00
1933 1.332e-03 9.261e-04 -5.601e-04 0.000e+00
1934 1.233e-03 -5.209e-04 -6.819e-04 0.000e+00
1935 3.644e-04 -7.602e-04 1.939e-04 0.000e+00
1936 -8.426e-04 -5.169e-04 2.467e-04 0.000e+00
1937 -5.699e-04 -6.431e-04 -7.895e-04 0.000e+00
1938 4.531e-04 3.332e-04 -1.737e-03 0.000e+00
1939 -8.202e-04 -9.272e-04 -1.355e-04 0.000e+00
1940 -6.404e-04 -7.891e-04 4.777e-04 0.000e+00
1941 7.156e-04 9.346e-04 -5.659e-04 0.000e+00
1942 2.037e-06 -6.236e-04 8.101e-04 0.000e+00
1943 1.539e-03 3.296e-04 -2.263e-04 0.000e+00
1944 1.120e-04 4.719e-04 1.529e-04 0.000e+00
1945 1.339e-03 1.203e-05 -1.159e-03 0.000e+00
1946 1.400e-04 2.513e-04 -3.994e-04 0.000e+00
1947 1.070e-03 2.722e-04 -1.839e-04 0.000e+00
1948 -1.453e-05 -6.034e-04 2.756e-04 0.000e+00
1949 5.289e-04 1.338e-04 4.705e-04 0.000e+00
1950 9.918e-04 -7.506e-04 -1.118e-03 0.000e+00
1951 4.984e-04 -4.142e-04 5.767e-05 0.000e+00
1952 -1.062e-04 1.911e-03 -1.022e-04 4.116e+01
1953 1.042e-03 -9.039e-04 -4.527e-04 0.000e+00
1954 -2.361e-04 -9.132e-04 1.063e-04 0.000e+00
1955 7.656e-04 4.566e-04 -8.596e-05 0.000e+00
1956 -1.697e-04 -6.305e-04 -9.862e-06 0.000e+00
1957 -1.608e-03 6.968e-04 1.033e-03 0.000e+00
1958 -8.220e-04 -6.410e-04 -2.981e-04 0.000e+00
1959 1.011e-03 1.071e-03 -9.119e-04 -4.041e+01
1960 9.759e-05 3.724e-04 9.145e-04 0.000e+00
1961 -1.001e-03 9.148e-04 1.068e-03 0.000e+00
1962 -9.681e-04 5.450e-04 1.893e-04 0.000e+00
1963 5.326e-04 1.410e-03 -2.789e-04 1.861e+01
1964 8.479e-04 -7.025e-04 -8.391e-04 0.000e+00
1965 -2.829e-04 -5.888e-04 -2.006e-04 0.000e+00
1966 1.256e-03 6.627e-04 2.150e-04 0.000e+00
1967 3.734e-04 2.064e-04 1.001e-03 0.000e+00
1968 1.346e-03 -5.080e-04 -8.015e-04 0.000e+00
1969 1.251e-03 -5.777e-04 -5.144e-04 0.000e+00
1970 4.018e-04 -7.038e-04 -5.116e-04 0.000e+00
1971 3.614e-04 1.021e-03 -2.820e-04 0.000e+00
1972 -6.232e-04 -5.575e-04 1.153e-04 0.000e+00
1973 3.438e-04 -8.213e-04 -1.435e-03 0.000e+00
1974 -1.896e-04 4.967e-04 1.437e-03 0.000e+00
1975 8.036e-04 -7.309e-04 -3.981e-04 0.000e+00
1976 9.762e-04 6.027e-04 -1.303e-04 0.000e+00
1977 3.730e-04 -8.739e-04 1.061e-03 0.000e+00
1978 -7.641e-04 -8.634e-04 1.456e-03 0.000e+00
1979 3.738e-04 -8.802e-04 -5.490e-04 0.000e+00
1980 -2.199e-04 -8.759e-04 9.285e-05 0.000e+00
1981 3.933e-04 4.836e-04 -1.278e-04 0.000e+00
1982 4.787e-04 -7.097e-04 -7.842e-04 0.000e+00
1983 6.116e-04 7.410e-04 -7.630e-04 0.000e+00
1984 -6.525e-04 -4.707e-04 8.875e-04 0.000e+00
1985 6.433e-04 4.595e-04 -1.135e-04 0.000e+00
1986 4.064e-04 2.781e-04 9.511e-04 0.000e+00
1987 6.754e-04 9.622e-05 -3.570e-04 0.000e+00
1988 -1.130e-04 -8.521e-04 1.547e-03 0.000e+00
1989 -7.470e-04 -9.122e-04 1.324e-04 0.000e+00
1990 4.996e-05 -9.148e-04 -4.510e-05 0.000e+00
1991 -7.799e-04 -4.946e-04 5.375e-04 0.000e+00
1992 4.255e-04 7.573e-04 -5.464e-06 0.000e+00
1993 4.692e-05 -1.670e-04 2.386e-04 0.000e+00
1994 -1.084e-03 6.010e-04 4.986e-04 0.000e+00
1995 5.022e-04 -4.731e-04 -3.197e-04 0.000e+00
1996 7.871e-04 1.061e-03 1.967e-04 1.918e+00
1997 1.211e-03 4.194e-04 -1.147e-03 0.000e+00
1998 -6.164e-04 1.454e-04 -9.322e-04 0.000e+00
1999 -7.429e-05 9.983e-04 5.852e-04 0.000e+00
2000 -3.129e-06 -7.819e-04 -1.132e-03 0.000e+00
2001 3.292e-04 -1.602e-04 9.152e-04 0.000e+00
2002 -2.103e-04 1.232e-03 -1.667e-04 -4.208e+00
2003 9.435e-04 -7.301e-04 -6.554e-05 0.000e+00
2004 1.322e-04 -6.511e-04 -6.274e-04 0.000e+00
2005 1.010e-05 1.339e-03 -8.573e-04 1.070e+02
2006 3.326e-04 -3.218e-04 1.135e-03 0.000e+00
2007 4.156e-04 4.451e-04 -4.825e-04 0.000e+00
2008 -9.293e-04 3.040e-04 4.348e-04 0.000e+00
2009 2.616e-04 1.117e-04 -5.568e-04 0.000e+00
2010 -4.233e-04 2.095e-04 6.143e-05 0.000e+00
2011 1.271e-03 5.013e-04 -4.691e-04 0.000e+00
2012 -4.631e-04 -9.070e-04 3.635e-04 0.000e+00
2013 8.607e-04 3.067e-04 1.517e-05 0.000e+00
2014 1.150e-03 3.816e-04 -4.919e-04 0.000e+00
2015 5.372e-06 -8.779e-04 -7.854e-04 0.000e+00
2016 -1.728e-04 2.628e-04 5.094e-04 0.000e+00
2017 -5.839e-05 3.793e-04 -3.590e-05 0.000e+00
2018 -1.104e-04 -7.580e-04 2.349e-04 0.000e+00
2019 -1.426e-04 -1.910e-05 -6.730e-05 0.000e+00
2020 1.710e-04 -1.015e-04 -1.627e-04 0.000e+00
2021 -4.658e-04 -8.173e-04 -1.166e-03 0.000e+00
2022 -7.907e-04 4.464e-04 8.661e-04 0.000e+00
2023 -2.625e-04 1.038e-03 -1.299e-04 0.000e+00
2024 3.218e-04 -7.241e-04 -5.441e-04 0.000e+00
2025 -4.195e-04 3.563e-04 4.898e-04 0.000e+00
2026 1.846e-05 3.637e-04 -3.590e-04 0.000e+00
2027 1.025e-03 1.604e-04 1.058e-04 0.000e+00
2028 -6.146e-04 4.291e-04 -6.916e-04 0.000e+00
2029 6.829e-04 5.601e-04 -4.872e-04 0.000e+00
2030 2.770e-04 -8.755e-04 -1.789e-04 0.000e+00
2031 -8.147e-04 -7.953e-04 1.671e-04 0.000e+00
2032 4.304e-04 -9.069e-04 -4.665e-04 0.000e+00
2033 7.348e-04 4.545e-04 -8.807e-05 0.000e+00
2034 -1.442e-04 8.272e-04 6.725e-04 0.000e+00
2035 4.274e-04 -6.743e-04 -6.673e-04 0.000e+00
2036 -1.183e-03 7.663e-04 -9.144e-05 0.000e+00
2037 1.438e-03 -8.873e-04 -4.156e-04 0.000e+00
2038 -3.110e-04 -1.257e-04 -8.594e-04 0.000e+00
2039 2.265e-04 6.101e-04 3.824e-04 0.000e+00
2040 1.450e-04 -7.870e-05 4.983e-04 0.000e+00
2041 -3.115e-04 6.451e-04 6.757e-04 0.000e+00
2042 1.803e-04 -8.366e-04 3.720e-04 0.000e+00
2043 4.162e-04 5.113e-04 -1.374e-03 0.000e+00
2044 -6.211e-05 -8.172e-04 9.550e-05 0.000e+00
2045 -9.581e-05 1.662e-04 8.991e-06 0.000e+00
2046 1.369e-03 5.901e-04 -1.830e-04 0.000e+00
2047 -9.296e-04 -5.112e-05 7.093e-04 0.000e+00
