Bin I L V PA
0 -9.559e-05 -5.958e-03 -8.406e-03 0.000e+00
1 4.975e-03 -1.216e-02 8.422e-03 0.000e+00
2 -3.283e-03 -9.170e-03 4.041e-03 0.000e+00
3 -2.176e-03 -2.791e-03 1.975e-02 0.000e+00
4 -2.641e-03 1.025e-02 1.928e-03 0.000e+00
5 9.014e-03 -8.566e-03 1.077e-02 0.000e+00
6 2.922e-03 6.393e-03 -1.388e-02 0.000e+00
7 -1.288e-02 -1.165e-02 -1.540e-03 0.000e+00
8 -1.052e-02 -1.050e-02 4.944e-03 0.000e+00
9 1.687e-02 -9.924e-03 3.047e-03 0.000e+00
10 9.855e-03 4.478e-03 9.895e-03 0.000e+00
11 3.106e-03 -1.237e-02 5.674e-03 0.000e+00
12 -1.235e-02 1.277e-03 -7.753e-03 0.000e+00
13 1.054e-02 1.334e-02 4.920e-03 1.491e+02
14 -5.039e-03 2.021e-02 1.360e-02 9.071e+01
15 5.310e-03 -3.691e-04 -3.109e-03 0.000e+00
16 -5.069e-03 1.708e-03 -1.668e-02 0.000e+00
17 -8.114e-04 1.685e-02 4.838e-03 9.648e+01
18 -5.644e-03 -1.224e-02 5.725e-04 0.000e+00
19 9.843e-03 1.498e-02 3.241e-03 1.226e+02
20 5.540e-03 -9.909e-03 1.452e-03 0.000e+00
21 1.137e-02 -1.311e-02 7.128e-04 0.000e+00
22 6.680e-03 8.899e-03 -1.770e-03 0.000e+00
23 1.228e-02 1.059e-02 -5.125e-03 0.000e+00
24 2.828e-04 -1.267e-02 -4.630e-03 0.000e+00
25 1.418e-03 8.206e-03 8.658e-05 0.000e+00
26 5.965e-03 -7.189e-03 -9.180e-03 0.000e+00
27 -7.605e-04 -8.691e-03 5.650e-03 0.000e+00
28 1.234e-02 -1.202e-02 1.434e-02 0.000e+00
29 -6.148e-03 -1.302e-02 9.529e-03 0.000e+00
30 -1.110e-02 3.197e-05 -1.885e-03 0.000e+00
31 -1.041e-03 5.442e-03 -2.004e-03 0.000e+00
32 5.537e-03 -1.749e-03 8.161e-03 0.000e+00
33 2.373e-03 1.117e-02 1.615e-02 0.000e+00
34 -1.685e-02 1.905e-02 -3.131e-03 1.089e+02
35 1.668e-02 2.533e-04 1.009e-02 0.000e+00
36 9.530e-03 -1.072e-02 -7.617e-04 0.000e+00
37 9.131e-03 5.318e-03 -5.555e-03 0.000e+00
38 4.713e-03 1.070e-02 -1.153e-02 0.000e+00
39 1.428e-03 -8.963e-03 -1.671e-02 0.000e+00
40 3.057e-03 -1.047e-02 2.412e-03 0.000e+00
41 -1.097e-02 1.176e-02 -8.156e-03 0.000e+00
42 -1.258e-03 1.448e-03 -1.381e-03 0.000e+00
43 7.789e-04 -5.041e-05 5.554e-03 0.000e+00
44 2.853e-03 -1.002e-02 8.865e-03 0.000e+00
45 -4.395e-04 -1.465e-03 -2.245e-03 0.000e+00
46 1.914e-02 3.822e-03 -1.226e-02 0.000e+00
47 1.088e-02 -1.168e-02 6.639e-03 0.000e+00
48 4.369e-03 -1.211e-02 2.033e-03 0.000e+00
49 -2.518e-03 -9.421e-03 4.617e-03 0.000e+00
50 7.393e-04 -7.027e-03 4.641e-03 0.000e+00
51 8.563e-03 -1.297e-02 -9.348e-03 0.000e+00
52 -2.700e-03 8.879e-04 -1.182e-02 0.000e+00
53 -3.623e-03 8.353e-03 -3.615e-03 0.000e+00
54 5.045e-03 -1.086e-02 -2.363e-02 0.000e+00
55 4.943e-03 6.862e-03 -1.694e-03 0.000e+00
56 -1.047e-02 1.206e-02 4.639e-03 0.000e+00
57 9.214e-03 -1.312e-02 -1.676e-02 0.000e+00
58 4.569e-03 7.548e-04 3.994e-03 0.000e+00
59 7.391e-03 7.167e-03 2.328e-03 0.000e+00
60 4.256e-03 -1.222e-02 -3.536e-03 0.000e+00
61 3.671e-03 -1.079e-02 -2.567e-02 0.000e+00
62 -8.785e-03 -9.825e-03 8.749e-03 0.000e+00
63 -7.360e-04 2.304e-03 1.416e-02 0.000e+00
64 5.098e-03 1.001e-02 4.106e-03 0.000e+00
65 5.552e-03 -2.424e-03 6.058e-03 0.000e+00
66 -6.039e-03 -1.219e-02 3.826e-03 0.000e+00
67 -2.809e-04 5.002e-03 1.668e-02 0.000e+00
68 -1.788e-02 -2.609e-03 1.319e-02 0.000e+00
69 9.745e-04 -1.140e-02 -9.483e-03 0.000e+00
70 3.840e-03 -1.297e-02 1.841e-02 0.000e+00
71 -1.289e-02 5.033e-03 -2.493e-03 0.000e+00
72 -6.952e-03 1.609e-03 -1.577e-02 0.000e+00
73 8.950e-04 -9.877e-03 -1.087e-02 0.000e+00
74 -1.037e-02 1.151e-03 -6.602e-03 0.000e+00
75 6.337e-03 7.092e-03 -1.020e-02 0.000e+00
76 4.531e-03 -1.012e-02 -1.075e-02 0.000e+00
77 -7.218e-03 2.085e-02 -1.012e-02 9.281e+01
78 2.468e-03 7.636e-03 1.364e-02 0.000e+00
79 2.859e-03 -1.223e-02 -9.961e-03 0.000e+00
80 -8.142e-04 2.529e-03 3.674e-03 0.000e+00
81 8.225e-03 -1.264e-02 2.051e-03 0.000e+00
82 -3.484e-03 -5.181e-04 -6.027e-03 0.000e+00
83 6.330e-03 -2.616e-03 -4.091e-03 0.000e+00
84 1.544e-03 5.735e-03 -1.171e-02 0.000e+00
85 -8.705e-03 1.723e-03 -1.198e-02 0.000e+00
86 -1.395e-02 3.366e-03 1.912e-02 0.000e+00
87 1.935e-03 -1.903e-03 1.065e-03 0.000e+00
88 5.787e-03 8.225e-03 -2.434e-03 0.000e+00
89 -1.584e-03 -1.198e-02 -3.912e-03 0.000e+00
90 -2.146e-03 -8.963e-04 -5.499e-04 0.000e+00
91 6.114e-03 8.969e-03 -3.596e-03 0.000e+00
92 6.475e-03 1.233e-02 -5.029e-03 0.000e+00
93 -1.190e-02 6.692e-03 9.534e-03 0.000e+00
94 6.238e-03 -9.349e-03 1.092e-02 0.000e+00
95 4.395e-03 -7.933e-04 -2.059e-03 0.000e+00
96 1.883e-03 5.885e-03 -1.262e-02 0.000e+00
97 -1.258e-02 -1.256e-02 1.159e-02 0.000e+00
98 2.847e-03 8.701e-03 6.018e-03 0.000e+00
99 -5.760e-03 5.548e-03 2.007e-03 0.000e+00
100 4.366e-03 -9.611e-03 1.224e-02 0.000e+00
101 -2.769e-03 -1.283e-02 1.186e-02 0.000e+00
102 3.867e-03 1.148e-02 6.038e-03 0.000e+00
103 7.153e-03 5.076e-03 5.543e-04 0.000e+00
104 4.361e-03 -8.970e-04 -7.358e-03 0.000e+00
105 -9.192e-03 -1.183e-02 -2.109e-02 0.000e+00
106 1.432e-02 -1.193e-02 5.798e-03 0.000e+00
107 4.436e-03 8.434e-03 -1.780e-03 0.000e+00
108 9.750e-03 -3.241e-03 -9.903e-03 0.000e+00
109 -2.125e-03 -1.213e-02 -2.281e-03 0.000e+00
110 -5.035e-03 -1.143e-02 -4.596e-03 0.000e+00
111 -2.043e-03 -1.065e-02 6.278e-03 0.000e+00
112 8.326e-03 -1.268e-02 1.335e-02 0.000e+00
113 1.195e-02 -2.739e-03 4.877e-03 0.000e+00
114 3.651e-04 -1.263e-02 5.218e-04 0.000e+00
115 1.395e-02 9.209e-03 -1.919e-02 0.000e+00
116 5.339e-03 -1.255e-02 -2.740e-03 0.000e+00
117 6.021e-03 -1.216e-02 0.000e+00 0.000e+00
118 2.413e-03 -9.918e-03 9.133e-03 0.000e+00
119 4.545e-03 -9.876e-03 -6.308e-03 0.000e+00
120 3.678e-03 -1.222e-02 -6.376e-04 0.000e+00
121 9.503e-03 9.756e-03 3.813e-03 0.000e+00
122 6.689e-03 -1.018e-02 1.205e-03 0.000e+00
123 4.333e-03 2.807e-03 -4.102e-05 0.000e+00
124 5.369e-03 5.762e-03 -7.033e-03 0.000e+00
125 -9.052e-03 -1.159e-02 1.640e-02 0.000e+00
126 -6.048e-03 -1.184e-02 1.200e-02 0.000e+00
127 -3.247e-03 1.251e-02 1.977e-03 0.000e+00
128 7.711e-03 -1.262e-02 1.164e-03 0.000e+00
129 1.377e-03 5.463e-04 2.805e-03 0.000e+00
130 -1.538e-02 -1.301e-02 4.621e-03 0.000e+00
131 3.498e-03 -1.304e-02 2.291e-02 0.000e+00
132 8.501e-03 -1.083e-02 1.175e-04 0.000e+00
133 8.161e-03 1.470e-02 1.635e-03 3.604e+01
134 -1.074e-02 -1.071e-02 1.614e-03 0.000e+00
135 7.401e-03 2.888e-03 -1.259e-02 0.000e+00
136 1.804e-03 2.575e-03 -7.234e-03 0.000e+00
137 8.429e-03 -1.281e-02 1.054e-03 0.000e+00
138 -4.803e-03 -1.277e-02 -1.369e-02 0.000e+00
139 -5.003e-04 7.912e-03 -8.679e-03 0.000e+00
140 2.794e-03 -9.709e-03 -4.727e-03 0.000e+00
141 9.386e-03 1.373e-02 1.859e-03 1.261e+02
142 -1.296e-04 6.417e-03 5.912e-03 0.000e+00
143 2.612e-03 6.764e-04 -1.933e-02 0.000e+00
144 1.048e-02 2.593e-03 2.034e-03 0.000e+00
145 1.753e-02 -1.297e-02 1.189e-02 0.000e+00
146 2.056e-03 -2.343e-03 -5.648e-03 0.000e+00
147 1.131e-02 1.406e-02 -9.735e-04 5.462e+01
148 4.108e-03 7.272e-03 1.028e-02 0.000e+00
149 8.287e-03 1.793e-03 -9.894e-03 0.000e+00
150 3.276e-03 1.894e-03 2.882e-03 0.000e+00
151 2.377e-03 -7.263e-04 -8.273e-03 0.000e+00
152 8.257e-03 -1.155e-02 -1.773e-03 0.000e+00
153 6.872e-03 5.367e-03 4.642e-03 0.000e+00
154 -2.516e-03 -6.300e-03 -1.054e-02 0.000e+00
155 -6.552e-04 7.765e-03 8.810e-03 0.000e+00
156 9.095e-03 4.587e-03 -2.085e-03 0.000e+00
157 1.187e-02 -1.078e-02 -5.553e-03 0.000e+00
158 6.168e-03 1.079e-02 1.102e-02 0.000e+00
159 -3.539e-03 6.782e-03 3.395e-03 0.000e+00
160 1.127e-03 1.333e-03 -8.157e-03 0.000e+00
161 -1.024e-02 1.669e-02 1.802e-03 1.112e+02
162 2.504e-03 8.491e-03 -9.472e-03 0.000e+00
163 5.157e-03 1.327e-02 -9.314e-03 1.598e+02
164 1.417e-02 7.290e-03 3.757e-03 0.000e+00
165 6.227e-03 -1.140e-02 -6.249e-03 0.000e+00
166 -1.721e-03 1.809e-04 -2.336e-02 0.000e+00
167 1.182e-03 -2.123e-03 -5.113e-03 0.000e+00
168 -5.005e-03 -1.191e-02 3.481e-04 0.000e+00
169 3.176e-04 1.155e-02 7.124e-03 0.000e+00
170 -1.238e-04 5.059e-03 7.032e-03 0.000e+00
171 2.716e-02 5.294e-03 2.607e-03 0.000e+00
172 3.350e-03 1.721e-02 -2.663e-03 1.835e+02
173 3.979e-03 -1.109e-02 7.378e-04 0.000e+00
174 -3.470e-04 7.812e-03 -5.373e-03 0.000e+00
175 -1.699e-03 -9.177e-03 -1.319e-02 0.000e+00
176 2.147e-03 -1.256e-02 1.728e-02 0.000e+00
177 4.875e-03 -1.031e-02 -8.825e-03 0.000e+00
178 8.590e-03 -1.234e-02 1.574e-03 0.000e+00
179 4.536e-03 1.919e-03 2.374e-03 0.000e+00
180 -2.618e-03 -1.078e-02 8.951e-03 0.000e+00
181 4.730e-03 -1.457e-03 1.827e-02 0.000e+00
182 -1.236e-02 -1.246e-02 -6.180e-03 0.000e+00
183 1.979e-02 -1.069e-02 4.027e-03 0.000e+00
184 1.072e-02 -1.303e-02 1.214e-02 0.000e+00
185 -3.163e-03 4.671e-03 -1.328e-03 0.000e+00
186 -7.285e-03 -8.852e-03 2.843e-03 0.000e+00
187 -7.297e-03 1.519e-02 -1.259e-02 5.523e+01
188 9.361e-04 1.006e-02 1.519e-03 0.000e+00
189 8.741e-03 7.889e-03 2.506e-03 0.000e+00
190 1.256e-02 -1.304e-02 1.315e-02 0.000e+00
191 -5.637e-03 -1.006e-02 5.326e-03 0.000e+00
192 6.686e-03 -1.224e-02 1.580e-03 0.000e+00
193 2.802e-03 -1.313e-02 5.253e-03 0.000e+00
194 7.780e-04 -1.011e-02 -6.542e-03 0.000e+00
195 3.335e-03 3.642e-03 1.065e-02 0.000e+00
196 -2.159e-03 7.916e-03 -2.013e-03 0.000e+00
197 -2.389e-03 -1.278e-02 -1.600e-03 0.000e+00
198 -1.567e-03 -1.267e-02 2.060e-02 0.000e+00
199 8.350e-03 -1.158e-02 3.806e-03 0.000e+00
200 5.292e-04 -8.687e-04 1.048e-02 0.000e+00
201 -1.408e-02 4.180e-03 4.711e-03 0.000e+00
202 -1.885e-02 3.854e-03 -3.933e-03 0.000e+00
203 -2.175e-02 -2.731e-03 1.696e-02 0.000e+00
204 -4.659e-03 -8.565e-03 1.419e-02 0.000e+00
205 -1.828e-02 1.223e-02 -1.148e-02 0.000e+00
206 1.927e-03 9.021e-03 -2.149e-02 0.000e+00
207 -1.268e-02 -1.095e-02 -2.023e-03 0.000e+00
208 -7.877e-03 -9.075e-03 2.999e-03 0.000e+00
209 -1.636e-02 -1.266e-02 -5.260e-03 0.000e+00
210 -1.528e-02 -9.062e-04 1.029e-02 0.000e+00
211 -7.687e-03 -8.892e-03 -8.034e-04 0.000e+00
212 9.976e-03 1.283e-02 1.652e-03 0.000e+00
213 -2.978e-03 1.098e-02 -1.873e-02 0.000e+00
214 2.095e-03 -7.995e-03 1.018e-02 0.000e+00
215 -1.270e-02 9.746e-03 1.936e-03 0.000e+00
216 5.009e-03 -1.142e-02 3.760e-03 0.000e+00
217 9.950e-03 1.112e-02 8.423e-03 0.000e+00
218 4.088e-03 5.579e-03 -7.545e-03 0.000e+00
219 -2.301e-03 1.061e-03 -8.077e-03 0.000e+00
220 -1.319e-02 -9.933e-03 -5.424e-03 0.000e+00
221 -1.089e-02 -9.328e-03 1.859e-03 0.000e+00
222 -6.739e-03 2.097e-03 -6.767e-03 0.000e+00
223 -1.774e-02 9.451e-03 1.369e-02 0.000e+00
224 -1.112e-03 1.455e-02 -9.024e-03 1.805e+01
225 -1.806e-03 -9.846e-03 -6.120e-03 0.000e+00
226 -1.016e-02 -9.661e-03 1.571e-02 0.000e+00
227 -1.316e-02 -1.316e-02 -3.048e-03 0.000e+00
228 -9.212e-03 4.099e-03 1.411e-03 0.000e+00
229 -2.920e-03 5.208e-03 -2.690e-03 0.000e+00
230 -1.171e-02 1.266e-02 3.998e-03 0.000e+00
231 6.981e-03 1.280e-03 3.158e-03 0.000e+00
232 -1.448e-02 1.442e-02 1.993e-03 1.956e+02
233 -7.143e-03 -1.106e-02 1.449e-03 0.000e+00
234 -6.843e-03 9.899e-03 1.738e-02 0.000e+00
235 2.787e-04 1.279e-02 -5.761e-03 0.000e+00
236 -3.814e-03 3.527e-03 -1.013e-02 0.000e+00
237 1.728e-03 5.232e-03 -8.949e-03 0.000e+00
238 -1.906e-02 -1.170e-02 -2.837e-03 0.000e+00
239 -7.088e-03 -1.266e-02 1.112e-02 0.000e+00
240 -4.158e-03 8.491e-03 -4.920e-03 0.000e+00
241 -5.003e-03 -1.015e-02 5.365e-03 0.000e+00
242 1.351e-03 6.973e-03 5.261e-03 0.000e+00
243 5.579e-03 -1.298e-02 -2.068e-02 0.000e+00
244 -5.346e-03 -5.867e-03 8.609e-03 0.000e+00
245 -8.907e-03 -1.233e-02 9.903e-03 0.000e+00
246 -1.270e-02 -1.198e-02 -3.054e-04 0.000e+00
247 -1.718e-02 -2.510e-03 1.503e-02 0.000e+00
248 -1.912e-02 -5.540e-04 1.323e-02 0.000e+00
249 -1.593e-02 6.511e-03 1.148e-02 0.000e+00
250 6.237e-05 -2.222e-03 7.740e-03 0.000e+00
251 -6.894e-03 1.442e-02 -7.305e-03 8.530e+01
252 -1.197e-02 1.911e-03 1.564e-02 0.000e+00
253 -3.933e-03 -1.188e-02 5.154e-03 0.000e+00
254 4.401e-03 1.187e-02 -4.856e-03 0.000e+00
255 3.407e-03 1.142e-02 5.197e-03 0.000e+00
256 -6.920e-03 -1.064e-02 1.145e-02 0.000e+00
257 8.087e-03 1.359e-03 7.475e-03 0.000e+00
258 -5.125e-03 4.070e-03 5.203e-03 0.000e+00
259 -1.296e-02 3.445e-03 -1.593e-03 0.000e+00
260 -9.735e-03 2.692e-03 8.348e-03 0.000e+00
261 -6.481e-03 3.155e-03 -8.492e-03 0.000e+00
262 2.938e-03 -1.595e-03 1.519e-02 0.000e+00
263 -1.549e-02 -1.026e-02 -3.338e-03 0.000e+00
264 7.767e-04 2.639e-03 8.061e-03 0.000e+00
265 6.355e-03 -8.011e-03 8.217e-03 0.000e+00
266 5.175e-03 -1.270e-02 1.212e-02 0.000e+00
267 -1.798e-02 9.767e-03 1.649e-02 0.000e+00
268 -1.423e-02 3.845e-03 1.235e-02 0.000e+00
269 1.125e-02 -1.154e-02 6.609e-04 0.000e+00
270 -2.464e-02 3.979e-03 1.674e-02 0.000e+00
271 -1.394e-02 -1.026e-02 3.181e-03 0.000e+00
272 -8.630e-03 -1.031e-02 6.188e-03 0.000e+00
273 -1.776e-02 5.353e-03 1.211e-02 0.000e+00
274 -4.917e-03 -9.548e-03 7.279e-03 0.000e+00
275 4.996e-03 9.797e-03 6.475e-03 0.000e+00
276 -1.528e-03 -1.127e-02 -1.653e-04 0.000e+00
277 -2.103e-02 1.718e-03 9.553e-03 0.000e+00
278 -6.805e-03 -9.949e-03 5.330e-03 0.000e+00
279 3.275e-03 3.233e-03 -5.108e-03 0.000e+00
280 1.487e-03 5.875e-03 9.525e-03 0.000e+00
281 1.188e-02 -1.317e-02 -3.080e-04 0.000e+00
282 -7.734e-03 -1.146e-02 7.841e-03 0.000e+00
283 -8.306e-03 -9.857e-03 1.808e-02 0.000e+00
284 -9.601e-03 -1.237e-02 1.302e-02 0.000e+00
285 5.424e-04 7.901e-03 -1.472e-02 0.000e+00
286 -1.456e-02 6.184e-03 1.296e-04 0.000e+00
287 2.925e-03 -1.318e-02 2.134e-03 0.000e+00
288 -2.528e-02 5.238e-03 7.639e-03 0.000e+00
289 -6.066e-03 1.076e-02 2.807e-03 0.000e+00
290 -9.748e-03 5.678e-03 6.166e-03 0.000e+00
291 -2.364e-03 -1.315e-02 -2.097e-03 0.000e+00
292 1.047e-03 1.259e-02 -7.226e-03 0.000e+00
293 -4.523e-03 1.175e-02 -1.124e-02 0.000e+00
294 1.092e-02 -1.282e-02 -1.837e-02 0.000e+00
295 -5.561e-03 -9.081e-03 -3.489e-03 0.000e+00
296 -3.251e-03 8.746e-03 2.023e-03 0.000e+00
297 -1.431e-02 1.170e-02 -4.893e-03 0.000e+00
298 -4.115e-03 1.093e-02 -8.823e-03 0.000e+00
299 -2.970e-03 -9.073e-03 -1.053e-02 0.000e+00
300 2.566e-03 4.467e-03 6.035e-03 0.000e+00
301 8.723e-03 1.369e-02 5.745e-04 1.219e+02
302 -6.237e-03 1.752e-03 -7.144e-03 0.000e+00
303 5.538e-04 -8.683e-03 -7.211e-03 0.000e+00
304 5.004e-04 8.324e-03 1.982e-02 0.000e+00
305 -1.633e-02 -1.099e-02 6.598e-03 0.000e+00
306 9.758e-03 -1.105e-02 -7.921e-03 0.000e+00
307 -4.382e-03 4.615e-03 -3.358e-03 0.000e+00
308 -9.904e-03 6.841e-03 -1.030e-02 0.000e+00
309 1.003e-03 7.615e-03 -2.650e-03 0.000e+00
310 -6.786e-03 -7.346e-03 -1.510e-02 0.000e+00
311 -1.641e-02 -1.175e-02 -1.808e-03 0.000e+00
312 -6.506e-04 -1.243e-02 5.253e-04 0.000e+00
313 -9.995e-03 8.355e-03 5.116e-03 0.000e+00
314 3.754e-03 -1.210e-02 1.872e-02 0.000e+00
315 7.706e-03 -1.107e-02 -1.710e-03 0.000e+00
316 3.389e-03 -1.223e-02 7.244e-03 0.000e+00
317 4.133e-03 1.914e-02 9.956e-03 1.168e+02
318 -2.535e-03 -8.989e-03 -1.252e-02 0.000e+00
319 5.133e-03 7.964e-03 1.380e-02 0.000e+00
320 1.864e-03 2.458e-03 8.629e-03 0.000e+00
321 -1.759e-02 9.929e-03 2.089e-02 0.000e+00
322 -2.742e-04 -1.617e-04 1.005e-03 0.000e+00
323 -5.869e-03 -9.920e-03 2.234e-03 0.000e+00
324 -1.718e-03 -1.025e-02 1.326e-03 0.000e+00
325 -5.211e-03 -9.740e-04 -6.883e-03 0.000e+00
326 -6.908e-03 -8.124e-03 2.774e-03 0.000e+00
327 2.713e-03 -1.309e-02 -2.665e-03 0.000e+00
328 5.388e-03 2.571e-03 -9.768e-04 0.000e+00
329 -1.203e-02 2.097e-03 -1.157e-02 0.000e+00
330 -1.134e-03 -8.335e-04 1.684e-02 0.000e+00
331 -6.335e-03 9.029e-05 -1.404e-03 0.000e+00
332 -4.195e-03 1.429e-02 -1.113e-02 1.518e+02
333 -1.318e-02 -6.982e-03 8.155e-03 0.000e+00
334 -2.475e-03 5.040e-03 1.587e-03 0.000e+00
335 9.834e-03 6.044e-03 3.249e-03 0.000e+00
336 -2.011e-02 -1.234e-02 5.790e-03 0.000e+00
337 -1.309e-03 6.659e-05 4.615e-03 0.000e+00
338 -2.719e-03 -1.162e-02 1.313e-02 0.000e+00
339 -3.261e-03 7.134e-03 1.654e-02 0.000e+00
340 -4.503e-03 -1.152e-02 3.780e-03 0.000e+00
341 -1.297e-03 -7.336e-03 6.822e-03 0.000e+00
342 7.952e-03 1.587e-03 4.339e-03 0.000e+00
343 -3.934e-03 7.108e-03 9.627e-03 0.000e+00
344 -1.185e-02 1.299e-02 8.424e-03 0.000e+00
345 4.127e-03 5.007e-03 1.648e-02 0.000e+00
346 -1.286e-02 -1.283e-02 1.015e-05 0.000e+00
347 -1.509e-02 1.422e-03 1.872e-02 0.000e+00
348 -8.299e-03 -1.197e-02 1.008e-02 0.000e+00
349 -7.623e-03 -1.153e-02 -6.975e-03 0.000e+00
350 -1.290e-02 1.172e-03 6.354e-03 0.000e+00
351 -6.065e-03 -1.249e-02 1.304e-02 0.000e+00
352 -9.062e-03 -1.371e-03 -9.048e-03 0.000e+00
353 -1.135e-02 -1.101e-02 -8.798e-03 0.000e+00
354 6.400e-04 -7.797e-03 1.671e-02 0.000e+00
355 -1.224e-03 -1.309e-02 3.637e-03 0.000e+00
356 -6.061e-03 -1.222e-02 1.080e-02 0.000e+00
357 6.420e-03 1.466e-02 1.105e-02 1.370e+02
358 -1.046e-02 -1.024e-02 -1.096e-02 0.000e+00
359 -3.076e-02 -1.042e-02 9.724e-03 0.000e+00
360 -1.141e-02 1.057e-03 1.248e-03 0.000e+00
361 -1.417e-02 -1.201e-02 1.380e-02 0.000e+00
362 -4.818e-03 1.107e-02 9.092e-03 0.000e+00
363 -2.433e-03 -5.899e-03 8.232e-03 0.000e+00
364 -9.991e-03 1.558e-02 6.554e-03 1.120e+02
365 -1.330e-02 4.986e-03 1.523e-02 0.000e+00
366 -1.153e-02 1.029e-02 -2.608e-03 0.000e+00
367 1.075e-02 1.021e-02 -5.864e-03 0.000e+00
368 -1.065e-02 3.496e-03 -4.849e-03 0.000e+00
369 2.966e-03 -1.297e-02 -4.616e-03 0.000e+00
370 -4.738e-03 1.090e-02 -8.340e-03 0.000e+00
371 1.932e-03 -8.442e-03 -6.242e-03 0.000e+00
372 5.195e-04 -1.077e-03 -1.812e-02 0.000e+00
373 -4.956e-03 4.353e-03 -1.530e-03 0.000e+00
374 -1.796e-03 1.210e-02 -9.461e-03 0.000e+00
375 3.959e-03 1.191e-02 1.327e-02 0.000e+00
376 -9.631e-03 4.345e-03 1.681e-02 0.000e+00
377 9.484e-03 -1.274e-02 -1.095e-03 0.000e+00
378 1.453e-02 8.759e-03 4.452e-03 0.000e+00
379 5.840e-03 1.333e-02 3.980e-03 1.885e+02
380 -1.033e-02 -9.666e-03 3.730e-03 0.000e+00
381 -1.105e-03 -8.193e-03 2.116e-02 0.000e+00
382 -6.304e-03 1.639e-03 7.789e-03 0.000e+00
383 -1.550e-02 -9.317e-03 1.947e-02 0.000e+00
384 -1.867e-02 6.740e-03 1.367e-02 0.000e+00
385 -6.722e-03 -2.437e-04 -5.263e-03 0.000e+00
386 5.485e-03 -1.062e-02 9.984e-03 0.000e+00
387 -2.205e-03 -9.911e-03 -1.054e-04 0.000e+00
388 5.337e-03 -5.677e-03 1.732e-02 0.000e+00
389 -2.461e-02 2.078e-02 -4.367e-03 1.486e+02
390 2.182e-03 -7.537e-03 1.011e-02 0.000e+00
391 -3.002e-03 8.955e-03 -5.182e-03 0.000e+00
392 1.827e-02 -6.943e-03 1.678e-02 0.000e+00
393 -9.808e-03 1.505e-02 -1.157e-02 1.184e+02
394 -4.138e-03 -1.116e-02 -2.655e-03 0.000e+00
395 7.172e-03 9.327e-04 6.692e-03 0.000e+00
396 7.669e-03 1.772e-02 7.136e-03 1.292e+02
397 1.620e-02 8.889e-03 7.569e-03 0.000e+00
398 7.498e-03 2.419e-03 4.901e-03 0.000e+00
399 -1.053e-02 -1.019e-02 2.274e-03 0.000e+00
400 1.169e-02 -1.308e-02 -3.540e-03 0.000e+00
401 -2.349e-03 -1.133e-02 -5.230e-03 0.000e+00
402 -1.952e-02 -1.129e-02 -4.180e-03 0.000e+00
403 2.511e-03 -1.200e-02 2.818e-03 0.000e+00
404 1.107e-02 7.527e-03 -4.613e-03 0.000e+00
405 7.109e-03 -1.218e-03 -6.487e-03 0.000e+00
406 3.123e-03 1.886e-02 -1.436e-02 1.192e+02
407 3.499e-03 -5.408e-04 3.910e-03 0.000e+00
408 -1.474e-03 1.729e-03 2.394e-02 0.000e+00
409 1.314e-03 -9.519e-03 7.596e-03 0.000e+00
410 5.637e-03 -1.127e-02 4.286e-04 0.000e+00
411 7.294e-03 -1.025e-02 -1.785e-02 0.000e+00
412 6.440e-03 -1.016e-03 -2.752e-02 0.000e+00
413 -4.747e-03 1.775e-03 1.143e-03 0.000e+00
414 -1.138e-02 -8.945e-03 3.289e-03 0.000e+00
415 -1.180e-02 1.125e-02 5.188e-03 0.000e+00
416 1.688e-02 7.793e-04 -3.397e-03 0.000e+00
417 1.465e-02 -9.772e-03 7.539e-03 0.000e+00
418 1.221e-02 -1.012e-02 1.025e-02 0.000e+00
419 9.257e-03 7.205e-03 3.949e-03 0.000e+00
420 1.187e-02 -1.289e-02 -7.517e-03 0.000e+00
421 2.007e-02 -1.001e-02 -8.743e-03 0.000e+00
422 1.757e-02 -1.211e-02 8.291e-05 0.000e+00
423 3.118e-02 3.015e-03 -7.131e-03 0.000e+00
424 3.303e-02 1.152e-02 -4.498e-04 0.000e+00
425 2.645e-02 1.259e-02 -6.757e-03 0.000e+00
426 4.549e-02 2.332e-03 2.705e-04 0.000e+00
427 6.864e-02 -9.792e-04 -2.557e-03 0.000e+00
428 8.199e-02 1.098e-02 8.045e-03 0.000e+00
429 9.289e-02 3.494e-02 2.105e-02 2.019e+01
430 9.785e-02 3.919e-02 9.228e-03 2.250e+01
431 1.389e-01 6.007e-02 -1.249e-03 2.939e+01
432 1.688e-01 6.107e-02 -1.112e-02 3.053e+01
433 1.839e-01 7.629e-02 7.270e-03 3.647e+01
434 1.828e-01 8.371e-02 -3.240e-03 3.347e+01
435 2.104e-01 1.091e-01 -4.948e-03 3.977e+01
436 2.141e-01 1.176e-01 -6.777e-03 3.889e+01
437 2.116e-01 1.004e-01 8.328e-03 4.211e+01
438 2.060e-01 9.408e-02 1.289e-02 4.676e+01
439 1.943e-01 9.874e-02 9.618e-03 5.233e+01
440 1.882e-01 1.102e-01 3.015e-02 6.016e+01
441 1.650e-01 9.712e-02 1.789e-02 5.807e+01
442 1.734e-01 1.062e-01 3.311e-02 6.241e+01
443 1.572e-01 1.033e-01 2.925e-02 7.480e+01
444 1.671e-01 8.987e-02 4.487e-02 8.449e+01
445 1.713e-01 8.280e-02 3.632e-02 8.659e+01
446 1.751e-01 7.679e-02 7.478e-02 9.666e+01
447 1.940e-01 8.260e-02 4.449e-02 1.093e+02
448 1.799e-01 8.109e-02 7.542e-02 1.171e+02
449 1.901e-01 8.761e-02 5.433e-02 1.325e+02
450 2.013e-01 9.011e-02 6.423e-02 1.420e+02
451 2.135e-01 8.154e-02 5.685e-02 1.518e+02
452 2.179e-01 9.187e-02 5.981e-02 1.606e+02
453 2.436e-01 1.104e-01 4.121e-02 1.641e+02
454 2.602e-01 1.059e-01 2.770e-02 1.695e+02
455 2.947e-01 9.819e-02 1.044e-02 1.769e+02
456 3.571e-01 9.427e-02 -2.677e-02 1.819e+02
457 4.087e-01 9.939e-02 -4.747e-02 1.973e+02
458 5.192e-01 1.099e-01 -6.308e-02 3.343e+01
459 6.718e-01 1.164e-01 -2.928e-02 4.378e+01
460 8.919e-01 1.791e-01 -6.892e-02 3.900e+01
461 9.539e-01 1.929e-01 -1.009e-01 4.737e+01
462 1.000e+00 2.836e-01 -9.338e-02 5.582e+01
463 9.830e-01 3.083e-01 -5.862e-02 5.979e+01
464 7.877e-01 2.064e-01 -2.708e-02 5.717e+01
465 5.904e-01 9.139e-02 -1.046e-02 5.129e+01
466 4.394e-01 3.845e-02 -6.044e-03 4.966e+01
467 3.177e-01 2.533e-02 5.210e-03 3.925e+01
468 2.534e-01 1.614e-04 7.823e-03 0.000e+00
469 1.875e-01 7.575e-03 -7.919e-03 0.000e+00
470 1.677e-01 4.451e-03 1.422e-02 0.000e+00
471 1.212e-01 -2.550e-03 -1.486e-02 0.000e+00
472 1.061e-01 1.087e-02 2.868e-03 0.000e+00
473 8.072e-02 2.027e-02 7.024e-03 1.623e+02
474 7.628e-02 6.636e-03 1.179e-02 0.000e+00
475 4.352e-02 -1.252e-02 3.833e-03 0.000e+00
476 5.677e-02 1.229e-02 -2.386e-03 0.000e+00
477 3.965e-02 2.964e-03 -1.890e-02 0.000e+00
478 2.669e-02 2.033e-03 -3.731e-03 0.000e+00
479 3.541e-02 2.800e-03 -1.475e-02 0.000e+00
480 3.694e-02 -2.337e-03 -2.139e-02 0.000e+00
481 1.311e-02 9.058e-03 -7.257e-03 0.000e+00
482 1.219e-02 -1.244e-02 1.817e-02 0.000e+00
483 3.361e-03 -1.124e-02 -2.933e-03 0.000e+00
484 3.986e-03 8.426e-03 7.409e-04 0.000e+00
485 1.377e-02 7.657e-03 -8.950e-03 0.000e+00
486 -1.698e-02 1.038e-02 5.843e-03 0.000e+00
487 9.161e-03 3.473e-03 -8.259e-03 0.000e+00
488 -8.790e-03 9.457e-04 -2.120e-03 0.000e+00
489 7.038e-03 -1.234e-02 -1.197e-02 0.000e+00
490 8.961e-03 4.157e-03 -1.932e-02 0.000e+00
491 6.870e-03 4.738e-03 3.917e-03 0.000e+00
492 -4.555e-03 1.799e-03 6.078e-03 0.000e+00
493 1.650e-03 9.045e-03 -8.857e-03 0.000e+00
494 5.205e-03 4.312e-03 -1.092e-03 0.000e+00
495 5.145e-03 1.423e-02 -1.039e-02 1.566e+02
496 3.773e-03 2.465e-03 2.461e-03 0.000e+00
497 2.176e-03 8.153e-03 -7.822e-03 0.000e+00
498 9.967e-03 -2.380e-03 -4.739e-03 0.000e+00
499 -1.354e-02 1.223e-02 1.889e-03 0.000e+00
500 4.336e-03 1.327e-02 5.827e-04 1.632e+02
501 -4.352e-03 1.141e-03 -6.035e-03 0.000e+00
502 -2.263e-03 -9.267e-03 1.544e-02 0.000e+00
503 -3.650e-03 8.799e-03 -9.965e-04 0.000e+00
504 -3.694e-03 4.357e-03 -1.040e-02 0.000e+00
505 1.550e-03 9.897e-03 5.033e-03 0.000e+00
506 6.604e-04 -1.292e-02 -7.590e-03 0.000e+00
507 1.828e-02 1.744e-02 7.345e-03 1.584e+02
508 1.255e-03 -9.891e-03 1.159e-02 0.000e+00
509 9.608e-03 4.448e-03 -1.534e-02 0.000e+00
510 2.105e-03 -2.427e-03 9.401e-04 0.000e+00
511 9.024e-03 2.390e-03 7.253e-03 0.000e+00
512 1.239e-02 9.423e-03 -9.300e-03 0.000e+00
513 -2.911e-03 -5.976e-03 -4.430e-03 0.000e+00
514 1.014e-02 5.662e-03 -1.841e-02 0.000e+00
515 -2.480e-03 1.222e-03 3.617e-03 0.000e+00
516 -8.715e-03 9.055e-03 1.587e-02 0.000e+00
517 -7.733e-03 -1.265e-02 6.739e-03 0.000e+00
518 -4.040e-03 1.689e-02 9.027e-03 1.748e+02
519 1.442e-02 3.722e-03 -1.838e-03 0.000e+00
520 -2.778e-04 -1.064e-02 -9.955e-03 0.000e+00
521 3.799e-03 1.493e-02 -1.025e-02 2.009e+01
522 3.925e-03 -1.217e-02 1.283e-02 0.000e+00
523 2.615e-03 1.093e-02 -5.404e-04 0.000e+00
524 3.962e-04 1.090e-03 -9.169e-03 0.000e+00
525 1.680e-02 -1.155e-02 -9.581e-03 0.000e+00
526 -4.092e-03 2.686e-03 -1.826e-02 0.000e+00
527 9.516e-03 8.328e-03 1.064e-02 0.000e+00
528 4.733e-04 5.968e-03 5.107e-03 0.000e+00
529 5.051e-03 -7.614e-03 1.864e-02 0.000e+00
530 1.749e-02 1.974e-03 3.634e-03 0.000e+00
531 -5.426e-03 2.732e-03 -4.973e-03 0.000e+00
532 -2.190e-02 -8.474e-03 6.238e-03 0.000e+00
533 -1.242e-02 5.304e-03 -1.185e-02 0.000e+00
534 8.133e-04 4.048e-04 -5.187e-03 0.000e+00
535 -3.278e-03 3.107e-03 -8.164e-03 0.000e+00
536 3.587e-05 4.077e-03 1.272e-03 0.000e+00
537 8.863e-03 -9.793e-03 -4.285e-03 0.000e+00
538 -6.754e-03 9.041e-03 2.448e-03 0.000e+00
539 5.614e-03 1.443e-02 -5.767e-03 1.664e+02
540 -7.687e-03 1.003e-02 2.377e-03 0.000e+00
541 -3.066e-03 -1.090e-02 -8.215e-04 0.000e+00
542 -6.980e-03 5.836e-03 -9.030e-03 0.000e+00
543 -1.563e-02 7.096e-03 1.774e-02 0.000e+00
544 -1.278e-02 2.125e-03 1.767e-03 0.000e+00
545 -4.952e-03 -1.213e-02 2.658e-03 0.000e+00
546 -1.228e-02 4.665e-03 -2.410e-03 0.000e+00
547 3.957e-03 8.994e-03 6.723e-03 0.000e+00
548 9.039e-03 -1.183e-02 8.753e-04 0.000e+00
549 -6.631e-03 6.674e-03 3.274e-03 0.000e+00
550 5.137e-03 -6.587e-03 9.993e-05 0.000e+00
551 -4.283e-03 2.112e-02 -1.083e-03 1.905e+02
552 1.200e-02 8.778e-03 -6.147e-03 0.000e+00
553 6.469e-03 -6.537e-03 -1.747e-02 0.000e+00
554 3.848e-03 1.189e-02 8.022e-03 0.000e+00
555 7.999e-03 -1.199e-02 -9.544e-03 0.000e+00
556 2.854e-03 -9.404e-03 -6.134e-03 0.000e+00
557 -1.047e-02 1.046e-02 -1.054e-02 0.000e+00
558 -8.298e-03 -5.258e-06 -7.598e-03 0.000e+00
559 6.198e-03 -3.206e-03 4.257e-03 0.000e+00
560 -1.897e-04 5.100e-03 -3.769e-03 0.000e+00
561 3.467e-04 -8.969e-03 -5.239e-03 0.000e+00
562 3.378e-03 7.694e-03 -2.233e-03 0.000e+00
563 8.033e-04 2.381e-03 2.638e-04 0.000e+00
564 6.694e-03 4.474e-03 -9.910e-03 0.000e+00
565 -1.096e-02 0.000e+00 -2.426e-03 0.000e+00
566 1.040e-03 4.108e-03 6.931e-03 0.000e+00
567 -1.506e-02 -3.414e-03 1.904e-02 0.000e+00
568 4.894e-03 6.608e-03 1.132e-02 0.000e+00
569 9.466e-04 -3.277e-04 4.240e-03 0.000e+00
570 9.042e-03 -1.074e-02 2.785e-03 0.000e+00
571 -3.058e-03 1.016e-02 1.101e-03 0.000e+00
572 -3.776e-03 -1.294e-02 1.563e-02 0.000e+00
573 8.935e-03 5.375e-03 -3.168e-03 0.000e+00
574 1.494e-03 -3.604e-03 1.061e-02 0.000e+00
575 3.115e-03 -9.729e-03 -1.153e-02 0.000e+00
576 -6.358e-03 -1.023e-02 -2.919e-03 0.000e+00
577 3.181e-03 -1.002e-02 6.671e-03 0.000e+00
578 5.085e-03 -1.002e-02 -3.708e-03 0.000e+00
579 4.669e-05 1.079e-02 9.961e-03 0.000e+00
580 -8.743e-03 -9.727e-03 -6.290e-03 0.000e+00
581 1.441e-02 -9.365e-03 2.750e-03 0.000e+00
582 -6.986e-03 -1.140e-02 -9.854e-03 0.000e+00
583 -1.075e-02 1.439e-02 1.078e-02 4.085e+01
584 2.095e-03 8.935e-03 6.979e-03 0.000e+00
585 -6.699e-03 -1.109e-02 1.185e-02 0.000e+00
586 -6.482e-03 1.252e-03 5.532e-03 0.000e+00
587 -2.406e-04 -1.157e-02 8.155e-03 0.000e+00
588 -2.330e-02 -9.525e-03 -3.529e-03 0.000e+00
589 -4.488e-04 -1.188e-02 2.585e-04 0.000e+00
590 -1.866e-04 -7.585e-03 1.185e-03 0.000e+00
591 1.367e-03 3.286e-03 -1.754e-02 0.000e+00
592 4.313e-03 1.008e-02 -1.594e-02 0.000e+00
593 -1.885e-03 -1.061e-02 -2.604e-02 0.000e+00
594 -2.293e-03 -4.062e-03 3.316e-03 0.000e+00
595 -4.471e-03 6.296e-03 -6.903e-03 0.000e+00
596 -4.263e-03 -1.119e-02 -9.816e-03 0.000e+00
597 -1.987e-03 1.220e-02 -6.328e-03 0.000e+00
598 -5.237e-03 3.904e-03 9.212e-03 0.000e+00
599 9.803e-03 -2.445e-04 -1.953e-03 0.000e+00
600 1.904e-03 6.753e-03 -9.132e-03 0.000e+00
601 -8.548e-03 1.324e-03 6.909e-03 0.000e+00
602 8.639e-03 -6.771e-03 3.430e-03 0.000e+00
603 -1.890e-03 1.122e-02 -1.614e-02 0.000e+00
604 -1.826e-03 9.632e-04 -5.318e-03 0.000e+00
605 -1.157e-02 -7.749e-03 -7.839e-04 0.000e+00
606 -2.002e-03 -1.183e-02 -6.914e-03 0.000e+00
607 1.097e-03 7.443e-03 3.960e-03 0.000e+00
608 -3.423e-03 2.437e-03 1.187e-03 0.000e+00
609 1.244e-02 4.034e-03 -6.231e-04 0.000e+00
610 -1.399e-02 -4.371e-03 1.335e-03 0.000e+00
611 -2.065e-03 -1.177e-02 -1.420e-02 0.000e+00
612 -6.363e-03 2.403e-03 1.298e-03 0.000e+00
613 -1.350e-02 4.444e-03 4.200e-03 0.000e+00
614 1.098e-02 4.444e-03 -3.324e-03 0.000e+00
615 3.587e-03 1.849e-03 3.918e-04 0.000e+00
616 6.902e-05 1.515e-02 -5.817e-03 1.521e+02
617 -5.189e-03 -9.312e-03 -5.408e-03 0.000e+00
618 -1.322e-02 8.484e-03 6.181e-03 0.000e+00
619 5.185e-03 -1.210e-02 -6.603e-03 0.000e+00
620 4.016e-04 6.944e-03 5.408e-03 0.000e+00
621 1.001e-02 8.844e-03 7.907e-03 0.000e+00
622 9.041e-03 -1.266e-02 3.893e-03 0.000e+00
623 3.154e-03 8.447e-03 -9.400e-03 0.000e+00
624 -6.042e-03 4.164e-03 1.528e-03 0.000e+00
625 1.621e-04 1.485e-03 2.655e-03 0.000e+00
626 5.302e-04 -1.144e-02 7.020e-03 0.000e+00
627 -2.091e-03 1.079e-03 3.898e-03 0.000e+00
628 -6.204e-04 -7.766e-03 9.398e-03 0.000e+00
629 4.161e-03 -1.317e-02 1.439e-02 0.000e+00
630 2.024e-02 -1.321e-02 -1.961e-03 0.000e+00
631 -1.281e-02 7.371e-03 -6.800e-03 0.000e+00
632 1.659e-03 -1.153e-02 -4.412e-03 0.000e+00
633 2.657e-03 -8.775e-03 -4.326e-03 0.000e+00
634 -6.756e-03 1.268e-02 1.903e-03 0.000e+00
635 -1.576e-03 -8.505e-03 -2.638e-04 0.000e+00
636 2.560e-03 -1.104e-02 8.923e-03 0.000e+00
637 -2.870e-03 8.141e-03 -4.192e-03 0.000e+00
638 -7.720e-03 -9.046e-04 -6.651e-03 0.000e+00
639 5.951e-03 -1.192e-02 -9.653e-03 0.000e+00
640 -1.947e-02 -1.185e-02 6.848e-03 0.000e+00
641 5.137e-03 -7.680e-03 -1.750e-04 0.000e+00
642 -5.807e-03 -2.962e-03 -6.986e-03 0.000e+00
643 -1.687e-02 7.892e-03 1.540e-03 0.000e+00
644 -1.019e-02 7.833e-04 2.596e-02 0.000e+00
645 -1.129e-02 1.627e-02 -9.086e-03 4.269e+01
646 2.021e-03 7.622e-03 -8.390e-04 0.000e+00
647 -6.479e-03 1.433e-02 -2.580e-03 1.079e+02
648 2.007e-02 -1.315e-02 -1.372e-02 0.000e+00
649 -1.067e-03 1.592e-02 -3.673e-03 1.381e+02
650 3.895e-03 -7.747e-03 -1.237e-02 0.000e+00
651 2.532e-03 -1.667e-03 6.293e-03 0.000e+00
652 -9.691e-04 -3.478e-03 -1.307e-03 0.000e+00
653 -1.109e-02 -1.548e-03 2.679e-03 0.000e+00
654 -1.709e-02 -2.781e-04 1.734e-03 0.000e+00
655 3.135e-03 1.392e-02 -5.724e-04 7.182e+01
656 -8.144e-03 4.400e-03 -3.618e-03 0.000e+00
657 -1.056e-02 -1.238e-02 -9.121e-03 0.000e+00
658 1.409e-02 9.208e-03 1.004e-02 0.000e+00
659 2.602e-02 1.073e-02 -4.056e-03 0.000e+00
660 4.120e-04 8.866e-03 -5.091e-03 0.000e+00
661 -2.494e-03 -1.257e-02 -2.670e-03 0.000e+00
662 -2.870e-03 -1.181e-02 1.341e-02 0.000e+00
663 -2.907e-03 -2.715e-03 5.306e-03 0.000e+00
664 1.190e-02 -1.299e-02 5.552e-03 0.000e+00
665 3.516e-03 1.550e-02 4.319e-03 1.563e+02
666 -1.169e-02 3.642e-03 4.666e-03 0.000e+00
667 -1.477e-02 -1.236e-02 3.807e-03 0.000e+00
668 -5.932e-03 7.188e-03 2.998e-03 0.000e+00
669 -2.039e-03 3.654e-04 2.865e-04 0.000e+00
670 2.491e-03 4.613e-03 4.960e-04 0.000e+00
671 1.906e-03 2.257e-03 -9.501e-03 0.000e+00
672 -2.025e-03 -7.727e-03 6.896e-03 0.000e+00
673 -5.021e-03 5.518e-03 8.338e-03 0.000e+00
674 -1.443e-02 2.196e-03 -6.655e-04 0.000e+00
675 -1.674e-02 1.718e-02 -5.013e-03 1.264e+02
676 -6.225e-03 -1.064e-02 -7.894e-03 0.000e+00
677 7.659e-04 -1.117e-03 -8.065e-03 0.000e+00
678 8.783e-03 -7.901e-03 6.331e-03 0.000e+00
679 -1.583e-03 2.553e-03 6.715e-03 0.000e+00
680 4.707e-03 -1.174e-02 1.279e-02 0.000e+00
681 5.314e-03 -9.580e-03 -6.881e-03 0.000e+00
682 8.306e-03 -1.249e-02 -8.166e-04 0.000e+00
683 -1.157e-03 6.328e-03 -4.174e-03 0.000e+00
684 7.277e-03 7.249e-03 4.972e-03 0.000e+00
685 -2.994e-02 2.492e-03 -2.753e-03 0.000e+00
686 -5.586e-03 -1.230e-02 5.326e-03 0.000e+00
687 -1.531e-03 6.145e-03 -5.963e-03 0.000e+00
688 5.824e-03 -8.109e-03 5.403e-03 0.000e+00
689 -3.183e-03 -1.283e-02 8.650e-03 0.000e+00
690 6.636e-03 3.389e-03 7.773e-03 0.000e+00
691 -5.553e-03 -9.651e-03 1.906e-02 0.000e+00
692 1.602e-02 -1.282e-02 2.594e-03 0.000e+00
693 4.926e-03 5.548e-03 6.003e-04 0.000e+00
694 3.300e-03 5.739e-03 7.820e-03 0.000e+00
695 7.843e-04 1.164e-02 7.701e-04 0.000e+00
696 1.505e-02 -8.720e-03 1.683e-02 0.000e+00
697 -5.890e-03 -1.091e-02 -3.531e-03 0.000e+00
698 7.889e-03 -1.932e-04 1.828e-03 0.000e+00
699 4.273e-03 1.165e-02 4.166e-03 0.000e+00
700 -8.557e-03 -9.960e-03 -4.248e-04 0.000e+00
701 -9.712e-03 -1.096e-02 9.337e-03 0.000e+00
702 -2.661e-03 -1.343e-03 7.777e-03 0.000e+00
703 1.018e-02 -1.237e-02 -5.860e-03 0.000e+00
704 1.280e-04 -5.861e-03 2.561e-03 0.000e+00
705 8.598e-03 -1.262e-02 -9.048e-03 0.000e+00
706 -5.350e-03 -1.152e-02 1.263e-02 0.000e+00
707 1.750e-02 1.405e-02 -1.008e-03 1.067e+02
708 -8.650e-03 4.134e-04 3.437e-03 0.000e+00
709 1.117e-02 8.060e-03 -2.715e-03 0.000e+00
710 2.052e-02 8.122e-03 -1.502e-02 0.000e+00
711 -1.192e-02 -1.073e-02 5.105e-03 0.000e+00
712 1.362e-02 -1.313e-02 3.036e-03 0.000e+00
713 -5.581e-03 1.847e-03 1.355e-02 0.000e+00
714 -3.209e-03 -1.172e-02 -4.694e-03 0.000e+00
715 -5.951e-03 -1.363e-03 -5.414e-03 0.000e+00
716 -9.829e-03 8.074e-03 -6.007e-03 0.000e+00
717 -1.315e-02 3.496e-03 3.856e-03 0.000e+00
718 -4.254e-03 4.312e-04 -3.447e-03 0.000e+00
719 -1.267e-03 -1.203e-02 7.852e-03 0.000e+00
720 5.564e-03 1.120e-02 -4.013e-03 0.000e+00
721 1.169e-02 2.958e-03 -1.069e-03 0.000e+00
722 1.222e-02 1.929e-03 6.140e-03 0.000e+00
723 -3.713e-03 -8.653e-03 -8.287e-03 0.000e+00
724 -5.470e-03 6.543e-03 -9.638e-03 0.000e+00
725 -1.362e-02 2.389e-03 -2.229e-03 0.000e+00
726 -7.500e-03 -1.170e-02 5.844e-03 0.000e+00
727 -2.610e-03 -1.282e-03 -1.068e-02 0.000e+00
728 5.052e-03 -1.130e-02 -6.390e-03 0.000e+00
729 5.279e-03 8.145e-03 -7.663e-04 0.000e+00
730 -8.667e-03 -5.844e-03 9.515e-03 0.000e+00
731 1.305e-02 1.118e-02 7.555e-03 0.000e+00
732 1.465e-02 -1.886e-03 -8.715e-03 0.000e+00
733 -6.903e-04 4.032e-03 -2.507e-04 0.000e+00
734 -2.423e-03 1.922e-02 1.470e-02 8.517e+01
735 -1.620e-02 2.058e-03 1.579e-03 0.000e+00
736 7.413e-04 5.921e-03 -5.944e-03 0.000e+00
737 -3.603e-03 5.398e-03 -4.562e-03 0.000e+00
738 4.409e-03 -1.462e-03 -1.294e-02 0.000e+00
739 1.399e-03 -1.309e-02 -1.452e-03 0.000e+00
740 3.139e-03 5.341e-04 1.061e-02 0.000e+00
741 -3.924e-03 7.092e-03 3.579e-03 0.000e+00
742 -8.496e-03 2.390e-04 -3.026e-04 0.000e+00
743 1.385e-03 -8.057e-03 -1.417e-02 0.000e+00
744 -3.490e-03 -3.717e-04 -4.664e-03 0.000e+00
745 7.703e-04 -8.397e-03 -1.483e-02 0.000e+00
746 -7.235e-03 1.110e-02 -4.657e-05 0.000e+00
747 -6.715e-03 -1.310e-02 2.848e-03 0.000e+00
748 8.591e-03 -9.834e-04 -2.584e-02 0.000e+00
749 2.870e-03 9.799e-03 2.153e-02 0.000e+00
750 -7.627e-04 4.844e-03 4.659e-03 0.000e+00
751 1.094e-02 -5.139e-03 -6.030e-03 0.000e+00
752 7.003e-03 -1.061e-02 -5.651e-03 0.000e+00
753 3.180e-03 -5.675e-04 -1.237e-02 0.000e+00
754 5.878e-03 -1.074e-02 -1.045e-02 0.000e+00
755 1.713e-03 -1.043e-02 -8.354e-03 0.000e+00
756 1.152e-02 2.310e-03 -1.085e-02 0.000e+00
757 5.088e-04 1.085e-02 -8.623e-03 0.000e+00
758 -9.345e-03 5.817e-05 4.134e-03 0.000e+00
759 1.256e-02 9.093e-03 5.986e-03 0.000e+00
760 5.580e-03 1.058e-02 3.713e-03 0.000e+00
761 -1.756e-02 4.555e-03 -4.752e-03 0.000e+00
762 1.847e-03 2.251e-03 -2.299e-02 0.000e+00
763 3.371e-03 8.715e-03 5.966e-03 0.000e+00
764 -4.033e-04 -1.208e-02 -4.538e-03 0.000e+00
765 -1.391e-02 3.735e-03 9.635e-03 0.000e+00
766 -3.936e-04 2.515e-02 2.126e-03 1.133e+02
767 1.913e-02 1.289e-02 4.228e-03 0.000e+00
768 7.208e-03 7.834e-03 -2.099e-02 0.000e+00
769 5.573e-03 -9.960e-03 2.953e-04 0.000e+00
770 8.332e-03 -1.193e-02 -1.276e-02 0.000e+00
771 2.246e-02 8.744e-03 -2.257e-02 0.000e+00
772 2.769e-03 3.669e-03 -4.137e-03 0.000e+00
773 -3.132e-03 -6.418e-03 1.331e-03 0.000e+00
774 8.587e-03 1.155e-02 1.424e-03 0.000e+00
775 1.572e-03 1.233e-02 -1.425e-02 0.000e+00
776 -3.643e-03 6.487e-03 5.791e-03 0.000e+00
777 2.942e-03 -9.954e-03 -1.011e-02 0.000e+00
778 1.168e-03 -9.347e-03 -4.796e-03 0.000e+00
779 1.083e-02 -1.017e-02 -2.053e-02 0.000e+00
780 -4.683e-03 6.163e-03 1.343e-03 0.000e+00
781 5.308e-03 1.817e-02 -5.907e-03 7.117e+01
782 4.418e-03 -1.077e-02 -1.196e-02 0.000e+00
783 -7.656e-04 5.650e-03 -1.142e-02 0.000e+00
784 -2.168e-03 9.982e-04 -2.346e-02 0.000e+00
785 1.058e-02 -9.954e-03 8.041e-04 0.000e+00
786 -8.202e-03 -1.240e-02 -1.897e-02 0.000e+00
787 1.450e-02 8.154e-03 9.485e-03 0.000e+00
788 6.003e-04 1.528e-03 2.691e-03 0.000e+00
789 7.997e-03 4.208e-03 -2.281e-03 0.000e+00
790 7.519e-04 5.173e-04 -1.149e-02 0.000e+00
791 -1.742e-02 -1.071e-02 3.503e-03 0.000e+00
792 2.245e-03 -1.228e-02 -4.123e-05 0.000e+00
793 6.949e-03 9.994e-03 -9.159e-03 0.000e+00
794 5.218e-03 5.581e-03 -1.984e-03 0.000e+00
795 -1.845e-02 -1.175e-02 -2.049e-03 0.000e+00
796 2.512e-04 -1.298e-02 -2.537e-02 0.000e+00
797 4.311e-03 1.065e-03 -4.668e-03 0.000e+00
798 -2.287e-03 -9.623e-03 -1.273e-02 0.000e+00
799 1.035e-02 -1.073e-02 -3.556e-03 0.000e+00
800 1.710e-02 2.764e-03 -5.113e-03 0.000e+00
801 4.074e-03 1.078e-02 -2.564e-03 0.000e+00
802 1.176e-02 7.171e-03 -1.647e-02 0.000e+00
803 7.744e-03 1.249e-02 -1.928e-03 0.000e+00
804 3.367e-03 -3.790e-03 -8.342e-03 0.000e+00
805 -5.974e-03 -1.946e-03 -1.223e-02 0.000e+00
806 6.735e-03 8.723e-03 -8.228e-03 0.000e+00
807 9.449e-03 6.841e-04 -2.394e-03 0.000e+00
808 2.117e-03 6.848e-03 2.412e-03 0.000e+00
809 -1.408e-02 9.506e-03 -1.308e-02 0.000e+00
810 -1.799e-03 -2.123e-03 -7.095e-03 0.000e+00
811 -1.344e-03 2.765e-03 1.846e-03 0.000e+00
812 -3.963e-03 2.640e-05 -8.635e-03 0.000e+00
813 -6.328e-03 -1.257e-02 3.381e-03 0.000e+00
814 3.774e-03 1.169e-02 1.063e-03 0.000e+00
815 1.013e-02 9.870e-03 3.220e-03 0.000e+00
816 6.785e-03 -1.120e-02 -4.886e-03 0.000e+00
817 -9.376e-03 2.561e-03 5.040e-03 0.000e+00
818 9.541e-03 1.296e-02 -9.290e-03 0.000e+00
819 -6.718e-03 -1.172e-02 -4.446e-03 0.000e+00
820 -6.069e-03 3.123e-03 -5.730e-03 0.000e+00
821 -1.583e-02 5.932e-04 9.071e-04 0.000e+00
822 -1.055e-02 1.770e-02 -1.990e-04 1.074e+02
823 -8.324e-03 1.234e-02 -7.500e-03 0.000e+00
824 5.641e-03 -8.942e-03 -1.377e-02 0.000e+00
825 -2.258e-03 -1.291e-02 5.008e-05 0.000e+00
826 -8.399e-03 -1.287e-02 -7.826e-04 0.000e+00
827 2.436e-03 2.821e-03 -1.368e-04 0.000e+00
828 -6.098e-03 1.973e-04 -4.642e-03 0.000e+00
829 2.972e-03 2.597e-03 -1.193e-02 0.000e+00
830 -1.748e-03 7.073e-03 -2.170e-03 0.000e+00
831 3.091e-03 1.658e-02 -7.183e-03 3.292e+01
832 -6.709e-04 -9.846e-03 -2.955e-03 0.000e+00
833 -1.257e-02 -8.170e-04 5.923e-03 0.000e+00
834 4.322e-03 -1.210e-02 -1.716e-03 0.000e+00
835 9.015e-03 -1.176e-02 -7.983e-03 0.000e+00
836 1.654e-02 4.533e-03 -5.612e-03 0.000e+00
837 -9.774e-03 -8.514e-03 -1.287e-02 0.000e+00
838 -3.302e-03 2.197e-02 9.013e-03 6.424e+01
839 -3.269e-03 -8.392e-03 4.813e-04 0.000e+00
840 -3.188e-03 -1.129e-02 -9.155e-03 0.000e+00
841 -4.914e-03 1.249e-02 -1.354e-04 0.000e+00
842 1.683e-02 7.670e-03 -1.624e-02 0.000e+00
843 3.106e-03 6.763e-03 8.890e-03 0.000e+00
844 -1.901e-03 -2.721e-03 -7.967e-03 0.000e+00
845 -4.267e-03 -8.545e-03 -2.949e-03 0.000e+00
846 9.199e-03 8.960e-03 -5.563e-03 0.000e+00
847 -5.340e-04 7.147e-03 -2.837e-02 0.000e+00
848 -6.199e-03 -1.151e-02 -1.049e-02 0.000e+00
849 -8.997e-03 7.870e-04 3.769e-03 0.000e+00
850 -3.384e-03 1.416e-02 6.319e-03 1.157e+02
851 -6.117e-03 -6.606e-03 7.323e-03 0.000e+00
852 7.288e-03 -7.911e-03 1.784e-03 0.000e+00
853 6.414e-04 -7.378e-03 9.795e-03 0.000e+00
854 -1.343e-02 -1.136e-02 -5.056e-03 0.000e+00
855 -7.919e-04 -8.803e-03 1.214e-02 0.000e+00
856 2.127e-03 -7.951e-03 9.546e-04 0.000e+00
857 -1.283e-02 8.480e-03 -2.925e-03 0.000e+00
858 2.358e-04 -9.033e-03 8.812e-03 0.000e+00
859 -1.642e-02 -1.274e-02 -5.637e-03 0.000e+00
860 5.186e-05 -1.126e-02 1.990e-02 0.000e+00
861 4.011e-03 -1.019e-02 -6.161e-03 0.000e+00
862 -8.080e-04 -1.188e-02 6.574e-03 0.000e+00
863 1.024e-02 -2.292e-04 -7.841e-03 0.000e+00
864 4.672e-03 1.296e-02 -2.139e-03 0.000e+00
865 2.916e-03 -7.393e-03 8.706e-03 0.000e+00
866 -2.076e-03 3.129e-03 -1.851e-02 0.000e+00
867 -6.526e-03 -7.450e-03 8.206e-04 0.000e+00
868 -3.808e-03 -9.802e-03 -5.366e-04 0.000e+00
869 4.136e-05 -9.595e-03 5.045e-03 0.000e+00
870 -1.942e-02 -1.292e-02 -3.385e-03 0.000e+00
871 -7.301e-03 4.774e-03 6.319e-03 0.000e+00
872 -1.521e-02 -1.097e-02 2.474e-03 0.000e+00
873 9.317e-03 -9.550e-03 4.469e-03 0.000e+00
874 -1.177e-02 3.305e-03 -5.547e-03 0.000e+00
875 -2.113e-02 9.847e-03 9.163e-03 0.000e+00
876 1.548e-04 1.068e-03 -5.208e-03 0.000e+00
877 5.530e-03 -9.241e-03 2.114e-02 0.000e+00
878 3.335e-03 8.589e-03 1.163e-02 0.000e+00
879 2.969e-03 1.286e-02 -4.990e-03 0.000e+00
880 -6.663e-03 4.127e-03 6.738e-03 0.000e+00
881 5.313e-03 -1.307e-02 -1.737e-03 0.000e+00
882 -1.078e-03 -1.208e-02 -1.164e-02 0.000e+00
883 -2.472e-03 -7.228e-03 -5.300e-03 0.000e+00
884 -1.770e-02 6.829e-03 -3.206e-03 0.000e+00
885 -4.385e-04 -1.047e-02 -1.572e-03 0.000e+00
886 -1.233e-02 -1.269e-02 -3.160e-03 0.000e+00
887 1.017e-02 3.112e-03 1.767e-02 0.000e+00
888 -7.620e-03 -1.115e-02 4.400e-03 0.000e+00
889 4.136e-03 -1.027e-02 -3.546e-03 0.000e+00
890 -1.177e-03 -2.685e-03 3.880e-03 0.000e+00
891 -7.210e-03 4.755e-03 2.778e-03 0.000e+00
892 9.804e-03 -1.264e-02 -1.467e-03 0.000e+00
893 4.538e-03 7.797e-03 -2.931e-03 0.000e+00
894 4.260e-03 -6.278e-04 -3.823e-03 0.000e+00
895 3.190e-03 1.593e-04 -2.093e-03 0.000e+00
896 1.871e-02 -9.960e-03 1.473e-02 0.000e+00
897 -1.793e-03 1.221e-02 -6.552e-03 0.000e+00
898 -2.377e-03 -9.919e-03 1.848e-02 0.000e+00
899 1.389e-02 4.245e-04 -5.173e-03 0.000e+00
900 7.876e-04 5.220e-03 1.129e-03 0.000e+00
901 -1.799e-02 -8.787e-04 -1.243e-02 0.000e+00
902 -9.289e-05 -1.202e-02 -5.053e-03 0.000e+00
903 -5.447e-03 -3.106e-03 -8.166e-03 0.000e+00
904 3.076e-03 1.220e-02 5.841e-03 0.000e+00
905 -1.032e-02 -1.058e-02 5.267e-03 0.000e+00
906 2.484e-03 -2.490e-04 1.381e-02 0.000e+00
907 -1.383e-02 -7.050e-03 -3.834e-03 0.000e+00
908 4.395e-03 -1.200e-02 -1.604e-04 0.000e+00
909 7.925e-03 1.547e-03 1.730e-03 0.000e+00
910 6.487e-03 1.755e-02 -1.552e-03 1.166e+02
911 -5.396e-03 6.947e-05 -6.921e-03 0.000e+00
912 1.564e-03 1.371e-03 -1.174e-02 0.000e+00
913 3.348e-05 9.468e-03 5.707e-03 0.000e+00
914 4.233e-03 -8.712e-03 3.874e-03 0.000e+00
915 7.801e-03 -6.729e-03 -4.547e-03 0.000e+00
916 8.998e-03 -1.238e-02 4.942e-03 0.000e+00
917 -9.863e-03 -1.086e-02 -8.729e-03 0.000e+00
918 1.122e-03 -2.226e-04 -5.466e-03 0.000e+00
919 7.795e-03 1.723e-02 -4.208e-03 1.556e+02
920 3.620e-03 4.554e-03 -6.244e-03 0.000e+00
921 -1.394e-03 4.204e-03 -8.256e-03 0.000e+00
922 -9.159e-03 1.826e-03 3.479e-03 0.000e+00
923 -1.634e-02 -1.182e-02 7.316e-03 0.000e+00
924 9.196e-03 5.584e-03 7.085e-03 0.000e+00
925 -6.780e-03 -1.073e-02 4.867e-03 0.000e+00
926 -7.106e-04 8.811e-03 -1.744e-02 0.000e+00
927 8.197e-03 4.351e-03 -5.046e-03 0.000e+00
928 9.289e-03 5.075e-03 -1.015e-02 0.000e+00
929 -3.675e-03 -1.295e-02 5.755e-04 0.000e+00
930 1.036e-02 4.824e-03 -5.842e-03 0.000e+00
931 7.379e-03 7.543e-03 2.046e-03 0.000e+00
932 8.526e-03 1.101e-02 6.230e-06 0.000e+00
933 2.149e-03 1.048e-02 -9.479e-03 0.000e+00
934 6.952e-04 1.434e-03 6.118e-03 0.000e+00
935 -6.687e-03 2.464e-03 -2.304e-04 0.000e+00
936 6.059e-03 8.407e-03 1.352e-02 0.000e+00
937 5.380e-03 -1.205e-02 6.193e-03 0.000e+00
938 -6.159e-03 -1.072e-02 9.073e-03 0.000e+00
939 1.271e-03 -1.154e-02 -9.182e-03 0.000e+00
940 1.274e-02 -4.110e-03 4.925e-04 0.000e+00
941 -3.163e-03 -1.320e-02 5.373e-03 0.000e+00
942 -4.955e-03 1.785e-03 -3.557e-03 0.000e+00
943 -8.277e-04 4.778e-03 -1.537e-02 0.000e+00
944 2.068e-03 -1.002e-02 3.203e-03 0.000e+00
945 7.007e-03 -1.361e-03 -9.497e-05 0.000e+00
946 -1.413e-02 -2.864e-03 -7.249e-04 0.000e+00
947 7.275e-03 -1.305e-02 -1.400e-02 0.000e+00
948 -1.632e-03 5.365e-03 -6.234e-03 0.000e+00
949 4.526e-03 -9.860e-03 4.703e-03 0.000e+00
950 9.262e-03 -1.058e-02 8.389e-03 0.000e+00
951 -2.463e-03 -1.032e-02 2.458e-02 0.000e+00
952 6.790e-03 1.106e-02 -1.294e-02 0.000e+00
953 -9.060e-03 -9.292e-03 2.160e-03 0.000e+00
954 -2.888e-03 6.745e-03 1.254e-02 0.000e+00
955 -9.574e-03 1.394e-02 -1.216e-02 3.467e+01
956 -2.919e-03 7.219e-03 3.839e-03 0.000e+00
957 3.660e-03 -9.008e-05 1.660e-02 0.000e+00
958 -5.043e-03 -4.118e-03 -1.067e-02 0.000e+00
959 9.035e-03 6.732e-03 2.118e-03 0.000e+00
960 -9.425e-03 -1.198e-02 -9.612e-03 0.000e+00
961 -9.569e-05 6.272e-03 -6.664e-03 0.000e+00
962 -3.103e-03 3.992e-03 -1.678e-03 0.000e+00
963 -1.190e-02 1.297e-02 -1.265e-03 0.000e+00
964 -9.203e-03 7.133e-03 -8.641e-03 0.000e+00
965 -9.694e-03 -1.240e-02 6.317e-03 0.000e+00
966 1.228e-04 3.174e-03 -1.231e-02 0.000e+00
967 -3.403e-03 4.130e-03 4.779e-04 0.000e+00
968 -4.849e-03 -6.023e-04 -6.090e-03 0.000e+00
969 6.916e-03 -1.291e-02 3.737e-03 0.000e+00
970 1.420e-02 -1.186e-02 -6.588e-03 0.000e+00
971 4.077e-03 -1.113e-02 -4.012e-03 0.000e+00
972 7.881e-03 -8.839e-03 -6.555e-05 0.000e+00
973 -4.250e-03 1.198e-02 -1.109e-02 0.000e+00
974 -3.116e-03 1.485e-02 3.590e-03 1.267e+02
975 -4.563e-03 -9.191e-03 7.129e-03 0.000e+00
976 5.788e-03 1.731e-02 5.993e-03 9.783e+01
977 -1.279e-03 1.073e-02 9.408e-03 0.000e+00
978 -9.420e-03 -1.267e-02 1.082e-02 0.000e+00
979 6.653e-03 5.217e-03 -1.356e-02 0.000e+00
980 -8.254e-03 -1.184e-02 -2.447e-03 0.000e+00
981 -1.258e-02 4.653e-04 -2.903e-03 0.000e+00
982 -7.628e-03 4.158e-03 1.058e-02 0.000e+00
983 3.932e-03 -3.184e-03 1.771e-02 0.000e+00
984 1.474e-02 3.584e-03 -4.661e-03 0.000e+00
985 -1.604e-03 6.636e-03 5.460e-03 0.000e+00
986 3.004e-03 6.776e-03 -7.560e-03 0.000e+00
987 9.404e-05 -2.061e-03 7.733e-03 0.000e+00
988 -4.715e-03 2.820e-03 -7.603e-04 0.000e+00
989 -4.008e-04 -3.949e-03 -7.590e-03 0.000e+00
990 -8.776e-03 8.571e-03 1.505e-02 0.000e+00
991 -4.842e-03 2.480e-03 -1.174e-02 0.000e+00
992 6.030e-03 6.034e-04 1.950e-04 0.000e+00
993 -9.467e-03 4.964e-05 -1.575e-03 0.000e+00
994 -1.087e-02 1.522e-02 1.716e-02 6.889e+01
995 -1.063e-02 9.246e-03 -1.056e-02 0.000e+00
996 -9.308e-04 -1.226e-02 -4.239e-03 0.000e+00
997 -5.735e-03 -1.155e-02 2.810e-03 0.000e+00
998 -1.635e-03 7.328e-03 4.887e-03 0.000e+00
999 9.735e-04 -1.026e-02 -1.528e-04 0.000e+00
1000 1.289e-02 -7.221e-03 -2.488e-02 0.000e+00
1001 -3.112e-03 -2.534e-03 -3.975e-05 0.000e+00
1002 1.839e-03 4.637e-03 -1.309e-02 0.000e+00
1003 -2.402e-03 -7.044e-03 -9.521e-04 0.000e+00
1004 -3.590e-03 1.418e-02 2.415e-03 3.961e+01
1005 -1.008e-02 8.550e-03 -5.621e-03 0.000e+00
1006 1.039e-02 3.781e-03 -4.937e-03 0.000e+00
1007 1.787e-02 -1.233e-02 4.135e-03 0.000e+00
1008 -2.252e-02 1.213e-02 1.018e-02 0.000e+00
1009 2.903e-04 -1.181e-02 -1.841e-02 0.000e+00
1010 1.397e-02 7.343e-03 -8.873e-04 0.000e+00
1011 3.017e-04 -5.218e-04 -1.673e-03 0.000e+00
1012 -1.151e-02 -8.799e-03 -9.584e-03 0.000e+00
1013 0.000e+00 -1.217e-02 -1.243e-02 0.000e+00
1014 8.031e-03 4.765e-03 -8.036e-03 0.000e+00
1015 -6.167e-04 -1.323e-02 3.789e-03 0.000e+00
1016 -8.864e-03 -1.238e-02 -8.540e-03 0.000e+00
1017 3.809e-04 2.598e-03 6.911e-03 0.000e+00
1018 9.020e-03 -6.114e-04 -7.623e-03 0.000e+00
1019 7.483e-03 -3.139e-03 1.790e-02 0.000e+00
1020 7.157e-03 6.658e-03 -1.293e-02 0.000e+00
1021 1.763e-03 1.378e-02 1.050e-02 1.558e+02
1022 9.020e-03 -1.272e-02 7.867e-03 0.000e+00
1023 -8.098e-03 1.561e-03 4.005e-04 0.000e+00
