Bin I L V PA
0 9.275e-04 -2.966e-03 -1.635e-03 0.000e+00
1 -4.049e-03 -3.842e-03 -2.720e-03 0.000e+00
2 -3.074e-03 -3.370e-03 5.356e-03 0.000e+00
3 -4.033e-03 4.996e-03 -2.379e-03 0.000e+00
4 -4.480e-03 -4.419e-04 -2.805e-03 0.000e+00
5 4.886e-04 -4.162e-03 1.265e-03 0.000e+00
6 -7.119e-03 -3.887e-03 6.210e-04 0.000e+00
7 -4.907e-03 -3.377e-03 -5.544e-03 0.000e+00
8 -1.953e-03 -3.979e-03 -3.765e-04 0.000e+00
9 -2.093e-03 9.412e-04 -1.981e-03 0.000e+00
10 2.795e-03 1.478e-03 -2.151e-03 0.000e+00
11 9.547e-04 -1.444e-04 -5.351e-04 0.000e+00
12 -1.536e-05 3.969e-03 -6.658e-03 0.000e+00
13 3.195e-03 4.271e-03 -7.467e-03 0.000e+00
14 -5.254e-04 2.652e-03 -6.531e-04 0.000e+00
15 8.583e-04 -3.739e-03 -3.736e-03 0.000e+00
16 4.238e-03 2.729e-03 4.113e-04 0.000e+00
17 -1.078e-03 2.855e-03 4.828e-03 0.000e+00
18 1.570e-03 6.654e-04 1.315e-03 0.000e+00
19 -3.305e-03 1.521e-03 8.070e-05 0.000e+00
20 6.021e-03 2.561e-04 2.506e-03 0.000e+00
21 4.509e-03 -5.996e-05 2.436e-03 0.000e+00
22 4.949e-03 -2.095e-03 3.423e-03 0.000e+00
23 2.312e-04 1.333e-03 -1.971e-03 0.000e+00
24 6.248e-04 9.930e-04 2.932e-03 0.000e+00
25 3.824e-03 -4.069e-03 4.864e-03 0.000e+00
26 -2.951e-04 1.207e-03 -2.370e-03 0.000e+00
27 3.408e-03 3.607e-03 8.054e-04 0.000e+00
28 5.347e-03 -2.612e-03 -2.416e-03 0.000e+00
29 1.781e-03 -3.842e-03 7.472e-04 0.000e+00
30 -5.487e-04 3.833e-03 2.661e-03 0.000e+00
31 1.525e-03 3.041e-03 -1.749e-03 0.000e+00
32 -2.331e-03 6.504e-03 -5.422e-04 -1.342e+01
33 -1.916e-03 -3.214e-03 4.159e-03 0.000e+00
34 6.747e-03 -2.700e-03 -7.802e-04 0.000e+00
35 4.024e-03 -3.731e-03 2.396e-03 0.000e+00
36 -3.454e-03 -1.294e-03 3.271e-03 0.000e+00
37 -1.810e-03 -3.683e-03 4.569e-04 0.000e+00
38 -3.725e-04 1.714e-03 -1.543e-03 0.000e+00
39 4.766e-03 5.719e-03 1.883e-03 3.158e+01
40 -5.931e-04 -3.490e-03 -4.489e-03 0.000e+00
41 -4.548e-03 3.173e-03 -1.048e-03 0.000e+00
42 -1.181e-03 4.089e-03 2.304e-03 0.000e+00
43 1.210e-03 -3.791e-03 3.226e-03 0.000e+00
44 -4.632e-03 -2.321e-03 -2.183e-03 0.000e+00
45 -1.660e-03 -1.067e-04 -1.823e-03 0.000e+00
46 1.878e-03 -1.616e-04 6.899e-03 0.000e+00
47 1.467e-03 1.277e-03 -1.076e-03 0.000e+00
48 1.326e-03 2.374e-03 -9.396e-04 0.000e+00
49 3.415e-03 -1.494e-03 -3.842e-03 0.000e+00
50 -2.448e-03 -3.661e-03 -4.524e-04 0.000e+00
51 5.393e-04 -4.104e-03 -2.372e-03 0.000e+00
52 -2.167e-03 1.738e-03 -1.514e-03 0.000e+00
53 3.359e-03 3.749e-03 -4.643e-03 0.000e+00
54 7.981e-04 -4.136e-03 -2.849e-03 0.000e+00
55 -3.148e-03 3.083e-04 2.129e-03 0.000e+00
56 2.469e-03 -3.761e-03 1.860e-03 0.000e+00
57 2.211e-03 -2.913e-03 5.943e-03 0.000e+00
58 3.496e-03 6.034e-03 -6.128e-03 7.147e+01
59 -1.937e-03 -2.911e-03 -1.759e-04 0.000e+00
60 -1.803e-03 2.029e-03 2.398e-03 0.000e+00
61 -2.823e-04 1.125e-03 5.968e-03 0.000e+00
62 1.200e-03 2.547e-03 8.606e-05 0.000e+00
63 4.786e-03 3.203e-03 2.866e-03 0.000e+00
64 -2.170e-03 -3.282e-03 -1.942e-05 0.000e+00
65 -4.397e-04 2.275e-03 8.749e-04 0.000e+00
66 -3.899e-04 -4.096e-03 -4.696e-03 0.000e+00
67 3.311e-04 6.111e-03 3.485e-03 1.436e+01
68 2.341e-03 4.185e-03 -4.762e-03 0.000e+00
69 -3.521e-03 9.933e-04 -1.818e-04 0.000e+00
70 3.871e-03 -3.371e-03 1.337e-03 0.000e+00
71 9.905e-04 4.735e-03 3.585e-03 0.000e+00
72 -1.291e-03 2.103e-03 1.422e-03 0.000e+00
73 -3.750e-03 -2.847e-03 -4.073e-03 0.000e+00
74 1.288e-03 6.659e-03 3.760e-03 3.546e+01
75 1.756e-03 -4.003e-03 -5.258e-03 0.000e+00
76 -1.902e-03 2.253e-03 2.436e-03 0.000e+00
77 3.051e-03 -3.626e-03 -6.665e-03 0.000e+00
78 8.018e-03 -1.988e-03 4.683e-03 0.000e+00
79 1.031e-03 1.998e-03 -2.150e-03 0.000e+00
80 3.500e-03 2.471e-03 6.052e-03 0.000e+00
81 3.148e-03 -3.616e-03 -3.410e-03 0.000e+00
82 5.663e-03 -3.287e-03 -1.968e-03 0.000e+00
83 -1.737e-03 -3.762e-03 -3.027e-03 0.000e+00
84 1.340e-03 -2.667e-03 -2.530e-03 0.000e+00
85 -3.911e-03 -3.947e-03 -4.916e-03 0.000e+00
86 -4.028e-03 4.435e-03 -2.349e-03 0.000e+00
87 3.652e-03 -4.127e-03 -1.559e-03 0.000e+00
88 6.155e-03 1.368e-03 -1.414e-03 0.000e+00
89 5.399e-03 -3.344e-03 6.113e-03 0.000e+00
90 2.978e-04 3.797e-03 1.744e-03 0.000e+00
91 2.932e-03 7.632e-04 -5.431e-04 0.000e+00
92 4.226e-03 5.426e-03 1.337e-03 -3.729e+01
93 2.597e-03 -4.076e-03 5.478e-04 0.000e+00
94 -3.755e-04 -3.166e-03 5.240e-04 0.000e+00
95 2.659e-03 -3.255e-03 8.583e-04 0.000e+00
96 3.177e-03 -2.412e-03 7.487e-04 0.000e+00
97 5.404e-03 -1.712e-03 9.300e-04 0.000e+00
98 1.437e-03 2.933e-03 2.538e-03 0.000e+00
99 8.971e-03 3.695e-03 -2.946e-03 0.000e+00
100 8.056e-03 -2.642e-03 -4.523e-04 0.000e+00
101 -7.611e-04 -3.511e-03 5.998e-04 0.000e+00
102 3.651e-03 -3.410e-03 -2.186e-03 0.000e+00
103 4.148e-04 -2.188e-03 -7.674e-05 0.000e+00
104 1.917e-03 7.993e-04 1.500e-04 0.000e+00
105 -3.369e-03 -3.426e-03 1.634e-03 0.000e+00
106 2.242e-03 6.274e-03 9.893e-04 5.862e+01
107 1.691e-03 -3.632e-03 -5.158e-04 0.000e+00
108 1.655e-03 3.168e-03 1.125e-03 0.000e+00
109 -2.159e-03 -4.176e-03 -1.484e-03 0.000e+00
110 -1.001e-03 -4.194e-03 -8.003e-04 0.000e+00
111 -3.627e-03 5.630e-03 -4.809e-03 2.752e+00
112 -5.030e-03 -1.971e-03 -2.678e-03 0.000e+00
113 -1.515e-05 2.409e-03 -1.265e-03 0.000e+00
114 -1.654e-03 8.980e-03 3.147e-04 -5.857e+00
115 -1.276e-03 1.912e-03 -2.067e-03 0.000e+00
116 2.282e-04 1.633e-03 4.368e-03 0.000e+00
117 4.688e-04 -2.942e-03 -5.007e-03 0.000e+00
118 8.647e-04 -3.247e-03 -3.795e-03 0.000e+00
119 3.104e-03 4.308e-03 1.796e-03 0.000e+00
120 -3.946e-03 2.219e-03 -5.734e-03 0.000e+00
121 -2.268e-03 -2.827e-03 2.702e-05 0.000e+00
122 3.082e-03 2.476e-03 -8.782e-04 0.000e+00
123 -3.711e-03 2.422e-03 3.738e-03 0.000e+00
124 -1.245e-03 1.682e-03 2.684e-03 0.000e+00
125 -1.654e-03 3.417e-03 5.843e-04 0.000e+00
126 -1.401e-03 4.575e-03 -9.530e-04 0.000e+00
127 -6.285e-05 2.357e-03 2.070e-03 0.000e+00
128 1.431e-03 6.009e-03 7.460e-03 4.374e+01
129 1.355e-03 5.178e-04 6.938e-04 0.000e+00
130 -4.605e-03 -3.426e-03 -8.584e-05 0.000e+00
131 -7.614e-04 3.374e-04 -2.255e-03 0.000e+00
132 3.650e-03 -2.433e-03 -2.183e-03 0.000e+00
133 3.068e-03 3.733e-03 1.075e-03 0.000e+00
134 4.969e-03 3.350e-03 -2.791e-03 0.000e+00
135 5.124e-03 1.934e-03 -7.199e-03 0.000e+00
136 -7.073e-04 -4.104e-03 1.274e-03 0.000e+00
137 -3.431e-05 -1.763e-06 2.106e-03 0.000e+00
138 -6.333e-05 -2.687e-03 2.517e-03 0.000e+00
139 2.522e-03 1.900e-03 1.267e-03 0.000e+00
140 4.696e-03 -3.482e-03 1.661e-03 0.000e+00
141 -1.258e-03 4.543e-03 -5.466e-04 0.000e+00
142 3.015e-03 1.424e-03 -8.899e-04 0.000e+00
143 -2.423e-03 3.521e-03 -1.761e-03 0.000e+00
144 -4.945e-03 -3.896e-03 4.018e-03 0.000e+00
145 -1.256e-03 -4.131e-03 2.433e-03 0.000e+00
146 3.503e-03 2.350e-03 -2.371e-03 0.000e+00
147 1.144e-03 -3.942e-03 7.909e-04 0.000e+00
148 -8.892e-06 2.844e-03 -3.068e-03 0.000e+00
149 -2.368e-03 3.042e-03 3.649e-03 0.000e+00
150 -2.826e-03 -3.074e-03 3.636e-03 0.000e+00
151 -3.105e-03 1.706e-03 -2.500e-04 0.000e+00
152 -4.026e-04 1.623e-03 -2.054e-03 0.000e+00
153 1.064e-03 -1.833e-03 -3.620e-03 0.000e+00
154 -2.097e-03 -2.082e-04 3.469e-04 0.000e+00
155 -1.861e-03 -3.039e-03 4.338e-04 0.000e+00
156 -8.913e-03 3.441e-03 -1.939e-03 0.000e+00
157 1.371e-05 2.528e-03 4.090e-04 0.000e+00
158 -1.003e-03 -3.422e-03 -1.949e-03 0.000e+00
159 6.330e-03 3.580e-03 -2.359e-03 0.000e+00
160 -2.487e-03 3.434e-03 1.557e-03 0.000e+00
161 -3.278e-03 -3.185e-03 -4.153e-04 0.000e+00
162 -2.908e-03 1.297e-03 -7.502e-04 0.000e+00
163 1.093e-03 2.911e-04 -3.252e-03 0.000e+00
164 -4.100e-05 -4.043e-03 4.703e-04 0.000e+00
165 1.785e-03 -3.752e-03 4.579e-03 0.000e+00
166 3.375e-03 -3.755e-03 4.552e-03 0.000e+00
167 2.982e-03 1.753e-03 -1.900e-03 0.000e+00
168 3.495e-04 -2.453e-03 -3.401e-03 0.000e+00
169 2.377e-03 1.077e-03 -7.403e-04 0.000e+00
170 4.157e-04 2.753e-03 1.581e-03 0.000e+00
171 2.743e-03 2.474e-03 7.870e-03 0.000e+00
172 9.466e-04 1.908e-03 1.395e-03 0.000e+00
173 5.630e-03 6.004e-03 3.051e-03 3.447e+01
174 -7.346e-04 -4.108e-03 -6.618e-03 0.000e+00
175 1.162e-03 -3.842e-03 -3.091e-03 0.000e+00
176 2.468e-03 -2.603e-03 5.393e-03 0.000e+00
177 1.480e-03 -3.706e-03 1.634e-03 0.000e+00
178 3.162e-04 -3.786e-03 -1.698e-03 0.000e+00
179 -3.766e-03 1.709e-03 3.855e-03 0.000e+00
180 2.812e-03 4.285e-03 -1.580e-03 0.000e+00
181 2.233e-03 -3.862e-03 -7.022e-04 0.000e+00
182 4.329e-04 -3.767e-03 6.454e-03 0.000e+00
183 7.612e-04 -2.760e-03 2.508e-03 0.000e+00
184 8.594e-03 4.442e-03 -1.747e-03 0.000e+00
185 6.669e-04 3.750e-03 -1.230e-03 0.000e+00
186 1.019e-03 3.629e-03 -3.243e-03 0.000e+00
187 3.550e-03 -9.887e-05 -8.004e-04 0.000e+00
188 8.292e-03 -3.843e-03 4.929e-04 0.000e+00
189 4.689e-03 -4.047e-03 -2.953e-03 0.000e+00
190 3.412e-03 -4.345e-05 1.845e-03 0.000e+00
191 6.426e-03 -4.092e-03 1.205e-03 0.000e+00
192 -1.109e-03 1.372e-04 -3.178e-03 0.000e+00
193 5.031e-03 -4.183e-03 1.398e-03 0.000e+00
194 9.790e-04 4.760e-03 3.625e-05 0.000e+00
195 9.257e-04 1.180e-03 4.868e-04 0.000e+00
196 1.288e-03 -3.080e-03 5.313e-04 0.000e+00
197 1.062e-03 7.443e-03 1.841e-03 1.217e+02
198 3.172e-03 2.230e-03 6.020e-06 0.000e+00
199 1.643e-03 -3.544e-03 5.524e-04 0.000e+00
200 7.941e-03 -3.848e-03 5.307e-04 0.000e+00
201 4.294e-03 1.492e-03 -4.587e-04 0.000e+00
202 5.519e-03 2.251e-03 7.371e-04 0.000e+00
203 -9.945e-04 -4.064e-03 4.264e-03 0.000e+00
204 4.602e-03 -2.952e-05 -1.814e-03 0.000e+00
205 4.253e-03 7.061e-03 4.677e-03 6.578e+01
206 3.130e-03 4.043e-04 3.549e-03 0.000e+00
207 2.711e-03 -3.956e-03 -3.294e-03 0.000e+00
208 3.200e-03 2.358e-03 1.136e-03 0.000e+00
209 4.243e-03 -2.888e-03 1.242e-03 0.000e+00
210 -1.316e-03 -3.546e-03 -1.579e-03 0.000e+00
211 4.415e-03 -4.152e-03 2.905e-03 0.000e+00
212 4.594e-03 -3.313e-03 4.644e-04 0.000e+00
213 -6.513e-03 -4.086e-03 -2.587e-04 0.000e+00
214 -5.677e-03 -3.039e-03 -3.578e-03 0.000e+00
215 6.707e-03 3.381e-03 -2.165e-03 0.000e+00
216 1.441e-03 -4.135e-03 -8.170e-04 0.000e+00
217 2.080e-03 5.449e-04 -4.349e-03 0.000e+00
218 7.454e-03 8.952e-03 -1.171e-03 1.100e+02
219 9.560e-03 3.310e-03 -1.833e-04 0.000e+00
220 3.123e-03 -4.042e-03 2.433e-03 0.000e+00
221 4.354e-03 -3.977e-03 1.551e-03 0.000e+00
222 -1.135e-03 5.935e-04 3.301e-03 0.000e+00
223 -3.897e-03 -4.191e-03 5.120e-04 0.000e+00
224 4.374e-03 2.556e-03 2.844e-03 0.000e+00
225 7.590e-04 -3.798e-03 -4.604e-04 0.000e+00
226 4.487e-03 -3.228e-03 5.331e-03 0.000e+00
227 2.883e-03 1.764e-03 -4.841e-03 0.000e+00
228 5.828e-03 -2.825e-03 1.295e-03 0.000e+00
229 5.648e-03 1.695e-03 2.524e-03 0.000e+00
230 -3.138e-03 -3.497e-03 -2.396e-03 0.000e+00
231 4.326e-03 -6.351e-04 -2.555e-03 0.000e+00
232 2.260e-03 -4.101e-03 -5.509e-04 0.000e+00
233 3.759e-03 -3.649e-03 3.622e-03 0.000e+00
234 -4.988e-04 4.321e-03 5.706e-03 0.000e+00
235 2.336e-03 -3.383e-03 -3.341e-03 0.000e+00
236 -9.164e-04 -3.195e-03 9.006e-04 0.000e+00
237 6.626e-04 -1.533e-03 4.853e-04 0.000e+00
238 1.102e-03 -3.206e-04 -2.934e-03 0.000e+00
239 3.711e-03 -3.289e-03 -4.640e-03 0.000e+00
240 8.507e-05 -3.883e-03 -5.156e-03 0.000e+00
241 3.755e-05 4.026e-03 4.066e-03 0.000e+00
242 4.018e-03 3.365e-03 -5.123e-03 0.000e+00
243 2.250e-03 -2.576e-03 3.559e-03 0.000e+00
244 -2.037e-03 9.202e-03 6.066e-04 8.316e+01
245 -2.462e-03 8.090e-03 -2.854e-03 7.121e+01
246 5.826e-04 -3.804e-03 3.409e-03 0.000e+00
247 2.458e-03 -3.128e-03 -2.329e-03 0.000e+00
248 7.699e-04 -4.015e-03 -2.647e-04 0.000e+00
249 -2.890e-04 3.577e-03 5.668e-03 0.000e+00
250 9.985e-04 -1.875e-03 6.041e-04 0.000e+00
251 -4.960e-03 4.425e-03 7.256e-04 0.000e+00
252 -5.020e-03 -3.876e-03 1.016e-03 0.000e+00
253 6.374e-04 4.183e-03 -1.620e-03 0.000e+00
254 -2.925e-03 4.933e-03 6.852e-03 0.000e+00
255 3.444e-04 5.608e-03 2.167e-04 1.011e+02
256 -1.678e-03 3.989e-03 -3.168e-04 0.000e+00
257 1.812e-03 -3.324e-03 -2.028e-03 0.000e+00
258 9.968e-04 1.273e-03 3.347e-03 0.000e+00
259 5.470e-03 4.732e-03 1.041e-02 0.000e+00
260 1.659e-03 6.389e-03 -7.612e-04 4.533e+01
261 1.698e-03 -3.433e-03 -3.641e-04 0.000e+00
262 3.040e-03 6.572e-03 1.751e-04 1.244e+02
263 -6.291e-04 4.474e-03 -8.629e-04 0.000e+00
264 -4.081e-03 -4.167e-03 -4.540e-03 0.000e+00
265 2.037e-03 -3.635e-03 -7.748e-04 0.000e+00
266 4.574e-03 -1.971e-04 3.162e-03 0.000e+00
267 -8.168e-03 -3.720e-03 -5.218e-03 0.000e+00
268 1.219e-03 -2.712e-03 -2.969e-03 0.000e+00
269 1.075e-03 1.072e-04 3.056e-03 0.000e+00
270 -1.018e-03 -3.995e-03 -3.947e-03 0.000e+00
271 -8.328e-05 4.420e-03 2.331e-03 0.000e+00
272 -4.731e-03 -1.471e-03 1.867e-03 0.000e+00
273 2.745e-03 4.057e-03 -1.422e-03 0.000e+00
274 1.637e-04 -2.433e-03 -5.807e-03 0.000e+00
275 1.199e-03 -2.713e-03 -6.820e-04 0.000e+00
276 6.448e-03 2.755e-03 -4.030e-03 0.000e+00
277 1.915e-03 4.339e-03 1.140e-03 0.000e+00
278 2.833e-03 -3.620e-03 3.361e-04 0.000e+00
279 -2.800e-03 2.157e-03 -9.276e-04 0.000e+00
280 2.751e-03 -3.609e-03 1.272e-03 0.000e+00
281 -3.289e-03 -2.451e-03 4.447e-03 0.000e+00
282 6.649e-03 -3.192e-03 3.318e-03 0.000e+00
283 6.223e-03 1.854e-03 5.230e-03 0.000e+00
284 -2.332e-03 -2.016e-03 8.850e-04 0.000e+00
285 -1.695e-03 7.467e-04 1.266e-03 0.000e+00
286 7.128e-04 4.472e-03 2.236e-03 0.000e+00
287 1.490e-03 -4.188e-03 3.185e-03 0.000e+00
288 -9.004e-04 5.326e-03 3.031e-03 1.062e+02
289 6.858e-03 -1.606e-03 -5.628e-03 0.000e+00
290 4.346e-03 -1.751e-03 -9.867e-04 0.000e+00
291 -3.715e-03 6.540e-04 -1.428e-03 0.000e+00
292 2.378e-03 -2.645e-03 1.986e-03 0.000e+00
293 -1.939e-04 2.271e-03 2.766e-03 0.000e+00
294 -7.080e-04 -2.644e-03 2.927e-03 0.000e+00
295 3.524e-03 -2.629e-03 1.227e-03 0.000e+00
296 -1.419e-03 -1.591e-03 6.689e-04 0.000e+00
297 -2.062e-03 -2.181e-03 5.538e-03 0.000e+00
298 -1.635e-03 1.715e-03 -1.009e-03 0.000e+00
299 -6.743e-03 -3.381e-03 -4.290e-03 0.000e+00
300 -1.851e-03 2.833e-03 2.245e-04 0.000e+00
301 -2.847e-03 -4.092e-03 -2.332e-03 0.000e+00
302 2.871e-04 -3.668e-03 1.987e-03 0.000e+00
303 8.504e-05 2.515e-03 2.257e-03 0.000e+00
304 -2.676e-03 -2.781e-03 -3.884e-04 0.000e+00
305 1.795e-03 -7.807e-04 -2.254e-03 0.000e+00
306 3.566e-04 4.895e-04 -3.767e-04 0.000e+00
307 -3.047e-03 1.536e-03 -4.465e-04 0.000e+00
308 3.264e-03 -8.205e-04 3.714e-03 0.000e+00
309 6.880e-04 4.426e-03 1.010e-03 0.000e+00
310 7.661e-04 2.225e-03 7.067e-04 0.000e+00
311 2.624e-03 5.012e-03 2.865e-03 8.930e+01
312 1.797e-03 4.905e-03 -6.956e-05 0.000e+00
313 4.458e-03 -2.539e-04 -3.817e-03 0.000e+00
314 -1.845e-03 1.588e-03 -1.565e-05 0.000e+00
315 -1.528e-03 5.333e-03 2.056e-03 -2.624e+01
316 3.711e-03 4.037e-03 -2.639e-03 0.000e+00
317 -2.083e-04 5.938e-03 -1.570e-03 -3.528e+01
318 1.468e-03 2.159e-03 1.317e-03 0.000e+00
319 1.340e-03 -2.438e-03 3.258e-03 0.000e+00
320 -5.776e-03 -2.534e-03 -1.377e-03 0.000e+00
321 2.247e-04 -3.710e-03 1.767e-03 0.000e+00
322 5.787e-04 8.569e-04 -9.842e-04 0.000e+00
323 4.733e-03 1.702e-03 4.353e-03 0.000e+00
324 5.155e-03 -2.799e-03 2.639e-03 0.000e+00
325 1.259e-03 -3.529e-03 -1.612e-03 0.000e+00
326 4.980e-03 1.646e-03 4.045e-03 0.000e+00
327 -2.130e-03 4.026e-04 8.473e-04 0.000e+00
328 -1.446e-03 -4.026e-03 3.155e-03 0.000e+00
329 2.260e-03 6.561e-04 -4.137e-03 0.000e+00
330 1.077e-03 -3.068e-03 4.253e-03 0.000e+00
331 2.180e-03 3.126e-03 4.325e-04 0.000e+00
332 -4.013e-03 8.031e-03 -1.309e-03 -3.474e+01
333 -4.773e-03 1.617e-04 3.044e-03 0.000e+00
334 -4.061e-03 -3.908e-03 9.784e-04 0.000e+00
335 -3.835e-03 -3.173e-03 1.307e-05 0.000e+00
336 2.107e-03 -3.910e-03 -2.559e-03 0.000e+00
337 -1.572e-03 2.186e-03 -2.524e-03 0.000e+00
338 1.446e-03 -2.232e-05 -7.629e-04 0.000e+00
339 -2.194e-03 3.431e-03 1.830e-04 0.000e+00
340 -3.667e-04 1.968e-03 -1.634e-03 0.000e+00
341 -1.216e-03 -3.175e-05 4.484e-03 0.000e+00
342 -4.682e-03 3.609e-03 5.151e-03 0.000e+00
343 2.038e-03 -4.041e-03 6.927e-03 0.000e+00
344 -4.089e-03 -3.367e-03 -9.146e-04 0.000e+00
345 4.749e-03 -2.547e-03 -1.386e-03 0.000e+00
346 7.951e-04 5.428e-03 3.975e-04 1.047e+02
347 -6.436e-04 -1.771e-03 2.112e-03 0.000e+00
348 1.783e-03 -4.033e-03 7.584e-03 0.000e+00
349 2.392e-03 -2.792e-03 1.706e-03 0.000e+00
350 5.881e-04 -3.694e-03 -7.578e-04 0.000e+00
351 2.722e-03 4.475e-03 -2.295e-03 0.000e+00
352 -4.020e-03 6.218e-04 -9.286e-04 0.000e+00
353 -9.788e-04 3.260e-03 -1.908e-03 0.000e+00
354 1.349e-03 6.246e-05 -1.808e-03 0.000e+00
355 -4.324e-03 5.874e-04 -2.007e-03 0.000e+00
356 -5.115e-03 -2.245e-03 -1.460e-03 0.000e+00
357 3.160e-03 1.408e-03 3.583e-03 0.000e+00
358 -6.113e-03 3.197e-03 3.975e-03 0.000e+00
359 3.621e-03 -4.090e-03 4.943e-03 0.000e+00
360 2.477e-03 -2.380e-03 -5.437e-03 0.000e+00
361 1.947e-03 1.360e-03 2.075e-03 0.000e+00
362 -6.325e-03 -3.547e-03 5.252e-03 0.000e+00
363 2.900e-05 1.630e-03 -4.049e-04 0.000e+00
364 3.959e-04 -3.434e-03 1.153e-03 0.000e+00
365 3.428e-03 3.083e-03 -1.703e-03 0.000e+00
366 3.150e-03 -2.655e-03 3.625e-03 0.000e+00
367 -9.636e-04 3.899e-03 8.496e-05 0.000e+00
368 -2.324e-03 -3.354e-03 -6.552e-04 0.000e+00
369 3.945e-03 2.190e-03 -2.078e-03 0.000e+00
370 -1.524e-03 -4.162e-03 -8.408e-05 0.000e+00
371 -1.808e-03 -3.899e-03 -1.698e-03 0.000e+00
372 3.428e-03 -2.494e-03 2.511e-03 0.000e+00
373 1.870e-03 6.659e-04 -4.048e-03 0.000e+00
374 1.123e-03 3.316e-03 -1.261e-03 0.000e+00
375 -2.413e-03 2.322e-03 1.212e-03 0.000e+00
376 -3.188e-03 -1.950e-03 2.662e-03 0.000e+00
377 3.285e-03 1.188e-03 1.544e-03 0.000e+00
378 2.769e-03 6.101e-03 3.598e-03 9.181e+01
379 9.348e-04 6.651e-03 2.375e-05 -3.860e+01
380 -1.668e-03 1.054e-03 3.183e-03 0.000e+00
381 -1.419e-03 -3.373e-03 2.655e-03 0.000e+00
382 3.571e-03 1.060e-03 2.370e-03 0.000e+00
383 1.318e-03 5.759e-04 1.670e-03 0.000e+00
384 1.959e-03 3.874e-04 4.412e-04 0.000e+00
385 2.395e-03 -3.489e-03 2.365e-03 0.000e+00
386 -4.415e-03 6.251e-04 -3.437e-03 0.000e+00
387 2.039e-03 2.044e-03 5.867e-03 0.000e+00
388 9.650e-05 2.363e-03 4.051e-03 0.000e+00
389 1.942e-03 -3.999e-03 -2.045e-03 0.000e+00
390 3.204e-03 -3.900e-03 -1.555e-03 0.000e+00
391 -4.303e-03 -3.963e-03 -8.430e-04 0.000e+00
392 -1.430e-03 -2.696e-03 1.396e-03 0.000e+00
393 -4.054e-04 -3.548e-03 -3.246e-04 0.000e+00
394 -6.752e-04 2.338e-03 2.546e-03 0.000e+00
395 -3.053e-03 1.217e-03 2.111e-03 0.000e+00
396 -4.259e-03 -1.797e-03 1.579e-03 0.000e+00
397 2.252e-03 -3.272e-03 1.955e-03 0.000e+00
398 1.763e-03 -3.414e-03 -3.633e-04 0.000e+00
399 3.396e-03 -3.166e-03 3.467e-03 0.000e+00
400 3.049e-03 -1.256e-03 -5.462e-03 0.000e+00
401 2.801e-04 4.173e-04 -6.280e-03 0.000e+00
402 9.608e-03 -3.467e-03 -3.145e-03 0.000e+00
403 -2.691e-04 -3.055e-03 -6.988e-05 0.000e+00
404 -5.236e-03 2.031e-03 3.974e-05 0.000e+00
405 4.891e-03 1.166e-03 -3.334e-03 0.000e+00
406 2.733e-04 5.039e-03 6.979e-03 3.058e+01
407 -1.185e-03 -2.321e-04 -1.601e-03 0.000e+00
408 -3.576e-03 -3.437e-03 1.950e-03 0.000e+00
409 2.736e-03 1.964e-03 4.796e-04 0.000e+00
410 6.100e-04 4.424e-04 1.692e-03 0.000e+00
411 -8.648e-05 -2.902e-03 4.477e-04 0.000e+00
412 1.328e-03 5.568e-03 5.164e-03 8.241e+01
413 6.502e-03 2.822e-03 2.278e-03 0.000e+00
414 -1.846e-03 1.850e-03 5.123e-03 0.000e+00
415 -2.557e-04 -2.800e-03 2.649e-04 0.000e+00
416 -3.563e-03 9.240e-04 1.762e-03 0.000e+00
417 -9.197e-04 -4.126e-03 2.742e-03 0.000e+00
418 -2.784e-04 2.503e-03 2.944e-03 0.000e+00
419 -7.432e-04 -3.913e-03 -4.777e-03 0.000e+00
420 -3.376e-03 3.298e-03 3.239e-03 0.000e+00
421 -2.464e-03 2.386e-03 5.170e-03 0.000e+00
422 -9.012e-04 5.476e-03 -2.045e-03 4.826e+01
423 -2.710e-03 4.662e-03 6.914e-04 0.000e+00
424 1.175e-03 -5.347e-04 -2.481e-03 0.000e+00
425 -5.974e-03 3.852e-03 6.648e-04 0.000e+00
426 1.960e-03 -3.533e-04 -1.025e-03 0.000e+00
427 -1.051e-04 -3.687e-03 8.545e-04 0.000e+00
428 2.864e-03 -3.294e-03 -2.561e-03 0.000e+00
429 -1.179e-03 3.728e-03 -3.158e-04 0.000e+00
430 2.122e-03 -2.626e-03 1.803e-03 0.000e+00
431 1.903e-03 1.773e-03 -7.615e-04 0.000e+00
432 7.113e-04 2.490e-03 1.047e-03 0.000e+00
433 -8.331e-04 -4.192e-03 1.598e-03 0.000e+00
434 1.009e-04 -4.079e-03 4.262e-03 0.000e+00
435 -3.197e-03 -2.202e-03 7.125e-03 0.000e+00
436 8.056e-04 -3.901e-03 1.202e-03 0.000e+00
437 5.734e-03 3.628e-03 4.853e-03 0.000e+00
438 1.665e-03 -3.784e-03 -1.215e-04 0.000e+00
439 -1.478e-03 5.273e-04 -1.068e-03 0.000e+00
440 -4.677e-04 -2.702e-03 -6.354e-04 0.000e+00
441 3.769e-03 -2.892e-03 -3.436e-03 0.000e+00
442 2.696e-04 1.204e-03 -4.523e-03 0.000e+00
443 -5.583e-04 -3.238e-03 1.067e-03 0.000e+00
444 8.368e-04 3.831e-03 7.362e-04 0.000e+00
445 2.931e-03 -4.007e-03 3.911e-03 0.000e+00
446 -1.203e-03 -4.156e-03 7.159e-04 0.000e+00
447 7.061e-03 4.431e-03 -1.762e-03 0.000e+00
448 3.272e-03 -4.106e-03 -2.889e-03 0.000e+00
449 2.403e-03 -3.156e-03 1.385e-03 0.000e+00
450 -1.570e-03 -3.529e-03 1.594e-03 0.000e+00
451 6.724e-03 1.553e-03 -1.451e-04 0.000e+00
452 -2.184e-03 3.698e-03 2.552e-03 0.000e+00
453 6.454e-03 3.388e-03 6.913e-03 0.000e+00
454 5.120e-03 5.952e-03 -3.019e-03 1.232e+02
455 7.829e-03 1.688e-03 1.237e-03 0.000e+00
456 8.542e-03 -3.932e-03 2.817e-03 0.000e+00
457 1.012e-02 -4.139e-03 -3.750e-03 0.000e+00
458 8.680e-03 8.504e-03 -4.550e-03 -1.200e+01
459 1.951e-02 4.085e-03 5.024e-03 0.000e+00
460 2.174e-02 1.470e-02 1.161e-04 -2.246e+01
461 3.179e-02 5.438e-03 7.062e-04 -4.033e+01
462 3.562e-02 1.048e-02 -1.209e-03 -3.778e+01
463 4.659e-02 1.681e-02 -1.667e-03 -3.099e+01
464 5.977e-02 1.161e-02 -5.734e-04 -2.531e+01
465 7.674e-02 1.977e-02 2.193e-03 -2.659e+01
466 1.047e-01 2.315e-02 -7.399e-04 -2.772e+01
467 1.351e-01 2.717e-02 -7.575e-03 -2.095e+01
468 1.849e-01 3.408e-02 -9.972e-03 -1.087e+01
469 2.312e-01 3.939e-02 -1.846e-02 -1.396e+01
470 2.851e-01 3.896e-02 -2.408e-02 -1.323e+01
471 3.386e-01 4.570e-02 -3.838e-02 -1.409e+01
472 4.047e-01 5.354e-02 -4.122e-02 -1.604e+01
473 4.667e-01 6.450e-02 -4.503e-02 -1.707e+01
474 5.187e-01 8.987e-02 -4.547e-02 -1.611e+01
475 5.738e-01 1.247e-01 -5.335e-02 -1.437e+01
476 6.289e-01 1.535e-01 -5.514e-02 -1.224e+01
477 6.941e-01 1.952e-01 -6.923e-02 -9.770e+00
478 7.421e-01 2.422e-01 -7.638e-02 -7.679e+00
479 8.176e-01 2.966e-01 -9.109e-02 -5.138e+00
480 8.720e-01 3.458e-01 -9.948e-02 -2.876e+00
481 9.270e-01 3.889e-01 -1.101e-01 -4.413e-01
482 9.689e-01 4.245e-01 -1.156e-01 2.000e+00
483 1.000e+00 4.511e-01 -1.284e-01 4.417e+00
484 1.000e+00 4.768e-01 -1.228e-01 6.550e+00
485 9.905e-01 4.804e-01 -1.187e-01 9.023e+00
486 9.700e-01 4.700e-01 -1.181e-01 1.141e+01
487 9.344e-01 4.533e-01 -1.020e-01 1.425e+01
488 8.741e-01 4.122e-01 -9.540e-02 1.665e+01
489 8.049e-01 3.821e-01 -8.375e-02 1.888e+01
490 7.224e-01 3.223e-01 -7.580e-02 2.166e+01
491 6.322e-01 2.719e-01 -6.443e-02 2.389e+01
492 5.519e-01 2.236e-01 -6.160e-02 2.617e+01
493 4.708e-01 1.847e-01 -4.590e-02 2.816e+01
494 3.926e-01 1.465e-01 -3.307e-02 2.850e+01
495 3.313e-01 1.173e-01 -2.622e-02 3.129e+01
496 2.707e-01 9.000e-02 -2.331e-02 3.381e+01
497 2.231e-01 7.127e-02 -1.238e-02 3.564e+01
498 1.815e-01 5.572e-02 -1.479e-02 3.822e+01
499 1.429e-01 4.585e-02 -1.389e-02 3.952e+01
500 1.164e-01 3.555e-02 -7.886e-03 3.999e+01
501 9.381e-02 2.657e-02 -7.745e-03 4.243e+01
502 7.969e-02 2.316e-02 -8.767e-03 4.119e+01
503 6.133e-02 1.779e-02 -3.021e-03 5.098e+01
504 5.071e-02 1.255e-02 -1.476e-03 4.277e+01
505 3.584e-02 1.027e-02 -3.677e-03 4.450e+01
506 3.111e-02 -3.520e-03 2.067e-03 0.000e+00
507 2.853e-02 2.259e-03 -1.797e-03 0.000e+00
508 2.428e-02 6.529e-03 -1.365e-03 3.800e+01
509 2.232e-02 1.023e-03 -3.397e-03 0.000e+00
510 2.346e-02 -3.583e-03 -5.105e-03 0.000e+00
511 1.437e-02 4.683e-03 -1.673e-03 0.000e+00
512 1.098e-02 7.237e-03 3.843e-04 4.935e+01
513 3.358e-03 -1.556e-03 -4.759e-03 0.000e+00
514 4.907e-03 -3.765e-03 2.021e-04 0.000e+00
515 4.257e-03 2.932e-03 5.058e-04 0.000e+00
516 1.085e-03 2.129e-03 1.253e-03 0.000e+00
517 2.293e-03 1.087e-03 -3.021e-03 0.000e+00
518 1.562e-03 -3.306e-03 -1.428e-03 0.000e+00
519 1.407e-03 -4.091e-03 5.353e-03 0.000e+00
520 1.369e-03 -3.421e-03 -8.874e-05 0.000e+00
521 4.409e-03 3.741e-03 2.270e-03 0.000e+00
522 -2.541e-03 -2.105e-03 2.445e-03 0.000e+00
523 4.567e-04 5.149e-04 2.400e-03 0.000e+00
524 1.481e-03 -3.509e-03 -3.243e-03 0.000e+00
525 -5.915e-04 -2.958e-03 2.666e-03 0.000e+00
526 -2.197e-03 -4.006e-03 -1.164e-03 0.000e+00
527 -5.971e-03 -1.841e-03 -1.171e-03 0.000e+00
528 9.153e-04 -3.730e-03 1.513e-03 0.000e+00
529 -1.146e-03 -3.445e-03 -4.459e-03 0.000e+00
530 -5.629e-03 -4.183e-03 2.820e-03 0.000e+00
531 -3.120e-03 -1.421e-03 4.278e-03 0.000e+00
532 3.350e-04 -3.795e-03 1.465e-03 0.000e+00
533 -3.600e-04 -4.047e-03 3.169e-04 0.000e+00
534 2.411e-03 4.634e-03 5.189e-03 0.000e+00
535 -3.515e-03 5.599e-03 -3.304e-03 -2.770e+01
536 -1.537e-03 -4.003e-03 -1.667e-03 0.000e+00
537 8.342e-04 -5.483e-04 5.510e-03 0.000e+00
538 -1.263e-03 3.134e-03 -2.827e-03 0.000e+00
539 2.352e-03 -1.590e-03 5.116e-03 0.000e+00
540 -7.890e-03 4.375e-03 7.179e-04 0.000e+00
541 6.345e-04 4.658e-03 -4.952e-04 0.000e+00
542 -1.817e-04 -3.919e-03 -5.536e-04 0.000e+00
543 -4.451e-03 3.935e-03 2.646e-03 0.000e+00
544 -4.499e-04 1.615e-03 -3.887e-04 0.000e+00
545 1.611e-03 -3.630e-03 -4.074e-03 0.000e+00
546 9.260e-05 -2.438e-03 4.518e-04 0.000e+00
547 -2.579e-03 3.342e-03 2.123e-03 0.000e+00
548 -3.058e-03 2.154e-03 1.845e-03 0.000e+00
549 9.156e-04 -2.700e-03 4.751e-03 0.000e+00
550 -3.379e-03 -2.645e-03 2.896e-03 0.000e+00
551 -5.803e-03 2.690e-03 -1.571e-04 0.000e+00
552 -5.493e-04 -1.220e-03 -7.311e-03 0.000e+00
553 -1.231e-03 -4.117e-03 -1.791e-03 0.000e+00
554 2.718e-03 -3.992e-03 6.566e-03 0.000e+00
555 -4.530e-03 4.165e-03 2.702e-03 0.000e+00
556 1.468e-03 9.232e-04 5.424e-03 0.000e+00
557 -6.948e-04 6.002e-03 1.113e-03 3.172e+01
558 -3.437e-03 -2.746e-03 -6.100e-04 0.000e+00
559 4.705e-03 -3.179e-03 3.471e-03 0.000e+00
560 -2.537e-03 1.198e-03 -5.716e-03 0.000e+00
561 -2.112e-03 2.219e-03 -1.628e-03 0.000e+00
562 4.191e-03 -3.209e-03 3.382e-03 0.000e+00
563 -1.337e-03 -3.443e-03 -9.086e-04 0.000e+00
564 -9.558e-05 1.780e-03 3.028e-03 0.000e+00
565 -5.311e-03 -4.120e-03 6.783e-03 0.000e+00
566 -2.821e-03 1.367e-04 -1.880e-03 0.000e+00
567 -4.165e-03 1.804e-03 3.018e-03 0.000e+00
568 2.194e-06 -3.389e-03 -6.218e-03 0.000e+00
569 -2.834e-04 3.194e-03 1.845e-03 0.000e+00
570 -8.374e-03 1.824e-03 -1.457e-03 0.000e+00
571 -2.420e-03 -3.433e-03 -2.626e-03 0.000e+00
572 1.661e-03 -4.091e-03 -1.787e-03 0.000e+00
573 1.300e-03 2.331e-03 6.067e-04 0.000e+00
574 5.342e-04 -3.410e-03 -1.806e-03 0.000e+00
575 -1.665e-03 -2.138e-03 2.313e-03 0.000e+00
576 -4.698e-03 -3.875e-03 1.669e-03 0.000e+00
577 4.670e-04 -3.364e-03 8.745e-03 0.000e+00
578 3.211e-03 4.189e-03 -1.393e-03 0.000e+00
579 1.643e-03 -3.718e-03 1.986e-04 0.000e+00
580 6.976e-03 -3.887e-03 -1.435e-03 0.000e+00
581 -5.970e-03 6.307e-03 -2.093e-03 1.576e+01
582 -7.626e-04 2.700e-04 -2.967e-03 0.000e+00
583 -5.155e-03 -5.251e-04 1.511e-03 0.000e+00
584 -2.493e-03 -3.736e-03 -2.611e-03 0.000e+00
585 -1.889e-03 -2.765e-04 1.663e-03 0.000e+00
586 -4.039e-03 -4.082e-03 2.203e-03 0.000e+00
587 -1.797e-04 4.129e-03 2.768e-03 0.000e+00
588 -9.100e-04 -2.461e-03 2.785e-03 0.000e+00
589 3.115e-03 -3.739e-03 5.573e-03 0.000e+00
590 -2.893e-03 -2.323e-03 -5.542e-03 0.000e+00
591 -5.511e-03 3.463e-03 -1.144e-03 0.000e+00
592 -2.764e-04 -6.679e-04 -1.323e-03 0.000e+00
593 -3.212e-03 5.250e-03 -4.932e-05 9.596e+01
594 -2.796e-03 -4.083e-03 -4.687e-05 0.000e+00
595 6.494e-04 1.033e-03 -1.105e-03 0.000e+00
596 -2.401e-03 6.947e-03 1.871e-03 5.092e+01
597 -1.286e-03 -4.164e-03 3.228e-03 0.000e+00
598 1.717e-03 -3.087e-03 -2.536e-04 0.000e+00
599 -5.004e-04 2.575e-03 1.506e-03 0.000e+00
600 -4.906e-04 -3.714e-03 4.572e-03 0.000e+00
601 -6.188e-04 7.483e-04 1.177e-03 0.000e+00
602 3.485e-03 5.562e-03 5.837e-04 1.312e+02
603 5.130e-03 7.664e-04 3.134e-03 0.000e+00
604 1.160e-03 5.266e-03 -4.226e-03 1.238e+02
605 1.482e-03 -1.551e-03 -1.886e-03 0.000e+00
606 2.495e-03 -3.707e-03 6.032e-05 0.000e+00
607 3.821e-03 -2.115e-03 -1.424e-03 0.000e+00
608 2.859e-03 4.004e-03 -8.505e-05 0.000e+00
609 2.361e-03 -4.169e-03 2.807e-03 0.000e+00
610 -2.816e-03 -3.812e-03 -5.211e-04 0.000e+00
611 4.386e-03 -2.953e-03 2.586e-04 0.000e+00
612 -2.048e-03 7.143e-03 -3.660e-03 1.110e+02
613 2.488e-03 2.515e-03 -1.416e-03 0.000e+00
614 -2.205e-03 -3.361e-03 2.675e-04 0.000e+00
615 4.911e-04 3.957e-03 -6.719e-03 0.000e+00
616 -5.336e-03 1.673e-03 5.523e-04 0.000e+00
617 5.158e-03 -3.202e-03 -3.341e-03 0.000e+00
618 -1.657e-03 -4.071e-03 -4.901e-03 0.000e+00
619 5.673e-03 1.529e-03 -2.348e-03 0.000e+00
620 -2.449e-03 4.332e-03 2.677e-03 0.000e+00
621 1.824e-03 -3.696e-03 1.874e-03 0.000e+00
622 -1.199e-03 -3.961e-03 -7.053e-05 0.000e+00
623 2.099e-03 -2.431e-03 -2.730e-03 0.000e+00
624 1.019e-03 3.254e-03 4.618e-05 0.000e+00
625 -4.675e-04 1.603e-03 8.640e-04 0.000e+00
626 7.175e-03 -1.621e-04 4.243e-03 0.000e+00
627 2.059e-04 3.960e-03 3.917e-03 0.000e+00
628 1.819e-03 -3.679e-03 7.825e-03 0.000e+00
629 3.701e-04 -2.565e-03 -4.501e-04 0.000e+00
630 -1.921e-03 -2.555e-03 -2.022e-04 0.000e+00
631 -3.064e-03 -3.823e-03 4.847e-03 0.000e+00
632 1.086e-03 1.923e-03 3.568e-03 0.000e+00
633 -3.304e-03 -3.995e-03 1.010e-03 0.000e+00
634 -5.394e-04 -4.157e-03 4.231e-03 0.000e+00
635 1.189e-03 2.328e-03 -2.112e-04 0.000e+00
636 -7.226e-03 2.591e-03 2.993e-03 0.000e+00
637 -1.295e-03 1.062e-03 1.851e-04 0.000e+00
638 1.780e-03 -3.821e-03 1.204e-04 0.000e+00
639 1.672e-03 5.887e-03 4.875e-03 2.288e+01
640 1.836e-03 8.476e-04 -7.271e-03 0.000e+00
641 4.478e-03 3.658e-03 -4.792e-03 0.000e+00
642 -2.390e-03 2.622e-04 5.259e-04 0.000e+00
643 3.605e-03 -3.646e-03 4.566e-03 0.000e+00
644 -3.677e-04 3.838e-03 -3.659e-03 0.000e+00
645 3.635e-05 1.183e-03 -8.737e-04 0.000e+00
646 2.113e-03 3.389e-03 -2.004e-03 0.000e+00
647 4.703e-04 -1.170e-04 -1.673e-03 0.000e+00
648 2.325e-03 -3.349e-03 -4.659e-03 0.000e+00
649 -6.768e-04 2.309e-03 2.555e-03 0.000e+00
650 6.867e-03 5.276e-03 -1.494e-04 4.554e+01
651 3.280e-03 5.400e-05 6.246e-03 0.000e+00
652 -3.313e-03 4.589e-05 -1.445e-03 0.000e+00
653 2.710e-03 -3.587e-03 5.030e-03 0.000e+00
654 4.439e-03 -3.809e-03 -5.133e-03 0.000e+00
655 -4.635e-03 -3.934e-03 3.153e-03 0.000e+00
656 -1.401e-03 -3.596e-03 5.826e-03 0.000e+00
657 -2.809e-03 -2.611e-03 -4.187e-03 0.000e+00
658 2.019e-03 -3.779e-03 -1.215e-04 0.000e+00
659 -5.133e-03 3.077e-03 -1.162e-03 0.000e+00
660 -1.749e-04 3.487e-03 -2.590e-04 0.000e+00
661 -1.584e-03 -2.686e-03 -3.227e-03 0.000e+00
662 -4.309e-03 -1.911e-03 -3.119e-03 0.000e+00
663 -2.981e-03 3.767e-03 3.909e-04 0.000e+00
664 -7.822e-03 8.221e-03 8.041e-03 -8.847e+00
665 -1.124e-03 4.178e-03 -1.264e-03 0.000e+00
666 1.605e-03 -3.817e-03 -1.493e-03 0.000e+00
667 -2.352e-03 3.906e-03 2.119e-03 0.000e+00
668 -4.980e-03 1.443e-03 4.095e-03 0.000e+00
669 2.420e-03 3.458e-03 -2.553e-03 0.000e+00
670 -1.404e-03 -2.919e-03 2.957e-03 0.000e+00
671 2.693e-03 -6.609e-04 2.532e-03 0.000e+00
672 -8.232e-05 1.704e-03 1.768e-03 0.000e+00
673 -4.548e-03 -4.166e-03 -1.135e-04 0.000e+00
674 -2.385e-03 4.633e-04 2.768e-03 0.000e+00
675 -1.032e-03 -1.883e-03 2.063e-03 0.000e+00
676 -1.269e-03 -1.485e-03 8.306e-05 0.000e+00
677 -4.805e-03 2.643e-03 1.153e-04 0.000e+00
678 -5.878e-03 5.152e-03 -2.605e-03 -1.549e+01
679 7.353e-04 3.301e-03 1.497e-03 0.000e+00
680 -1.701e-03 2.054e-03 2.555e-03 0.000e+00
681 4.199e-03 -3.682e-03 -4.245e-03 0.000e+00
682 -3.292e-04 5.115e-03 -1.432e-03 -2.770e+01
683 -7.643e-04 -3.078e-03 -1.901e-03 0.000e+00
684 -4.811e-03 7.345e-04 -1.815e-03 0.000e+00
685 -3.540e-03 -3.135e-03 -3.113e-03 0.000e+00
686 -3.407e-03 -3.745e-03 6.746e-04 0.000e+00
687 -7.922e-04 -4.162e-03 2.593e-03 0.000e+00
688 -5.521e-04 4.135e-04 2.438e-03 0.000e+00
689 -8.000e-04 -4.087e-03 1.806e-03 0.000e+00
690 -5.670e-03 2.922e-03 7.339e-05 0.000e+00
691 2.373e-03 -2.272e-03 2.247e-03 0.000e+00
692 -7.458e-03 1.348e-03 -1.335e-03 0.000e+00
693 -1.691e-03 2.550e-03 2.755e-05 0.000e+00
694 -3.490e-03 -9.420e-05 -3.148e-03 0.000e+00
695 -3.308e-03 6.121e-03 1.082e-04 -1.532e+01
696 -2.526e-03 -3.301e-03 6.620e-03 0.000e+00
697 -4.085e-03 3.543e-03 -4.808e-03 0.000e+00
698 -4.273e-03 3.836e-03 2.365e-04 0.000e+00
699 -7.161e-03 2.249e-04 7.818e-04 0.000e+00
700 -1.004e-02 2.284e-03 3.214e-03 0.000e+00
701 5.098e-03 -3.432e-03 -3.812e-03 0.000e+00
702 -2.164e-04 2.929e-03 2.278e-03 0.000e+00
703 -3.667e-03 -2.830e-03 -5.752e-03 0.000e+00
704 4.537e-03 -4.079e-03 -5.362e-03 0.000e+00
705 -8.792e-04 -4.134e-03 -4.583e-04 0.000e+00
706 -3.799e-04 -3.959e-03 -2.782e-03 0.000e+00
707 -1.839e-05 4.505e-03 -6.660e-04 0.000e+00
708 -1.593e-03 -3.559e-03 1.230e-03 0.000e+00
709 -2.382e-03 -3.715e-03 -5.298e-04 0.000e+00
710 -1.112e-03 -2.171e-03 1.971e-03 0.000e+00
711 -3.917e-04 -2.571e-03 -2.054e-03 0.000e+00
712 -1.181e-03 2.056e-03 1.432e-03 0.000e+00
713 -2.767e-03 3.115e-04 -6.497e-03 0.000e+00
714 -6.472e-03 3.973e-03 3.492e-03 0.000e+00
715 -3.467e-03 -2.492e-03 -4.168e-03 0.000e+00
716 -6.989e-04 5.306e-03 -1.221e-03 2.560e+01
717 -4.624e-03 -2.980e-03 -2.837e-03 0.000e+00
718 -6.403e-03 -4.037e-03 5.241e-03 0.000e+00
719 5.998e-04 2.956e-03 -2.328e-03 0.000e+00
720 -1.514e-03 3.953e-03 -2.402e-03 0.000e+00
721 -6.833e-04 -4.162e-03 4.443e-03 0.000e+00
722 -4.830e-03 -2.143e-04 4.289e-04 0.000e+00
723 -8.811e-03 8.227e-05 -3.104e-03 0.000e+00
724 -2.680e-03 1.357e-03 3.520e-03 0.000e+00
725 -2.133e-03 -3.448e-03 -2.316e-04 0.000e+00
726 -3.490e-03 -3.405e-03 -3.348e-03 0.000e+00
727 -4.372e-03 -4.005e-03 1.264e-03 0.000e+00
728 -2.983e-05 -3.889e-03 1.380e-03 0.000e+00
729 -2.662e-03 3.752e-04 2.934e-03 0.000e+00
730 5.110e-04 2.461e-03 -5.930e-03 0.000e+00
731 -3.343e-03 3.475e-03 6.811e-03 0.000e+00
732 4.358e-03 1.720e-03 -2.617e-03 0.000e+00
733 -2.156e-03 1.833e-03 6.381e-04 0.000e+00
734 -2.312e-03 -3.698e-03 6.575e-03 0.000e+00
735 -4.938e-03 -2.510e-03 7.127e-05 0.000e+00
736 4.379e-04 2.539e-03 3.677e-03 0.000e+00
737 -6.895e-04 -3.551e-03 3.285e-03 0.000e+00
738 8.393e-03 -3.232e-03 -3.224e-03 0.000e+00
739 -4.709e-03 4.048e-03 2.563e-03 0.000e+00
740 -4.247e-03 3.330e-03 -4.907e-03 0.000e+00
741 -4.397e-03 -3.398e-03 4.697e-04 0.000e+00
742 -4.896e-03 2.191e-03 2.800e-03 0.000e+00
743 -3.251e-03 3.439e-03 1.348e-03 0.000e+00
744 -2.112e-03 3.770e-03 -4.442e-04 0.000e+00
745 -1.486e-03 -2.938e-03 -3.412e-04 0.000e+00
746 -3.156e-03 2.524e-03 -1.168e-03 0.000e+00
747 3.587e-03 1.817e-03 1.354e-03 0.000e+00
748 2.130e-03 1.642e-03 -1.834e-03 0.000e+00
749 -3.999e-04 -4.166e-03 1.275e-04 0.000e+00
750 3.383e-03 -1.836e-03 -2.663e-04 0.000e+00
751 -2.106e-03 -2.579e-03 -2.091e-03 0.000e+00
752 2.399e-03 -3.430e-03 2.678e-03 0.000e+00
753 -5.296e-04 -2.809e-03 2.290e-03 0.000e+00
754 2.809e-03 -4.106e-03 7.710e-04 0.000e+00
755 -1.328e-03 -3.267e-03 -3.913e-03 0.000e+00
756 -3.647e-03 -2.375e-03 -1.746e-03 0.000e+00
757 3.085e-03 5.555e-03 -2.746e-03 8.380e+01
758 -5.629e-03 -2.931e-03 7.473e-03 0.000e+00
759 -2.989e-03 -3.397e-03 4.954e-03 0.000e+00
760 -1.216e-04 -3.408e-03 3.408e-03 0.000e+00
761 -3.350e-03 -3.781e-03 2.307e-03 0.000e+00
762 -4.609e-03 -2.971e-03 4.845e-03 0.000e+00
763 -3.143e-04 6.189e-04 2.862e-03 0.000e+00
764 -3.331e-03 -2.389e-03 1.850e-03 0.000e+00
765 2.767e-03 -3.965e-03 -4.786e-03 0.000e+00
766 -2.156e-03 -1.271e-03 -3.123e-03 0.000e+00
767 -3.529e-03 -2.141e-03 -4.715e-04 0.000e+00
768 -5.489e-03 4.736e-03 -4.532e-04 0.000e+00
769 2.301e-03 4.197e-03 1.266e-03 0.000e+00
770 8.862e-04 -4.014e-03 -2.178e-03 0.000e+00
771 4.761e-03 3.132e-03 -4.162e-04 0.000e+00
772 -4.768e-04 2.227e-03 3.666e-03 0.000e+00
773 -6.276e-03 -2.891e-03 -5.593e-03 0.000e+00
774 -2.618e-03 3.483e-03 3.380e-03 0.000e+00
775 -4.614e-03 -3.819e-03 3.874e-03 0.000e+00
776 -2.617e-03 -4.077e-03 -2.945e-03 0.000e+00
777 8.325e-04 4.972e-03 9.992e-05 0.000e+00
778 -2.571e-03 6.153e-03 4.509e-03 8.438e+01
779 -2.407e-03 -2.746e-03 1.147e-03 0.000e+00
780 5.655e-04 2.266e-03 -5.796e-04 0.000e+00
781 2.664e-03 1.728e-03 1.499e-03 0.000e+00
782 -2.583e-03 -3.990e-03 -4.585e-03 0.000e+00
783 -3.281e-03 4.394e-03 9.735e-04 0.000e+00
784 -1.751e-03 -2.115e-03 -6.989e-04 0.000e+00
785 -5.054e-03 2.985e-03 9.757e-04 0.000e+00
786 -3.301e-03 3.656e-03 -1.349e-03 0.000e+00
787 2.949e-03 3.760e-03 4.767e-03 0.000e+00
788 -8.048e-04 -5.844e-04 -1.207e-03 0.000e+00
789 5.706e-03 4.606e-03 -2.529e-03 0.000e+00
790 -3.161e-03 4.203e-03 -9.422e-04 0.000e+00
791 -4.810e-03 2.021e-03 -5.166e-03 0.000e+00
792 -4.126e-03 -3.129e-03 -3.479e-03 0.000e+00
793 -7.926e-04 4.314e-03 3.877e-04 0.000e+00
794 -4.487e-04 -3.234e-03 3.157e-03 0.000e+00
795 1.883e-03 2.096e-04 2.959e-03 0.000e+00
796 -3.034e-03 1.456e-03 -1.315e-03 0.000e+00
797 -4.902e-03 -2.110e-03 -7.356e-04 0.000e+00
798 -6.006e-04 3.197e-03 4.267e-03 0.000e+00
799 4.520e-04 -3.483e-03 3.582e-03 0.000e+00
800 -2.810e-03 2.113e-03 -2.247e-03 0.000e+00
801 -5.595e-05 -2.912e-03 5.138e-03 0.000e+00
802 2.198e-03 6.919e-04 -4.065e-03 0.000e+00
803 1.715e-04 1.233e-04 -3.571e-03 0.000e+00
804 2.319e-03 2.848e-03 -1.540e-03 0.000e+00
805 5.143e-04 -3.240e-03 -1.269e-03 0.000e+00
806 -3.515e-03 -3.123e-03 -1.270e-03 0.000e+00
807 4.946e-04 -4.097e-03 6.394e-03 0.000e+00
808 -2.492e-03 1.620e-03 5.660e-03 0.000e+00
809 -1.884e-04 -1.626e-03 1.183e-03 0.000e+00
810 -1.842e-03 -4.137e-03 -1.836e-03 0.000e+00
811 -2.173e-03 2.942e-03 2.215e-03 0.000e+00
812 8.161e-05 -3.602e-03 -8.888e-04 0.000e+00
813 -5.239e-03 -2.362e-03 2.840e-03 0.000e+00
814 -1.469e-03 1.067e-03 -1.500e-03 0.000e+00
815 -3.023e-03 5.009e-03 7.604e-04 1.218e+02
816 -2.652e-03 3.447e-03 5.227e-03 0.000e+00
817 2.525e-03 -1.611e-03 2.225e-03 0.000e+00
818 -1.422e-03 7.337e-03 -3.358e-03 -3.241e+01
819 9.759e-04 2.559e-04 7.281e-04 0.000e+00
820 -3.688e-04 5.274e-03 3.577e-03 1.201e+02
821 -3.594e-03 -1.998e-03 -2.505e-03 0.000e+00
822 3.791e-03 -3.678e-03 1.629e-03 0.000e+00
823 4.241e-04 -1.592e-03 4.297e-04 0.000e+00
824 -4.415e-04 -2.732e-03 2.865e-03 0.000e+00
825 -4.317e-03 -4.110e-03 3.455e-03 0.000e+00
826 3.118e-03 -3.346e-03 -3.071e-03 0.000e+00
827 -4.106e-03 3.065e-04 2.537e-03 0.000e+00
828 -3.498e-03 -4.135e-03 3.096e-03 0.000e+00
829 -1.974e-03 -3.308e-03 3.388e-03 0.000e+00
830 3.671e-04 -4.091e-03 7.753e-04 0.000e+00
831 -1.911e-03 -3.707e-03 1.858e-03 0.000e+00
832 -7.307e-03 -3.984e-03 4.799e-03 0.000e+00
833 -1.560e-04 -4.055e-03 5.675e-03 0.000e+00
834 -2.814e-03 -4.184e-03 -1.893e-03 0.000e+00
835 -2.096e-03 -4.230e-04 -5.953e-03 0.000e+00
836 1.012e-03 4.427e-03 -2.716e-03 0.000e+00
837 3.509e-04 -2.869e-03 -3.507e-03 0.000e+00
838 7.600e-04 1.753e-03 2.541e-03 0.000e+00
839 -3.286e-03 3.381e-03 -3.026e-03 0.000e+00
840 1.900e-03 7.200e-04 2.948e-03 0.000e+00
841 -6.204e-03 9.482e-04 -1.566e-03 0.000e+00
842 1.848e-03 2.235e-03 5.372e-04 0.000e+00
843 4.762e-04 2.418e-03 -5.583e-04 0.000e+00
844 -2.592e-03 -3.586e-03 4.409e-04 0.000e+00
845 -3.659e-03 5.126e-03 5.195e-04 1.168e+02
846 -4.262e-03 -2.675e-03 -4.097e-04 0.000e+00
847 -4.196e-04 5.755e-03 5.965e-04 2.849e+00
848 -3.015e-03 -3.562e-03 2.285e-03 0.000e+00
849 -4.260e-03 1.275e-03 1.479e-03 0.000e+00
850 -4.777e-03 -3.836e-03 1.358e-03 0.000e+00
851 -3.814e-03 -3.782e-03 3.784e-03 0.000e+00
852 1.707e-05 -3.753e-03 4.863e-03 0.000e+00
853 3.882e-04 6.755e-03 7.934e-05 -2.283e+01
854 -6.537e-04 -3.011e-03 -1.866e-03 0.000e+00
855 1.098e-03 -4.189e-03 -4.064e-04 0.000e+00
856 -2.695e-03 6.293e-04 5.037e-04 0.000e+00
857 -5.538e-03 -2.361e-03 -1.286e-03 0.000e+00
858 -1.269e-03 -3.903e-03 -3.419e-03 0.000e+00
859 4.901e-04 4.330e-03 -2.302e-03 0.000e+00
860 -1.788e-03 7.471e-04 -7.681e-04 0.000e+00
861 5.674e-04 -3.113e-04 5.842e-04 0.000e+00
862 -1.469e-03 3.725e-03 1.101e-03 0.000e+00
863 -1.537e-04 4.283e-04 6.434e-03 0.000e+00
864 2.350e-03 5.779e-03 -1.409e-03 1.051e+02
865 3.034e-03 -2.821e-03 -2.452e-04 0.000e+00
866 1.515e-03 3.449e-03 6.025e-03 0.000e+00
867 2.088e-03 3.475e-03 -2.744e-03 0.000e+00
868 3.589e-04 9.172e-04 2.685e-03 0.000e+00
869 -1.815e-03 -3.869e-03 3.255e-03 0.000e+00
870 1.164e-03 -3.146e-03 -4.923e-03 0.000e+00
871 -1.773e-03 3.077e-03 -1.150e-03 0.000e+00
872 -1.869e-03 1.677e-03 -1.863e-03 0.000e+00
873 3.119e-03 -2.851e-03 8.353e-04 0.000e+00
874 -2.025e-03 8.129e-04 -3.005e-03 0.000e+00
875 3.740e-03 6.640e-04 -5.544e-04 0.000e+00
876 1.664e-03 2.662e-03 3.736e-03 0.000e+00
877 2.315e-03 -3.932e-03 2.607e-03 0.000e+00
878 -1.588e-03 -2.045e-03 -9.237e-04 0.000e+00
879 -1.302e-03 -3.835e-03 1.359e-03 0.000e+00
880 -1.113e-03 -2.287e-03 2.594e-03 0.000e+00
881 -3.278e-03 9.661e-04 -3.590e-03 0.000e+00
882 4.679e-03 -3.513e-03 -5.419e-03 0.000e+00
883 1.018e-03 -1.871e-03 2.588e-03 0.000e+00
884 -6.557e-03 -2.213e-03 5.079e-04 0.000e+00
885 -6.406e-03 2.607e-03 1.166e-03 0.000e+00
886 -2.204e-03 -4.119e-03 2.024e-03 0.000e+00
887 -3.330e-03 -2.731e-03 3.826e-05 0.000e+00
888 -1.677e-03 3.423e-03 -9.211e-04 0.000e+00
889 -1.604e-03 4.850e-04 1.052e-03 0.000e+00
890 -1.016e-03 -3.640e-03 2.461e-03 0.000e+00
891 -1.282e-03 -2.919e-04 5.378e-03 0.000e+00
892 4.147e-04 2.349e-03 2.220e-03 0.000e+00
893 -2.676e-03 6.332e-03 1.593e-03 8.475e+01
894 -5.445e-04 3.716e-03 2.040e-03 0.000e+00
895 -3.424e-04 -2.077e-03 -5.971e-03 0.000e+00
896 -1.668e-03 -2.521e-03 6.454e-04 0.000e+00
897 -4.498e-03 5.559e-03 -2.903e-03 -4.358e+01
898 -4.051e-03 -2.831e-03 -1.786e-03 0.000e+00
899 -1.783e-03 -2.468e-03 -1.415e-03 0.000e+00
900 -2.009e-03 -4.079e-03 -2.549e-03 0.000e+00
901 4.614e-03 7.342e-04 4.615e-03 0.000e+00
902 6.413e-03 -4.017e-03 -1.414e-03 0.000e+00
903 3.123e-03 -3.840e-03 3.139e-03 0.000e+00
904 1.484e-03 1.484e-03 -3.224e-03 0.000e+00
905 2.364e-03 -6.737e-04 -1.048e-03 0.000e+00
906 -7.435e-04 1.094e-03 -3.189e-03 0.000e+00
907 4.615e-03 -3.924e-03 -1.253e-03 0.000e+00
908 -8.961e-04 1.401e-03 2.321e-03 0.000e+00
909 2.094e-03 1.701e-03 5.110e-03 0.000e+00
910 -8.672e-03 -2.700e-03 1.163e-03 0.000e+00
911 1.408e-03 3.766e-03 1.289e-03 0.000e+00
912 3.208e-03 3.187e-03 -3.056e-03 0.000e+00
913 2.497e-03 -3.903e-03 1.941e-03 0.000e+00
914 1.999e-03 4.739e-03 1.430e-03 0.000e+00
915 -6.639e-04 2.304e-04 -2.354e-03 0.000e+00
916 -2.930e-05 -4.115e-03 -7.264e-03 0.000e+00
917 -1.191e-03 5.040e-03 4.815e-03 7.720e+01
918 8.520e-04 2.606e-03 5.357e-04 0.000e+00
919 5.563e-03 2.972e-03 5.056e-03 0.000e+00
920 9.988e-04 -4.162e-03 -5.925e-04 0.000e+00
921 -1.754e-03 -3.235e-03 3.395e-03 0.000e+00
922 4.153e-03 5.551e-03 -4.179e-03 1.157e+02
923 1.674e-04 4.225e-03 -3.738e-03 0.000e+00
924 -3.669e-03 -1.580e-03 -1.574e-03 0.000e+00
925 -3.131e-03 -3.452e-03 -3.174e-03 0.000e+00
926 -1.597e-03 2.181e-03 4.215e-03 0.000e+00
927 2.602e-03 -2.096e-03 2.147e-03 0.000e+00
928 3.024e-03 -3.690e-03 -1.166e-03 0.000e+00
929 -7.438e-05 -4.026e-03 -1.620e-03 0.000e+00
930 -3.028e-03 -3.675e-03 9.987e-04 0.000e+00
931 -1.239e-03 5.474e-03 3.787e-03 -2.180e+01
932 2.518e-05 2.984e-03 -1.107e-03 0.000e+00
933 -1.859e-04 -2.336e-03 -3.870e-03 0.000e+00
934 -2.375e-03 -3.037e-03 -2.545e-03 0.000e+00
935 1.521e-03 -3.236e-03 2.985e-04 0.000e+00
936 -1.357e-03 -2.590e-03 1.055e-03 0.000e+00
937 -2.464e-03 3.802e-03 1.286e-03 0.000e+00
938 4.448e-03 2.465e-03 1.107e-04 0.000e+00
939 -5.226e-03 7.362e-04 2.452e-03 0.000e+00
940 2.547e-04 -4.163e-03 -4.682e-03 0.000e+00
941 7.622e-04 2.772e-03 -1.038e-05 0.000e+00
942 -3.844e-03 -3.741e-03 -2.442e-04 0.000e+00
943 3.987e-03 -3.682e-03 5.275e-05 0.000e+00
944 -1.756e-03 -3.589e-03 -1.183e-03 0.000e+00
945 1.656e-03 -4.035e-03 -2.980e-03 0.000e+00
946 4.194e-03 4.948e-03 3.752e-03 0.000e+00
947 2.480e-03 4.165e-03 3.616e-03 0.000e+00
948 -3.782e-04 2.568e-03 -2.648e-03 0.000e+00
949 -2.260e-03 1.808e-03 -4.582e-04 0.000e+00
950 -3.297e-03 2.701e-03 -2.179e-03 0.000e+00
951 -2.827e-03 3.484e-03 9.864e-04 0.000e+00
952 1.257e-04 1.748e-03 -9.253e-04 0.000e+00
953 -7.854e-03 3.068e-03 3.553e-03 0.000e+00
954 2.032e-03 4.656e-03 1.181e-03 0.000e+00
955 -2.852e-03 4.452e-03 -8.907e-04 0.000e+00
956 -1.785e-03 -3.519e-03 -8.418e-04 0.000e+00
957 -8.818e-04 -4.185e-03 3.354e-03 0.000e+00
958 -2.899e-04 1.308e-03 5.020e-03 0.000e+00
959 1.753e-03 -3.322e-03 -9.628e-04 0.000e+00
960 1.981e-03 1.591e-03 -4.210e-04 0.000e+00
961 -5.705e-03 -3.317e-03 -4.715e-03 0.000e+00
962 -3.979e-03 -2.494e-03 -7.175e-04 0.000e+00
963 -4.613e-04 -2.986e-03 3.074e-04 0.000e+00
964 -7.047e-05 6.123e-04 8.546e-04 0.000e+00
965 6.521e-04 -3.987e-03 -7.134e-04 0.000e+00
966 3.630e-03 -5.252e-04 -6.024e-05 0.000e+00
967 2.553e-03 4.123e-03 -1.142e-03 0.000e+00
968 1.519e-03 -3.749e-03 -1.085e-03 0.000e+00
969 -1.323e-03 -2.473e-03 4.303e-03 0.000e+00
970 -6.502e-04 3.040e-03 9.591e-04 0.000e+00
971 4.732e-04 -3.627e-03 2.586e-03 0.000e+00
972 -2.226e-03 1.724e-03 -1.378e-03 0.000e+00
973 -1.375e-03 -3.636e-03 1.285e-03 0.000e+00
974 3.702e-03 -3.810e-03 -1.120e-04 0.000e+00
975 -1.353e-03 2.692e-03 -8.928e-04 0.000e+00
976 -2.445e-03 2.374e-03 -2.362e-03 0.000e+00
977 -3.176e-03 2.247e-03 2.569e-03 0.000e+00
978 1.807e-03 9.888e-04 6.036e-05 0.000e+00
979 3.428e-04 3.929e-03 -5.716e-04 0.000e+00
980 -7.812e-04 -1.620e-03 1.490e-04 0.000e+00
981 5.145e-03 -2.864e-03 4.709e-03 0.000e+00
982 4.488e-03 8.478e-04 -2.724e-03 0.000e+00
983 -4.096e-04 -2.594e-03 1.359e-03 0.000e+00
984 -1.935e-03 4.116e-03 -1.962e-03 0.000e+00
985 8.711e-04 -3.839e-03 9.716e-04 0.000e+00
986 8.545e-04 4.461e-03 3.573e-03 0.000e+00
987 -1.640e-03 1.355e-03 5.781e-03 0.000e+00
988 -1.261e-03 -3.302e-04 2.905e-03 0.000e+00
989 3.421e-03 -2.856e-03 5.517e-04 0.000e+00
990 -1.489e-03 5.997e-04 -1.840e-03 0.000e+00
991 -1.953e-03 4.035e-03 -4.216e-03 0.000e+00
992 -8.751e-04 3.404e-03 2.717e-03 0.000e+00
993 3.820e-03 -3.095e-03 4.098e-03 0.000e+00
994 3.466e-03 -4.194e-03 6.275e-03 0.000e+00
995 -2.065e-03 -3.307e-03 -3.473e-04 0.000e+00
996 -3.707e-03 2.109e-03 4.915e-03 0.000e+00
997 -3.255e-03 4.255e-03 -4.024e-04 0.000e+00
998 2.922e-04 -2.722e-03 -3.007e-03 0.000e+00
999 -3.865e-04 3.106e-03 -3.074e-03 0.000e+00
1000 5.987e-04 1.253e-03 -9.979e-04 0.000e+00
1001 -5.264e-03 -4.009e-03 -1.691e-03 0.000e+00
1002 -9.326e-04 -4.127e-03 1.042e-03 0.000e+00
1003 8.584e-04 -3.304e-03 2.696e-05 0.000e+00
1004 2.195e-03 -2.831e-03 2.306e-03 0.000e+00
1005 -3.491e-03 2.785e-03 1.195e-04 0.000e+00
1006 -2.104e-03 -3.166e-03 2.440e-03 0.000e+00
1007 -5.466e-04 2.764e-03 6.133e-03 0.000e+00
1008 2.752e-03 -3.271e-03 4.711e-03 0.000e+00
1009 -1.356e-03 -3.089e-03 -4.534e-03 0.000e+00
1010 1.936e-03 -3.665e-03 -3.311e-03 0.000e+00
1011 7.219e-04 -1.784e-03 1.467e-03 0.000e+00
1012 5.740e-03 3.637e-03 2.846e-03 0.000e+00
1013 2.918e-03 1.271e-04 -7.681e-03 0.000e+00
1014 4.246e-03 3.482e-03 -6.658e-05 0.000e+00
1015 2.102e-04 -2.877e-03 -1.997e-04 0.000e+00
1016 3.370e-03 9.707e-04 -2.571e-03 0.000e+00
1017 -1.115e-04 -3.757e-03 1.062e-04 0.000e+00
1018 2.104e-04 -3.226e-03 4.146e-03 0.000e+00
1019 -1.908e-03 -4.033e-03 -3.484e-03 0.000e+00
1020 8.394e-04 9.385e-04 4.628e-04 0.000e+00
1021 -1.423e-03 -3.938e-03 5.050e-03 0.000e+00
1022 -6.208e-03 -3.915e-03 5.395e-04 0.000e+00
1023 -5.647e-03 -3.598e-03 -4.674e-03 0.000e+00
1024 -1.290e-03 -3.942e-03 -3.930e-03 0.000e+00
1025 3.604e-03 1.807e-03 -3.678e-03 0.000e+00
1026 -3.898e-03 4.878e-03 -8.528e-04 0.000e+00
1027 -3.358e-03 -2.289e-03 1.764e-03 0.000e+00
1028 1.575e-03 1.939e-03 -1.515e-03 0.000e+00
1029 4.363e-03 -3.409e-03 2.118e-03 0.000e+00
1030 5.334e-03 1.858e-03 7.493e-04 0.000e+00
1031 2.871e-03 2.209e-03 1.399e-03 0.000e+00
1032 1.839e-04 -3.218e-03 6.294e-04 0.000e+00
1033 -1.722e-04 2.648e-03 -4.315e-03 0.000e+00
1034 1.721e-03 -2.370e-03 -1.591e-03 0.000e+00
1035 -3.257e-03 -3.479e-04 -4.853e-04 0.000e+00
1036 -4.250e-03 2.658e-03 2.723e-03 0.000e+00
1037 -1.262e-03 -3.845e-03 1.348e-03 0.000e+00
1038 -5.140e-03 4.096e-03 -5.626e-03 0.000e+00
1039 6.809e-03 -2.777e-03 -1.679e-03 0.000e+00
1040 2.108e-04 -4.098e-03 -2.522e-03 0.000e+00
1041 1.696e-03 -3.775e-03 -6.433e-04 0.000e+00
1042 -1.032e-03 -2.689e-03 -2.571e-03 0.000e+00
1043 3.335e-03 8.056e-04 -4.063e-03 0.000e+00
1044 -2.460e-03 1.247e-03 1.043e-03 0.000e+00
1045 2.574e-03 -2.789e-03 1.907e-03 0.000e+00
1046 1.865e-03 -3.927e-03 -3.526e-03 0.000e+00
1047 -1.836e-03 1.387e-03 5.333e-04 0.000e+00
1048 -7.394e-04 2.246e-03 -1.394e-03 0.000e+00
1049 2.278e-03 5.897e-03 -6.676e-04 5.653e+01
1050 2.946e-03 -2.478e-03 1.997e-03 0.000e+00
1051 1.658e-04 1.741e-03 1.908e-03 0.000e+00
1052 -4.635e-03 -3.927e-03 -1.122e-03 0.000e+00
1053 -3.879e-03 4.337e-03 5.068e-03 0.000e+00
1054 -2.872e-03 6.168e-03 -3.713e-03 1.057e+02
1055 -1.281e-03 -2.480e-03 -4.794e-03 0.000e+00
1056 -1.353e-03 -3.977e-03 3.426e-03 0.000e+00
1057 3.529e-04 6.340e-04 -1.775e-03 0.000e+00
1058 1.944e-03 -4.134e-03 2.868e-03 0.000e+00
1059 -1.534e-03 -4.170e-03 1.724e-03 0.000e+00
1060 2.689e-04 -2.319e-03 3.132e-04 0.000e+00
1061 4.903e-03 -3.831e-03 -5.318e-04 0.000e+00
1062 9.791e-04 -4.048e-03 -2.111e-03 0.000e+00
1063 -3.784e-03 4.517e-03 -1.339e-03 0.000e+00
1064 -2.874e-03 -2.996e-03 -2.940e-03 0.000e+00
1065 -8.288e-03 3.473e-03 -8.345e-04 0.000e+00
1066 -3.404e-04 -3.991e-03 -2.755e-04 0.000e+00
1067 -7.064e-05 -2.131e-03 -3.692e-03 0.000e+00
1068 -2.713e-03 4.259e-03 7.200e-04 0.000e+00
1069 -3.333e-03 -3.802e-03 -5.841e-03 0.000e+00
1070 -2.536e-03 -2.885e-03 -2.301e-03 0.000e+00
1071 4.491e-03 -2.775e-03 5.553e-04 0.000e+00
1072 -5.599e-04 1.117e-03 1.877e-03 0.000e+00
1073 1.284e-03 2.412e-03 4.464e-05 0.000e+00
1074 -4.122e-03 -1.778e-03 3.176e-03 0.000e+00
1075 -3.971e-03 -3.791e-03 2.075e-03 0.000e+00
1076 -8.513e-03 -4.012e-03 9.613e-04 0.000e+00
1077 -1.761e-03 -2.639e-03 1.604e-03 0.000e+00
1078 -2.421e-03 -3.513e-03 2.262e-03 0.000e+00
1079 1.624e-03 -2.587e-03 7.691e-05 0.000e+00
1080 -7.150e-04 1.462e-04 5.258e-03 0.000e+00
1081 8.375e-04 -2.262e-03 -2.500e-03 0.000e+00
1082 4.448e-05 3.589e-03 1.980e-03 0.000e+00
1083 -2.826e-05 -1.597e-03 -4.398e-03 0.000e+00
1084 -2.582e-03 3.634e-03 2.362e-03 0.000e+00
1085 -3.345e-03 -3.464e-03 3.534e-07 0.000e+00
1086 -1.051e-02 4.619e-03 1.852e-03 0.000e+00
1087 1.427e-03 3.325e-04 -1.483e-03 0.000e+00
1088 -1.336e-03 -3.794e-03 -4.878e-03 0.000e+00
1089 -4.139e-04 1.445e-03 3.913e-03 0.000e+00
1090 -2.363e-03 -3.650e-03 -3.534e-07 0.000e+00
1091 -4.490e-03 5.272e-03 -2.984e-03 3.145e+01
1092 -5.259e-03 3.343e-03 2.090e-03 0.000e+00
1093 -1.149e-03 3.440e-03 -4.046e-03 0.000e+00
1094 2.181e-03 4.330e-04 1.407e-03 0.000e+00
1095 -4.617e-03 2.886e-03 -7.823e-04 0.000e+00
1096 1.878e-03 1.245e-03 -1.272e-03 0.000e+00
1097 -1.201e-03 4.604e-03 -2.959e-03 0.000e+00
1098 7.342e-03 -2.298e-03 -3.461e-03 0.000e+00
1099 -3.198e-03 3.518e-03 2.937e-03 0.000e+00
1100 -1.859e-03 -3.102e-03 -1.983e-03 0.000e+00
1101 -3.613e-03 -3.879e-03 1.343e-03 0.000e+00
1102 -2.879e-03 5.577e-03 -4.001e-03 8.764e+01
1103 -4.189e-03 -3.210e-03 3.912e-03 0.000e+00
1104 -2.127e-03 2.307e-03 -2.321e-03 0.000e+00
1105 -3.830e-03 6.807e-03 6.876e-05 2.585e+00
1106 -2.181e-03 2.456e-03 -4.424e-03 0.000e+00
1107 9.921e-06 -2.804e-03 -2.325e-03 0.000e+00
1108 4.687e-04 1.052e-03 3.462e-04 0.000e+00
1109 -1.306e-03 9.929e-04 -1.189e-03 0.000e+00
1110 -3.546e-03 -3.191e-03 -4.731e-03 0.000e+00
1111 -6.379e-03 5.716e-03 7.110e-04 9.130e+01
1112 -1.427e-03 2.097e-04 -3.828e-03 0.000e+00
1113 -4.945e-03 5.704e-03 -1.934e-04 -4.164e+01
1114 -1.868e-03 3.105e-03 2.204e-03 0.000e+00
1115 -6.618e-03 1.564e-03 2.780e-03 0.000e+00
1116 -3.328e-04 -3.065e-03 9.779e-04 0.000e+00
1117 -1.840e-04 1.412e-03 2.596e-04 0.000e+00
1118 -8.199e-03 3.522e-03 -2.985e-03 0.000e+00
1119 -6.813e-03 -3.271e-03 -4.719e-04 0.000e+00
1120 -1.447e-03 1.915e-03 -1.514e-03 0.000e+00
1121 -4.383e-04 -2.564e-03 -5.046e-03 0.000e+00
1122 -3.485e-03 3.979e-04 -1.483e-03 0.000e+00
1123 -2.654e-03 -3.086e-03 -2.098e-03 0.000e+00
1124 -1.999e-03 -3.715e-03 5.807e-04 0.000e+00
1125 -3.324e-03 2.105e-03 -3.925e-03 0.000e+00
1126 -4.584e-03 -2.842e-03 2.605e-03 0.000e+00
1127 -4.367e-03 4.970e-03 -5.333e-03 0.000e+00
1128 -3.169e-03 3.151e-03 -2.756e-04 0.000e+00
1129 -2.813e-03 -2.913e-03 1.707e-03 0.000e+00
1130 -3.227e-03 -2.737e-03 5.647e-04 0.000e+00
1131 -5.086e-04 5.682e-03 -9.278e-04 7.756e+01
1132 -5.122e-03 -2.829e-03 1.058e-03 0.000e+00
1133 -6.660e-04 -3.487e-03 -4.471e-03 0.000e+00
1134 -1.707e-03 4.933e-03 -8.629e-03 0.000e+00
1135 -4.960e-03 -3.503e-03 -1.959e-03 0.000e+00
1136 -2.896e-03 -7.721e-06 1.083e-03 0.000e+00
1137 -4.296e-03 4.821e-03 1.619e-03 0.000e+00
1138 -4.445e-03 5.625e-04 3.081e-03 0.000e+00
1139 -2.454e-03 -5.991e-04 -3.238e-03 0.000e+00
1140 -9.227e-04 -3.746e-03 3.314e-03 0.000e+00
1141 4.089e-04 -2.774e-03 2.298e-04 0.000e+00
1142 5.203e-04 -3.461e-03 2.934e-03 0.000e+00
1143 -6.044e-03 2.369e-03 -1.421e-03 0.000e+00
1144 -9.429e-04 1.452e-03 7.471e-04 0.000e+00
1145 -2.438e-03 2.927e-04 4.329e-03 0.000e+00
1146 -1.728e-03 -3.659e-03 1.466e-03 0.000e+00
1147 -2.872e-03 3.198e-03 -3.695e-03 0.000e+00
1148 1.041e-03 5.182e-03 2.966e-03 -2.228e+01
1149 2.471e-04 3.735e-04 2.396e-03 0.000e+00
1150 1.004e-03 2.036e-03 -3.585e-03 0.000e+00
1151 -8.032e-03 -4.163e-03 -1.734e-03 0.000e+00
1152 -6.060e-04 -2.851e-03 -3.531e-03 0.000e+00
1153 -1.018e-02 5.101e-03 8.478e-04 -6.094e+00
1154 8.459e-04 -4.136e-03 3.237e-03 0.000e+00
1155 -1.093e-03 2.844e-03 -2.039e-03 0.000e+00
1156 -2.605e-03 4.496e-03 -1.538e-03 0.000e+00
1157 -4.360e-03 -4.136e-03 6.996e-04 0.000e+00
1158 1.064e-05 3.600e-03 1.997e-03 0.000e+00
1159 -1.572e-03 1.147e-03 1.569e-03 0.000e+00
1160 -4.746e-04 1.177e-03 -1.429e-03 0.000e+00
1161 -1.525e-03 9.022e-05 3.360e-03 0.000e+00
1162 4.260e-03 4.508e-03 6.900e-04 0.000e+00
1163 5.654e-03 4.556e-03 -2.154e-03 0.000e+00
1164 -1.765e-03 -1.856e-03 -2.606e-03 0.000e+00
1165 3.494e-03 6.024e-03 1.132e-03 1.294e+02
1166 -4.101e-03 1.632e-03 -1.567e-03 0.000e+00
1167 1.606e-03 2.163e-03 -6.548e-04 0.000e+00
1168 5.429e-03 1.080e-03 -2.506e-03 0.000e+00
1169 -2.446e-03 2.724e-03 -9.946e-04 0.000e+00
1170 5.748e-05 1.243e-03 -4.962e-04 0.000e+00
1171 2.226e-03 -2.928e-03 4.288e-03 0.000e+00
1172 -6.579e-03 1.698e-03 -4.507e-03 0.000e+00
1173 -5.043e-03 8.969e-04 -5.266e-03 0.000e+00
1174 3.977e-03 2.095e-03 -4.873e-03 0.000e+00
1175 1.152e-03 3.871e-04 -4.026e-03 0.000e+00
1176 -6.457e-03 5.604e-03 -3.291e-04 -1.531e+01
1177 -5.758e-03 -4.354e-04 -4.830e-04 0.000e+00
1178 -2.964e-03 -3.030e-03 3.748e-03 0.000e+00
1179 -1.940e-04 3.204e-03 6.360e-03 0.000e+00
1180 -2.573e-04 -4.085e-03 -4.102e-03 0.000e+00
1181 -6.019e-04 3.326e-03 -1.253e-03 0.000e+00
1182 -3.900e-03 -2.809e-03 6.385e-03 0.000e+00
1183 -5.421e-04 -3.232e-03 -1.004e-03 0.000e+00
1184 -6.952e-04 1.289e-03 -1.578e-03 0.000e+00
1185 1.696e-03 -1.669e-03 -2.087e-03 0.000e+00
1186 -4.074e-03 -3.256e-03 4.550e-03 0.000e+00
1187 -2.659e-03 -3.443e-03 3.989e-04 0.000e+00
1188 9.160e-04 3.811e-03 2.169e-03 0.000e+00
1189 1.523e-03 1.479e-04 1.578e-03 0.000e+00
1190 3.116e-03 -2.842e-03 -6.049e-04 0.000e+00
1191 -4.913e-03 -3.917e-03 8.804e-05 0.000e+00
1192 -2.608e-03 -3.236e-03 -2.089e-03 0.000e+00
1193 -6.064e-03 6.533e-03 1.230e-03 7.850e+01
1194 2.282e-03 2.228e-03 4.478e-03 0.000e+00
1195 -5.622e-04 -3.413e-04 -2.273e-03 0.000e+00
1196 -2.541e-03 2.705e-03 -8.122e-04 0.000e+00
1197 4.372e-03 5.013e-04 1.242e-03 0.000e+00
1198 1.808e-03 4.671e-03 -1.251e-04 0.000e+00
1199 1.498e-03 4.967e-03 -4.452e-03 0.000e+00
1200 -3.775e-03 5.902e-03 -2.125e-03 8.026e+01
1201 4.434e-03 2.728e-03 1.395e-03 0.000e+00
1202 2.360e-03 5.128e-03 -6.181e-03 2.947e+01
1203 1.871e-03 6.202e-03 -9.098e-04 4.036e+01
1204 1.080e-03 -4.038e-03 3.725e-04 0.000e+00
1205 -3.812e-03 -3.278e-03 -5.622e-04 0.000e+00
1206 1.703e-03 4.223e-03 -5.346e-04 0.000e+00
1207 -3.909e-03 -2.930e-03 1.426e-03 0.000e+00
1208 2.255e-03 -3.743e-03 -2.767e-03 0.000e+00
1209 -9.283e-04 7.396e-03 3.451e-03 -4.417e+01
1210 -4.232e-04 2.725e-03 -2.572e-03 0.000e+00
1211 -5.700e-03 4.661e-03 3.850e-04 0.000e+00
1212 -6.657e-04 -3.758e-03 -2.585e-03 0.000e+00
1213 2.056e-03 4.447e-04 -8.712e-03 0.000e+00
1214 -1.774e-05 -3.404e-04 4.090e-03 0.000e+00
1215 -2.078e-04 -3.506e-03 3.193e-03 0.000e+00
1216 -7.026e-04 3.495e-03 -4.205e-03 0.000e+00
1217 -3.016e-03 1.914e-03 -5.815e-04 0.000e+00
1218 -2.300e-03 3.802e-03 -2.512e-03 0.000e+00
1219 3.906e-03 -2.010e-03 -1.125e-03 0.000e+00
1220 -3.083e-03 -4.158e-03 -2.171e-03 0.000e+00
1221 -2.304e-03 1.983e-05 -5.131e-03 0.000e+00
1222 4.771e-04 -3.600e-03 1.428e-03 0.000e+00
1223 -3.463e-03 4.520e-03 3.730e-03 0.000e+00
1224 -3.703e-03 3.928e-03 1.018e-03 0.000e+00
1225 1.255e-03 3.274e-03 -6.205e-03 0.000e+00
1226 6.512e-03 1.416e-03 -4.160e-03 0.000e+00
1227 -3.808e-04 -3.888e-03 4.342e-03 0.000e+00
1228 -8.622e-04 1.509e-03 -2.879e-03 0.000e+00
1229 -2.631e-04 1.367e-03 1.561e-03 0.000e+00
1230 -3.300e-03 1.891e-03 1.060e-03 0.000e+00
1231 1.517e-03 2.776e-03 8.550e-04 0.000e+00
1232 -9.316e-04 4.240e-03 6.162e-04 0.000e+00
1233 1.439e-03 -3.122e-03 -2.569e-03 0.000e+00
1234 -4.217e-03 4.257e-03 7.350e-04 0.000e+00
1235 5.078e-04 3.112e-03 3.321e-03 0.000e+00
1236 -2.844e-03 -3.699e-03 -4.418e-03 0.000e+00
1237 3.271e-03 -3.902e-03 -5.971e-04 0.000e+00
1238 -4.979e-03 -2.578e-03 -4.401e-05 0.000e+00
1239 2.360e-03 3.057e-03 -3.851e-03 0.000e+00
1240 9.396e-04 3.893e-03 -3.460e-03 0.000e+00
1241 3.112e-03 -1.760e-04 -7.615e-04 0.000e+00
1242 -2.752e-03 -4.022e-03 9.182e-04 0.000e+00
1243 -3.107e-03 7.053e-04 4.965e-03 0.000e+00
1244 -1.216e-03 5.474e-03 1.922e-03 7.775e+01
1245 -4.502e-06 3.837e-03 1.545e-04 0.000e+00
1246 1.510e-03 -2.747e-03 -2.510e-04 0.000e+00
1247 3.480e-04 -4.169e-03 3.638e-03 0.000e+00
1248 3.031e-03 2.956e-03 1.995e-03 0.000e+00
1249 -1.208e-04 4.476e-03 5.676e-03 0.000e+00
1250 2.302e-03 3.030e-03 2.428e-04 0.000e+00
1251 4.572e-03 4.253e-03 -2.217e-03 0.000e+00
1252 -8.101e-04 1.923e-03 -2.991e-03 0.000e+00
1253 2.342e-03 8.235e-04 2.347e-03 0.000e+00
1254 2.621e-03 -8.698e-05 2.462e-03 0.000e+00
1255 -3.358e-03 2.256e-03 -9.316e-04 0.000e+00
1256 -2.291e-03 -2.943e-04 7.252e-03 0.000e+00
1257 4.024e-03 -3.230e-03 -6.495e-03 0.000e+00
1258 -1.553e-03 3.443e-04 1.576e-03 0.000e+00
1259 3.041e-03 1.437e-03 -4.106e-03 0.000e+00
1260 -2.762e-03 9.695e-04 3.550e-03 0.000e+00
1261 -2.218e-03 1.735e-03 2.855e-03 0.000e+00
1262 6.026e-03 1.500e-03 -8.271e-04 0.000e+00
1263 5.422e-04 8.194e-04 -4.885e-03 0.000e+00
1264 6.810e-04 -2.038e-03 -3.639e-04 0.000e+00
1265 -5.293e-04 2.044e-03 -4.270e-04 0.000e+00
1266 -4.240e-03 1.940e-03 3.012e-03 0.000e+00
1267 -2.499e-03 -4.000e-04 3.338e-03 0.000e+00
1268 -4.965e-03 9.850e-04 2.785e-03 0.000e+00
1269 2.298e-03 -3.593e-03 -1.825e-03 0.000e+00
1270 1.153e-03 -3.692e-03 -2.260e-03 0.000e+00
1271 4.866e-03 -4.084e-03 3.627e-03 0.000e+00
1272 1.471e-03 -3.836e-03 7.698e-04 0.000e+00
1273 9.101e-04 3.948e-03 -6.899e-04 0.000e+00
1274 5.263e-03 2.560e-03 2.853e-03 0.000e+00
1275 -2.567e-03 1.741e-04 8.545e-04 0.000e+00
1276 3.610e-04 7.403e-04 4.228e-03 0.000e+00
1277 -9.385e-04 3.298e-03 2.121e-03 0.000e+00
1278 2.640e-03 -6.210e-04 -1.345e-04 0.000e+00
1279 7.365e-04 2.588e-03 1.358e-04 0.000e+00
1280 -1.910e-03 4.261e-03 4.477e-04 0.000e+00
1281 4.709e-03 -3.261e-03 -1.144e-04 0.000e+00
1282 7.861e-04 -4.051e-03 1.510e-03 0.000e+00
1283 -1.634e-03 -2.352e-03 -1.270e-03 0.000e+00
1284 -3.204e-03 -3.287e-03 2.504e-03 0.000e+00
1285 -2.329e-03 -1.961e-03 -2.875e-03 0.000e+00
1286 3.240e-03 -3.973e-03 -3.745e-03 0.000e+00
1287 3.007e-03 1.699e-03 -1.004e-03 0.000e+00
1288 -3.381e-03 -2.794e-03 -4.564e-04 0.000e+00
1289 -2.563e-03 1.586e-03 2.887e-04 0.000e+00
1290 1.065e-03 -3.803e-03 4.522e-04 0.000e+00
1291 -2.604e-03 -3.988e-03 -1.800e-05 0.000e+00
1292 1.773e-03 1.456e-03 9.218e-04 0.000e+00
1293 -6.227e-03 -2.273e-03 -3.259e-03 0.000e+00
1294 -4.142e-03 -3.668e-03 2.086e-03 0.000e+00
1295 1.135e-03 -4.043e-03 7.090e-04 0.000e+00
1296 2.611e-03 -3.414e-03 -1.454e-03 0.000e+00
1297 1.363e-04 2.869e-03 5.088e-04 0.000e+00
1298 3.074e-03 2.714e-03 -2.105e-03 0.000e+00
1299 1.814e-03 2.181e-03 -2.080e-03 0.000e+00
1300 -3.601e-03 -2.505e-03 -2.266e-03 0.000e+00
1301 9.411e-04 9.734e-04 1.370e-03 0.000e+00
1302 1.331e-03 -2.858e-03 7.066e-04 0.000e+00
1303 1.028e-03 3.409e-03 -4.294e-03 0.000e+00
1304 2.762e-03 2.766e-03 -6.125e-04 0.000e+00
1305 -1.530e-03 -2.677e-03 -3.836e-03 0.000e+00
1306 -4.412e-03 -4.160e-03 3.209e-03 0.000e+00
1307 6.497e-03 1.944e-03 3.812e-03 0.000e+00
1308 1.868e-03 2.795e-03 -8.605e-04 0.000e+00
1309 1.575e-03 -3.574e-03 -4.147e-03 0.000e+00
1310 -2.647e-03 1.151e-03 -2.393e-04 0.000e+00
1311 3.020e-03 2.914e-03 -2.120e-03 0.000e+00
1312 -2.520e-03 -3.062e-03 -1.754e-03 0.000e+00
1313 1.163e-03 9.956e-04 -3.638e-03 0.000e+00
1314 -3.458e-03 1.311e-03 -1.078e-04 0.000e+00
1315 5.580e-04 -1.375e-04 1.928e-03 0.000e+00
1316 -2.687e-04 1.994e-03 -2.896e-03 0.000e+00
1317 -3.350e-03 -3.691e-03 -6.497e-03 0.000e+00
1318 1.779e-03 -3.112e-03 -1.138e-03 0.000e+00
1319 -2.805e-03 -3.409e-03 3.859e-04 0.000e+00
1320 1.675e-05 3.366e-03 -4.289e-03 0.000e+00
1321 2.263e-03 -2.575e-03 -1.431e-03 0.000e+00
1322 5.293e-03 -2.815e-03 -2.200e-03 0.000e+00
1323 1.762e-04 -2.362e-03 -8.327e-04 0.000e+00
1324 -1.959e-04 3.291e-03 -9.022e-04 0.000e+00
1325 -5.651e-03 4.359e-03 2.160e-03 0.000e+00
1326 -5.103e-03 2.216e-03 -2.631e-03 0.000e+00
1327 -5.072e-03 3.571e-03 1.074e-03 0.000e+00
1328 -6.659e-04 -4.075e-03 -1.084e-03 0.000e+00
1329 -6.372e-04 -3.220e-03 -1.880e-03 0.000e+00
1330 2.721e-04 3.559e-03 -2.165e-03 0.000e+00
1331 3.532e-03 4.923e-03 -1.180e-03 0.000e+00
1332 -5.043e-03 -2.786e-03 -2.935e-03 0.000e+00
1333 -2.041e-03 -3.324e-03 2.825e-03 0.000e+00
1334 1.667e-03 -3.357e-03 -5.647e-05 0.000e+00
1335 -2.006e-03 -3.579e-03 2.830e-03 0.000e+00
1336 -4.844e-03 2.369e-03 -4.524e-03 0.000e+00
1337 9.137e-04 5.172e-04 1.459e-03 0.000e+00
1338 5.080e-03 -3.043e-03 -2.817e-03 0.000e+00
1339 1.937e-03 2.603e-03 3.836e-03 0.000e+00
1340 -4.440e-03 6.563e-03 -1.838e-03 9.406e+01
1341 -5.861e-03 2.230e-03 -3.317e-04 0.000e+00
1342 4.912e-03 -2.576e-03 -5.632e-03 0.000e+00
1343 -5.909e-03 1.832e-03 4.392e-03 0.000e+00
1344 -5.490e-04 5.666e-03 6.238e-04 7.511e+01
1345 2.992e-03 4.725e-03 -1.269e-03 0.000e+00
1346 4.562e-04 2.714e-03 -4.795e-03 0.000e+00
1347 7.260e-04 -3.480e-03 3.662e-03 0.000e+00
1348 -5.288e-03 -3.262e-03 -2.868e-03 0.000e+00
1349 1.997e-03 5.558e-03 -3.436e-04 1.296e+02
1350 4.321e-03 -3.763e-03 2.375e-04 0.000e+00
1351 -6.733e-04 3.996e-04 -6.623e-03 0.000e+00
1352 1.081e-03 -5.462e-04 -2.581e-03 0.000e+00
1353 9.249e-05 -2.585e-03 -2.194e-03 0.000e+00
1354 1.062e-03 1.416e-03 4.369e-03 0.000e+00
1355 6.258e-04 -5.795e-04 1.349e-03 0.000e+00
1356 -3.708e-03 9.347e-04 -1.487e-03 0.000e+00
1357 2.440e-03 2.279e-03 2.118e-03 0.000e+00
1358 -5.056e-04 2.279e-03 -2.910e-04 0.000e+00
1359 -5.829e-04 2.405e-03 -2.273e-03 0.000e+00
1360 -1.352e-03 3.046e-03 2.187e-03 0.000e+00
1361 -1.191e-03 6.944e-04 3.076e-03 0.000e+00
1362 -2.712e-03 2.728e-03 3.029e-04 0.000e+00
1363 -3.355e-03 2.860e-03 -2.821e-04 0.000e+00
1364 3.299e-03 2.486e-03 1.194e-03 0.000e+00
1365 -5.513e-03 5.359e-03 3.245e-03 6.825e+01
1366 2.216e-03 2.690e-03 -2.715e-04 0.000e+00
1367 -2.335e-03 -3.693e-03 -9.003e-04 0.000e+00
1368 3.656e-03 1.757e-03 4.609e-03 0.000e+00
1369 1.951e-03 -3.353e-03 -5.878e-03 0.000e+00
1370 -6.975e-04 3.573e-03 -8.088e-04 0.000e+00
1371 3.313e-03 -3.344e-04 2.791e-04 0.000e+00
1372 -7.561e-05 -1.135e-03 1.875e-03 0.000e+00
1373 -6.423e-04 2.725e-03 2.525e-03 0.000e+00
1374 -3.451e-03 -3.248e-03 3.380e-03 0.000e+00
1375 1.579e-03 1.256e-03 5.445e-03 0.000e+00
1376 1.007e-04 -3.647e-03 -4.229e-03 0.000e+00
1377 4.728e-03 -2.752e-03 2.190e-04 0.000e+00
1378 -5.374e-04 -1.510e-03 -4.676e-04 0.000e+00
1379 1.123e-03 -2.124e-03 -8.015e-05 0.000e+00
1380 4.806e-04 -3.228e-03 -4.233e-03 0.000e+00
1381 -8.597e-03 -3.991e-03 -2.717e-03 0.000e+00
1382 -5.333e-03 1.787e-03 3.818e-03 0.000e+00
1383 -9.324e-04 9.570e-04 -1.714e-03 0.000e+00
1384 -2.643e-04 2.851e-03 -3.858e-04 0.000e+00
1385 -2.259e-03 6.021e-03 -2.003e-03 8.239e+01
1386 -3.310e-03 8.201e-04 -2.612e-03 0.000e+00
1387 -1.510e-03 -3.208e-03 4.067e-03 0.000e+00
1388 -3.061e-03 3.876e-03 -2.623e-03 0.000e+00
1389 1.357e-03 -3.720e-03 -4.598e-03 0.000e+00
1390 -7.889e-04 2.183e-03 4.385e-03 0.000e+00
1391 2.675e-03 1.072e-03 6.627e-03 0.000e+00
1392 4.570e-04 5.479e-03 -2.618e-03 -3.953e+01
1393 6.051e-03 -2.684e-03 -4.465e-03 0.000e+00
1394 -8.900e-04 -3.371e-03 1.686e-03 0.000e+00
1395 -1.578e-03 2.546e-03 8.280e-04 0.000e+00
1396 1.248e-03 -3.631e-03 2.752e-03 0.000e+00
1397 7.357e-04 -3.648e-03 1.432e-03 0.000e+00
1398 4.429e-03 -3.855e-03 -8.445e-03 0.000e+00
1399 2.878e-03 -3.203e-03 -9.230e-04 0.000e+00
1400 -5.752e-05 1.670e-03 1.585e-03 0.000e+00
1401 3.423e-03 1.025e-03 -2.941e-03 0.000e+00
1402 4.663e-03 -7.188e-05 -1.652e-04 0.000e+00
1403 -4.807e-04 5.082e-03 -1.635e-03 -4.137e+01
1404 7.183e-04 3.775e-03 3.335e-05 0.000e+00
1405 -7.200e-05 -1.905e-03 4.770e-04 0.000e+00
1406 -3.060e-03 1.172e-03 -1.569e-03 0.000e+00
1407 4.279e-03 -2.603e-03 -1.218e-03 0.000e+00
1408 -5.900e-06 -2.883e-03 -4.758e-03 0.000e+00
1409 2.220e-04 2.842e-03 -2.294e-03 0.000e+00
1410 6.085e-03 3.866e-03 -8.715e-05 0.000e+00
1411 2.721e-03 1.784e-03 5.182e-04 0.000e+00
1412 2.672e-03 1.011e-03 -4.818e-03 0.000e+00
1413 -8.446e-04 -3.840e-03 -1.120e-03 0.000e+00
1414 5.738e-03 -3.922e-03 6.887e-04 0.000e+00
1415 -5.864e-04 3.209e-03 -3.121e-03 0.000e+00
1416 -1.217e-04 -3.918e-03 -1.896e-03 0.000e+00
1417 -4.378e-03 2.822e-03 3.079e-03 0.000e+00
1418 -1.755e-03 4.001e-03 2.322e-03 0.000e+00
1419 1.300e-03 2.731e-03 2.596e-04 0.000e+00
1420 9.855e-04 -4.007e-03 4.080e-04 0.000e+00
1421 9.718e-04 4.590e-03 -2.472e-03 0.000e+00
1422 3.397e-03 -3.887e-03 -1.488e-04 0.000e+00
1423 2.912e-03 8.756e-04 7.293e-03 0.000e+00
1424 -1.761e-03 3.495e-03 -3.423e-04 0.000e+00
1425 5.860e-04 7.477e-04 -1.700e-03 0.000e+00
1426 -8.328e-05 8.020e-03 -3.015e-03 6.517e+01
1427 1.153e-03 8.069e-04 8.263e-04 0.000e+00
1428 2.199e-03 2.611e-03 -6.849e-03 0.000e+00
1429 -4.340e-05 1.365e-03 -3.173e-03 0.000e+00
1430 6.538e-04 8.397e-03 1.224e-03 -7.602e+00
1431 1.671e-04 -3.776e-03 3.681e-04 0.000e+00
1432 3.208e-04 -4.174e-03 -3.005e-03 0.000e+00
1433 -1.961e-03 -3.041e-03 -1.041e-03 0.000e+00
1434 -4.643e-04 -4.068e-03 2.067e-04 0.000e+00
1435 -1.199e-03 -3.775e-03 4.092e-03 0.000e+00
1436 2.982e-03 -6.957e-06 2.575e-03 0.000e+00
1437 -6.341e-05 -1.907e-03 3.676e-03 0.000e+00
1438 -1.121e-03 -2.481e-03 8.177e-04 0.000e+00
1439 1.343e-03 4.518e-03 -2.173e-03 0.000e+00
1440 1.593e-03 7.380e-03 -6.575e-04 -1.254e+01
1441 4.867e-04 3.073e-03 1.937e-03 0.000e+00
1442 -1.136e-03 1.272e-03 2.682e-03 0.000e+00
1443 2.003e-03 5.352e-03 3.688e-03 5.904e+01
1444 -2.124e-03 -2.175e-03 9.857e-04 0.000e+00
1445 -3.634e-03 -2.991e-03 -4.246e-04 0.000e+00
1446 -1.656e-03 3.809e-03 -4.150e-03 0.000e+00
1447 -2.275e-03 -4.042e-03 -1.319e-03 0.000e+00
1448 2.182e-04 -4.012e-03 -4.640e-03 0.000e+00
1449 -3.029e-04 8.772e-04 -1.593e-04 0.000e+00
1450 -1.898e-03 -2.329e-03 6.709e-03 0.000e+00
1451 -1.292e-03 -2.857e-03 4.713e-03 0.000e+00
1452 8.837e-05 -3.429e-03 -4.028e-04 0.000e+00
1453 -2.869e-03 2.648e-03 -1.081e-03 0.000e+00
1454 3.747e-03 -3.776e-03 -2.103e-03 0.000e+00
1455 -1.102e-04 -3.670e-03 -3.558e-03 0.000e+00
1456 -2.670e-03 -4.040e-03 -2.308e-03 0.000e+00
1457 1.242e-03 -2.309e-04 5.009e-04 0.000e+00
1458 -5.911e-03 1.766e-03 -4.044e-03 0.000e+00
1459 1.523e-03 -4.032e-03 -1.720e-03 0.000e+00
1460 1.312e-03 4.736e-04 2.955e-03 0.000e+00
1461 7.529e-04 1.191e-03 -3.022e-04 0.000e+00
1462 1.694e-03 -3.612e-03 -4.189e-03 0.000e+00
1463 -1.459e-03 2.165e-03 2.903e-04 0.000e+00
1464 -1.227e-03 -1.360e-03 1.441e-03 0.000e+00
1465 3.301e-03 -3.873e-03 -1.592e-03 0.000e+00
1466 3.255e-03 -1.405e-04 1.813e-03 0.000e+00
1467 -1.173e-03 2.990e-03 1.194e-03 0.000e+00
1468 1.247e-03 -4.027e-03 1.787e-04 0.000e+00
1469 1.558e-03 -2.402e-03 4.846e-04 0.000e+00
1470 -1.205e-03 -4.191e-03 -2.675e-04 0.000e+00
1471 3.359e-03 -3.546e-03 1.994e-03 0.000e+00
1472 3.471e-03 -3.619e-03 -1.040e-03 0.000e+00
1473 2.469e-03 -3.381e-03 1.087e-04 0.000e+00
1474 -6.848e-04 1.277e-03 -3.881e-03 0.000e+00
1475 -3.362e-03 -3.713e-03 -1.337e-04 0.000e+00
1476 3.809e-03 -2.657e-03 -2.842e-03 0.000e+00
1477 -3.317e-03 -2.282e-03 -1.004e-04 0.000e+00
1478 7.287e-03 -3.367e-03 -1.436e-03 0.000e+00
1479 4.502e-06 -5.414e-04 -2.249e-03 0.000e+00
1480 1.932e-03 -2.869e-03 -6.611e-03 0.000e+00
1481 2.028e-03 2.314e-03 -7.069e-03 0.000e+00
1482 1.930e-03 3.376e-03 4.760e-03 0.000e+00
1483 -1.000e-03 4.067e-03 -4.401e-05 0.000e+00
1484 6.473e-03 3.648e-04 -4.489e-04 0.000e+00
1485 1.852e-03 -3.582e-03 2.476e-03 0.000e+00
1486 3.032e-03 -1.794e-03 -4.393e-03 0.000e+00
1487 2.333e-03 -3.725e-03 4.024e-04 0.000e+00
1488 3.704e-03 -3.287e-03 -7.600e-03 0.000e+00
1489 4.899e-03 -2.191e-03 -5.948e-04 0.000e+00
1490 -3.834e-04 2.999e-03 2.615e-03 0.000e+00
1491 1.552e-03 -2.955e-03 -6.179e-03 0.000e+00
1492 2.567e-03 1.079e-03 3.066e-03 0.000e+00
1493 3.301e-04 -4.034e-03 -5.525e-04 0.000e+00
1494 6.040e-03 -1.652e-03 1.578e-03 0.000e+00
1495 8.440e-04 4.035e-03 -2.720e-03 0.000e+00
1496 6.480e-04 -4.168e-03 3.143e-03 0.000e+00
1497 -3.104e-03 3.215e-03 -1.457e-03 0.000e+00
1498 2.594e-03 1.826e-04 3.523e-03 0.000e+00
1499 1.638e-04 -3.774e-03 1.445e-03 0.000e+00
1500 -2.972e-03 1.791e-03 -5.002e-03 0.000e+00
1501 3.941e-03 -3.139e-03 -3.809e-03 0.000e+00
1502 3.612e-03 -1.359e-04 -4.705e-03 0.000e+00
1503 1.177e-03 3.097e-03 -4.764e-04 0.000e+00
1504 7.690e-03 -1.917e-03 4.654e-03 0.000e+00
1505 1.988e-03 -2.531e-03 -1.276e-03 0.000e+00
1506 5.947e-03 -2.856e-03 -3.110e-03 0.000e+00
1507 5.469e-03 1.260e-03 -5.883e-03 0.000e+00
1508 1.113e-02 1.756e-03 -2.991e-03 0.000e+00
1509 2.767e-03 -2.293e-03 -4.489e-03 0.000e+00
1510 3.205e-03 -4.862e-04 1.681e-03 0.000e+00
1511 3.632e-04 5.666e-03 -7.516e-04 3.702e+01
1512 5.946e-03 4.506e-03 -1.700e-03 0.000e+00
1513 8.319e-03 4.721e-03 1.274e-03 0.000e+00
1514 3.185e-03 -2.684e-03 -5.416e-03 0.000e+00
1515 3.463e-03 2.732e-03 3.553e-03 0.000e+00
1516 3.747e-03 1.869e-03 -2.778e-03 0.000e+00
1517 -1.763e-03 -3.530e-03 -2.511e-03 0.000e+00
1518 2.504e-03 -1.233e-03 -7.476e-03 0.000e+00
1519 -1.132e-03 7.184e-05 3.132e-03 0.000e+00
1520 -6.503e-03 -1.738e-04 -3.272e-03 0.000e+00
1521 7.984e-03 -3.266e-03 -1.427e-03 0.000e+00
1522 3.777e-03 -2.678e-03 1.444e-03 0.000e+00
1523 1.102e-03 1.467e-03 -1.949e-03 0.000e+00
1524 -4.135e-04 -4.126e-03 2.645e-03 0.000e+00
1525 3.007e-03 -3.745e-03 -5.077e-03 0.000e+00
1526 3.127e-03 2.503e-03 1.928e-03 0.000e+00
1527 6.905e-03 -4.153e-03 2.065e-03 0.000e+00
1528 1.392e-03 -3.117e-03 4.235e-04 0.000e+00
1529 2.335e-03 -2.492e-03 3.843e-04 0.000e+00
1530 9.776e-04 -3.936e-03 -2.192e-03 0.000e+00
1531 6.132e-03 -3.776e-03 3.121e-04 0.000e+00
1532 6.006e-03 -2.688e-03 -5.737e-03 0.000e+00
1533 5.936e-03 -3.661e-03 -6.168e-03 0.000e+00
1534 2.233e-03 2.340e-03 -4.150e-03 0.000e+00
1535 4.711e-03 -2.286e-03 -3.472e-04 0.000e+00
1536 3.973e-03 -1.617e-03 -3.930e-03 0.000e+00
1537 6.193e-03 -1.425e-03 1.024e-03 0.000e+00
1538 5.216e-03 -3.589e-03 1.124e-03 0.000e+00
1539 8.303e-03 4.587e-04 -7.586e-04 0.000e+00
1540 7.035e-04 -3.899e-03 -5.730e-04 0.000e+00
1541 3.379e-03 4.466e-03 -7.129e-04 0.000e+00
1542 -2.763e-03 6.541e-03 -5.391e-03 -2.746e+01
1543 5.446e-04 1.632e-03 3.324e-03 0.000e+00
1544 7.158e-04 -3.837e-03 2.356e-03 0.000e+00
1545 5.317e-03 -3.762e-03 2.994e-03 0.000e+00
1546 1.820e-03 -2.975e-03 8.561e-04 0.000e+00
1547 3.771e-03 1.313e-03 -2.510e-04 0.000e+00
1548 -6.389e-04 -4.121e-03 -3.114e-03 0.000e+00
1549 -1.680e-03 -2.278e-03 -3.197e-03 0.000e+00
1550 4.684e-04 7.759e-04 -1.506e-03 0.000e+00
1551 -9.602e-04 5.437e-03 1.633e-03 7.965e+01
1552 -1.769e-03 -3.897e-03 5.202e-04 0.000e+00
1553 5.602e-03 1.034e-03 -4.549e-03 0.000e+00
1554 2.229e-03 1.315e-03 5.535e-03 0.000e+00
1555 7.322e-04 -3.871e-03 6.634e-04 0.000e+00
1556 6.899e-03 1.522e-03 -1.723e-03 0.000e+00
1557 5.491e-03 3.844e-03 2.805e-03 0.000e+00
1558 1.115e-03 -4.139e-03 2.325e-03 0.000e+00
1559 3.800e-03 -3.962e-03 -1.521e-03 0.000e+00
1560 1.727e-03 4.765e-03 3.388e-03 0.000e+00
1561 2.241e-03 -3.548e-03 -4.576e-03 0.000e+00
1562 3.639e-03 3.377e-03 9.839e-04 0.000e+00
1563 3.737e-03 -3.990e-03 -4.064e-03 0.000e+00
1564 3.353e-03 -4.090e-03 -2.239e-03 0.000e+00
1565 8.458e-03 6.737e-03 2.902e-03 -2.601e+01
1566 -7.190e-04 1.536e-03 -1.711e-05 0.000e+00
1567 -2.818e-03 2.798e-03 -1.875e-03 0.000e+00
1568 4.598e-03 1.383e-03 -4.959e-03 0.000e+00
1569 1.895e-03 -3.119e-03 -1.477e-03 0.000e+00
1570 2.765e-03 -3.535e-03 2.181e-03 0.000e+00
1571 -4.769e-03 8.058e-03 1.013e-03 1.112e+02
1572 1.252e-03 -3.233e-03 -1.131e-03 0.000e+00
1573 3.233e-03 -2.926e-03 1.301e-03 0.000e+00
1574 3.426e-04 2.462e-03 -3.349e-03 0.000e+00
1575 -5.038e-03 1.515e-03 2.532e-03 0.000e+00
1576 4.364e-03 -8.867e-04 2.568e-03 0.000e+00
1577 2.143e-03 1.300e-03 -1.977e-03 0.000e+00
1578 4.532e-03 7.220e-04 2.611e-03 0.000e+00
1579 -7.780e-04 1.105e-03 1.029e-03 0.000e+00
1580 -2.954e-04 -3.584e-03 5.850e-03 0.000e+00
1581 -3.520e-04 -3.842e-03 -1.692e-03 0.000e+00
1582 -4.530e-03 1.117e-03 1.560e-03 0.000e+00
1583 2.315e-03 -4.124e-03 3.690e-03 0.000e+00
1584 8.002e-04 3.193e-04 -6.579e-04 0.000e+00
1585 4.566e-03 1.701e-03 -4.352e-03 0.000e+00
1586 3.342e-03 -3.600e-03 -5.918e-03 0.000e+00
1587 5.296e-03 -5.324e-04 -3.683e-03 0.000e+00
1588 4.428e-03 -4.000e-03 -9.398e-04 0.000e+00
1589 3.783e-03 2.279e-03 -6.148e-05 0.000e+00
1590 1.113e-03 -3.338e-03 1.941e-03 0.000e+00
1591 4.428e-03 3.468e-03 1.057e-03 0.000e+00
1592 -1.665e-03 -3.712e-03 1.031e-03 0.000e+00
1593 4.275e-03 3.109e-03 2.484e-03 0.000e+00
1594 5.895e-04 5.662e-04 -2.101e-03 0.000e+00
1595 1.151e-03 6.667e-03 1.969e-03 7.540e+01
1596 5.345e-03 -3.969e-03 -1.959e-03 0.000e+00
1597 -5.232e-04 -4.145e-03 -1.525e-03 0.000e+00
1598 6.947e-03 4.061e-04 9.532e-04 0.000e+00
1599 6.814e-03 1.342e-03 5.840e-04 0.000e+00
1600 1.649e-03 -6.704e-04 -4.708e-04 0.000e+00
1601 -4.431e-04 -3.698e-04 5.995e-04 0.000e+00
1602 4.374e-03 2.485e-03 -2.205e-03 0.000e+00
1603 1.387e-03 5.030e-03 -3.640e-03 3.691e+01
1604 5.066e-03 -2.538e-03 -3.334e-03 0.000e+00
1605 2.920e-03 4.972e-03 -9.388e-04 0.000e+00
1606 2.504e-03 9.144e-04 -2.908e-03 0.000e+00
1607 2.840e-03 -3.587e-03 4.689e-04 0.000e+00
1608 1.327e-03 3.661e-03 -1.390e-03 0.000e+00
1609 2.315e-03 -3.420e-03 -4.155e-03 0.000e+00
1610 -2.809e-03 1.447e-03 -3.861e-03 0.000e+00
1611 3.143e-03 -3.919e-03 2.648e-03 0.000e+00
1612 2.544e-03 1.026e-03 -2.291e-03 0.000e+00
1613 4.139e-03 -1.845e-03 9.148e-03 0.000e+00
1614 3.607e-03 9.364e-04 -2.294e-03 0.000e+00
1615 2.075e-04 -3.932e-03 7.490e-04 0.000e+00
1616 2.656e-03 -3.335e-04 -5.873e-04 0.000e+00
1617 3.306e-03 3.243e-03 3.146e-03 0.000e+00
1618 5.174e-04 -3.521e-03 -1.492e-03 0.000e+00
1619 2.624e-03 2.564e-03 -5.143e-04 0.000e+00
1620 3.601e-03 -2.938e-03 7.222e-05 0.000e+00
1621 3.946e-03 -4.076e-03 -1.486e-03 0.000e+00
1622 -8.743e-04 2.010e-03 1.773e-03 0.000e+00
1623 -1.515e-03 5.499e-03 3.160e-03 9.943e+01
1624 -1.762e-03 2.656e-03 -2.629e-03 0.000e+00
1625 4.356e-03 2.007e-03 -2.729e-04 0.000e+00
1626 -9.287e-04 2.854e-03 -6.959e-05 0.000e+00
1627 4.998e-04 -3.765e-03 1.949e-03 0.000e+00
1628 -6.680e-04 1.550e-03 4.628e-04 0.000e+00
1629 3.372e-04 -3.891e-04 6.175e-03 0.000e+00
1630 -2.022e-03 4.141e-03 -2.371e-03 0.000e+00
1631 3.857e-03 2.075e-03 -4.111e-03 0.000e+00
1632 3.729e-04 -2.816e-03 4.434e-03 0.000e+00
1633 -3.610e-03 -1.253e-04 5.787e-04 0.000e+00
1634 2.406e-03 -3.806e-03 -2.586e-03 0.000e+00
1635 -9.793e-04 2.452e-03 5.761e-03 0.000e+00
1636 6.916e-04 -3.853e-03 3.715e-03 0.000e+00
1637 1.391e-03 5.739e-03 -2.927e-04 1.278e+02
1638 4.160e-04 9.659e-04 2.746e-03 0.000e+00
1639 -2.499e-03 2.108e-03 -4.754e-03 0.000e+00
1640 -8.777e-04 4.141e-03 -1.134e-03 0.000e+00
1641 1.660e-03 2.892e-03 -3.543e-03 0.000e+00
1642 -3.700e-04 -4.146e-03 7.628e-04 0.000e+00
1643 6.826e-04 -3.549e-03 -1.642e-03 0.000e+00
1644 4.400e-03 -2.819e-03 -2.097e-03 0.000e+00
1645 1.261e-03 -1.979e-03 -2.155e-03 0.000e+00
1646 3.124e-03 4.089e-03 1.807e-03 0.000e+00
1647 -1.295e-03 1.572e-03 -1.380e-04 0.000e+00
1648 -3.822e-03 -3.313e-03 -1.893e-03 0.000e+00
1649 4.986e-03 -3.108e-03 -1.518e-03 0.000e+00
1650 2.764e-03 -1.784e-03 1.069e-04 0.000e+00
1651 -1.299e-03 -4.117e-03 4.786e-04 0.000e+00
1652 2.080e-03 3.982e-03 6.067e-04 0.000e+00
1653 -1.013e-03 6.228e-03 -5.329e-05 1.096e+02
1654 7.852e-05 2.334e-03 6.953e-05 0.000e+00
1655 8.555e-03 -3.621e-03 -2.531e-03 0.000e+00
1656 -5.351e-03 3.147e-03 -6.546e-03 0.000e+00
1657 4.090e-03 -3.006e-03 -5.594e-04 0.000e+00
1658 -1.712e-03 5.288e-03 -1.407e-05 -1.013e+01
1659 -6.023e-04 -3.916e-03 -1.792e-03 0.000e+00
1660 -6.367e-04 1.698e-03 -4.888e-04 0.000e+00
1661 4.733e-03 3.885e-03 -4.520e-04 0.000e+00
1662 4.403e-03 3.624e-04 1.325e-03 0.000e+00
1663 5.339e-03 -3.428e-03 -5.154e-03 0.000e+00
1664 -2.363e-03 2.260e-03 1.396e-03 0.000e+00
1665 2.343e-03 1.795e-03 -1.027e-03 0.000e+00
1666 1.323e-03 -1.384e-03 7.400e-04 0.000e+00
1667 -2.278e-03 5.867e-03 3.676e-04 6.426e+01
1668 2.172e-03 2.746e-04 2.318e-03 0.000e+00
1669 5.654e-03 3.038e-03 4.850e-03 0.000e+00
1670 -1.004e-03 -4.097e-03 5.995e-04 0.000e+00
1671 -3.856e-03 1.686e-03 2.664e-03 0.000e+00
1672 3.758e-03 -2.682e-03 8.843e-04 0.000e+00
1673 9.873e-05 -3.964e-03 6.710e-04 0.000e+00
1674 8.369e-04 -3.280e-03 -4.633e-04 0.000e+00
1675 2.671e-03 -4.097e-03 1.780e-03 0.000e+00
1676 4.084e-03 -2.988e-03 1.655e-03 0.000e+00
1677 -3.556e-03 -1.706e-03 -1.271e-03 0.000e+00
1678 2.847e-03 -3.989e-03 1.131e-04 0.000e+00
1679 -3.643e-03 -4.033e-03 2.279e-03 0.000e+00
1680 1.657e-03 2.938e-03 -1.869e-03 0.000e+00
1681 -1.687e-03 1.855e-03 -9.837e-04 0.000e+00
1682 3.523e-04 4.714e-03 5.351e-04 0.000e+00
1683 5.864e-03 -3.346e-03 1.799e-03 0.000e+00
1684 -1.299e-04 -3.681e-03 2.437e-03 0.000e+00
1685 -2.323e-03 5.398e-03 1.090e-03 6.796e+01
1686 -6.497e-04 1.344e-04 4.584e-03 0.000e+00
1687 1.487e-03 5.050e-03 -7.169e-03 1.301e+02
1688 -1.861e-03 -3.888e-03 -6.269e-03 0.000e+00
1689 -6.018e-03 1.228e-03 -6.675e-03 0.000e+00
1690 8.921e-04 -3.804e-03 -2.770e-03 0.000e+00
1691 -1.061e-04 -3.544e-03 -7.901e-03 0.000e+00
1692 1.998e-03 1.755e-03 1.558e-03 0.000e+00
1693 1.680e-03 1.335e-03 -2.179e-04 0.000e+00
1694 2.317e-03 4.119e-03 1.957e-03 0.000e+00
1695 -4.304e-03 -4.137e-03 3.521e-04 0.000e+00
1696 -7.795e-04 4.641e-03 -1.762e-03 0.000e+00
1697 1.816e-03 -2.222e-03 -7.831e-04 0.000e+00
1698 -3.247e-03 9.326e-04 -1.079e-03 0.000e+00
1699 -3.801e-03 1.379e-03 -3.887e-03 0.000e+00
1700 -4.471e-03 4.145e-03 2.463e-03 0.000e+00
1701 -1.460e-03 5.111e-03 -3.629e-03 5.063e+01
1702 2.456e-03 -3.731e-03 3.418e-03 0.000e+00
1703 1.814e-03 5.238e-03 1.616e-03 5.969e+01
1704 -1.001e-04 4.053e-03 2.454e-03 0.000e+00
1705 -7.887e-03 -3.454e-03 4.521e-04 0.000e+00
1706 1.415e-03 -3.423e-03 5.620e-03 0.000e+00
1707 -2.538e-03 2.414e-03 7.638e-04 0.000e+00
1708 -4.406e-04 -3.665e-03 -4.650e-04 0.000e+00
1709 -2.778e-03 3.311e-03 -4.955e-03 0.000e+00
1710 -8.312e-04 2.841e-03 -2.513e-03 0.000e+00
1711 -6.080e-03 -3.757e-03 -1.308e-03 0.000e+00
1712 2.087e-03 -2.164e-03 -2.359e-03 0.000e+00
1713 -2.583e-03 1.554e-03 -1.895e-03 0.000e+00
1714 -2.990e-03 3.056e-03 -1.257e-04 0.000e+00
1715 3.064e-04 2.003e-03 -2.159e-05 0.000e+00
1716 -6.213e-03 1.264e-03 2.575e-04 0.000e+00
1717 3.388e-03 -2.770e-03 -8.990e-04 0.000e+00
1718 3.849e-04 3.888e-03 4.206e-03 0.000e+00
1719 -2.756e-03 -3.296e-03 4.470e-04 0.000e+00
1720 1.205e-03 3.286e-03 -1.047e-03 0.000e+00
1721 4.820e-03 1.009e-03 -4.029e-04 0.000e+00
1722 5.525e-04 1.410e-03 1.569e-03 0.000e+00
1723 -5.086e-03 -3.348e-03 -1.565e-03 0.000e+00
1724 -8.162e-04 1.455e-03 -8.378e-04 0.000e+00
1725 -1.093e-03 -2.668e-03 -7.287e-04 0.000e+00
1726 2.276e-03 -3.403e-03 -1.123e-03 0.000e+00
1727 2.130e-03 2.139e-03 -7.287e-03 0.000e+00
1728 -4.592e-04 1.869e-03 1.789e-03 0.000e+00
1729 1.111e-03 -3.813e-03 7.065e-04 0.000e+00
1730 -1.163e-03 -3.666e-03 1.528e-03 0.000e+00
1731 -9.546e-03 -3.553e-03 2.559e-03 0.000e+00
1732 5.835e-04 7.494e-04 5.300e-04 0.000e+00
1733 1.377e-04 -3.390e-03 3.033e-03 0.000e+00
1734 2.757e-03 2.534e-03 1.831e-03 0.000e+00
1735 3.599e-03 -4.036e-03 4.800e-03 0.000e+00
1736 -4.637e-03 1.641e-03 -1.239e-03 0.000e+00
1737 -1.600e-03 2.878e-03 3.574e-03 0.000e+00
1738 -1.548e-03 2.203e-03 -5.375e-03 0.000e+00
1739 -1.383e-03 -3.565e-03 -2.643e-03 0.000e+00
1740 -6.538e-04 -2.964e-03 -2.848e-03 0.000e+00
1741 -1.691e-03 -3.996e-03 -1.458e-04 0.000e+00
1742 -2.812e-03 -3.961e-03 1.034e-03 0.000e+00
1743 -3.064e-03 -4.075e-03 -8.129e-04 0.000e+00
1744 9.866e-04 -3.979e-03 -3.800e-03 0.000e+00
1745 7.472e-05 2.925e-03 -1.699e-03 0.000e+00
1746 -5.381e-04 6.798e-04 3.199e-03 0.000e+00
1747 -1.671e-03 6.721e-03 1.345e-03 7.380e+01
1748 2.126e-03 -3.823e-03 2.096e-03 0.000e+00
1749 -1.813e-03 -4.080e-03 1.631e-04 0.000e+00
1750 4.191e-04 6.036e-03 6.563e-04 4.533e+01
1751 -2.090e-03 3.126e-03 1.021e-03 0.000e+00
1752 -3.485e-03 3.929e-03 1.186e-03 0.000e+00
1753 -3.472e-03 2.874e-03 2.659e-03 0.000e+00
1754 -6.388e-03 2.020e-03 -5.308e-03 0.000e+00
1755 2.316e-03 1.544e-03 2.264e-03 0.000e+00
1756 -1.644e-03 7.720e-04 -7.280e-03 0.000e+00
1757 -7.785e-04 -3.946e-03 2.188e-03 0.000e+00
1758 -1.267e-04 -2.429e-03 -1.432e-03 0.000e+00
1759 -7.067e-04 4.541e-04 7.179e-03 0.000e+00
1760 3.124e-04 5.400e-03 -3.081e-03 1.655e+01
1761 1.604e-03 4.322e-03 6.563e-03 0.000e+00
1762 -4.190e-03 -2.765e-03 -1.915e-03 0.000e+00
1763 -1.524e-03 1.601e-03 3.687e-03 0.000e+00
1764 -6.763e-03 1.078e-03 -3.287e-03 0.000e+00
1765 -1.369e-03 3.156e-03 -4.340e-03 0.000e+00
1766 4.280e-03 -4.552e-04 -3.272e-03 0.000e+00
1767 -3.197e-03 -3.824e-03 6.093e-03 0.000e+00
1768 -4.689e-04 3.039e-03 -1.003e-03 0.000e+00
1769 -1.133e-03 -3.017e-03 -7.770e-03 0.000e+00
1770 -3.836e-03 1.425e-03 4.102e-03 0.000e+00
1771 2.884e-03 -4.111e-03 -1.508e-03 0.000e+00
1772 -1.596e-03 -2.653e-03 2.180e-03 0.000e+00
1773 -1.961e-03 2.016e-03 3.545e-03 0.000e+00
1774 -2.936e-03 2.910e-03 1.574e-03 0.000e+00
1775 4.709e-03 -2.048e-03 1.685e-03 0.000e+00
1776 -9.035e-03 -3.394e-03 -6.501e-04 0.000e+00
1777 -2.923e-03 -4.185e-03 3.994e-03 0.000e+00
1778 -2.867e-03 -2.919e-03 -1.042e-03 0.000e+00
1779 -1.695e-03 -3.406e-03 -3.675e-03 0.000e+00
1780 9.397e-04 4.241e-03 4.890e-04 0.000e+00
1781 -9.994e-04 -3.082e-03 4.667e-03 0.000e+00
1782 5.690e-04 9.654e-04 -2.847e-04 0.000e+00
1783 9.156e-04 -3.799e-03 -4.415e-03 0.000e+00
1784 7.123e-04 4.358e-03 -1.173e-03 0.000e+00
1785 -1.565e-03 -3.404e-03 1.209e-03 0.000e+00
1786 -7.921e-04 1.537e-03 -4.101e-03 0.000e+00
1787 -1.503e-03 -1.393e-03 3.101e-03 0.000e+00
1788 1.587e-03 -2.422e-03 3.086e-03 0.000e+00
1789 -6.241e-04 2.298e-03 3.809e-03 0.000e+00
1790 -7.521e-03 1.151e-03 4.296e-03 0.000e+00
1791 -1.710e-03 -1.511e-03 3.551e-03 0.000e+00
1792 1.499e-03 2.993e-03 3.622e-04 0.000e+00
1793 1.760e-03 -3.942e-04 6.092e-04 0.000e+00
1794 -7.448e-03 3.421e-03 1.150e-03 0.000e+00
1795 -2.938e-03 -3.152e-03 -3.263e-03 0.000e+00
1796 1.659e-04 4.467e-03 8.032e-04 0.000e+00
1797 3.791e-03 5.299e-03 6.540e-04 -1.734e+01
1798 2.366e-03 1.214e-03 -5.948e-03 0.000e+00
1799 -2.889e-03 -3.883e-03 -2.102e-03 0.000e+00
1800 9.638e-05 -3.315e-03 -1.874e-04 0.000e+00
1801 1.396e-03 -3.691e-03 -4.300e-03 0.000e+00
1802 2.135e-05 -3.823e-03 3.527e-03 0.000e+00
1803 -5.004e-03 3.188e-03 -1.109e-03 0.000e+00
1804 -6.690e-03 -3.613e-03 -1.923e-03 0.000e+00
1805 2.804e-03 3.957e-03 -4.256e-03 0.000e+00
1806 -1.019e-03 1.096e-03 -1.732e-03 0.000e+00
1807 -2.926e-03 -3.069e-03 -2.167e-03 0.000e+00
1808 -3.137e-03 -2.807e-03 3.489e-04 0.000e+00
1809 -3.626e-03 4.858e-03 -2.257e-03 0.000e+00
1810 -2.750e-03 -3.929e-03 -1.853e-03 0.000e+00
1811 7.547e-03 -3.690e-03 6.172e-03 0.000e+00
1812 -5.729e-03 3.193e-03 1.885e-03 0.000e+00
1813 9.028e-04 -3.987e-03 -9.336e-04 0.000e+00
1814 7.146e-03 2.971e-03 -3.723e-03 0.000e+00
1815 6.475e-03 9.665e-05 -3.745e-03 0.000e+00
1816 2.739e-03 -3.539e-03 3.187e-03 0.000e+00
1817 -4.335e-03 -1.664e-03 -3.701e-03 0.000e+00
1818 7.691e-04 -3.198e-03 8.845e-03 0.000e+00
1819 6.230e-04 5.232e-03 -1.190e-03 -3.836e+01
1820 -7.316e-03 2.012e-03 2.063e-03 0.000e+00
1821 5.177e-03 -3.708e-03 3.649e-03 0.000e+00
1822 -3.357e-03 -2.445e-03 -4.218e-05 0.000e+00
1823 -1.842e-03 -3.910e-03 -2.067e-03 0.000e+00
1824 7.205e-04 -3.473e-03 1.234e-03 0.000e+00
1825 -3.559e-03 -3.238e-03 -1.035e-03 0.000e+00
1826 1.718e-04 5.559e-03 2.763e-03 -5.991e+00
1827 2.683e-03 4.958e-03 -1.825e-03 0.000e+00
1828 -2.292e-03 -3.941e-03 -1.717e-03 0.000e+00
1829 -2.905e-04 -4.125e-03 3.919e-03 0.000e+00
1830 -1.341e-03 3.249e-03 2.911e-03 0.000e+00
1831 3.445e-03 2.122e-03 2.491e-03 0.000e+00
1832 1.562e-03 -4.084e-03 -4.690e-03 0.000e+00
1833 -3.893e-03 -3.860e-03 1.537e-03 0.000e+00
1834 -1.294e-03 -3.533e-03 3.414e-03 0.000e+00
1835 6.158e-04 -3.670e-03 2.711e-03 0.000e+00
1836 -6.273e-04 4.785e-03 5.767e-04 0.000e+00
1837 3.186e-03 -1.674e-03 -1.883e-04 0.000e+00
1838 -1.820e-03 -4.026e-03 4.621e-03 0.000e+00
1839 2.404e-03 -1.260e-04 3.505e-03 0.000e+00
1840 2.337e-03 6.581e-03 -2.051e-03 -1.808e+01
1841 2.135e-03 -3.790e-03 6.948e-05 0.000e+00
1842 -5.971e-03 -2.496e-03 -3.468e-03 0.000e+00
1843 5.338e-03 -3.714e-03 3.803e-03 0.000e+00
1844 2.088e-04 -3.000e-03 2.344e-03 0.000e+00
1845 5.648e-04 -3.308e-03 -2.041e-03 0.000e+00
1846 -1.153e-03 -1.573e-03 -4.184e-03 0.000e+00
1847 1.461e-03 -1.283e-06 1.500e-03 0.000e+00
1848 2.286e-03 3.868e-03 -1.541e-03 0.000e+00
1849 1.385e-04 -2.979e-03 -1.150e-03 0.000e+00
1850 2.844e-03 -2.339e-03 5.864e-03 0.000e+00
1851 1.800e-03 4.532e-03 5.633e-04 0.000e+00
1852 2.777e-03 -3.712e-03 1.885e-03 0.000e+00
1853 -6.454e-04 -3.217e-03 1.985e-03 0.000e+00
1854 6.008e-03 3.758e-03 1.022e-03 0.000e+00
1855 1.001e-03 -3.562e-03 1.365e-03 0.000e+00
1856 2.229e-03 7.793e-04 1.062e-03 0.000e+00
1857 3.643e-03 -2.893e-03 7.452e-03 0.000e+00
1858 -5.015e-04 1.200e-03 -2.470e-03 0.000e+00
1859 -1.540e-03 -3.566e-03 -1.014e-03 0.000e+00
1860 -9.148e-05 5.306e-03 -4.060e-03 6.309e+01
1861 -3.591e-04 -2.314e-03 -2.163e-03 0.000e+00
1862 -3.869e-04 2.958e-03 -1.223e-03 0.000e+00
1863 -9.128e-04 2.877e-03 -1.240e-03 0.000e+00
1864 -3.444e-03 2.075e-03 -1.543e-03 0.000e+00
1865 -2.132e-03 -2.766e-03 -4.229e-03 0.000e+00
1866 -2.707e-03 2.352e-03 -4.953e-04 0.000e+00
1867 -3.635e-03 3.097e-03 4.427e-03 0.000e+00
1868 -3.284e-03 2.035e-03 9.664e-04 0.000e+00
1869 1.988e-03 2.880e-03 1.830e-03 0.000e+00
1870 -3.879e-03 -4.325e-04 2.554e-03 0.000e+00
1871 4.534e-03 -2.752e-03 1.645e-03 0.000e+00
1872 -1.250e-03 4.139e-03 1.536e-03 0.000e+00
1873 8.553e-04 -3.252e-03 5.842e-04 0.000e+00
1874 -2.162e-04 1.545e-03 1.755e-03 0.000e+00
1875 1.887e-03 4.570e-03 -3.755e-03 0.000e+00
1876 3.331e-03 1.841e-04 4.645e-04 0.000e+00
1877 4.243e-03 -3.469e-03 -2.583e-03 0.000e+00
1878 -8.222e-04 3.013e-03 2.320e-03 0.000e+00
1879 -7.640e-04 3.975e-03 2.470e-03 0.000e+00
1880 -4.434e-03 2.358e-03 -3.554e-03 0.000e+00
1881 2.909e-03 1.473e-03 -1.542e-03 0.000e+00
1882 1.771e-03 -2.753e-03 -4.105e-04 0.000e+00
1883 -4.523e-04 -3.174e-03 1.300e-03 0.000e+00
1884 4.706e-03 6.206e-03 -2.760e-03 8.706e+01
1885 -3.420e-03 4.533e-03 -4.390e-04 0.000e+00
1886 -6.121e-03 -5.617e-04 1.166e-03 0.000e+00
1887 -3.093e-03 5.305e-03 -9.621e-04 1.030e+02
1888 5.421e-03 -3.311e-03 -2.488e-03 0.000e+00
1889 -3.107e-04 -2.132e-03 1.511e-03 0.000e+00
1890 -5.656e-03 1.999e-03 -8.894e-04 0.000e+00
1891 -1.082e-03 -3.452e-03 1.600e-03 0.000e+00
1892 -1.542e-04 3.154e-03 -2.048e-03 0.000e+00
1893 3.605e-03 1.095e-03 4.027e-03 0.000e+00
1894 1.660e-03 8.964e-04 3.404e-03 0.000e+00
1895 -1.528e-03 -4.080e-03 -1.536e-03 0.000e+00
1896 -1.149e-03 5.261e-04 1.722e-03 0.000e+00
1897 1.352e-03 4.176e-03 2.174e-03 0.000e+00
1898 8.892e-04 3.930e-03 -7.511e-04 0.000e+00
1899 -1.782e-03 1.972e-03 1.219e-03 0.000e+00
1900 1.064e-03 -2.615e-03 5.949e-04 0.000e+00
1901 4.169e-03 -2.796e-03 9.644e-04 0.000e+00
1902 2.715e-03 3.520e-03 -1.304e-03 0.000e+00
1903 -6.236e-04 -2.585e-03 -1.600e-03 0.000e+00
1904 -3.276e-04 -2.899e-03 4.226e-03 0.000e+00
1905 2.913e-03 -3.529e-03 9.395e-04 0.000e+00
1906 2.340e-03 -3.374e-03 -8.079e-05 0.000e+00
1907 -2.560e-03 4.131e-03 4.611e-04 0.000e+00
1908 -3.169e-03 -3.814e-03 2.790e-03 0.000e+00
1909 -6.961e-03 1.429e-03 2.388e-03 0.000e+00
1910 -4.975e-03 -3.344e-03 -1.444e-03 0.000e+00
1911 -3.935e-03 -4.039e-03 -7.359e-05 0.000e+00
1912 3.014e-04 2.594e-03 2.370e-03 0.000e+00
1913 -2.398e-03 -3.395e-03 4.575e-03 0.000e+00
1914 2.889e-03 -1.604e-03 2.537e-03 0.000e+00
1915 -4.233e-03 3.121e-03 9.151e-04 0.000e+00
1916 3.484e-03 -2.348e-03 -2.846e-03 0.000e+00
1917 2.506e-03 -2.388e-03 -9.873e-05 0.000e+00
1918 4.396e-03 -1.100e-04 2.804e-03 0.000e+00
1919 -1.521e-03 -3.659e-03 1.256e-03 0.000e+00
1920 -2.075e-03 2.624e-03 6.009e-04 0.000e+00
1921 5.880e-04 8.771e-04 2.445e-03 0.000e+00
1922 8.302e-04 3.518e-03 3.921e-03 0.000e+00
1923 3.967e-03 -4.121e-03 -3.797e-03 0.000e+00
1924 1.094e-03 -2.835e-03 3.959e-03 0.000e+00
1925 -1.681e-03 -4.082e-03 3.089e-03 0.000e+00
1926 -4.579e-03 7.098e-04 -5.004e-03 0.000e+00
1927 -5.232e-04 -2.229e-03 -2.031e-03 0.000e+00
1928 -6.593e-04 -2.604e-03 -3.105e-04 0.000e+00
1929 2.636e-04 1.613e-03 -9.128e-03 0.000e+00
1930 1.869e-04 -3.631e-03 2.146e-03 0.000e+00
1931 -1.363e-03 1.708e-03 -5.193e-03 0.000e+00
1932 8.118e-04 3.856e-03 -3.406e-03 0.000e+00
1933 -3.624e-03 -1.936e-03 -3.637e-03 0.000e+00
1934 7.470e-04 -2.023e-03 1.798e-03 0.000e+00
1935 -1.220e-03 -3.363e-03 8.429e-04 0.000e+00
1936 -4.691e-03 3.723e-03 4.476e-03 0.000e+00
1937 -4.801e-03 5.261e-03 3.198e-03 7.031e+01
1938 6.706e-04 4.344e-03 -2.654e-03 0.000e+00
1939 -2.725e-03 -3.773e-03 -3.397e-04 0.000e+00
1940 2.190e-04 -3.008e-03 5.062e-03 0.000e+00
1941 -7.474e-04 3.723e-03 -8.717e-04 0.000e+00
1942 3.085e-04 1.278e-04 -2.292e-03 0.000e+00
1943 -1.209e-03 -1.983e-03 -1.053e-03 0.000e+00
1944 -3.822e-04 3.439e-03 2.637e-04 0.000e+00
1945 -7.339e-04 1.590e-03 7.901e-04 0.000e+00
1946 1.629e-03 1.205e-03 1.768e-03 0.000e+00
1947 6.653e-04 2.608e-03 2.384e-03 0.000e+00
1948 8.564e-04 -3.932e-03 1.553e-05 0.000e+00
1949 2.962e-04 2.862e-03 1.957e-03 0.000e+00
1950 -3.655e-03 -4.048e-03 3.977e-03 0.000e+00
1951 -6.451e-04 -3.502e-03 -1.099e-03 0.000e+00
1952 3.358e-03 -3.531e-03 9.138e-03 0.000e+00
1953 -1.089e-03 -4.111e-03 2.961e-03 0.000e+00
1954 -5.150e-03 8.445e-04 -3.659e-03 0.000e+00
1955 5.271e-04 -3.277e-03 -7.741e-04 0.000e+00
1956 9.880e-04 -2.620e-03 8.367e-04 0.000e+00
1957 -2.646e-03 1.014e-03 6.075e-03 0.000e+00
1958 -7.838e-04 -4.163e-03 2.231e-03 0.000e+00
1959 -5.155e-03 1.089e-03 2.145e-03 0.000e+00
1960 -3.588e-03 7.214e-03 -8.877e-05 1.216e+02
1961 5.090e-04 -3.194e-03 1.383e-03 0.000e+00
1962 2.289e-03 6.300e-03 -4.898e-03 7.166e+01
1963 -4.683e-03 -2.530e-03 -3.824e-03 0.000e+00
1964 1.291e-03 -4.094e-03 -1.391e-03 0.000e+00
1965 3.451e-04 -3.584e-03 3.326e-03 0.000e+00
1966 -2.704e-03 2.683e-03 4.235e-03 0.000e+00
1967 1.221e-03 9.824e-03 3.504e-03 1.193e+02
1968 3.151e-03 9.653e-05 -1.831e-04 0.000e+00
1969 3.910e-03 3.448e-03 2.180e-03 0.000e+00
1970 3.639e-04 1.529e-03 -7.239e-04 0.000e+00
1971 -1.447e-03 3.229e-03 1.331e-03 0.000e+00
1972 1.356e-03 -3.210e-03 -1.762e-04 0.000e+00
1973 1.407e-03 -3.173e-03 -9.532e-04 0.000e+00
1974 4.185e-03 -2.408e-03 3.562e-03 0.000e+00
1975 -3.127e-03 -2.792e-03 -7.626e-04 0.000e+00
1976 2.535e-04 2.767e-03 -1.765e-03 0.000e+00
1977 -2.065e-03 -3.247e-03 7.231e-04 0.000e+00
1978 2.367e-03 1.042e-03 -1.848e-03 0.000e+00
1979 -1.661e-04 -3.846e-03 -4.352e-04 0.000e+00
1980 5.791e-03 5.109e-03 -2.480e-03 1.853e+00
1981 5.427e-03 -2.134e-04 -3.800e-03 0.000e+00
1982 6.099e-03 -2.764e-03 -4.415e-03 0.000e+00
1983 1.247e-03 7.726e-05 2.740e-03 0.000e+00
1984 6.458e-04 7.381e-04 -2.037e-03 0.000e+00
1985 1.562e-03 -1.434e-03 -2.011e-03 0.000e+00
1986 -1.861e-03 -3.618e-03 -4.719e-03 0.000e+00
1987 7.445e-04 3.694e-03 1.318e-03 0.000e+00
1988 2.473e-03 -2.044e-03 4.269e-03 0.000e+00
1989 1.147e-03 1.271e-03 1.831e-03 0.000e+00
1990 4.973e-03 -3.614e-03 -3.021e-03 0.000e+00
1991 9.351e-03 4.244e-03 1.957e-03 0.000e+00
1992 2.358e-03 -2.586e-03 -1.947e-03 0.000e+00
1993 3.858e-04 5.274e-03 -1.204e-05 8.930e+01
1994 3.366e-03 3.864e-03 -4.274e-03 0.000e+00
1995 2.398e-04 2.562e-03 3.288e-03 0.000e+00
1996 -2.229e-03 -3.188e-03 6.080e-03 0.000e+00
1997 -2.559e-03 3.834e-03 -2.798e-03 0.000e+00
1998 1.828e-04 2.073e-03 3.428e-03 0.000e+00
1999 -3.068e-04 3.732e-03 3.684e-04 0.000e+00
2000 9.807e-04 -3.985e-03 1.939e-03 0.000e+00
2001 4.040e-03 -3.422e-03 -3.317e-04 0.000e+00
2002 2.644e-03 2.705e-03 3.148e-03 0.000e+00
2003 1.110e-03 2.534e-03 2.821e-03 0.000e+00
2004 3.152e-03 2.939e-03 6.813e-04 0.000e+00
2005 4.034e-03 -3.302e-03 -3.468e-04 0.000e+00
2006 3.458e-03 -3.928e-03 4.414e-03 0.000e+00
2007 -5.866e-03 5.965e-04 -5.496e-04 0.000e+00
2008 3.635e-03 2.736e-03 -4.901e-05 0.000e+00
2009 -1.456e-03 3.634e-03 -1.400e-03 0.000e+00
2010 3.026e-03 1.864e-03 -2.095e-03 0.000e+00
2011 3.213e-03 1.260e-03 7.589e-03 0.000e+00
2012 8.633e-04 3.073e-03 2.374e-03 0.000e+00
2013 -4.637e-04 4.273e-03 3.685e-03 0.000e+00
2014 -4.108e-03 -1.961e-03 3.518e-03 0.000e+00
2015 4.297e-03 1.175e-03 4.186e-03 0.000e+00
2016 2.862e-03 -7.792e-04 -3.636e-03 0.000e+00
2017 6.182e-03 -4.002e-03 4.126e-03 0.000e+00
2018 1.006e-03 2.946e-04 8.499e-04 0.000e+00
2019 6.775e-03 -3.177e-03 5.366e-03 0.000e+00
2020 3.932e-03 -2.679e-03 2.178e-03 0.000e+00
2021 -5.860e-04 -2.267e-03 1.102e-03 0.000e+00
2022 5.034e-03 8.699e-03 4.212e-05 1.222e+02
2023 -7.883e-04 7.797e-03 3.009e-04 9.852e+01
2024 1.245e-03 -3.322e-03 1.389e-03 0.000e+00
2025 2.571e-03 -2.973e-03 8.417e-04 0.000e+00
2026 -7.185e-03 1.283e-06 4.888e-03 0.000e+00
2027 -6.818e-04 -7.539e-04 1.496e-03 0.000e+00
2028 1.893e-03 4.775e-03 -3.161e-03 0.000e+00
2029 -4.321e-03 5.052e-03 -4.122e-04 1.334e+02
2030 -2.285e-03 3.878e-03 -1.076e-03 0.000e+00
2031 -2.639e-04 -3.859e-03 2.347e-03 0.000e+00
2032 4.251e-03 -3.403e-03 -3.564e-03 0.000e+00
2033 -8.218e-04 -3.900e-03 2.591e-03 0.000e+00
2034 1.426e-03 -3.368e-04 1.189e-04 0.000e+00
2035 7.903e-04 1.408e-03 1.632e-03 0.000e+00
2036 -2.966e-03 2.978e-03 -4.325e-03 0.000e+00
2037 2.124e-03 -4.184e-03 1.621e-03 0.000e+00
2038 -1.850e-03 -4.077e-03 -1.515e-03 0.000e+00
2039 -2.973e-03 3.204e-03 -2.915e-03 0.000e+00
2040 1.234e-03 1.075e-03 -3.347e-04 0.000e+00
2041 -2.631e-03 -3.287e-03 -2.067e-03 0.000e+00
2042 -3.570e-04 -3.630e-03 1.770e-03 0.000e+00
2043 -1.130e-03 -1.546e-03 3.199e-04 0.000e+00
2044 2.302e-03 2.773e-03 2.075e-03 0.000e+00
2045 -3.998e-03 -2.790e-03 1.227e-03 0.000e+00
2046 6.597e-03 2.141e-03 3.302e-03 0.000e+00
2047 -5.121e-03 -3.475e-03 1.136e-03 0.000e+00
