Bin I L V PA
0 4.395e-03 8.970e-03 2.700e-02 0.000e+00
1 -1.512e-02 -3.499e-02 2.917e-02 0.000e+00
2 2.023e-03 1.416e-02 2.612e-02 0.000e+00
3 -2.207e-03 -2.441e-02 -8.815e-06 0.000e+00
4 -2.420e-02 1.313e-02 -3.095e-02 0.000e+00
5 1.703e-02 2.603e-02 2.089e-02 0.000e+00
6 -6.264e-03 1.732e-02 8.285e-03 0.000e+00
7 3.722e-02 1.076e-02 -1.114e-02 0.000e+00
8 7.106e-03 -2.424e-02 -1.161e-02 0.000e+00
9 -1.710e-03 3.625e-02 -3.474e-02 1.344e+02
10 -6.139e-03 2.977e-02 -1.701e-02 0.000e+00
11 2.228e-02 -3.407e-02 -9.543e-03 0.000e+00
12 8.754e-03 2.530e-02 1.875e-02 0.000e+00
13 -1.068e-02 2.195e-02 -6.727e-03 0.000e+00
14 -6.186e-03 3.175e-02 -2.798e-02 0.000e+00
15 0.000e+00 1.417e-02 3.884e-02 0.000e+00
16 -2.665e-03 -1.737e-02 -1.248e-02 0.000e+00
17 3.016e-02 1.474e-02 2.080e-02 0.000e+00
18 1.869e-02 -1.833e-02 2.434e-02 0.000e+00
19 -6.971e-03 2.171e-02 4.957e-02 0.000e+00
20 -2.489e-02 -3.162e-02 2.493e-02 0.000e+00
21 -1.880e-02 9.192e-03 2.557e-02 0.000e+00
22 7.710e-03 7.905e-03 -8.305e-03 0.000e+00
23 -1.177e-02 5.981e-03 3.856e-02 0.000e+00
24 1.292e-03 5.661e-02 2.306e-02 3.029e+01
25 -1.327e-02 -2.823e-02 -1.970e-02 0.000e+00
26 1.579e-02 -1.369e-02 -1.735e-02 0.000e+00
27 -2.184e-02 -2.216e-02 1.121e-03 0.000e+00
28 -2.014e-02 2.701e-02 1.429e-02 0.000e+00
29 -2.835e-02 -3.491e-02 1.440e-02 0.000e+00
30 -3.896e-02 -2.641e-02 8.388e-03 0.000e+00
31 -3.139e-02 3.642e-02 2.796e-02 -3.958e+01
32 1.587e-02 2.574e-02 -2.583e-02 0.000e+00
33 4.248e-02 6.089e-03 1.662e-03 0.000e+00
34 -6.563e-02 -1.614e-02 -2.054e-02 0.000e+00
35 1.765e-02 2.770e-02 -3.012e-02 0.000e+00
36 -2.651e-02 -2.670e-02 -2.143e-03 0.000e+00
37 -6.082e-03 4.482e-02 2.371e-03 1.018e+02
38 -2.986e-02 1.846e-02 1.289e-03 0.000e+00
39 -2.736e-02 -3.102e-02 8.807e-03 0.000e+00
40 2.908e-02 7.349e-03 3.775e-03 0.000e+00
41 -1.250e-02 1.234e-02 3.760e-02 0.000e+00
42 7.926e-03 -2.958e-02 4.880e-02 0.000e+00
43 3.931e-03 5.805e-03 6.296e-03 0.000e+00
44 2.176e-02 1.598e-02 1.803e-02 0.000e+00
45 3.386e-03 -9.496e-03 9.711e-03 0.000e+00
46 3.252e-03 1.698e-02 7.219e-03 0.000e+00
47 2.441e-02 -3.100e-02 -4.431e-03 0.000e+00
48 1.452e-02 -2.508e-02 -6.244e-03 0.000e+00
49 -3.838e-03 -1.794e-02 2.302e-02 0.000e+00
50 -2.665e-02 -3.432e-02 -4.542e-02 0.000e+00
51 -7.400e-03 -3.421e-02 2.717e-02 0.000e+00
52 -3.107e-02 -2.877e-02 2.250e-02 0.000e+00
53 1.506e-02 -3.197e-02 -2.567e-02 0.000e+00
54 -3.201e-02 4.738e-03 9.029e-03 0.000e+00
55 5.510e-03 2.002e-02 1.197e-02 0.000e+00
56 -3.073e-03 2.123e-02 2.687e-03 0.000e+00
57 -2.179e-02 2.238e-02 6.542e-03 0.000e+00
58 2.765e-02 2.009e-02 -4.360e-04 0.000e+00
59 -1.279e-02 6.937e-03 7.527e-03 0.000e+00
60 8.212e-03 -1.633e-02 -2.177e-02 0.000e+00
61 2.381e-02 1.984e-02 -2.316e-02 0.000e+00
62 6.182e-03 -1.377e-02 1.280e-02 0.000e+00
63 3.690e-02 5.218e-02 -2.652e-02 6.724e+01
64 -3.816e-03 1.646e-02 4.106e-02 0.000e+00
65 -2.496e-03 4.029e-02 8.732e-03 3.555e+01
66 2.770e-02 2.716e-02 -1.792e-02 0.000e+00
67 1.456e-02 4.378e-02 4.936e-02 1.238e+02
68 -6.854e-03 3.200e-02 -4.001e-02 0.000e+00
69 -3.233e-02 7.868e-03 1.743e-02 0.000e+00
70 1.045e-02 1.424e-02 7.962e-03 0.000e+00
71 1.827e-02 -1.640e-02 -2.201e-03 0.000e+00
72 -7.994e-03 -2.166e-02 -2.538e-02 0.000e+00
73 -3.937e-02 -2.799e-02 -2.942e-02 0.000e+00
74 2.275e-02 0.000e+00 -3.734e-02 0.000e+00
75 7.182e-02 -1.859e-02 -2.529e-02 0.000e+00
76 -4.807e-02 1.779e-02 -1.015e-03 0.000e+00
77 1.487e-02 1.649e-02 -3.477e-02 0.000e+00
78 -3.170e-02 -2.244e-02 1.091e-02 0.000e+00
79 1.391e-02 1.444e-02 -2.610e-02 0.000e+00
80 6.151e-04 -3.695e-03 -1.598e-02 0.000e+00
81 1.016e-02 -1.745e-02 -1.082e-02 0.000e+00
82 -9.793e-04 -3.180e-02 3.878e-02 0.000e+00
83 -1.356e-02 5.274e-03 1.516e-03 0.000e+00
84 -2.563e-02 -2.185e-02 2.360e-02 0.000e+00
85 8.077e-02 -2.084e-03 6.111e-03 0.000e+00
86 1.429e-02 4.173e-03 1.159e-02 0.000e+00
87 -2.290e-02 -3.210e-02 -9.816e-03 0.000e+00
88 -4.003e-02 2.597e-02 -8.411e-03 0.000e+00
89 4.451e-02 1.438e-02 -7.100e-03 0.000e+00
90 -1.679e-02 -2.199e-02 -9.429e-03 0.000e+00
91 2.326e-02 1.860e-02 -6.670e-03 0.000e+00
92 1.644e-02 -1.481e-02 7.795e-03 0.000e+00
93 2.877e-02 3.367e-02 -6.295e-02 0.000e+00
94 -9.906e-03 -2.865e-02 4.839e-02 0.000e+00
95 1.649e-02 1.668e-03 1.023e-02 0.000e+00
96 2.035e-02 -3.108e-02 3.043e-02 0.000e+00
97 1.752e-02 3.914e-02 -6.186e-03 1.270e+02
98 2.130e-02 1.037e-02 3.562e-02 0.000e+00
99 1.051e-02 7.035e-02 -1.179e-02 1.196e+02
100 -4.881e-02 -2.479e-02 -1.301e-02 0.000e+00
101 7.316e-03 -3.338e-02 5.518e-02 0.000e+00
102 -8.360e-03 -2.824e-02 5.708e-04 0.000e+00
103 -3.389e-03 -1.259e-02 -3.420e-02 0.000e+00
104 -2.544e-02 1.290e-03 -2.975e-02 0.000e+00
105 -1.909e-02 -3.520e-02 -3.472e-02 0.000e+00
106 -3.675e-03 -1.918e-02 -1.972e-02 0.000e+00
107 -1.090e-02 -2.403e-02 3.155e-02 0.000e+00
108 -2.835e-02 2.753e-02 1.319e-02 0.000e+00
109 -3.384e-02 6.889e-02 -1.803e-02 1.006e+02
110 -3.317e-03 2.467e-03 1.099e-02 0.000e+00
111 1.464e-02 1.658e-02 -2.361e-02 0.000e+00
112 -4.704e-02 2.698e-02 2.449e-02 0.000e+00
113 3.281e-02 -2.132e-02 -1.515e-02 0.000e+00
114 3.238e-02 2.145e-02 -3.378e-03 0.000e+00
115 -2.092e-02 -3.122e-02 2.930e-02 0.000e+00
116 2.488e-02 2.244e-03 -1.045e-02 0.000e+00
117 2.405e-02 7.388e-03 7.959e-03 0.000e+00
118 -2.178e-02 -1.915e-02 2.532e-02 0.000e+00
119 -5.970e-03 2.122e-02 1.128e-02 0.000e+00
120 3.066e-03 -3.285e-02 -2.439e-03 0.000e+00
121 -1.071e-02 -2.883e-02 2.979e-02 0.000e+00
122 2.221e-02 -3.244e-02 -9.655e-03 0.000e+00
123 -2.729e-02 4.345e-03 2.534e-02 0.000e+00
124 2.774e-02 -2.077e-03 -5.068e-03 0.000e+00
125 3.593e-02 1.769e-02 1.799e-02 0.000e+00
126 -1.581e-02 -2.236e-02 -4.319e-03 0.000e+00
127 -3.996e-02 -8.186e-03 -1.200e-02 0.000e+00
128 -9.367e-03 3.211e-02 2.982e-03 0.000e+00
129 -1.757e-02 2.018e-02 8.744e-03 0.000e+00
130 -9.418e-03 -2.706e-02 -7.728e-03 0.000e+00
131 2.185e-02 3.744e-02 -1.024e-02 1.209e+02
132 -1.568e-02 -2.260e-02 -4.353e-03 0.000e+00
133 1.727e-02 2.573e-02 -2.165e-02 0.000e+00
134 2.343e-02 2.344e-02 4.401e-02 0.000e+00
135 1.786e-02 -3.369e-02 -5.543e-02 0.000e+00
136 3.319e-03 -6.325e-03 -1.474e-03 0.000e+00
137 -8.257e-03 -9.706e-04 -2.572e-03 0.000e+00
138 -2.260e-03 2.099e-02 1.898e-02 0.000e+00
139 6.067e-03 8.645e-03 2.012e-02 0.000e+00
140 -3.849e-02 -1.550e-02 -4.093e-02 0.000e+00
141 1.290e-02 -2.508e-02 4.880e-03 0.000e+00
142 -6.419e-03 4.075e-03 -1.730e-02 0.000e+00
143 4.695e-02 2.903e-03 -9.171e-03 0.000e+00
144 -1.731e-02 -2.878e-02 2.153e-02 0.000e+00
145 4.687e-03 -4.322e-03 -1.316e-02 0.000e+00
146 -2.983e-02 -2.421e-02 2.952e-02 0.000e+00
147 3.220e-02 2.029e-02 -2.326e-02 0.000e+00
148 -1.369e-02 1.013e-02 -7.746e-03 0.000e+00
149 3.565e-02 2.969e-02 1.352e-02 0.000e+00
150 8.885e-03 -2.080e-02 3.535e-02 0.000e+00
151 -1.056e-02 -2.743e-02 2.744e-02 0.000e+00
152 -2.953e-02 -3.405e-02 -4.396e-03 0.000e+00
153 -2.408e-02 2.304e-02 1.314e-04 0.000e+00
154 -1.391e-02 -2.353e-02 2.088e-02 0.000e+00
155 -1.338e-02 1.601e-02 4.615e-02 0.000e+00
156 -5.060e-03 -3.061e-02 -2.059e-02 0.000e+00
157 8.289e-03 -1.821e-02 2.563e-02 0.000e+00
158 8.779e-03 -3.389e-02 -7.159e-03 0.000e+00
159 -3.203e-02 -1.631e-02 4.132e-02 0.000e+00
160 1.027e-02 -2.914e-02 2.012e-02 0.000e+00
161 9.242e-03 -2.452e-03 3.616e-03 0.000e+00
162 -7.394e-03 1.774e-02 -7.295e-03 0.000e+00
163 2.400e-02 8.027e-03 3.165e-02 0.000e+00
164 3.524e-02 3.355e-02 6.115e-03 0.000e+00
165 -8.855e-03 -3.470e-02 -5.060e-02 0.000e+00
166 -1.618e-02 -3.253e-02 -1.484e-02 0.000e+00
167 6.959e-03 -3.470e-02 2.623e-02 0.000e+00
168 -2.713e-02 2.532e-02 -9.750e-03 0.000e+00
169 3.197e-02 -2.666e-02 -4.708e-03 0.000e+00
170 -8.146e-03 -1.683e-02 6.252e-03 0.000e+00
171 4.091e-02 8.016e-03 -3.383e-02 0.000e+00
172 -2.865e-04 -2.765e-02 -8.983e-05 0.000e+00
173 -4.481e-04 1.993e-02 4.676e-02 0.000e+00
174 -5.071e-03 -3.211e-02 -8.994e-03 0.000e+00
175 -7.270e-03 -3.503e-02 -3.021e-02 0.000e+00
176 2.020e-02 -3.377e-02 1.747e-02 0.000e+00
177 -3.797e-03 2.130e-02 -9.692e-03 0.000e+00
178 2.456e-03 1.590e-02 -3.637e-02 0.000e+00
179 -1.113e-02 -3.162e-02 2.332e-03 0.000e+00
180 -5.856e-03 -1.604e-03 -2.316e-03 0.000e+00
181 -9.506e-03 3.982e-03 2.165e-02 0.000e+00
182 1.759e-03 2.270e-02 -1.978e-02 0.000e+00
183 8.579e-03 3.829e-02 1.710e-02 1.096e+02
184 1.783e-03 2.837e-02 -4.966e-03 0.000e+00
185 6.619e-03 2.480e-02 -3.986e-02 0.000e+00
186 -1.649e-03 -2.402e-02 3.468e-03 0.000e+00
187 -7.692e-03 4.810e-03 2.846e-02 0.000e+00
188 -6.282e-03 2.486e-02 1.788e-02 0.000e+00
189 1.508e-03 -3.084e-02 -4.189e-02 0.000e+00
190 1.145e-02 -2.034e-02 -2.203e-02 0.000e+00
191 1.358e-02 -2.229e-02 -2.504e-02 0.000e+00
192 -1.217e-02 -2.995e-02 1.920e-02 0.000e+00
193 1.742e-04 8.249e-03 2.148e-03 0.000e+00
194 8.049e-03 1.745e-02 -1.059e-02 0.000e+00
195 4.663e-02 4.596e-02 -1.117e-02 -2.632e+01
196 -4.951e-02 2.846e-02 -2.118e-02 0.000e+00
197 3.494e-02 -2.955e-02 1.054e-02 0.000e+00
198 6.941e-02 2.540e-02 -5.652e-03 0.000e+00
199 9.337e-03 -2.340e-02 -1.914e-02 0.000e+00
200 -2.158e-02 2.016e-02 -3.343e-02 0.000e+00
201 -4.631e-02 -2.732e-02 4.106e-02 0.000e+00
202 -5.015e-02 -1.706e-02 1.072e-02 0.000e+00
203 2.029e-02 -2.663e-02 -3.539e-03 0.000e+00
204 2.050e-02 -2.569e-02 -3.887e-02 0.000e+00
205 4.477e-02 5.411e-03 -1.572e-02 0.000e+00
206 -1.826e-02 -2.465e-02 -1.537e-02 0.000e+00
207 3.655e-03 -3.362e-02 2.257e-02 0.000e+00
208 1.122e-02 1.474e-02 1.704e-03 0.000e+00
209 -3.541e-02 6.989e-03 -2.618e-02 0.000e+00
210 2.895e-02 -3.143e-02 2.825e-02 0.000e+00
211 1.284e-02 2.978e-02 -3.273e-02 0.000e+00
212 -4.432e-02 -3.473e-03 -3.836e-03 0.000e+00
213 3.638e-02 -1.475e-02 3.347e-02 0.000e+00
214 1.075e-02 3.935e-03 1.125e-02 0.000e+00
215 2.402e-04 2.892e-02 -1.019e-02 0.000e+00
216 -1.797e-02 2.118e-02 8.680e-03 0.000e+00
217 6.298e-03 -3.266e-02 -1.492e-02 0.000e+00
218 -1.003e-02 1.974e-02 -2.500e-02 0.000e+00
219 1.014e-02 1.556e-02 -1.660e-02 0.000e+00
220 8.498e-03 1.183e-02 -1.954e-02 0.000e+00
221 -4.324e-03 2.096e-02 3.381e-02 0.000e+00
222 7.934e-03 4.138e-02 2.618e-03 9.086e+01
223 -7.788e-03 1.102e-02 -1.875e-02 0.000e+00
224 1.172e-02 2.163e-02 9.687e-03 0.000e+00
225 2.028e-02 2.307e-02 -2.086e-02 0.000e+00
226 -4.336e-02 -2.798e-02 1.007e-02 0.000e+00
227 3.796e-02 -2.737e-02 -3.943e-02 0.000e+00
228 -2.956e-04 1.529e-02 -4.129e-02 0.000e+00
229 4.150e-03 -4.913e-03 3.735e-03 0.000e+00
230 -8.849e-03 7.778e-03 9.242e-03 0.000e+00
231 1.919e-02 5.731e-03 -2.185e-02 0.000e+00
232 -4.235e-02 -1.682e-02 -3.017e-02 0.000e+00
233 4.671e-02 1.621e-02 -9.602e-05 0.000e+00
234 4.106e-02 -2.417e-02 -3.901e-02 0.000e+00
235 1.182e-02 2.479e-04 -1.134e-02 0.000e+00
236 -1.932e-02 2.387e-02 -3.173e-02 0.000e+00
237 4.087e-02 -1.945e-02 -1.245e-02 0.000e+00
238 -1.301e-02 3.421e-04 7.169e-03 0.000e+00
239 9.033e-04 -8.431e-03 -2.621e-02 0.000e+00
240 -1.484e-02 -3.481e-02 5.249e-03 0.000e+00
241 6.380e-03 -2.016e-02 4.324e-03 0.000e+00
242 -1.442e-03 -3.494e-02 1.083e-02 0.000e+00
243 -6.391e-03 9.585e-03 5.270e-03 0.000e+00
244 -9.544e-03 4.244e-02 3.173e-02 1.972e+01
245 1.820e-02 3.107e-02 -5.416e-03 0.000e+00
246 -2.120e-03 -2.097e-02 3.364e-02 0.000e+00
247 -3.080e-02 6.883e-03 -8.411e-03 0.000e+00
248 -5.234e-02 1.507e-02 7.871e-03 0.000e+00
249 3.345e-02 1.601e-02 -1.676e-02 0.000e+00
250 8.421e-03 -3.438e-02 -9.615e-03 0.000e+00
251 3.880e-03 -3.037e-02 3.149e-02 0.000e+00
252 -1.266e-02 -3.233e-02 -1.203e-02 0.000e+00
253 2.989e-02 4.756e-02 -2.219e-02 6.327e+01
254 -6.833e-03 4.424e-02 -3.832e-03 3.974e+01
255 -3.395e-03 3.292e-02 -2.558e-02 0.000e+00
256 -5.741e-02 -3.478e-02 -6.546e-03 0.000e+00
257 -3.974e-03 -3.324e-02 -2.189e-02 0.000e+00
258 -1.455e-02 1.633e-02 -3.952e-03 0.000e+00
259 1.640e-02 1.385e-02 1.961e-03 0.000e+00
260 -1.355e-02 -3.224e-02 4.446e-03 0.000e+00
261 3.478e-02 -2.506e-03 2.011e-02 0.000e+00
262 5.230e-03 -2.102e-02 1.038e-02 0.000e+00
263 -2.435e-02 -3.455e-02 -3.389e-02 0.000e+00
264 -9.650e-05 -1.440e-02 -2.995e-02 0.000e+00
265 4.051e-02 1.650e-03 -3.048e-02 0.000e+00
266 -8.905e-03 2.003e-02 3.371e-02 0.000e+00
267 1.602e-03 7.561e-03 5.305e-02 0.000e+00
268 9.008e-03 -2.570e-04 1.874e-02 0.000e+00
269 1.184e-02 -3.239e-02 1.392e-02 0.000e+00
270 -2.334e-02 -3.254e-02 3.013e-02 0.000e+00
271 4.530e-02 2.517e-03 1.821e-02 0.000e+00
272 2.313e-02 -3.193e-02 -4.512e-03 0.000e+00
273 6.947e-02 3.853e-02 -8.967e-03 -1.532e+01
274 5.563e-02 -3.372e-02 -4.195e-03 0.000e+00
275 4.174e-02 -2.486e-02 -1.907e-02 0.000e+00
276 9.101e-02 1.492e-02 4.479e-02 0.000e+00
277 1.048e-01 -5.703e-03 4.002e-02 0.000e+00
278 9.939e-02 -1.242e-03 -2.131e-02 0.000e+00
279 1.206e-01 -3.048e-02 -1.190e-02 0.000e+00
280 2.044e-01 -1.680e-02 -1.071e-02 0.000e+00
281 2.171e-01 -3.380e-02 2.044e-02 0.000e+00
282 2.864e-01 1.916e-02 6.679e-02 0.000e+00
283 3.610e-01 2.983e-02 4.970e-02 0.000e+00
284 4.666e-01 2.403e-02 4.396e-02 0.000e+00
285 5.510e-01 1.071e-01 1.621e-02 -4.994e+00
286 7.048e-01 1.138e-01 1.188e-01 -2.926e+00
287 7.363e-01 1.608e-01 1.545e-01 -2.699e+00
288 8.871e-01 2.292e-01 1.643e-01 1.016e+01
289 9.152e-01 2.808e-01 1.855e-01 1.074e+01
290 9.557e-01 3.026e-01 2.258e-01 1.263e+01
291 9.772e-01 4.111e-01 1.940e-01 1.859e+01
292 1.000e+00 3.894e-01 1.882e-01 2.152e+01
293 9.271e-01 4.006e-01 1.721e-01 2.609e+01
294 8.938e-01 4.071e-01 9.301e-02 3.085e+01
295 8.613e-01 3.784e-01 1.243e-01 3.208e+01
296 8.196e-01 3.428e-01 8.276e-02 3.781e+01
297 8.025e-01 2.713e-01 8.730e-02 3.966e+01
298 7.594e-01 2.632e-01 8.268e-02 4.031e+01
299 7.122e-01 1.846e-01 7.198e-02 4.121e+01
300 6.635e-01 7.386e-02 8.930e-02 3.715e+01
301 6.350e-01 5.485e-02 6.506e-02 5.824e+01
302 5.620e-01 1.116e-02 2.503e-02 0.000e+00
303 5.354e-01 2.425e-02 -1.773e-03 0.000e+00
304 4.678e-01 2.911e-02 4.807e-02 0.000e+00
305 4.065e-01 4.998e-02 -2.460e-02 -4.404e+01
306 3.932e-01 6.486e-02 6.995e-02 1.205e+02
307 2.841e-01 8.372e-02 2.779e-05 -4.100e+01
308 3.108e-01 6.254e-02 5.340e-02 -4.393e+01
309 2.373e-01 5.169e-02 4.378e-02 -2.145e+01
310 1.858e-01 2.960e-02 4.617e-03 0.000e+00
311 1.228e-01 2.713e-02 -2.282e-02 0.000e+00
312 1.257e-01 3.136e-02 2.422e-02 0.000e+00
313 8.399e-02 -6.579e-03 1.886e-02 0.000e+00
314 7.018e-02 3.104e-02 4.505e-02 0.000e+00
315 6.057e-02 -1.475e-02 -4.869e-03 0.000e+00
316 8.126e-02 2.676e-02 -1.185e-02 0.000e+00
317 4.667e-02 7.945e-03 2.004e-02 0.000e+00
318 3.204e-02 -1.086e-02 -1.923e-02 0.000e+00
319 1.699e-02 -2.962e-02 9.289e-04 0.000e+00
320 2.794e-02 -2.453e-02 -7.523e-03 0.000e+00
321 4.966e-03 -2.267e-02 3.089e-03 0.000e+00
322 8.152e-03 -2.223e-02 2.205e-02 0.000e+00
323 2.181e-02 3.586e-02 1.710e-03 0.000e+00
324 -2.154e-02 2.556e-02 1.746e-02 0.000e+00
325 3.753e-02 8.612e-03 1.598e-02 0.000e+00
326 2.506e-02 -3.347e-02 4.011e-02 0.000e+00
327 -5.077e-04 1.226e-02 -7.217e-02 0.000e+00
328 -1.811e-02 4.199e-02 1.870e-02 1.024e+02
329 -6.036e-03 -1.929e-02 9.577e-03 0.000e+00
330 -2.267e-04 2.445e-02 2.249e-02 0.000e+00
331 6.526e-03 -2.189e-02 -2.361e-03 0.000e+00
332 4.362e-02 -3.195e-02 -1.589e-02 0.000e+00
333 2.648e-02 1.647e-02 -2.630e-03 0.000e+00
334 -7.078e-04 1.945e-02 -1.679e-03 0.000e+00
335 2.050e-02 -2.527e-02 -4.323e-02 0.000e+00
336 -9.831e-03 -2.626e-02 2.139e-02 0.000e+00
337 3.358e-02 -1.994e-02 -1.723e-03 0.000e+00
338 -5.973e-03 1.442e-02 -1.850e-02 0.000e+00
339 1.952e-03 2.321e-02 -4.988e-04 0.000e+00
340 9.791e-03 -2.748e-02 -4.071e-03 0.000e+00
341 2.275e-02 -2.616e-02 -8.428e-03 0.000e+00
342 -3.455e-02 -2.148e-03 1.513e-02 0.000e+00
343 6.901e-03 -2.306e-02 4.584e-03 0.000e+00
344 1.907e-02 -3.078e-02 7.481e-03 0.000e+00
345 1.968e-02 -3.544e-03 -3.721e-02 0.000e+00
346 1.078e-04 1.633e-02 5.795e-03 0.000e+00
347 -8.416e-03 6.018e-03 -2.572e-02 0.000e+00
348 2.802e-02 5.669e-03 5.086e-04 0.000e+00
349 2.637e-02 -2.217e-03 -2.619e-03 0.000e+00
350 1.211e-02 -2.467e-02 3.535e-03 0.000e+00
351 -2.398e-02 6.232e-03 3.668e-02 0.000e+00
352 1.476e-02 5.043e-02 -1.781e-02 5.584e+01
353 -1.762e-02 -3.195e-02 1.745e-03 0.000e+00
354 1.185e-02 -2.019e-02 1.076e-03 0.000e+00
355 -2.490e-02 -3.061e-02 -1.210e-02 0.000e+00
356 -3.365e-02 -3.487e-02 2.550e-02 0.000e+00
357 4.287e-03 -1.013e-02 -3.970e-02 0.000e+00
358 -6.883e-03 2.641e-02 1.390e-02 0.000e+00
359 1.916e-02 2.433e-02 3.390e-03 0.000e+00
360 2.361e-02 -3.481e-02 1.267e-02 0.000e+00
361 1.867e-02 -2.566e-02 3.153e-02 0.000e+00
362 1.485e-02 7.761e-03 1.056e-02 0.000e+00
363 -8.687e-03 -3.476e-02 -1.727e-02 0.000e+00
364 -3.042e-02 -1.888e-02 -4.941e-03 0.000e+00
365 1.624e-03 -3.062e-02 8.281e-03 0.000e+00
366 8.405e-03 -2.697e-02 -1.927e-02 0.000e+00
367 1.200e-02 2.071e-02 -2.348e-02 0.000e+00
368 1.543e-02 1.681e-03 -2.902e-02 0.000e+00
369 1.774e-02 3.556e-02 3.275e-03 0.000e+00
370 1.725e-02 -3.232e-02 -1.415e-02 0.000e+00
371 1.076e-02 7.943e-03 2.732e-02 0.000e+00
372 2.875e-02 -2.603e-03 -2.379e-02 0.000e+00
373 2.008e-02 2.966e-02 -4.377e-03 0.000e+00
374 1.015e-02 -3.490e-02 -8.644e-03 0.000e+00
375 -2.699e-02 7.057e-02 2.328e-02 6.941e+00
376 -2.647e-02 2.968e-02 -7.321e-03 0.000e+00
377 -4.096e-03 2.393e-02 -2.228e-02 0.000e+00
378 4.921e-03 -3.204e-02 8.211e-03 0.000e+00
379 -1.760e-02 1.071e-02 -1.879e-02 0.000e+00
380 -2.771e-02 -3.091e-03 1.707e-02 0.000e+00
381 -2.273e-02 -3.007e-02 -3.363e-02 0.000e+00
382 -2.737e-02 -3.491e-02 -1.655e-02 0.000e+00
383 3.957e-02 -2.446e-02 9.081e-03 0.000e+00
384 -2.757e-02 -2.618e-02 -1.420e-02 0.000e+00
385 -6.135e-03 8.227e-03 1.825e-02 0.000e+00
386 -1.493e-02 3.346e-02 1.081e-02 0.000e+00
387 -6.018e-03 -2.852e-02 -8.952e-03 0.000e+00
388 4.305e-02 -3.893e-03 7.919e-03 0.000e+00
389 1.590e-02 -3.212e-02 5.263e-03 0.000e+00
390 -4.142e-02 -2.975e-02 4.432e-03 0.000e+00
391 1.112e-02 -1.693e-02 -2.296e-02 0.000e+00
392 8.314e-04 3.405e-02 -4.213e-02 0.000e+00
393 -9.177e-03 -7.435e-03 4.774e-02 0.000e+00
394 -2.004e-02 1.658e-02 -5.232e-02 0.000e+00
395 2.995e-02 7.129e-02 -5.846e-03 -2.919e+01
396 -2.439e-02 2.273e-02 1.790e-02 0.000e+00
397 -8.869e-03 -2.412e-02 -1.038e-02 0.000e+00
398 5.995e-03 9.352e-03 1.023e-02 0.000e+00
399 -1.005e-02 2.136e-02 3.027e-02 0.000e+00
400 -5.617e-02 -3.503e-02 -1.091e-02 0.000e+00
401 -1.400e-02 -2.652e-02 -1.609e-02 0.000e+00
402 1.765e-03 -2.092e-02 -8.208e-03 0.000e+00
403 1.515e-02 -2.959e-02 -3.053e-03 0.000e+00
404 -2.276e-02 1.609e-02 5.267e-03 0.000e+00
405 5.649e-03 -2.717e-02 -2.457e-02 0.000e+00
406 -2.697e-02 2.402e-02 1.493e-03 0.000e+00
407 -2.967e-02 9.581e-03 2.339e-02 0.000e+00
408 4.039e-03 -1.432e-03 -3.480e-02 0.000e+00
409 -2.884e-02 2.092e-02 3.879e-04 0.000e+00
410 4.771e-03 -2.067e-02 -1.788e-02 0.000e+00
411 -3.046e-02 -3.488e-02 -2.402e-02 0.000e+00
412 1.638e-02 -4.055e-03 3.443e-02 0.000e+00
413 -3.170e-02 2.242e-02 1.261e-02 0.000e+00
414 -2.539e-02 -2.747e-02 1.333e-02 0.000e+00
415 1.286e-02 1.214e-02 -2.225e-02 0.000e+00
416 -1.595e-03 -3.202e-02 -2.055e-02 0.000e+00
417 -8.362e-03 3.545e-02 3.009e-02 0.000e+00
418 -3.060e-02 4.602e-03 -3.977e-02 0.000e+00
419 1.979e-02 -2.434e-02 -2.862e-02 0.000e+00
420 -1.533e-02 -6.203e-03 3.915e-02 0.000e+00
421 2.485e-03 -2.691e-02 2.979e-02 0.000e+00
422 -3.257e-02 -2.905e-02 2.800e-03 0.000e+00
423 -2.223e-02 -3.433e-02 -4.383e-03 0.000e+00
424 -2.547e-02 -2.534e-02 2.027e-02 0.000e+00
425 2.612e-04 1.888e-02 7.962e-03 0.000e+00
426 1.143e-02 2.647e-02 6.636e-03 0.000e+00
427 -1.572e-02 6.071e-03 1.248e-02 0.000e+00
428 -9.141e-03 2.236e-02 7.874e-03 0.000e+00
429 -3.228e-03 1.106e-02 9.045e-03 0.000e+00
430 -3.726e-03 4.261e-02 2.596e-02 -1.216e+01
431 2.673e-02 -2.699e-02 -1.628e-02 0.000e+00
432 -1.437e-02 -2.627e-03 -2.050e-02 0.000e+00
433 -2.109e-02 -9.655e-04 1.282e-02 0.000e+00
434 5.973e-03 -2.710e-02 1.663e-02 0.000e+00
435 -3.482e-02 -3.446e-02 4.123e-02 0.000e+00
436 1.289e-02 1.586e-02 5.306e-03 0.000e+00
437 5.464e-04 -3.167e-02 -8.362e-03 0.000e+00
438 2.776e-02 8.446e-03 8.335e-03 0.000e+00
439 2.013e-02 -3.180e-02 -1.647e-02 0.000e+00
440 -6.631e-03 1.331e-02 -7.295e-03 0.000e+00
441 -2.511e-02 -3.283e-02 5.045e-03 0.000e+00
442 -1.917e-02 9.992e-03 1.190e-02 0.000e+00
443 -2.459e-02 -3.170e-02 -1.870e-02 0.000e+00
444 -1.180e-02 -2.234e-02 1.898e-02 0.000e+00
445 1.329e-02 -2.374e-02 5.264e-03 0.000e+00
446 -2.023e-03 5.711e-03 -8.224e-04 0.000e+00
447 -3.306e-02 -3.785e-04 -4.313e-02 0.000e+00
448 -8.542e-03 -2.789e-02 -3.149e-02 0.000e+00
449 -9.716e-03 -2.937e-02 -1.500e-02 0.000e+00
450 1.644e-02 1.338e-02 1.797e-02 0.000e+00
451 -1.986e-02 -5.575e-03 -1.541e-02 0.000e+00
452 2.574e-02 1.805e-02 -4.576e-02 0.000e+00
453 -1.400e-02 -2.321e-02 -1.626e-02 0.000e+00
454 -4.211e-02 1.489e-02 1.828e-03 0.000e+00
455 1.563e-02 1.194e-02 2.443e-02 0.000e+00
456 2.539e-02 -3.390e-02 -3.643e-02 0.000e+00
457 2.829e-02 8.177e-03 -3.534e-02 0.000e+00
458 5.821e-02 1.415e-02 0.000e+00 0.000e+00
459 -3.974e-02 5.572e-03 -8.520e-03 0.000e+00
460 1.260e-02 2.159e-02 -1.250e-02 0.000e+00
461 1.042e-02 6.105e-04 2.987e-02 0.000e+00
462 2.790e-04 -2.766e-02 -1.017e-02 0.000e+00
463 -4.068e-02 -1.688e-04 7.613e-03 0.000e+00
464 2.135e-02 -3.519e-02 -3.795e-03 0.000e+00
465 1.928e-02 -3.367e-02 8.504e-03 0.000e+00
466 2.024e-02 1.414e-02 -2.919e-02 0.000e+00
467 -1.062e-02 4.494e-02 -3.386e-02 -1.227e+01
468 1.787e-03 -2.805e-02 2.091e-02 0.000e+00
469 -1.617e-02 4.406e-02 5.654e-03 -4.275e+01
470 -5.103e-03 2.170e-02 1.101e-02 0.000e+00
471 2.273e-02 6.578e-03 5.121e-02 0.000e+00
472 8.756e-03 -3.504e-02 -3.638e-02 0.000e+00
473 7.637e-03 1.465e-02 -3.216e-03 0.000e+00
474 -3.650e-03 -3.289e-02 -4.898e-02 0.000e+00
475 2.942e-02 3.101e-02 1.399e-02 0.000e+00
476 -7.368e-02 2.032e-02 4.943e-02 0.000e+00
477 8.469e-03 2.299e-02 -5.484e-03 0.000e+00
478 1.369e-02 -3.416e-02 2.135e-02 0.000e+00
479 -2.296e-02 -5.950e-03 -2.436e-02 0.000e+00
480 4.690e-03 1.325e-02 5.143e-02 0.000e+00
481 -2.637e-02 -3.189e-02 -7.899e-03 0.000e+00
482 1.533e-03 -2.492e-02 6.454e-03 0.000e+00
483 -1.506e-02 -2.151e-02 2.838e-02 0.000e+00
484 1.193e-02 -3.370e-02 8.108e-03 0.000e+00
485 7.274e-02 -3.115e-02 -2.262e-03 0.000e+00
486 -3.189e-02 1.338e-02 2.137e-02 0.000e+00
487 -2.193e-02 4.851e-02 2.286e-02 -1.163e+01
488 -1.043e-02 -2.042e-02 1.182e-02 0.000e+00
489 2.032e-02 2.423e-02 7.263e-04 0.000e+00
490 4.347e-03 2.578e-02 4.882e-02 0.000e+00
491 -1.458e-02 1.970e-02 6.087e-02 0.000e+00
492 -7.509e-03 3.356e-03 -2.157e-02 0.000e+00
493 1.618e-02 4.616e-03 -1.579e-02 0.000e+00
494 -2.202e-02 3.766e-02 -3.074e-03 1.137e+02
495 -3.129e-02 1.534e-02 -3.586e-03 0.000e+00
496 3.030e-02 2.288e-02 -1.477e-02 0.000e+00
497 6.061e-04 -3.024e-02 -5.532e-03 0.000e+00
498 -5.215e-03 -2.442e-02 -7.856e-03 0.000e+00
499 1.842e-02 -2.157e-02 2.721e-02 0.000e+00
500 -6.192e-03 -3.171e-02 2.170e-02 0.000e+00
501 -1.449e-02 -1.925e-02 3.667e-02 0.000e+00
502 6.302e-03 4.044e-02 2.134e-02 8.868e+01
503 3.202e-02 -2.355e-02 -2.194e-02 0.000e+00
504 -1.446e-02 2.603e-02 2.189e-02 0.000e+00
505 1.631e-02 4.640e-02 3.565e-02 1.067e+02
506 3.619e-02 -2.723e-02 -1.996e-02 0.000e+00
507 -1.754e-03 4.176e-02 -2.342e-03 3.233e+01
508 -4.298e-03 -3.351e-02 1.644e-02 0.000e+00
509 4.592e-02 -2.174e-02 1.951e-02 0.000e+00
510 1.642e-02 5.588e-02 3.077e-02 8.922e+01
511 -3.299e-04 -3.148e-02 6.770e-03 0.000e+00
