Bin I L V PA
0 7.509e-02 5.556e-02 7.013e-02 0.000e+00
1 1.125e-01 -6.188e-02 -5.654e-03 0.000e+00
2 -5.626e-04 -7.168e-02 2.076e-02 0.000e+00
3 -6.816e-03 -6.696e-02 3.749e-02 0.000e+00
4 0.000e+00 3.884e-02 -1.765e-02 0.000e+00
5 3.008e-02 -2.343e-03 4.163e-02 0.000e+00
6 1.676e-02 -7.724e-02 2.503e-02 0.000e+00
7 -3.428e-03 -4.379e-04 -4.975e-04 0.000e+00
8 4.616e-02 1.644e-03 -8.330e-02 0.000e+00
9 -7.882e-02 6.730e-02 -4.846e-02 0.000e+00
10 -5.348e-03 2.922e-02 7.494e-02 0.000e+00
11 -6.437e-02 6.413e-02 3.845e-02 0.000e+00
12 3.324e-02 -7.199e-02 7.710e-02 0.000e+00
13 3.508e-04 -2.920e-03 -2.351e-02 0.000e+00
14 1.950e-02 -5.299e-02 7.593e-02 0.000e+00
15 -4.726e-02 6.710e-03 -2.548e-02 0.000e+00
16 -2.069e-02 -7.219e-02 -7.933e-02 0.000e+00
17 -3.752e-03 3.987e-02 -7.799e-02 0.000e+00
18 2.941e-02 4.195e-02 -2.544e-02 0.000e+00
19 4.874e-02 9.969e-02 1.686e-02 1.345e+01
20 5.970e-02 1.329e-01 7.711e-02 1.123e+02
21 -1.396e-02 -8.219e-02 8.301e-03 0.000e+00
22 -2.465e-02 2.159e-02 -2.809e-02 0.000e+00
23 4.081e-03 1.351e-02 1.097e-01 0.000e+00
24 -4.411e-02 -7.286e-02 -3.036e-02 0.000e+00
25 -1.450e-02 1.941e-02 -1.424e-02 0.000e+00
26 -4.092e-02 -1.342e-02 8.520e-02 0.000e+00
27 9.746e-02 1.964e-02 -1.059e-02 0.000e+00
28 1.773e-02 -5.179e-02 3.788e-02 0.000e+00
29 -1.222e-02 -7.229e-02 9.261e-02 0.000e+00
30 -7.382e-02 8.811e-02 -5.289e-02 0.000e+00
31 3.238e-03 1.128e-01 4.303e-03 2.761e+01
32 -4.253e-02 5.765e-02 1.367e-02 0.000e+00
33 6.757e-03 -6.867e-02 -5.631e-02 0.000e+00
34 -9.661e-02 -7.939e-02 2.153e-02 0.000e+00
35 -6.823e-02 -5.022e-02 -3.453e-02 0.000e+00
36 3.658e-02 -4.768e-02 -5.641e-02 0.000e+00
37 -2.128e-03 4.186e-02 -8.556e-03 0.000e+00
38 -6.147e-02 -7.564e-02 -5.752e-02 0.000e+00
39 8.654e-02 -8.377e-02 4.166e-02 0.000e+00
40 -2.185e-02 1.052e-01 -1.232e-02 -2.257e+01
41 -9.419e-02 2.795e-02 2.931e-02 0.000e+00
42 8.608e-03 -4.429e-02 6.993e-03 0.000e+00
43 1.099e-01 6.309e-02 6.169e-03 0.000e+00
44 2.409e-02 -8.292e-03 3.281e-02 0.000e+00
45 8.277e-02 -2.899e-03 -2.338e-02 0.000e+00
46 7.775e-02 -2.251e-03 1.039e-02 0.000e+00
47 3.211e-02 6.228e-02 6.157e-02 0.000e+00
48 3.438e-02 -7.553e-02 -5.625e-02 0.000e+00
49 -4.456e-02 4.606e-03 2.132e-02 0.000e+00
50 4.448e-03 -3.964e-02 -6.243e-02 0.000e+00
51 -2.315e-02 2.062e-02 -1.086e-02 0.000e+00
52 1.244e-02 6.596e-02 -4.913e-02 0.000e+00
53 1.251e-01 5.775e-03 -2.446e-02 0.000e+00
54 -1.155e-02 -8.403e-02 1.631e-02 0.000e+00
55 1.036e-01 4.469e-02 1.467e-02 0.000e+00
56 1.233e-02 1.040e-02 1.004e-01 0.000e+00
57 3.749e-02 -2.344e-02 -2.503e-02 0.000e+00
58 -1.119e-02 -1.733e-02 -3.757e-02 0.000e+00
59 -1.462e-02 1.181e-03 -7.920e-02 0.000e+00
60 -3.368e-02 2.301e-02 8.254e-02 0.000e+00
61 -4.427e-02 -7.938e-02 -1.582e-02 0.000e+00
62 -1.085e-01 -8.041e-02 -4.251e-02 0.000e+00
63 9.307e-02 4.092e-02 -6.224e-02 0.000e+00
64 4.191e-02 8.763e-03 -9.299e-03 0.000e+00
65 2.217e-02 -6.114e-03 -4.649e-02 0.000e+00
66 -1.700e-02 3.697e-02 -8.035e-02 0.000e+00
67 -7.554e-02 -7.412e-02 0.000e+00 0.000e+00
68 -7.453e-02 -8.208e-02 -9.549e-02 0.000e+00
69 1.005e-02 2.574e-02 6.913e-02 0.000e+00
70 6.731e-02 3.321e-02 2.636e-02 0.000e+00
71 -1.312e-01 -7.316e-02 -3.784e-02 0.000e+00
72 -2.116e-02 -4.684e-02 4.324e-02 0.000e+00
73 6.677e-02 -1.747e-02 -1.364e-02 0.000e+00
74 -3.524e-03 5.733e-03 5.095e-03 0.000e+00
75 1.014e-01 3.410e-02 -1.040e-01 0.000e+00
76 3.972e-03 3.819e-02 -8.965e-02 0.000e+00
77 -1.233e-01 7.616e-02 5.287e-02 0.000e+00
78 -1.771e-02 -6.017e-02 -3.102e-02 0.000e+00
79 6.659e-02 4.249e-02 1.559e-02 0.000e+00
80 -1.882e-02 4.631e-02 5.499e-02 0.000e+00
81 1.785e-02 8.605e-02 -2.650e-02 0.000e+00
82 4.833e-02 -4.538e-02 8.912e-02 0.000e+00
83 1.685e-02 -7.612e-02 -4.574e-02 0.000e+00
84 3.480e-02 -6.852e-02 -4.800e-02 0.000e+00
85 -7.461e-02 -6.971e-02 4.575e-02 0.000e+00
86 1.171e-03 -7.922e-02 -7.054e-03 0.000e+00
87 8.575e-02 -4.282e-03 1.306e-02 0.000e+00
88 1.145e-01 -5.966e-02 4.765e-02 0.000e+00
89 -1.803e-03 -1.244e-02 -8.536e-02 0.000e+00
90 5.537e-02 -5.123e-02 3.008e-02 0.000e+00
91 3.475e-02 -5.730e-02 -8.299e-02 0.000e+00
92 6.399e-03 4.207e-02 2.494e-02 0.000e+00
93 1.311e-01 -7.675e-02 -4.403e-02 0.000e+00
94 6.891e-02 2.042e-03 9.350e-02 0.000e+00
95 6.543e-02 -7.483e-02 4.611e-02 0.000e+00
96 1.212e-01 -7.393e-02 1.075e-02 0.000e+00
97 1.106e-01 -7.343e-02 1.729e-02 0.000e+00
98 2.696e-03 3.373e-02 -5.824e-03 0.000e+00
99 1.535e-01 -6.905e-02 3.139e-03 0.000e+00
100 7.938e-02 7.588e-02 -7.404e-02 0.000e+00
101 7.144e-02 -7.999e-02 4.316e-02 0.000e+00
102 1.551e-01 -1.770e-02 -6.794e-03 0.000e+00
103 1.595e-01 2.537e-03 5.008e-02 0.000e+00
104 1.250e-01 2.969e-02 -2.816e-02 0.000e+00
105 2.235e-01 1.161e-01 2.644e-03 8.558e+01
106 1.698e-01 7.018e-02 -4.869e-02 0.000e+00
107 2.471e-01 1.991e-02 3.623e-02 0.000e+00
108 3.027e-01 -7.234e-02 4.094e-02 0.000e+00
109 3.298e-01 -7.543e-02 -7.239e-02 0.000e+00
110 4.554e-01 -1.312e-02 -4.627e-02 0.000e+00
111 4.473e-01 1.834e-02 1.083e-02 0.000e+00
112 6.628e-01 -3.999e-02 -7.421e-02 0.000e+00
113 7.109e-01 5.586e-02 -1.274e-02 0.000e+00
114 9.110e-01 -6.743e-02 3.166e-02 0.000e+00
115 9.751e-01 -2.453e-02 -6.019e-02 0.000e+00
116 9.915e-01 3.115e-01 1.106e-01 -6.991e+00
117 1.000e+00 1.550e-01 6.418e-03 8.176e+00
118 9.604e-01 1.331e-01 -9.863e-02 -1.173e+01
119 9.691e-01 1.907e-01 -5.071e-02 1.175e+01
120 8.881e-01 4.496e-02 -1.555e-02 0.000e+00
121 7.765e-01 1.773e-01 -9.418e-02 1.068e+01
122 7.317e-01 1.219e-01 -1.105e-01 3.473e+01
123 6.092e-01 1.023e-01 5.829e-02 5.031e+01
124 5.398e-01 1.249e-01 5.478e-03 3.202e+01
125 3.234e-01 -7.875e-02 -1.669e-03 0.000e+00
126 3.714e-01 1.274e-03 8.031e-02 0.000e+00
127 2.944e-01 9.160e-03 1.443e-02 0.000e+00
128 3.190e-01 5.404e-02 1.146e-01 0.000e+00
129 2.107e-01 -7.305e-02 -3.873e-02 0.000e+00
130 1.513e-01 -5.713e-02 -4.362e-02 0.000e+00
131 1.404e-01 2.364e-03 8.618e-02 0.000e+00
132 1.510e-01 6.185e-02 1.944e-02 0.000e+00
133 1.695e-01 5.878e-02 4.263e-02 0.000e+00
134 3.017e-02 5.317e-02 2.555e-03 0.000e+00
135 5.044e-02 1.366e-01 -7.363e-02 5.412e+01
136 1.606e-01 1.029e-02 -1.761e-02 0.000e+00
137 1.724e-02 -6.628e-02 -6.373e-03 0.000e+00
138 -1.346e-02 -7.937e-02 2.091e-02 0.000e+00
139 5.139e-02 2.903e-02 -4.811e-02 0.000e+00
140 8.049e-02 -7.925e-02 5.548e-02 0.000e+00
141 5.995e-02 -5.435e-02 -5.926e-02 0.000e+00
142 -7.645e-03 3.220e-02 1.487e-02 0.000e+00
143 -1.459e-02 -8.210e-02 3.327e-02 0.000e+00
144 2.755e-02 -7.754e-02 6.611e-03 0.000e+00
145 -4.026e-02 -4.206e-02 -3.531e-02 0.000e+00
146 7.672e-03 5.604e-02 -6.854e-02 0.000e+00
147 1.486e-02 9.469e-02 -9.228e-03 1.282e+01
148 -3.075e-02 3.662e-02 1.058e-01 0.000e+00
149 4.813e-02 -5.342e-02 -2.715e-02 0.000e+00
150 -1.157e-02 9.700e-02 7.229e-02 6.900e+01
151 -2.836e-02 4.150e-02 -3.877e-02 0.000e+00
152 6.885e-02 -6.065e-02 2.020e-02 0.000e+00
153 -4.967e-03 -5.387e-03 -3.941e-02 0.000e+00
154 -3.632e-02 1.734e-02 -5.704e-02 0.000e+00
155 -1.404e-01 4.118e-02 1.670e-01 0.000e+00
156 -3.229e-02 6.409e-02 -5.651e-02 0.000e+00
157 -1.448e-02 4.113e-02 9.001e-02 0.000e+00
158 -1.438e-01 -4.222e-02 -1.809e-02 0.000e+00
159 2.771e-02 -4.268e-02 -5.577e-03 0.000e+00
160 -8.519e-02 3.096e-02 5.448e-02 0.000e+00
161 3.112e-02 6.513e-02 -5.277e-02 0.000e+00
162 4.900e-02 -7.778e-02 -8.112e-03 0.000e+00
163 -3.416e-02 1.544e-02 -1.131e-01 0.000e+00
164 -3.938e-02 1.964e-03 -3.828e-02 0.000e+00
165 2.092e-02 -8.369e-02 6.580e-03 0.000e+00
166 -7.033e-02 5.463e-02 5.263e-02 0.000e+00
167 -3.222e-02 -6.296e-02 -2.965e-02 0.000e+00
168 1.206e-02 -1.570e-02 -2.328e-02 0.000e+00
169 -8.386e-02 -4.388e-02 -1.286e-02 0.000e+00
170 -7.966e-02 -8.180e-02 2.579e-02 0.000e+00
171 1.258e-02 -6.161e-02 -6.917e-03 0.000e+00
172 -3.164e-02 -8.278e-02 6.455e-02 0.000e+00
173 3.591e-03 1.916e-02 1.997e-02 0.000e+00
174 6.572e-02 1.272e-01 5.718e-02 5.746e+01
175 4.593e-02 -8.276e-02 -1.855e-04 0.000e+00
176 1.002e-02 1.746e-02 -2.008e-02 0.000e+00
177 -3.112e-02 -8.326e-02 -2.591e-02 0.000e+00
178 -3.057e-02 -7.458e-02 4.649e-03 0.000e+00
179 -1.262e-01 3.172e-02 -6.037e-02 0.000e+00
180 3.550e-02 1.177e-01 -5.702e-02 4.847e+00
181 8.927e-03 7.849e-03 7.488e-02 0.000e+00
182 -4.601e-02 5.776e-02 6.897e-02 0.000e+00
183 8.858e-02 -8.082e-02 -2.230e-02 0.000e+00
184 -4.016e-02 1.111e-02 4.635e-03 0.000e+00
185 -6.839e-02 4.573e-02 2.428e-03 0.000e+00
186 3.987e-03 1.223e-01 4.873e-02 1.803e+01
187 -1.055e-02 -7.422e-02 5.834e-02 0.000e+00
188 -3.405e-02 -7.315e-02 -3.301e-02 0.000e+00
189 -1.158e-02 -7.157e-02 -1.747e-02 0.000e+00
190 7.563e-03 -7.713e-02 -3.358e-03 0.000e+00
191 -7.204e-02 3.298e-02 2.088e-02 0.000e+00
192 3.745e-02 3.698e-03 -1.146e-04 0.000e+00
193 -3.012e-03 4.363e-02 -6.752e-02 0.000e+00
194 -5.323e-02 4.673e-03 -4.489e-02 0.000e+00
195 -6.752e-02 -6.501e-02 -6.495e-02 0.000e+00
196 4.687e-02 -5.435e-02 -1.180e-01 0.000e+00
197 -1.819e-02 1.208e-01 1.971e-02 6.814e+01
198 3.806e-03 1.100e-02 -2.385e-02 0.000e+00
199 -9.819e-02 -7.243e-02 1.651e-02 0.000e+00
200 -3.403e-02 -4.936e-02 2.397e-02 0.000e+00
201 2.749e-02 -4.518e-03 7.800e-02 0.000e+00
202 4.166e-02 -7.336e-03 8.095e-03 0.000e+00
203 6.673e-02 2.768e-02 -4.424e-02 0.000e+00
204 -9.120e-02 0.000e+00 4.016e-02 0.000e+00
205 4.055e-02 -4.849e-03 2.114e-02 0.000e+00
206 -1.377e-02 -8.103e-02 6.507e-03 0.000e+00
207 2.118e-02 6.437e-02 1.214e-01 0.000e+00
208 1.882e-02 -4.878e-02 1.467e-02 0.000e+00
209 1.999e-02 -7.342e-02 1.414e-02 0.000e+00
210 9.665e-02 1.489e-02 -1.203e-02 0.000e+00
211 -7.273e-02 -7.911e-02 -5.672e-02 0.000e+00
212 -1.453e-01 5.650e-02 2.595e-03 0.000e+00
213 4.756e-02 4.919e-02 -8.696e-02 0.000e+00
214 2.868e-02 -7.884e-02 -2.546e-02 0.000e+00
215 -1.883e-02 5.620e-02 3.765e-02 0.000e+00
216 5.108e-02 -6.106e-02 -3.605e-02 0.000e+00
217 2.029e-02 5.187e-03 -3.767e-02 0.000e+00
218 5.711e-02 -1.217e-02 -4.583e-02 0.000e+00
219 7.460e-02 -4.138e-02 8.362e-02 0.000e+00
220 -1.444e-02 3.176e-02 6.074e-02 0.000e+00
221 7.388e-02 -6.690e-02 1.586e-02 0.000e+00
222 7.174e-02 -7.622e-02 -1.196e-01 0.000e+00
223 1.416e-03 9.799e-02 -1.167e-01 -2.496e+01
224 -3.327e-02 -7.509e-02 -2.200e-02 0.000e+00
225 2.304e-02 1.920e-02 -1.089e-01 0.000e+00
226 -1.746e-02 -4.798e-02 2.016e-02 0.000e+00
227 -7.971e-02 -7.767e-02 1.711e-01 0.000e+00
228 -1.057e-01 -6.084e-02 2.849e-02 0.000e+00
229 -1.162e-02 -6.953e-02 8.455e-02 0.000e+00
230 2.693e-02 4.263e-02 -3.180e-02 0.000e+00
231 6.498e-02 -5.142e-02 -7.608e-02 0.000e+00
232 -3.238e-02 -6.493e-02 1.584e-02 0.000e+00
233 -1.924e-03 5.831e-02 1.174e-01 0.000e+00
234 -4.628e-02 -6.743e-02 2.408e-02 0.000e+00
235 8.792e-02 -6.756e-02 6.047e-02 0.000e+00
236 5.189e-02 4.450e-02 -2.161e-02 0.000e+00
237 1.629e-02 -6.301e-02 1.093e-01 0.000e+00
238 -2.690e-02 -1.062e-03 1.009e-01 0.000e+00
239 8.527e-02 -8.220e-02 -2.080e-02 0.000e+00
240 6.518e-02 -1.304e-02 1.007e-02 0.000e+00
241 1.073e-01 5.824e-02 1.918e-02 0.000e+00
242 1.346e-01 1.913e-02 3.826e-02 0.000e+00
243 6.546e-02 -7.230e-02 -4.841e-02 0.000e+00
244 4.703e-02 1.777e-02 -4.374e-02 0.000e+00
245 4.255e-02 7.373e-03 -5.759e-02 0.000e+00
246 -2.764e-02 9.846e-03 3.436e-02 0.000e+00
247 9.647e-02 5.255e-02 -4.231e-02 0.000e+00
248 -1.573e-02 6.391e-03 2.920e-02 0.000e+00
249 -1.534e-02 -7.423e-02 1.665e-02 0.000e+00
250 2.467e-02 7.408e-02 8.186e-02 0.000e+00
251 -5.101e-02 8.963e-03 9.967e-03 0.000e+00
252 -1.055e-02 1.960e-02 3.198e-02 0.000e+00
253 8.065e-03 -6.622e-02 3.500e-02 0.000e+00
254 -3.228e-02 4.301e-02 -5.942e-02 0.000e+00
255 -6.936e-02 -7.885e-02 -3.585e-02 0.000e+00
