Bin I L V PA
0 -2.272e-03 -5.072e-03 2.189e-03 0.000e+00
1 1.394e-02 0.000e+00 0.000e+00 0.000e+00
2 -1.077e-03 1.145e-02 4.157e-03 0.000e+00
3 0.000e+00 2.105e-03 -4.096e-04 0.000e+00
4 -1.290e-03 -2.957e-03 -4.817e-03 0.000e+00
5 4.439e-03 8.106e-03 -5.306e-03 0.000e+00
6 5.163e-03 1.047e-02 -3.535e-03 0.000e+00
7 5.033e-03 8.078e-03 -2.653e-04 0.000e+00
8 1.091e-02 1.022e-02 4.359e-03 0.000e+00
9 -3.579e-03 -5.586e-04 1.569e-03 0.000e+00
10 6.788e-03 1.278e-02 4.345e-04 0.000e+00
11 1.278e-03 -2.559e-03 6.168e-03 0.000e+00
12 -1.471e-03 -3.924e-03 8.944e-04 0.000e+00
13 -6.159e-03 1.851e-02 7.580e-04 6.166e+00
14 2.599e-03 9.540e-03 -2.905e-03 0.000e+00
15 1.387e-02 1.457e-02 2.609e-03 0.000e+00
16 1.271e-02 1.836e-02 -4.870e-03 2.490e+01
17 7.659e-03 3.541e-02 -1.013e-02 7.112e+00
18 1.774e-02 4.770e-02 -1.012e-02 1.691e+01
19 3.507e-02 4.773e-02 -1.789e-03 3.948e+00
20 2.952e-02 3.138e-02 1.018e-03 1.393e+01
21 2.889e-02 3.801e-02 4.651e-03 2.716e+01
22 1.419e-02 1.498e-02 1.172e-02 0.000e+00
23 5.942e-03 -5.827e-03 2.962e-03 0.000e+00
24 -8.822e-03 6.974e-03 3.217e-03 0.000e+00
25 3.903e-03 2.218e-02 4.556e-03 1.064e+02
26 3.836e-02 1.579e-02 1.240e-02 1.120e+02
27 5.773e-02 2.243e-02 7.244e-03 1.149e+02
28 6.655e-02 4.023e-02 -1.825e-03 1.058e+02
29 9.334e-02 5.155e-02 8.179e-03 1.161e+02
30 9.858e-02 6.042e-02 -2.375e-03 1.116e+02
31 9.393e-02 6.844e-02 -2.644e-03 1.194e+02
32 1.066e-01 7.312e-02 -3.815e-04 1.151e+02
33 1.228e-01 6.374e-02 -1.960e-03 1.224e+02
34 1.209e-01 6.609e-02 -1.281e-02 1.161e+02
35 1.485e-01 6.133e-02 5.590e-03 1.194e+02
36 1.712e-01 4.848e-02 1.084e-02 1.173e+02
37 1.971e-01 4.745e-02 5.033e-03 1.196e+02
38 2.202e-01 3.439e-02 1.084e-02 1.134e+02
39 2.720e-01 1.875e-02 3.674e-03 1.173e+02
40 3.009e-01 -5.516e-03 1.634e-03 0.000e+00
41 3.354e-01 -5.200e-03 7.688e-03 0.000e+00
42 3.746e-01 3.689e-02 2.386e-03 5.053e+01
43 3.650e-01 2.045e-02 6.902e-03 4.155e+01
44 3.757e-01 2.190e-02 2.293e-03 2.860e+01
45 3.610e-01 -1.871e-03 6.058e-03 0.000e+00
46 3.411e-01 1.187e-02 1.900e-02 0.000e+00
47 3.331e-01 -2.434e-03 8.204e-03 0.000e+00
48 3.123e-01 1.140e-02 9.950e-03 0.000e+00
49 3.068e-01 8.130e-03 -1.416e-03 0.000e+00
50 2.986e-01 2.677e-02 -1.078e-02 4.106e+01
51 2.713e-01 1.462e-02 1.418e-02 0.000e+00
52 2.462e-01 3.061e-02 7.771e-03 3.916e+01
53 2.164e-01 1.878e-02 1.292e-02 3.730e+01
54 1.884e-01 1.516e-02 8.597e-03 0.000e+00
55 1.581e-01 2.077e-02 8.734e-03 -6.583e+00
56 1.367e-01 2.740e-02 3.202e-03 -2.617e+01
57 1.087e-01 2.378e-02 6.392e-04 -1.698e+01
58 9.007e-02 3.571e-02 5.613e-03 -2.567e+01
59 7.781e-02 1.097e-02 -1.239e-04 0.000e+00
60 8.405e-02 1.410e-02 8.902e-03 0.000e+00
61 9.342e-02 2.973e-02 8.607e-03 -7.825e+00
62 8.760e-02 3.264e-02 3.663e-03 -6.699e+00
63 1.059e-01 2.093e-02 9.034e-04 4.144e+00
64 1.036e-01 3.016e-02 -6.318e-03 2.830e+01
65 1.026e-01 3.705e-02 6.221e-03 3.260e+01
66 8.370e-02 2.668e-02 5.484e-03 3.196e+01
67 8.106e-02 2.352e-02 -2.674e-03 3.780e+01
68 8.350e-02 2.241e-02 -3.245e-03 3.010e+01
69 7.829e-02 2.599e-02 -3.342e-03 3.429e+01
70 8.071e-02 2.107e-02 -6.247e-03 5.658e+01
71 8.449e-02 1.516e-02 -4.061e-04 0.000e+00
72 9.153e-02 2.872e-02 1.354e-02 4.552e+01
73 9.427e-02 3.550e-02 5.374e-03 4.098e+01
74 1.007e-01 3.224e-02 2.687e-03 4.024e+01
75 1.030e-01 4.244e-02 1.190e-02 4.128e+01
76 1.249e-01 5.069e-02 8.658e-04 4.791e+01
77 1.410e-01 4.520e-02 2.016e-02 5.426e+01
78 1.705e-01 6.091e-02 3.107e-02 4.137e+01
79 2.055e-01 7.382e-02 4.812e-02 4.593e+01
80 2.298e-01 4.579e-02 4.805e-02 5.188e+01
81 2.489e-01 3.968e-02 5.794e-02 4.807e+01
82 2.869e-01 2.963e-02 6.591e-02 4.994e+01
83 3.462e-01 -5.227e-03 8.391e-02 0.000e+00
84 4.018e-01 5.618e-03 6.843e-02 0.000e+00
85 4.912e-01 1.945e-02 7.674e-02 1.310e+02
86 5.687e-01 4.116e-02 7.622e-02 1.220e+02
87 6.586e-01 4.439e-02 6.838e-02 1.202e+02
88 7.417e-01 4.522e-02 5.594e-02 1.166e+02
89 8.367e-01 5.441e-02 5.125e-02 1.143e+02
90 8.967e-01 4.480e-02 1.656e-02 1.142e+02
91 9.676e-01 6.062e-02 -2.639e-02 1.240e+02
92 9.677e-01 5.202e-02 -6.179e-02 1.272e+02
93 9.851e-01 6.632e-02 -9.355e-02 1.345e+02
94 9.820e-01 9.105e-02 -1.148e-01 -4.179e+01
95 9.840e-01 1.294e-01 -1.446e-01 -3.894e+01
96 1.000e+00 1.694e-01 -1.303e-01 -3.945e+01
97 9.789e-01 1.952e-01 -1.435e-01 -3.966e+01
98 9.092e-01 1.834e-01 -1.281e-01 -3.874e+01
99 7.686e-01 1.274e-01 -1.032e-01 -3.597e+01
100 6.168e-01 9.353e-02 -8.147e-02 -3.554e+01
101 4.829e-01 3.882e-02 -6.106e-02 -2.422e+01
102 4.252e-01 1.085e-02 -3.450e-02 0.000e+00
103 3.874e-01 1.512e-02 -3.855e-02 0.000e+00
104 3.606e-01 -2.929e-03 -1.922e-02 0.000e+00
105 3.593e-01 -5.611e-03 -8.582e-03 0.000e+00
106 3.461e-01 -4.025e-03 -2.175e-02 0.000e+00
107 3.215e-01 -4.224e-03 -1.315e-02 0.000e+00
108 3.036e-01 -6.028e-04 -7.826e-03 0.000e+00
109 2.999e-01 2.048e-02 -8.965e-03 7.612e+01
110 2.734e-01 1.382e-02 -2.749e-03 0.000e+00
111 2.501e-01 2.067e-02 -1.012e-02 5.551e+01
112 2.491e-01 1.220e-02 -1.058e-02 0.000e+00
113 2.407e-01 -3.459e-03 -5.595e-04 0.000e+00
114 2.155e-01 2.105e-02 1.169e-02 1.296e+02
115 2.050e-01 1.584e-02 1.182e-02 8.942e+01
116 1.866e-01 3.412e-02 1.755e-02 1.058e+02
117 1.921e-01 1.613e-02 1.768e-02 1.094e+02
118 1.752e-01 1.619e-02 1.482e-02 -4.390e+01
119 1.531e-01 2.519e-02 1.145e-02 1.035e+02
120 1.446e-01 7.813e-03 3.506e-02 0.000e+00
121 1.414e-01 1.208e-02 2.336e-02 0.000e+00
122 1.335e-01 1.641e-02 3.097e-02 1.003e+02
123 1.209e-01 1.575e-02 2.484e-02 -2.540e+01
124 1.189e-01 1.111e-02 2.520e-02 0.000e+00
125 1.143e-01 1.607e-03 1.372e-02 0.000e+00
126 1.032e-01 6.938e-03 1.885e-02 0.000e+00
127 9.941e-02 -3.786e-03 6.285e-03 0.000e+00
128 9.530e-02 1.447e-03 3.366e-03 0.000e+00
129 9.027e-02 1.021e-02 5.391e-03 0.000e+00
130 9.042e-02 7.426e-03 8.630e-03 0.000e+00
131 8.578e-02 1.656e-02 1.308e-02 5.174e+01
132 8.865e-02 -5.262e-03 1.920e-02 0.000e+00
133 7.377e-02 -5.364e-03 1.160e-02 0.000e+00
134 8.066e-02 2.266e-02 9.931e-03 -7.144e+00
135 8.371e-02 2.787e-02 2.002e-02 1.496e+01
136 7.036e-02 3.627e-02 -4.172e-03 1.095e+00
137 8.921e-02 3.775e-02 5.489e-04 4.586e+00
138 9.789e-02 5.862e-02 7.233e-03 7.257e+00
139 9.261e-02 4.697e-02 -6.584e-03 7.534e+00
140 9.090e-02 5.468e-02 -8.207e-03 6.405e+00
141 9.928e-02 6.352e-02 -8.308e-03 1.000e+01
142 8.452e-02 5.591e-02 -1.350e-02 1.318e+01
143 8.571e-02 5.362e-02 -1.956e-02 1.017e+01
144 8.883e-02 4.384e-02 -7.168e-03 1.108e+01
145 8.146e-02 4.830e-02 -2.162e-02 1.404e+01
146 7.889e-02 4.747e-02 -3.239e-03 1.605e+01
147 7.070e-02 4.253e-02 -9.888e-03 1.360e+01
148 7.457e-02 4.291e-02 -1.008e-02 1.531e+01
149 8.224e-02 2.986e-02 1.217e-03 3.815e+01
150 8.335e-02 2.520e-02 -9.994e-03 5.506e+01
151 1.071e-01 5.140e-02 -1.827e-02 5.937e+01
152 9.655e-02 5.296e-02 -2.286e-02 7.080e+01
153 1.206e-01 6.260e-02 -1.116e-02 8.696e+01
154 1.272e-01 6.992e-02 -2.102e-02 8.523e+01
155 1.350e-01 7.711e-02 -6.443e-03 9.620e+01
156 1.406e-01 6.628e-02 -2.050e-02 9.710e+01
157 1.528e-01 7.673e-02 -2.210e-02 1.049e+02
158 1.751e-01 7.728e-02 -2.242e-02 1.042e+02
159 2.000e-01 6.302e-02 -1.115e-02 1.070e+02
160 2.450e-01 6.192e-02 -1.293e-02 1.110e+02
161 2.940e-01 6.191e-02 5.783e-03 1.149e+02
162 3.219e-01 5.648e-02 8.853e-03 1.213e+02
163 3.332e-01 5.096e-02 5.244e-04 1.190e+02
164 3.625e-01 2.613e-02 -9.427e-03 1.061e+02
165 3.505e-01 8.649e-03 -1.222e-02 0.000e+00
166 2.947e-01 4.044e-02 -3.162e-02 4.471e+01
167 2.559e-01 6.164e-02 -3.619e-02 4.871e+01
168 2.021e-01 7.232e-02 -3.068e-02 4.585e+01
169 1.565e-01 6.152e-02 -3.959e-02 4.573e+01
170 1.060e-01 4.230e-02 -2.770e-02 4.739e+01
171 8.194e-02 4.314e-02 -1.659e-02 5.750e+01
172 6.193e-02 6.227e-04 -8.480e-03 0.000e+00
173 3.888e-02 1.935e-02 -2.563e-03 7.606e+01
174 3.322e-02 -5.894e-03 -6.170e-03 0.000e+00
175 2.756e-02 -3.111e-03 2.576e-03 0.000e+00
176 4.577e-02 9.714e-03 4.756e-03 0.000e+00
177 3.213e-02 1.512e-02 4.603e-03 0.000e+00
178 2.836e-02 5.379e-03 2.222e-03 0.000e+00
179 2.994e-02 1.798e-02 4.134e-03 7.533e+01
180 3.705e-02 1.503e-02 -1.147e-02 0.000e+00
181 1.793e-02 2.125e-02 -1.306e-03 6.689e+01
182 4.601e-02 9.914e-03 -8.483e-03 0.000e+00
183 3.645e-02 2.901e-02 -4.419e-03 7.210e+01
184 2.941e-02 -6.693e-04 -1.103e-02 0.000e+00
185 4.490e-02 2.180e-02 -3.701e-03 7.190e+01
186 4.073e-02 1.470e-02 1.182e-02 0.000e+00
187 3.164e-02 1.048e-02 -1.873e-03 0.000e+00
188 3.708e-02 -5.293e-03 1.013e-02 0.000e+00
189 3.670e-02 1.081e-02 2.612e-03 0.000e+00
190 5.003e-02 -4.810e-03 1.513e-02 0.000e+00
191 5.015e-02 -5.053e-03 1.641e-02 0.000e+00
192 4.934e-02 -5.843e-03 1.236e-02 0.000e+00
193 7.021e-02 -5.701e-03 1.504e-02 0.000e+00
194 6.067e-02 1.093e-02 2.259e-02 0.000e+00
195 7.906e-02 5.478e-03 1.261e-02 0.000e+00
196 6.297e-02 -3.030e-03 1.967e-02 0.000e+00
197 8.785e-02 1.774e-02 6.021e-03 1.218e+02
198 8.538e-02 1.175e-02 3.182e-02 0.000e+00
199 6.890e-02 1.127e-02 1.621e-02 0.000e+00
200 9.081e-02 1.140e-02 1.611e-02 0.000e+00
201 8.070e-02 1.145e-02 1.615e-02 0.000e+00
202 8.573e-02 1.495e-02 5.840e-03 0.000e+00
203 7.909e-02 -1.922e-03 2.476e-03 0.000e+00
204 8.719e-02 -2.109e-04 2.161e-03 0.000e+00
205 9.334e-02 -6.021e-03 1.043e-02 0.000e+00
206 8.794e-02 -2.570e-03 1.523e-02 0.000e+00
207 8.566e-02 9.926e-03 1.468e-02 0.000e+00
208 8.253e-02 1.763e-02 1.359e-02 -2.373e+01
209 8.486e-02 2.344e-02 7.787e-03 -3.378e+01
210 8.868e-02 -2.956e-03 1.238e-02 0.000e+00
211 8.513e-02 1.913e-02 2.182e-02 -2.170e+01
212 9.049e-02 -1.426e-03 8.497e-03 0.000e+00
213 8.286e-02 1.596e-02 1.193e-02 -2.386e+01
214 9.411e-02 2.235e-02 1.646e-02 -2.804e+01
215 9.908e-02 2.086e-02 1.844e-02 1.069e+02
216 1.082e-01 7.042e-03 1.632e-03 0.000e+00
217 1.060e-01 -3.777e-03 -7.180e-03 0.000e+00
218 9.074e-02 -3.961e-03 -8.841e-03 0.000e+00
219 7.516e-02 2.866e-02 -2.768e-03 6.626e+01
220 6.726e-02 3.375e-02 -1.763e-02 8.064e+01
221 7.108e-02 4.457e-02 -9.370e-03 9.337e+01
222 7.000e-02 3.910e-02 -2.722e-02 1.030e+02
223 7.245e-02 8.156e-02 -1.631e-02 1.093e+02
224 1.001e-01 8.838e-02 -2.083e-02 1.166e+02
225 9.742e-02 1.125e-01 -1.379e-02 1.178e+02
226 1.024e-01 1.014e-01 -2.208e-02 1.275e+02
227 9.980e-02 1.002e-01 -9.787e-03 1.293e+02
228 8.615e-02 1.094e-01 -1.388e-02 -4.468e+01
229 7.293e-02 9.252e-02 6.227e-03 1.334e+02
230 6.298e-02 7.174e-02 1.653e-03 -4.463e+01
231 2.057e-02 5.330e-02 -6.912e-03 -3.730e+01
232 1.069e-02 3.411e-02 1.978e-03 -3.728e+01
233 7.464e-03 3.161e-02 -7.887e-03 -3.699e+01
234 9.400e-03 2.352e-02 -2.679e-03 -2.673e+01
235 -2.838e-03 1.349e-02 -6.250e-04 0.000e+00
236 -7.971e-03 1.647e-02 8.042e-03 -2.593e+01
237 3.149e-03 -1.896e-04 -6.435e-03 0.000e+00
238 1.734e-03 2.048e-02 1.800e-03 -2.487e+01
239 -6.331e-04 2.379e-02 -5.170e-03 -2.248e+01
240 -5.319e-03 1.854e-02 -6.974e-03 9.256e+00
241 -4.943e-05 7.423e-03 -5.808e-03 0.000e+00
242 -5.576e-03 -5.267e-03 -4.776e-03 0.000e+00
243 -1.145e-02 -5.742e-03 8.157e-03 0.000e+00
244 -7.934e-03 -5.749e-03 1.029e-02 0.000e+00
245 -1.816e-02 9.097e-03 7.706e-03 0.000e+00
246 -8.968e-03 2.269e-04 3.083e-03 0.000e+00
247 -4.876e-03 -4.137e-03 3.021e-04 0.000e+00
248 -3.079e-03 -1.091e-03 -4.715e-03 0.000e+00
249 1.742e-02 8.790e-03 9.775e-04 0.000e+00
250 -4.593e-03 -5.648e-03 1.139e-02 0.000e+00
251 -4.028e-03 -6.090e-03 -8.127e-03 0.000e+00
252 -2.136e-02 4.906e-03 3.355e-03 0.000e+00
253 7.407e-03 -5.593e-03 -7.740e-03 0.000e+00
254 1.122e-02 -5.453e-03 -6.051e-03 0.000e+00
255 9.837e-03 7.456e-03 1.837e-03 0.000e+00
