Bin I L V PA
0 -1.283e-03 -4.180e-03 8.908e-03 0.000e+00
1 -9.246e-04 -5.036e-03 -2.758e-03 0.000e+00
2 -6.289e-04 -3.705e-03 -4.507e-03 0.000e+00
3 -1.383e-03 -5.795e-03 -9.198e-04 0.000e+00
4 4.438e-03 -5.755e-03 -2.646e-03 0.000e+00
5 7.973e-04 -3.767e-03 -4.858e-03 0.000e+00
6 -2.654e-04 1.862e-03 -2.536e-03 0.000e+00
7 -6.081e-04 -4.533e-03 -1.628e-05 0.000e+00
8 -3.011e-03 -3.633e-03 -2.882e-03 0.000e+00
9 6.503e-03 3.580e-03 2.241e-03 0.000e+00
10 2.204e-03 2.294e-03 2.691e-03 0.000e+00
11 1.967e-03 1.240e-03 2.554e-03 0.000e+00
12 1.007e-02 3.748e-03 -2.215e-03 0.000e+00
13 1.758e-03 -5.742e-03 -3.347e-03 0.000e+00
14 9.282e-03 -4.398e-03 -4.330e-03 0.000e+00
15 -1.296e-03 2.518e-03 1.216e-03 0.000e+00
16 -1.214e-03 6.681e-03 3.670e-03 1.054e+02
17 -2.951e-03 -5.008e-03 7.544e-03 0.000e+00
18 -3.131e-03 -5.463e-03 4.904e-03 0.000e+00
19 1.912e-03 3.312e-03 6.590e-04 0.000e+00
20 2.436e-03 -3.407e-03 -3.797e-03 0.000e+00
21 -2.853e-03 -6.503e-04 5.506e-03 0.000e+00
22 2.104e-03 6.217e-03 3.277e-03 -3.734e+01
23 6.212e-03 1.101e-04 -6.104e-03 0.000e+00
24 -1.870e-03 1.964e-04 -2.049e-03 0.000e+00
25 2.584e-03 -4.075e-03 -2.233e-03 0.000e+00
26 1.003e-02 2.444e-03 2.834e-03 0.000e+00
27 2.743e-03 6.234e-03 -2.090e-04 8.187e+01
28 1.184e-02 -4.727e-03 -1.271e-03 0.000e+00
29 1.848e-03 -5.645e-03 8.248e-05 0.000e+00
30 1.495e-03 -2.608e-03 -1.686e-03 0.000e+00
31 -1.786e-03 -4.937e-03 -1.620e-03 0.000e+00
32 -1.260e-03 -2.333e-03 -5.048e-03 0.000e+00
33 -5.674e-03 1.672e-03 -1.493e-03 0.000e+00
34 2.669e-03 -4.809e-03 -7.823e-03 0.000e+00
35 5.496e-03 -4.122e-03 1.441e-03 0.000e+00
36 4.626e-03 6.650e-03 5.375e-03 1.032e+02
37 2.681e-03 2.221e-03 -1.705e-03 0.000e+00
38 5.658e-03 5.480e-03 2.182e-03 0.000e+00
39 -6.525e-03 3.059e-03 3.070e-03 0.000e+00
40 -5.583e-04 3.199e-03 -3.615e-03 0.000e+00
41 9.485e-03 2.759e-03 -6.846e-03 0.000e+00
42 4.519e-03 2.577e-03 5.341e-03 0.000e+00
43 -1.217e-03 -5.555e-03 5.755e-03 0.000e+00
44 -2.332e-03 -4.576e-03 -5.598e-03 0.000e+00
45 -6.242e-03 3.895e-03 4.271e-03 0.000e+00
46 8.141e-03 -5.619e-03 -2.794e-03 0.000e+00
47 2.341e-04 -4.562e-03 -4.691e-04 0.000e+00
48 5.248e-03 2.641e-03 4.871e-03 0.000e+00
49 -2.540e-03 -4.587e-03 9.715e-04 0.000e+00
50 -2.988e-03 7.465e-03 9.990e-03 1.130e+02
51 -1.382e-03 -4.653e-03 3.084e-03 0.000e+00
52 5.304e-04 -4.481e-03 1.322e-03 0.000e+00
53 6.938e-04 3.633e-03 -4.444e-04 0.000e+00
54 2.599e-03 -2.336e-03 -3.030e-03 0.000e+00
55 3.523e-03 4.126e-03 4.077e-03 0.000e+00
56 -2.051e-03 -4.381e-03 9.384e-04 0.000e+00
57 -6.089e-03 2.740e-03 4.867e-03 0.000e+00
58 4.400e-03 -2.812e-03 1.471e-03 0.000e+00
59 3.026e-03 2.992e-03 -4.082e-03 0.000e+00
60 -6.530e-03 -5.535e-03 -2.096e-03 0.000e+00
61 1.495e-03 3.889e-03 6.790e-03 0.000e+00
62 2.162e-03 3.861e-03 -7.285e-03 0.000e+00
63 -7.420e-04 4.608e-03 1.869e-03 0.000e+00
64 -1.266e-04 -5.345e-03 3.256e-03 0.000e+00
65 5.137e-03 -1.020e-03 -3.188e-03 0.000e+00
66 4.611e-04 -4.937e-03 7.093e-04 0.000e+00
67 3.922e-03 2.094e-03 -4.151e-03 0.000e+00
68 -2.220e-03 -5.230e-03 -3.478e-03 0.000e+00
69 4.352e-03 -3.453e-03 -1.635e-03 0.000e+00
70 8.566e-03 5.299e-04 -3.106e-03 0.000e+00
71 -3.143e-04 1.977e-03 7.385e-03 0.000e+00
72 1.171e-03 4.128e-03 3.331e-03 0.000e+00
73 -3.291e-03 -1.228e-03 4.922e-03 0.000e+00
74 -5.419e-03 5.233e-03 -4.490e-03 0.000e+00
75 -7.782e-03 6.317e-03 1.738e-03 2.681e+00
76 9.342e-03 2.611e-03 -1.061e-03 0.000e+00
77 4.578e-04 5.659e-03 2.572e-03 0.000e+00
78 -4.913e-03 -4.003e-03 -3.250e-03 0.000e+00
79 5.038e-03 -5.143e-03 2.804e-03 0.000e+00
80 -5.961e-04 -4.760e-05 1.169e-03 0.000e+00
81 -5.899e-05 6.134e-04 -1.985e-03 0.000e+00
82 3.766e-03 1.459e-03 -2.628e-03 0.000e+00
83 -7.654e-04 -5.747e-03 -3.114e-03 0.000e+00
84 2.252e-03 2.830e-03 6.642e-04 0.000e+00
85 -4.797e-03 1.480e-03 4.603e-04 0.000e+00
86 -5.113e-03 -4.727e-03 -3.804e-03 0.000e+00
87 5.763e-03 9.392e-04 -2.401e-03 0.000e+00
88 -1.190e-03 -4.552e-03 -6.567e-03 0.000e+00
89 3.451e-03 6.467e-03 -1.649e-04 1.182e+02
90 2.184e-03 -5.642e-03 1.640e-03 0.000e+00
91 -5.475e-03 -5.708e-03 -2.785e-03 0.000e+00
92 3.119e-03 -5.373e-03 1.333e-03 0.000e+00
93 -2.558e-04 -5.347e-03 -1.191e-02 0.000e+00
94 -5.288e-03 -3.969e-03 -3.449e-03 0.000e+00
95 -2.001e-03 1.520e-03 6.747e-04 0.000e+00
96 -5.803e-04 2.079e-04 5.412e-04 0.000e+00
97 -6.962e-03 -4.611e-03 4.500e-04 0.000e+00
98 2.165e-03 -3.787e-03 6.129e-03 0.000e+00
99 -3.176e-05 7.803e-04 1.596e-03 0.000e+00
100 -5.267e-03 -5.779e-03 1.535e-03 0.000e+00
101 -1.785e-03 -1.529e-03 4.275e-03 0.000e+00
102 1.673e-04 1.226e-03 -4.673e-03 0.000e+00
103 5.327e-03 -5.174e-03 -2.594e-03 0.000e+00
104 3.526e-04 5.105e-03 -2.799e-03 0.000e+00
105 -3.861e-03 -5.086e-03 5.058e-03 0.000e+00
106 -2.861e-05 -5.624e-03 -3.690e-03 0.000e+00
107 -7.781e-03 -5.366e-03 -4.508e-03 0.000e+00
108 -3.194e-03 4.157e-04 -4.490e-03 0.000e+00
109 -3.866e-03 -1.010e-03 1.394e-04 0.000e+00
110 3.150e-04 1.797e-03 -6.666e-03 0.000e+00
111 8.992e-03 3.130e-03 3.907e-03 0.000e+00
112 -3.002e-03 4.519e-03 2.770e-03 0.000e+00
113 2.218e-03 5.352e-03 4.137e-03 0.000e+00
114 2.676e-03 1.973e-03 -2.746e-03 0.000e+00
115 3.156e-03 3.390e-03 -2.390e-03 0.000e+00
116 3.033e-03 4.171e-03 -9.058e-04 0.000e+00
117 3.389e-03 5.166e-04 5.120e-04 0.000e+00
118 -1.868e-03 -5.147e-03 -1.391e-03 0.000e+00
119 -7.174e-03 -2.234e-03 1.253e-04 0.000e+00
120 -1.121e-02 6.970e-03 5.330e-04 5.384e+01
121 5.942e-04 5.687e-03 8.143e-03 0.000e+00
122 -5.337e-03 9.693e-05 5.719e-03 0.000e+00
123 4.335e-03 -1.639e-03 -8.963e-04 0.000e+00
124 -5.707e-03 -5.737e-03 9.153e-03 0.000e+00
125 2.646e-03 -5.427e-03 -3.701e-04 0.000e+00
126 1.226e-03 9.497e-04 4.764e-03 0.000e+00
127 4.414e-03 -3.702e-03 -6.930e-03 0.000e+00
128 3.997e-03 -4.038e-03 6.655e-04 0.000e+00
129 3.295e-03 -3.040e-04 -6.333e-04 0.000e+00
130 -7.015e-04 2.423e-03 4.019e-03 0.000e+00
131 8.759e-03 -6.641e-04 2.454e-04 0.000e+00
132 3.596e-03 -4.879e-03 1.233e-03 0.000e+00
133 -5.271e-03 -4.174e-03 -2.387e-03 0.000e+00
134 -2.559e-03 -3.719e-03 4.333e-03 0.000e+00
135 -2.018e-03 -2.556e-03 -2.285e-03 0.000e+00
136 2.013e-04 -5.700e-03 -7.714e-03 0.000e+00
137 -2.327e-03 -4.428e-03 -9.737e-04 0.000e+00
138 2.039e-03 -4.927e-03 -6.946e-03 0.000e+00
139 -2.772e-03 1.681e-03 2.065e-04 0.000e+00
140 -2.437e-03 8.493e-03 -1.419e-03 1.264e+02
141 -8.032e-03 -4.688e-03 -3.393e-03 0.000e+00
142 0.000e+00 -9.395e-04 -3.695e-03 0.000e+00
143 6.833e-04 1.018e-03 6.284e-03 0.000e+00
144 1.650e-03 4.478e-03 1.301e-03 0.000e+00
145 -8.010e-04 8.500e-04 -2.106e-03 0.000e+00
146 4.539e-03 -1.223e-03 -4.496e-03 0.000e+00
147 1.554e-04 6.985e-04 6.783e-03 0.000e+00
148 1.839e-03 1.770e-03 1.259e-03 0.000e+00
149 -5.037e-03 6.750e-03 1.472e-03 -1.954e+00
150 5.792e-05 3.216e-03 -3.735e-03 0.000e+00
151 3.526e-03 1.066e-03 -2.187e-03 0.000e+00
152 2.669e-03 -5.025e-03 3.188e-03 0.000e+00
153 1.122e-02 7.177e-03 -7.284e-04 -4.846e+00
154 9.316e-04 -1.354e-03 1.856e-03 0.000e+00
155 2.612e-03 -4.325e-03 -3.457e-04 0.000e+00
156 2.613e-03 -3.999e-03 -4.043e-03 0.000e+00
157 5.673e-03 -8.555e-04 -4.392e-03 0.000e+00
158 2.736e-03 7.882e-03 3.773e-03 2.044e+01
159 -3.403e-03 -9.842e-05 5.978e-03 0.000e+00
160 -1.801e-03 -4.699e-03 1.006e-03 0.000e+00
161 -1.504e-03 -5.454e-04 2.114e-03 0.000e+00
162 -1.876e-03 -4.770e-03 -3.227e-03 0.000e+00
163 -2.675e-03 -4.956e-03 2.618e-05 0.000e+00
164 2.975e-03 -3.198e-03 -4.771e-03 0.000e+00
165 2.107e-03 4.230e-03 1.042e-03 0.000e+00
166 9.950e-04 -5.809e-03 1.714e-03 0.000e+00
167 -1.873e-03 -8.840e-04 -4.020e-03 0.000e+00
168 5.373e-04 2.872e-03 -5.675e-03 0.000e+00
169 -2.477e-03 2.625e-03 -6.230e-03 0.000e+00
170 3.446e-03 -4.754e-03 -2.041e-03 0.000e+00
171 -2.801e-03 6.289e-03 -2.497e-03 1.217e+01
172 1.994e-03 1.890e-03 3.601e-03 0.000e+00
173 -1.834e-03 1.110e-03 -1.364e-03 0.000e+00
174 5.431e-04 -1.743e-03 5.268e-03 0.000e+00
175 1.258e-03 -4.411e-03 -6.929e-04 0.000e+00
176 5.304e-04 -5.596e-03 6.960e-03 0.000e+00
177 2.090e-03 -2.814e-03 -4.639e-03 0.000e+00
178 2.649e-03 1.380e-02 3.632e-03 9.370e+01
179 2.728e-03 -3.677e-03 2.287e-04 0.000e+00
180 -1.160e-03 2.132e-03 6.325e-03 0.000e+00
181 7.078e-04 -5.755e-03 1.412e-03 0.000e+00
182 -3.977e-03 5.098e-03 7.036e-04 0.000e+00
183 -2.956e-03 1.479e-03 3.091e-03 0.000e+00
184 -1.671e-03 7.737e-03 5.363e-03 4.815e+01
185 2.807e-04 -5.407e-03 2.666e-03 0.000e+00
186 -7.932e-04 4.611e-03 7.058e-03 0.000e+00
187 -9.072e-03 4.755e-04 2.216e-03 0.000e+00
188 9.596e-04 1.891e-03 -1.621e-03 0.000e+00
189 -2.426e-03 3.486e-03 2.140e-03 0.000e+00
190 1.300e-03 -5.770e-03 -1.392e-03 0.000e+00
191 -7.089e-03 1.122e-02 -2.084e-03 4.353e+01
192 -5.015e-03 3.923e-03 6.888e-03 0.000e+00
193 -4.606e-03 3.235e-03 5.063e-03 0.000e+00
194 -3.577e-03 -4.933e-03 -5.530e-03 0.000e+00
195 -1.310e-03 -4.481e-05 -4.820e-03 0.000e+00
196 -4.055e-03 4.023e-03 -1.682e-03 0.000e+00
197 3.811e-03 3.771e-03 -1.655e-03 0.000e+00
198 -9.292e-04 1.248e-03 3.254e-03 0.000e+00
199 -4.125e-03 4.026e-03 -2.945e-03 0.000e+00
200 -1.697e-03 -5.405e-03 -3.206e-03 0.000e+00
201 -4.942e-04 -4.129e-03 -2.360e-03 0.000e+00
202 -4.175e-04 -5.698e-04 -1.314e-03 0.000e+00
203 5.968e-03 -5.491e-03 4.140e-03 0.000e+00
204 -7.104e-03 7.119e-03 -4.772e-03 4.537e+00
205 2.159e-03 1.772e-03 4.455e-03 0.000e+00
206 -3.367e-03 -5.515e-03 -3.403e-03 0.000e+00
207 -9.300e-04 1.091e-03 -7.780e-05 0.000e+00
208 3.585e-04 3.364e-03 -4.691e-03 0.000e+00
209 3.047e-05 -5.786e-03 -2.124e-03 0.000e+00
210 -2.154e-03 -5.331e-03 6.124e-03 0.000e+00
211 -3.505e-03 4.876e-03 2.331e-03 0.000e+00
212 1.972e-03 -3.994e-03 3.756e-03 0.000e+00
213 9.978e-04 5.256e-03 5.642e-03 0.000e+00
214 -5.962e-03 7.158e-03 2.326e-03 3.370e+01
215 -4.067e-03 1.188e-03 2.376e-03 0.000e+00
216 -2.408e-03 5.360e-04 3.319e-04 0.000e+00
217 -1.938e-03 -5.279e-03 9.019e-03 0.000e+00
218 5.218e-03 2.688e-03 -6.321e-03 0.000e+00
219 -1.157e-03 5.945e-04 2.681e-03 0.000e+00
220 -3.032e-03 -2.465e-04 4.609e-03 0.000e+00
221 -1.208e-03 3.954e-04 6.715e-04 0.000e+00
222 -1.441e-04 -5.712e-03 7.676e-03 0.000e+00
223 -6.090e-03 7.272e-04 4.342e-03 0.000e+00
224 -2.522e-03 -3.763e-03 1.479e-03 0.000e+00
225 9.917e-05 -3.542e-04 2.574e-03 0.000e+00
226 1.441e-03 -5.353e-03 9.656e-04 0.000e+00
227 2.610e-03 -5.497e-03 8.277e-04 0.000e+00
228 3.282e-04 8.960e-03 1.852e-03 1.200e+02
229 -1.650e-03 -6.069e-04 -3.555e-03 0.000e+00
230 -4.281e-03 3.173e-03 -1.247e-03 0.000e+00
231 7.003e-04 5.814e-03 1.605e-03 3.928e+01
232 -2.879e-03 1.752e-03 1.064e-03 0.000e+00
233 5.059e-03 -2.755e-04 1.841e-04 0.000e+00
234 -1.372e-03 4.167e-03 -4.174e-03 0.000e+00
235 2.744e-04 6.796e-03 -1.248e-03 -2.222e+00
236 2.981e-04 5.498e-03 -5.331e-03 0.000e+00
237 -5.185e-04 9.238e-03 8.255e-04 5.261e+01
238 3.850e-03 -5.148e-05 -2.364e-03 0.000e+00
239 5.866e-04 6.030e-03 -2.991e-03 -2.292e+01
240 -1.318e-03 -5.002e-03 -4.139e-04 0.000e+00
241 -3.650e-04 -5.498e-03 -5.377e-03 0.000e+00
242 -1.860e-03 5.777e-03 4.730e-03 0.000e+00
243 1.491e-03 -5.263e-03 -1.220e-04 0.000e+00
244 -2.115e-03 -4.504e-03 -1.382e-03 0.000e+00
245 1.612e-03 -5.238e-03 -4.237e-03 0.000e+00
246 -4.058e-03 1.770e-03 1.135e-03 0.000e+00
247 7.349e-03 -4.857e-03 5.210e-03 0.000e+00
248 1.994e-03 5.666e-03 -3.812e-03 0.000e+00
249 3.718e-03 1.913e-03 -5.075e-04 0.000e+00
250 5.285e-03 -2.502e-04 -6.920e-03 0.000e+00
251 4.162e-03 -1.249e-03 1.120e-03 0.000e+00
252 6.645e-03 -3.969e-03 -2.942e-04 0.000e+00
253 -2.324e-03 2.625e-03 3.147e-03 0.000e+00
254 -5.073e-03 1.661e-03 2.921e-03 0.000e+00
255 -5.793e-04 -5.563e-03 -2.487e-03 0.000e+00
256 8.858e-04 -4.557e-03 -1.081e-03 0.000e+00
257 1.344e-03 -4.174e-03 -2.516e-03 0.000e+00
258 -2.193e-03 -5.669e-03 3.435e-04 0.000e+00
259 -1.102e-03 -1.846e-04 -1.271e-03 0.000e+00
260 -3.366e-03 -4.398e-03 9.057e-03 0.000e+00
261 -1.684e-03 -5.716e-03 4.874e-03 0.000e+00
262 9.575e-04 -4.967e-03 -4.684e-04 0.000e+00
263 3.297e-03 -3.333e-03 3.066e-03 0.000e+00
264 3.470e-04 -2.956e-03 -7.585e-04 0.000e+00
265 -7.118e-03 3.095e-03 4.253e-03 0.000e+00
266 -3.643e-03 1.344e-03 -2.440e-03 0.000e+00
267 2.286e-03 4.505e-03 2.554e-03 0.000e+00
268 1.197e-03 -4.636e-03 3.563e-03 0.000e+00
269 3.449e-03 -5.446e-03 -1.623e-04 0.000e+00
270 -4.829e-03 6.038e-04 4.793e-05 0.000e+00
271 1.121e-03 -4.750e-03 -1.741e-03 0.000e+00
272 -1.272e-03 1.619e-03 -9.228e-03 0.000e+00
273 -7.653e-04 4.410e-05 2.449e-03 0.000e+00
274 -3.159e-04 -5.481e-03 -4.900e-03 0.000e+00
275 -7.256e-03 -1.524e-03 1.935e-03 0.000e+00
276 -2.802e-03 -5.416e-03 5.821e-04 0.000e+00
277 -5.899e-03 -5.696e-03 3.152e-03 0.000e+00
278 2.544e-03 -1.097e-06 -5.463e-03 0.000e+00
279 1.214e-03 -5.817e-04 -7.860e-03 0.000e+00
280 -5.475e-03 2.208e-03 3.053e-03 0.000e+00
281 -3.170e-03 -5.230e-03 -1.717e-03 0.000e+00
282 -1.117e-03 -4.536e-03 -8.159e-03 0.000e+00
283 1.083e-03 3.635e-03 -5.542e-03 0.000e+00
284 -5.500e-04 -5.722e-03 8.971e-04 0.000e+00
285 2.789e-04 -5.275e-03 9.714e-04 0.000e+00
286 7.821e-03 -2.750e-03 4.691e-03 0.000e+00
287 6.158e-03 -4.167e-03 2.723e-03 0.000e+00
288 -2.198e-03 2.820e-03 -5.167e-03 0.000e+00
289 2.297e-03 6.297e-04 4.214e-03 0.000e+00
290 -4.192e-03 -4.577e-03 -4.872e-03 0.000e+00
291 -3.467e-03 5.364e-03 1.435e-03 0.000e+00
292 6.399e-04 6.533e-04 -4.621e-03 0.000e+00
293 -3.734e-04 2.638e-03 -2.205e-03 0.000e+00
294 2.079e-03 2.472e-03 -1.898e-03 0.000e+00
295 -1.780e-03 2.431e-03 3.049e-03 0.000e+00
296 -3.823e-03 -3.090e-03 -3.337e-03 0.000e+00
297 3.772e-03 3.324e-03 3.955e-03 0.000e+00
298 2.569e-03 -5.639e-03 -8.054e-03 0.000e+00
299 -2.484e-03 -5.383e-03 -6.956e-04 0.000e+00
300 -4.618e-03 3.179e-03 4.905e-03 0.000e+00
301 1.346e-03 -5.048e-03 1.085e-02 0.000e+00
302 3.479e-03 -4.128e-03 5.838e-04 0.000e+00
303 1.400e-03 -2.551e-03 -2.681e-04 0.000e+00
304 -9.147e-04 -5.066e-03 -1.102e-04 0.000e+00
305 -1.908e-03 4.315e-03 3.556e-03 0.000e+00
306 4.413e-03 4.151e-03 8.493e-04 0.000e+00
307 -2.965e-03 2.499e-03 -1.518e-03 0.000e+00
308 2.020e-03 1.559e-03 3.783e-03 0.000e+00
309 -8.169e-03 -5.235e-03 -4.458e-03 0.000e+00
310 5.242e-03 -4.611e-03 -4.970e-04 0.000e+00
311 1.343e-03 3.564e-03 -3.467e-03 0.000e+00
312 -3.376e-03 4.064e-03 -7.398e-04 0.000e+00
313 4.820e-03 -4.342e-03 1.596e-03 0.000e+00
314 5.572e-04 3.671e-04 -2.441e-03 0.000e+00
315 7.222e-03 -4.695e-03 2.357e-03 0.000e+00
316 -3.765e-03 3.609e-03 -1.359e-03 0.000e+00
317 -2.812e-03 1.259e-03 1.047e-03 0.000e+00
318 4.938e-03 -4.280e-04 -3.748e-04 0.000e+00
319 -3.862e-03 -4.017e-03 -1.120e-03 0.000e+00
320 -2.049e-04 1.267e-03 -1.280e-03 0.000e+00
321 -2.772e-03 -2.016e-03 -2.250e-03 0.000e+00
322 8.746e-03 2.231e-03 -4.165e-03 0.000e+00
323 2.091e-03 -3.875e-03 1.443e-04 0.000e+00
324 -5.506e-03 -4.545e-03 4.596e-03 0.000e+00
325 -9.007e-04 -5.099e-03 -5.832e-03 0.000e+00
326 -6.859e-03 -5.012e-03 -3.524e-03 0.000e+00
327 4.799e-03 -5.296e-03 -1.240e-03 0.000e+00
328 -5.950e-03 5.453e-03 5.268e-03 0.000e+00
329 4.338e-03 3.341e-03 -6.185e-03 0.000e+00
330 -1.404e-03 -3.828e-03 -8.291e-03 0.000e+00
331 2.381e-03 1.841e-03 1.329e-03 0.000e+00
332 -3.839e-03 -5.398e-03 2.953e-04 0.000e+00
333 4.093e-03 -7.893e-04 -5.358e-03 0.000e+00
334 3.702e-04 -9.732e-05 8.804e-03 0.000e+00
335 4.342e-03 4.342e-03 1.041e-03 0.000e+00
336 -7.122e-05 1.430e-03 -3.317e-03 0.000e+00
337 -3.379e-04 -4.136e-03 -9.791e-04 0.000e+00
338 -8.941e-04 -4.919e-03 1.215e-03 0.000e+00
339 -2.839e-03 -3.786e-03 -6.855e-03 0.000e+00
340 -2.580e-03 4.014e-03 2.025e-03 0.000e+00
341 -3.361e-03 4.630e-03 -2.669e-03 0.000e+00
342 1.480e-03 5.523e-03 -6.903e-04 0.000e+00
343 1.654e-03 1.306e-03 2.181e-03 0.000e+00
344 1.700e-04 1.792e-03 -3.517e-03 0.000e+00
345 -6.743e-03 -1.036e-03 -2.159e-03 0.000e+00
346 1.765e-03 -4.466e-03 -4.811e-03 0.000e+00
347 -7.602e-03 -5.634e-03 -1.169e-03 0.000e+00
348 5.966e-04 4.260e-05 2.184e-03 0.000e+00
349 -5.816e-05 2.306e-03 -3.691e-03 0.000e+00
350 7.431e-03 -5.781e-03 -9.120e-04 0.000e+00
351 6.626e-03 9.507e-04 -2.508e-03 0.000e+00
352 1.670e-03 4.938e-03 3.259e-03 0.000e+00
353 -2.434e-04 -9.452e-04 5.114e-03 0.000e+00
354 9.248e-04 2.249e-03 -7.522e-03 0.000e+00
355 4.169e-03 4.821e-03 4.396e-05 0.000e+00
356 -6.553e-03 4.724e-03 9.121e-04 0.000e+00
357 2.863e-03 -5.395e-03 -4.824e-03 0.000e+00
358 9.042e-03 -4.660e-03 2.275e-03 0.000e+00
359 -2.261e-03 5.325e-03 2.442e-03 0.000e+00
360 -1.946e-03 1.007e-03 5.317e-03 0.000e+00
361 3.750e-03 3.025e-03 -2.490e-03 0.000e+00
362 -4.857e-03 -3.931e-03 -7.307e-04 0.000e+00
363 -4.945e-03 -5.686e-03 1.095e-03 0.000e+00
364 -5.009e-04 -3.450e-03 5.301e-03 0.000e+00
365 -3.686e-03 4.859e-03 2.728e-03 0.000e+00
366 -8.425e-03 1.654e-03 5.843e-03 0.000e+00
367 -4.105e-03 3.446e-03 3.175e-03 0.000e+00
368 3.957e-03 2.004e-03 8.834e-03 0.000e+00
369 -1.365e-03 5.322e-03 -2.593e-03 0.000e+00
370 -2.137e-04 -4.446e-03 2.716e-03 0.000e+00
371 3.204e-03 6.419e-03 -2.898e-03 1.620e+01
372 2.363e-03 3.290e-03 3.469e-03 0.000e+00
373 -4.293e-03 3.683e-03 3.120e-03 0.000e+00
374 -8.222e-04 3.040e-03 -3.080e-03 0.000e+00
375 3.374e-03 -5.110e-03 -1.987e-03 0.000e+00
376 -2.792e-03 9.994e-04 -1.398e-03 0.000e+00
377 8.969e-04 1.452e-03 1.789e-03 0.000e+00
378 -3.960e-03 5.918e-03 -2.762e-03 -2.254e+01
379 4.281e-03 -4.773e-03 9.530e-04 0.000e+00
380 -1.885e-03 -5.706e-03 2.297e-03 0.000e+00
381 6.057e-04 1.634e-03 3.381e-04 0.000e+00
382 -4.835e-05 -6.996e-05 1.783e-04 0.000e+00
383 -2.919e-03 -4.719e-03 -1.918e-03 0.000e+00
384 4.164e-03 4.210e-03 -1.853e-03 0.000e+00
385 2.909e-03 5.872e-03 -7.194e-03 1.078e+02
386 -8.916e-04 -5.563e-03 -3.707e-03 0.000e+00
387 -2.511e-03 6.838e-04 -7.184e-04 0.000e+00
388 3.658e-03 5.732e-03 3.295e-03 0.000e+00
389 3.838e-03 4.101e-03 1.555e-04 0.000e+00
390 5.716e-03 1.065e-03 1.589e-03 0.000e+00
391 -1.318e-03 3.177e-03 7.756e-03 0.000e+00
392 -1.446e-03 1.321e-03 -7.309e-04 0.000e+00
393 5.059e-03 -5.285e-04 2.009e-03 0.000e+00
394 2.108e-04 -3.603e-04 -3.284e-03 0.000e+00
395 1.486e-03 -1.565e-04 -1.569e-03 0.000e+00
396 3.540e-03 -4.771e-03 -7.679e-04 0.000e+00
397 -1.320e-03 -3.535e-03 1.400e-03 0.000e+00
398 2.931e-03 -4.798e-04 1.215e-03 0.000e+00
399 -5.598e-03 -5.315e-03 1.340e-04 0.000e+00
400 -9.622e-04 -2.396e-03 3.828e-03 0.000e+00
401 2.433e-04 -4.234e-03 -6.460e-03 0.000e+00
402 -2.930e-03 1.038e-03 9.253e-04 0.000e+00
403 2.220e-03 -4.982e-03 6.484e-04 0.000e+00
404 -3.126e-03 2.711e-03 -5.259e-04 0.000e+00
405 -4.372e-03 -4.993e-03 -4.838e-03 0.000e+00
406 -6.043e-03 2.323e-04 6.355e-04 0.000e+00
407 -3.261e-03 -3.922e-04 -1.744e-03 0.000e+00
408 4.930e-03 -2.798e-03 4.735e-04 0.000e+00
409 1.721e-03 -4.954e-03 -3.646e-03 0.000e+00
410 -2.834e-03 -3.719e-03 -1.603e-03 0.000e+00
411 6.843e-03 -3.204e-03 1.097e-03 0.000e+00
412 2.855e-03 -5.169e-03 -5.619e-03 0.000e+00
413 -4.371e-03 -4.470e-03 -2.366e-03 0.000e+00
414 2.300e-03 -1.334e-03 -5.469e-03 0.000e+00
415 4.573e-03 7.578e-03 -5.919e-03 -2.558e+01
416 -6.659e-05 -4.178e-03 -5.608e-04 0.000e+00
417 1.452e-03 -7.268e-06 2.216e-03 0.000e+00
418 1.503e-03 6.503e-03 -1.051e-03 7.189e+01
419 2.006e-03 2.311e-04 2.065e-03 0.000e+00
420 -1.011e-03 9.183e-04 4.215e-03 0.000e+00
421 -6.832e-04 1.410e-03 -4.746e-04 0.000e+00
422 -2.013e-03 1.875e-04 1.860e-03 0.000e+00
423 1.219e-03 -5.017e-03 -9.769e-04 0.000e+00
424 -1.263e-03 -4.846e-03 -1.973e-03 0.000e+00
425 -1.897e-03 -5.183e-03 2.184e-03 0.000e+00
426 -1.856e-03 -4.540e-03 2.166e-03 0.000e+00
427 -4.175e-03 5.729e-03 2.873e-03 0.000e+00
428 -2.692e-03 -3.996e-03 -3.473e-03 0.000e+00
429 3.545e-03 -1.297e-03 -8.587e-03 0.000e+00
430 8.613e-04 2.211e-03 8.977e-04 0.000e+00
431 4.744e-03 -2.644e-04 2.654e-03 0.000e+00
432 -2.823e-03 -5.426e-04 -2.158e-03 0.000e+00
433 1.364e-03 2.290e-03 -2.872e-03 0.000e+00
434 8.709e-03 5.645e-03 1.372e-03 0.000e+00
435 -1.671e-03 2.092e-03 -5.483e-03 0.000e+00
436 3.045e-03 -4.102e-03 -2.599e-03 0.000e+00
437 -4.048e-03 -1.077e-03 3.110e-03 0.000e+00
438 -1.072e-04 2.805e-03 4.760e-03 0.000e+00
439 -1.636e-03 -3.603e-03 -3.212e-03 0.000e+00
440 -1.383e-03 2.395e-04 3.577e-05 0.000e+00
441 -3.029e-03 -5.621e-03 -3.165e-03 0.000e+00
442 1.402e-03 -2.721e-03 2.259e-03 0.000e+00
443 -1.036e-03 -4.388e-03 2.880e-04 0.000e+00
444 3.147e-03 4.630e-03 -3.521e-03 0.000e+00
445 -8.433e-04 -4.758e-03 7.069e-03 0.000e+00
446 1.176e-03 1.563e-03 5.813e-03 0.000e+00
447 -1.145e-03 1.515e-03 -2.301e-03 0.000e+00
448 4.670e-03 -5.697e-03 2.968e-03 0.000e+00
449 -2.468e-03 2.320e-03 4.428e-04 0.000e+00
450 4.465e-04 -5.318e-03 -4.667e-04 0.000e+00
451 -4.231e-03 -5.512e-03 -4.309e-05 0.000e+00
452 -2.620e-03 1.312e-04 4.607e-03 0.000e+00
453 2.352e-03 -4.063e-03 4.877e-03 0.000e+00
454 -1.254e-03 3.968e-03 8.722e-04 0.000e+00
455 -1.588e-03 -5.198e-03 5.539e-03 0.000e+00
456 2.045e-03 6.612e-03 -2.433e-04 -3.588e+01
457 3.561e-03 2.356e-03 -5.934e-03 0.000e+00
458 1.972e-03 -4.777e-03 6.799e-04 0.000e+00
459 2.779e-03 -5.592e-05 2.038e-03 0.000e+00
460 -4.957e-03 3.927e-04 3.688e-03 0.000e+00
461 8.181e-04 5.850e-03 2.443e-03 -4.068e+01
462 3.038e-04 6.493e-04 -9.451e-05 0.000e+00
463 -1.489e-03 -5.752e-03 -8.134e-04 0.000e+00
464 1.007e-03 3.060e-03 -6.195e-03 0.000e+00
465 1.438e-03 -5.212e-03 -4.890e-03 0.000e+00
466 5.861e-03 2.590e-03 -3.518e-03 0.000e+00
467 -1.060e-03 4.140e-04 2.162e-03 0.000e+00
468 7.000e-03 -5.383e-03 -1.347e-03 0.000e+00
469 -1.370e-03 -1.253e-03 -2.320e-03 0.000e+00
470 1.645e-04 3.141e-03 -3.371e-03 0.000e+00
471 -9.286e-03 5.837e-03 1.384e-03 -3.449e+01
472 -5.389e-03 3.652e-03 4.607e-04 0.000e+00
473 7.483e-03 -2.125e-03 -4.932e-03 0.000e+00
474 -2.021e-03 -5.365e-03 -1.003e-02 0.000e+00
475 4.006e-03 3.081e-03 3.913e-03 0.000e+00
476 -3.823e-03 4.239e-03 6.055e-03 0.000e+00
477 6.947e-03 8.073e-04 4.553e-03 0.000e+00
478 -1.702e-03 3.838e-03 3.042e-03 0.000e+00
479 1.927e-03 -4.279e-03 5.736e-04 0.000e+00
480 -3.487e-03 -4.502e-03 3.921e-04 0.000e+00
481 7.069e-03 -5.024e-03 -7.591e-03 0.000e+00
482 -8.034e-04 3.553e-03 -2.863e-03 0.000e+00
483 1.505e-03 -4.634e-03 3.873e-03 0.000e+00
484 -1.455e-03 6.203e-04 6.442e-03 0.000e+00
485 4.569e-03 6.398e-03 4.245e-03 -3.662e+01
486 2.860e-03 1.434e-03 -8.992e-03 0.000e+00
487 -1.054e-03 4.244e-04 2.982e-03 0.000e+00
488 7.608e-03 1.310e-03 4.569e-03 0.000e+00
489 1.404e-03 -4.614e-03 -6.327e-04 0.000e+00
490 -3.577e-03 1.454e-03 -3.433e-03 0.000e+00
491 -4.218e-03 3.543e-03 -4.759e-03 0.000e+00
492 -3.600e-03 1.785e-03 6.885e-03 0.000e+00
493 3.655e-03 -4.207e-03 -1.794e-04 0.000e+00
494 4.272e-03 -4.418e-03 -3.746e-03 0.000e+00
495 -9.938e-04 -1.485e-03 2.823e-03 0.000e+00
496 -4.269e-03 1.195e-03 5.608e-03 0.000e+00
497 -1.610e-03 2.578e-03 -5.271e-04 0.000e+00
498 8.166e-04 1.783e-03 2.134e-03 0.000e+00
499 -2.983e-03 -5.223e-03 1.959e-03 0.000e+00
500 9.280e-04 -3.624e-03 2.056e-03 0.000e+00
501 3.232e-03 -4.576e-03 -3.012e-03 0.000e+00
502 -3.378e-03 -3.136e-03 3.948e-03 0.000e+00
503 -8.986e-04 -3.334e-03 -4.884e-03 0.000e+00
504 3.283e-03 -3.564e-03 -1.944e-03 0.000e+00
505 -4.615e-03 -4.648e-03 5.557e-04 0.000e+00
506 4.589e-03 -4.187e-03 -3.718e-03 0.000e+00
507 9.148e-03 1.482e-03 8.098e-04 0.000e+00
508 4.617e-04 -5.118e-03 2.516e-04 0.000e+00
509 -1.869e-03 -4.279e-03 -5.297e-03 0.000e+00
510 -2.608e-03 3.596e-03 -6.939e-04 0.000e+00
511 -3.872e-06 2.299e-04 1.068e-03 0.000e+00
512 1.293e-03 2.177e-03 2.035e-03 0.000e+00
513 2.027e-03 2.517e-03 5.986e-03 0.000e+00
514 -2.188e-03 -4.499e-03 3.469e-03 0.000e+00
515 8.236e-03 5.442e-03 -1.459e-03 0.000e+00
516 -3.270e-03 6.892e-03 -8.998e-04 2.632e+01
517 1.515e-03 -5.405e-03 -6.395e-05 0.000e+00
518 -2.801e-04 -5.216e-03 6.136e-03 0.000e+00
519 2.595e-03 4.854e-03 1.007e-02 0.000e+00
520 2.252e-03 1.393e-03 2.370e-04 0.000e+00
521 1.430e-03 3.770e-03 4.635e-05 0.000e+00
522 8.300e-04 3.395e-03 2.768e-03 0.000e+00
523 3.808e-03 -1.088e-03 -2.805e-03 0.000e+00
524 4.719e-03 2.373e-03 5.670e-03 0.000e+00
525 -1.476e-03 -5.356e-03 3.426e-03 0.000e+00
526 3.038e-03 5.063e-03 1.031e-03 0.000e+00
527 3.130e-03 -5.446e-03 8.845e-03 0.000e+00
528 1.446e-03 -6.906e-04 7.087e-03 0.000e+00
529 -5.248e-03 -5.052e-03 -1.687e-04 0.000e+00
530 -1.352e-03 -4.166e-03 6.589e-03 0.000e+00
531 6.737e-03 4.815e-03 2.096e-03 0.000e+00
532 2.067e-04 5.149e-05 -8.157e-04 0.000e+00
533 2.143e-03 -3.471e-03 -4.752e-03 0.000e+00
534 -3.297e-03 4.230e-03 5.231e-03 0.000e+00
535 1.624e-03 2.517e-03 -3.692e-03 0.000e+00
536 -4.622e-03 -2.464e-04 1.615e-03 0.000e+00
537 6.227e-03 4.835e-03 -1.718e-03 0.000e+00
538 7.081e-04 -4.207e-03 7.942e-03 0.000e+00
539 1.210e-04 -2.938e-03 -6.758e-03 0.000e+00
540 9.542e-04 -5.182e-03 2.326e-03 0.000e+00
541 -2.234e-03 -3.732e-03 3.688e-03 0.000e+00
542 1.046e-03 3.484e-03 2.991e-03 0.000e+00
543 -3.877e-05 7.478e-03 -1.925e-03 1.173e+02
544 -7.928e-04 -3.681e-03 2.805e-03 0.000e+00
545 -2.967e-03 4.641e-03 3.325e-03 0.000e+00
546 -2.988e-03 1.415e-03 5.517e-03 0.000e+00
547 -1.549e-04 -5.438e-03 -2.806e-03 0.000e+00
548 5.557e-03 4.275e-03 2.951e-03 0.000e+00
549 2.995e-03 -7.541e-04 -6.954e-03 0.000e+00
550 5.228e-03 -2.752e-03 -2.193e-03 0.000e+00
551 6.905e-04 4.814e-04 1.106e-03 0.000e+00
552 1.332e-03 2.511e-03 -3.615e-03 0.000e+00
553 3.226e-03 4.240e-03 4.412e-04 0.000e+00
554 2.400e-03 -5.543e-03 1.676e-03 0.000e+00
555 1.904e-03 -8.434e-05 2.596e-03 0.000e+00
556 -1.621e-04 -4.816e-04 -7.374e-05 0.000e+00
557 -5.804e-03 2.235e-03 -6.636e-03 0.000e+00
558 -1.411e-03 1.655e-03 -7.789e-03 0.000e+00
559 1.503e-03 -5.353e-03 3.057e-03 0.000e+00
560 1.170e-03 -5.512e-03 2.540e-04 0.000e+00
561 3.331e-03 -5.457e-03 -5.332e-03 0.000e+00
562 -1.240e-04 -9.309e-05 -1.407e-04 0.000e+00
563 -5.595e-03 1.073e-04 -3.633e-03 0.000e+00
564 -2.444e-04 1.053e-03 -3.547e-04 0.000e+00
565 5.876e-04 -5.336e-03 -1.327e-03 0.000e+00
566 2.811e-04 -5.323e-03 -5.872e-03 0.000e+00
567 5.236e-03 5.515e-03 -6.620e-03 0.000e+00
568 3.746e-03 1.846e-03 -1.121e-03 0.000e+00
569 1.242e-03 -6.821e-04 2.321e-03 0.000e+00
570 6.168e-03 2.008e-03 -3.820e-03 0.000e+00
571 1.421e-03 -4.450e-03 2.203e-04 0.000e+00
572 -1.096e-03 5.140e-03 -1.301e-03 0.000e+00
573 3.549e-03 -4.786e-03 5.023e-03 0.000e+00
574 7.477e-03 4.332e-03 5.407e-04 0.000e+00
575 7.794e-06 3.128e-04 -2.786e-03 0.000e+00
576 -2.239e-03 -3.531e-03 2.770e-03 0.000e+00
577 -1.907e-03 -3.040e-03 2.100e-05 0.000e+00
578 1.175e-03 4.521e-03 -2.708e-03 0.000e+00
579 5.740e-03 9.749e-03 2.728e-03 1.133e+02
580 3.213e-03 -5.636e-03 -1.220e-03 0.000e+00
581 7.193e-03 -4.812e-03 5.000e-03 0.000e+00
582 -9.498e-04 -2.531e-04 7.374e-03 0.000e+00
583 -2.040e-03 -4.721e-03 2.294e-03 0.000e+00
584 -6.055e-03 -1.710e-03 2.009e-03 0.000e+00
585 5.369e-03 1.840e-03 -5.339e-04 0.000e+00
586 8.390e-03 -5.162e-03 -2.646e-03 0.000e+00
587 -2.871e-03 -4.825e-03 -3.368e-03 0.000e+00
588 -3.771e-03 -4.305e-03 4.303e-03 0.000e+00
589 3.076e-03 8.902e-03 -3.280e-03 -3.761e+01
590 -5.033e-03 -4.422e-03 -3.498e-03 0.000e+00
591 -3.284e-03 -4.918e-03 -1.049e-03 0.000e+00
592 9.028e-04 8.704e-03 2.427e-03 1.501e+01
593 2.804e-03 -3.787e-03 8.912e-04 0.000e+00
594 -6.680e-04 -5.784e-03 3.020e-04 0.000e+00
595 -5.125e-03 -2.826e-03 4.049e-03 0.000e+00
596 2.271e-03 7.405e-03 4.179e-04 5.329e+01
597 -2.975e-03 5.573e-03 6.605e-03 0.000e+00
598 1.475e-03 -5.148e-03 3.939e-04 0.000e+00
599 -2.501e-03 -8.191e-05 3.972e-03 0.000e+00
600 2.826e-03 -5.419e-03 -5.260e-03 0.000e+00
601 5.048e-03 -1.213e-03 -3.436e-03 0.000e+00
602 -1.405e-05 -2.912e-03 3.692e-05 0.000e+00
603 4.118e-03 3.436e-03 6.172e-04 0.000e+00
604 3.215e-03 4.314e-03 1.894e-03 0.000e+00
605 9.551e-03 2.194e-04 1.677e-03 0.000e+00
606 2.774e-04 4.247e-03 -1.018e-04 0.000e+00
607 -5.515e-04 -4.560e-03 2.062e-03 0.000e+00
608 -6.635e-03 -5.185e-03 3.641e-03 0.000e+00
609 -4.808e-03 7.448e-03 -2.479e-03 1.078e+02
610 1.479e-03 2.768e-03 8.992e-04 0.000e+00
611 2.317e-03 4.901e-03 -8.759e-04 0.000e+00
612 -1.042e-03 -5.706e-03 2.795e-03 0.000e+00
613 1.780e-03 -4.232e-03 8.995e-04 0.000e+00
614 -1.250e-03 3.540e-03 -7.359e-03 0.000e+00
615 -5.184e-03 -5.502e-03 7.343e-03 0.000e+00
616 9.716e-03 5.300e-03 5.207e-04 0.000e+00
617 1.150e-03 -4.625e-03 2.608e-03 0.000e+00
618 6.531e-03 -1.637e-03 -1.839e-03 0.000e+00
619 2.653e-03 -4.662e-03 1.925e-03 0.000e+00
620 1.723e-03 -1.100e-03 5.562e-04 0.000e+00
621 1.887e-03 7.698e-03 -4.953e-03 4.746e+01
622 -6.744e-04 -3.968e-03 4.397e-03 0.000e+00
623 3.760e-03 2.128e-03 3.089e-03 0.000e+00
624 -5.267e-04 -3.741e-03 -2.503e-03 0.000e+00
625 -1.454e-03 -3.542e-03 2.690e-03 0.000e+00
626 3.136e-03 4.078e-03 -7.821e-04 0.000e+00
627 5.282e-03 -2.795e-03 -3.632e-03 0.000e+00
628 6.392e-03 -4.479e-03 5.669e-03 0.000e+00
629 1.024e-02 -5.232e-03 5.129e-03 0.000e+00
630 2.497e-03 4.024e-03 -2.006e-03 0.000e+00
631 1.247e-02 -4.789e-03 -2.950e-03 0.000e+00
632 9.669e-03 -5.119e-03 6.792e-03 0.000e+00
633 1.204e-02 -9.410e-04 1.146e-03 0.000e+00
634 1.406e-02 2.979e-03 6.159e-03 0.000e+00
635 2.083e-02 6.880e-03 -1.512e-03 1.121e+02
636 2.156e-02 -5.499e-03 -6.158e-04 0.000e+00
637 2.626e-02 1.574e-03 -2.725e-03 0.000e+00
638 2.714e-02 2.340e-03 -8.717e-04 0.000e+00
639 4.173e-02 5.241e-03 4.287e-03 0.000e+00
640 5.045e-02 -4.408e-03 -2.992e-03 0.000e+00
641 5.135e-02 1.055e-02 3.527e-03 4.663e+01
642 6.141e-02 4.547e-03 -7.036e-03 0.000e+00
643 6.583e-02 1.916e-02 6.628e-03 5.027e+01
644 7.826e-02 3.017e-02 7.591e-03 5.147e+01
645 9.146e-02 4.326e-02 7.177e-03 5.026e+01
646 1.056e-01 5.077e-02 -4.736e-04 5.577e+01
647 1.139e-01 6.348e-02 -4.339e-03 5.726e+01
648 1.411e-01 7.410e-02 4.838e-03 5.680e+01
649 1.727e-01 9.682e-02 5.935e-03 6.049e+01
650 1.977e-01 1.185e-01 3.961e-03 5.936e+01
651 2.291e-01 1.342e-01 1.039e-02 5.866e+01
652 2.565e-01 1.644e-01 1.740e-02 5.974e+01
653 2.870e-01 1.891e-01 3.301e-02 5.971e+01
654 3.322e-01 2.221e-01 4.803e-02 6.139e+01
655 3.648e-01 2.492e-01 5.383e-02 5.936e+01
656 3.986e-01 2.606e-01 5.842e-02 5.865e+01
657 4.335e-01 2.681e-01 6.189e-02 5.806e+01
658 4.734e-01 2.786e-01 6.395e-02 5.791e+01
659 5.157e-01 2.855e-01 7.100e-02 5.866e+01
660 5.610e-01 2.835e-01 8.354e-02 5.707e+01
661 5.978e-01 2.739e-01 7.180e-02 5.744e+01
662 6.405e-01 2.359e-01 7.205e-02 5.877e+01
663 6.829e-01 2.016e-01 7.130e-02 6.196e+01
664 7.141e-01 1.781e-01 8.098e-02 6.322e+01
665 7.461e-01 1.511e-01 8.321e-02 6.402e+01
666 7.642e-01 1.316e-01 8.706e-02 6.698e+01
667 7.919e-01 1.108e-01 8.516e-02 6.941e+01
668 7.970e-01 9.457e-02 8.396e-02 7.596e+01
669 8.178e-01 7.459e-02 8.932e-02 8.213e+01
670 8.381e-01 6.622e-02 8.915e-02 9.559e+01
671 8.554e-01 6.328e-02 8.365e-02 1.105e+02
672 8.590e-01 6.455e-02 7.823e-02 1.208e+02
673 8.694e-01 7.721e-02 8.458e-02 1.251e+02
674 8.806e-01 9.261e-02 8.802e-02 1.277e+02
675 8.906e-01 8.829e-02 8.422e-02 1.298e+02
676 9.095e-01 1.021e-01 7.802e-02 1.333e+02
677 9.609e-01 1.396e-01 1.026e-01 1.295e+02
678 1.000e+00 1.824e-01 1.127e-01 1.279e+02
679 9.964e-01 1.957e-01 1.161e-01 1.298e+02
680 9.750e-01 1.846e-01 1.022e-01 1.305e+02
681 9.550e-01 1.999e-01 1.011e-01 1.314e+02
682 9.403e-01 1.835e-01 8.922e-02 -4.220e+01
683 9.127e-01 1.876e-01 8.670e-02 -3.428e+01
684 8.887e-01 2.074e-01 8.937e-02 -3.254e+01
685 8.712e-01 1.984e-01 7.643e-02 -3.377e+01
686 8.167e-01 1.626e-01 6.732e-02 -3.425e+01
687 7.523e-01 1.293e-01 7.120e-02 -3.511e+01
688 6.754e-01 9.441e-02 7.643e-02 -3.707e+01
689 6.214e-01 6.694e-02 7.134e-02 -4.074e+01
690 5.582e-01 4.686e-02 7.045e-02 1.287e+02
691 5.099e-01 3.469e-02 7.937e-02 1.039e+02
692 4.528e-01 4.122e-02 8.479e-02 7.877e+01
693 4.089e-01 7.017e-02 7.472e-02 6.945e+01
694 3.701e-01 8.692e-02 6.968e-02 6.190e+01
695 3.412e-01 1.152e-01 4.227e-02 5.843e+01
696 3.203e-01 1.247e-01 3.237e-02 5.625e+01
697 3.013e-01 1.204e-01 2.178e-02 5.339e+01
698 2.736e-01 1.210e-01 2.047e-03 5.161e+01
699 2.544e-01 1.242e-01 -7.429e-03 5.049e+01
700 2.394e-01 1.165e-01 -1.693e-02 4.658e+01
701 2.158e-01 1.108e-01 -2.553e-02 4.651e+01
702 2.014e-01 1.099e-01 -3.294e-02 4.380e+01
703 1.854e-01 1.090e-01 -3.325e-02 4.129e+01
704 1.735e-01 1.033e-01 -3.695e-02 4.070e+01
705 1.627e-01 1.032e-01 -3.910e-02 3.961e+01
706 1.589e-01 1.044e-01 -4.087e-02 3.834e+01
707 1.385e-01 9.024e-02 -4.510e-02 3.948e+01
708 1.320e-01 8.629e-02 -4.296e-02 3.833e+01
709 1.250e-01 8.200e-02 -4.561e-02 3.762e+01
710 1.075e-01 7.528e-02 -3.890e-02 3.575e+01
711 1.038e-01 6.188e-02 -4.044e-02 3.589e+01
712 9.626e-02 6.515e-02 -3.139e-02 3.419e+01
713 8.666e-02 5.801e-02 -3.651e-02 3.697e+01
714 7.952e-02 4.546e-02 -2.967e-02 3.460e+01
715 6.994e-02 3.962e-02 -2.202e-02 3.574e+01
716 5.784e-02 3.642e-02 -2.492e-02 3.533e+01
717 5.669e-02 3.349e-02 -2.265e-02 3.345e+01
718 5.188e-02 2.551e-02 -1.752e-02 3.017e+01
719 4.284e-02 3.270e-02 -1.675e-02 2.974e+01
720 3.908e-02 1.303e-02 -2.039e-02 3.128e+01
721 3.837e-02 2.189e-02 -1.649e-02 2.845e+01
722 3.237e-02 1.428e-02 -8.531e-03 3.153e+01
723 3.674e-02 1.376e-02 -1.330e-02 3.262e+01
724 2.178e-02 1.020e-02 -4.665e-03 1.507e+01
725 1.769e-02 1.204e-02 -1.019e-02 1.853e+01
726 1.812e-02 1.640e-02 -9.833e-03 2.623e+01
727 1.793e-02 1.613e-02 -1.256e-02 2.262e+01
728 1.637e-02 1.367e-02 -1.092e-02 9.958e+00
729 1.971e-02 7.469e-03 -6.738e-03 3.540e+00
730 1.617e-02 4.629e-03 -1.256e-03 0.000e+00
731 1.326e-02 2.460e-04 -2.249e-03 0.000e+00
732 9.619e-03 5.651e-03 -1.263e-04 0.000e+00
733 5.432e-03 6.597e-03 -4.187e-03 1.313e+01
734 9.952e-03 5.495e-03 -1.683e-03 0.000e+00
735 1.579e-02 5.158e-03 -1.277e-03 0.000e+00
736 1.364e-02 -5.125e-03 -8.052e-04 0.000e+00
737 4.770e-03 6.827e-03 2.269e-04 -3.015e+00
738 7.509e-03 6.786e-03 -4.164e-03 -1.677e+01
739 1.998e-03 4.191e-03 -1.875e-03 0.000e+00
740 1.456e-03 3.933e-03 -7.490e-03 0.000e+00
741 -2.998e-03 3.913e-04 2.397e-04 0.000e+00
742 -1.427e-03 -5.604e-03 -2.262e-03 0.000e+00
743 6.225e-03 -4.310e-03 -2.101e-03 0.000e+00
744 1.083e-02 3.029e-03 -6.604e-03 0.000e+00
745 1.036e-03 -4.201e-03 -3.593e-03 0.000e+00
746 5.002e-03 -9.022e-04 -2.660e-03 0.000e+00
747 4.826e-03 7.595e-03 -6.379e-03 9.350e+01
748 -7.138e-04 -8.237e-04 -1.815e-03 0.000e+00
749 4.005e-03 4.351e-03 1.665e-03 0.000e+00
750 -2.450e-04 2.307e-03 5.081e-03 0.000e+00
751 3.004e-04 3.278e-03 -6.908e-03 0.000e+00
752 -1.810e-03 5.370e-03 -2.859e-04 0.000e+00
753 4.494e-03 -3.648e-04 -3.222e-03 0.000e+00
754 -3.844e-03 5.041e-03 -5.275e-03 0.000e+00
755 4.753e-03 3.226e-03 5.164e-03 0.000e+00
756 2.556e-03 2.376e-03 5.644e-03 0.000e+00
757 4.077e-03 2.094e-03 -8.188e-04 0.000e+00
758 -4.203e-03 -5.232e-03 -2.777e-04 0.000e+00
759 -9.420e-03 7.550e-03 6.385e-04 5.829e+01
760 3.761e-03 -3.925e-03 5.017e-03 0.000e+00
761 5.065e-03 3.129e-03 9.074e-04 0.000e+00
762 -5.279e-03 -5.762e-03 4.155e-03 0.000e+00
763 -3.493e-03 2.706e-03 1.719e-04 0.000e+00
764 5.832e-03 2.323e-03 -4.991e-03 0.000e+00
765 -2.029e-03 5.798e-03 1.785e-03 0.000e+00
766 -1.186e-03 2.772e-03 -1.419e-03 0.000e+00
767 -3.479e-03 1.177e-03 -2.927e-04 0.000e+00
768 4.524e-03 2.335e-03 1.250e-03 0.000e+00
769 2.202e-03 4.100e-03 4.925e-03 0.000e+00
770 6.408e-03 1.079e-03 -2.200e-03 0.000e+00
771 -7.109e-03 1.993e-03 4.582e-03 0.000e+00
772 -6.588e-03 1.161e-03 2.916e-03 0.000e+00
773 2.437e-03 -5.780e-03 1.449e-03 0.000e+00
774 4.939e-04 -4.813e-03 -2.238e-03 0.000e+00
775 9.519e-03 -5.661e-03 -5.036e-03 0.000e+00
776 -2.449e-04 8.491e-04 -2.923e-03 0.000e+00
777 1.341e-03 4.230e-03 -2.649e-03 0.000e+00
778 -1.202e-03 1.088e-02 2.446e-03 1.123e+01
779 7.809e-04 1.785e-03 -1.883e-03 0.000e+00
780 8.775e-04 -4.871e-03 -2.404e-03 0.000e+00
781 3.367e-03 8.046e-04 5.570e-04 0.000e+00
782 -1.701e-03 -4.832e-03 -5.376e-04 0.000e+00
783 -3.413e-04 4.150e-03 -1.907e-03 0.000e+00
784 -1.267e-03 -5.626e-03 2.096e-03 0.000e+00
785 2.266e-03 3.747e-03 -2.236e-03 0.000e+00
786 -2.785e-03 -5.564e-03 4.305e-03 0.000e+00
787 -2.945e-03 -3.443e-03 -3.253e-03 0.000e+00
788 -1.730e-03 7.755e-03 -3.481e-03 -4.027e+01
789 -9.556e-04 -5.177e-03 -1.934e-03 0.000e+00
790 -1.287e-03 -4.129e-03 -7.912e-03 0.000e+00
791 -1.264e-03 1.299e-03 -7.409e-04 0.000e+00
792 -3.342e-03 -5.081e-03 1.827e-04 0.000e+00
793 3.107e-03 -5.617e-03 3.578e-04 0.000e+00
794 2.923e-04 3.571e-03 -8.612e-04 0.000e+00
795 -1.382e-03 -4.726e-03 1.620e-03 0.000e+00
796 1.253e-03 4.498e-03 2.050e-03 0.000e+00
797 -1.574e-03 -4.824e-03 1.522e-03 0.000e+00
798 4.551e-03 8.010e-03 -3.384e-03 5.051e+01
799 3.235e-03 3.002e-03 -5.390e-03 0.000e+00
800 -2.401e-03 -4.344e-03 -5.406e-04 0.000e+00
801 -4.807e-03 2.897e-03 -3.579e-03 0.000e+00
802 2.996e-03 5.744e-04 -3.182e-03 0.000e+00
803 -1.580e-03 -5.164e-03 -3.158e-03 0.000e+00
804 -1.027e-03 -4.708e-03 -8.015e-03 0.000e+00
805 3.086e-03 2.659e-03 7.316e-03 0.000e+00
806 -7.967e-04 -4.926e-03 4.599e-03 0.000e+00
807 -3.243e-04 3.183e-03 -5.411e-03 0.000e+00
808 6.466e-03 1.829e-03 -6.351e-03 0.000e+00
809 4.779e-04 5.673e-03 -7.201e-03 0.000e+00
810 -3.883e-03 -4.430e-03 -3.770e-03 0.000e+00
811 -1.781e-03 3.062e-03 6.215e-03 0.000e+00
812 5.568e-04 1.272e-03 -4.822e-03 0.000e+00
813 -7.686e-04 2.127e-03 -3.191e-03 0.000e+00
814 -1.190e-03 7.925e-04 -2.318e-03 0.000e+00
815 -4.132e-03 -1.680e-03 -6.103e-03 0.000e+00
816 -1.087e-03 -2.513e-03 -5.935e-03 0.000e+00
817 -5.719e-03 -5.610e-03 3.751e-03 0.000e+00
818 -6.394e-03 2.209e-03 -4.222e-03 0.000e+00
819 5.324e-03 -5.321e-03 5.717e-03 0.000e+00
820 8.804e-04 8.153e-03 -1.660e-03 1.173e+02
821 1.119e-03 1.516e-03 5.072e-03 0.000e+00
822 -5.216e-04 -3.833e-03 -4.016e-03 0.000e+00
823 6.275e-03 3.590e-03 -5.635e-04 0.000e+00
824 8.355e-03 3.616e-05 -1.772e-03 0.000e+00
825 -1.604e-03 -7.078e-04 1.349e-04 0.000e+00
826 -2.651e-03 1.842e-03 5.746e-03 0.000e+00
827 8.221e-03 4.759e-03 9.951e-04 0.000e+00
828 5.993e-03 -3.089e-03 -2.219e-03 0.000e+00
829 3.170e-03 5.045e-03 5.636e-03 0.000e+00
830 6.955e-04 8.009e-03 -3.367e-04 1.024e+02
831 3.426e-03 -1.074e-03 2.800e-03 0.000e+00
832 6.297e-03 2.935e-03 -3.754e-03 0.000e+00
833 -3.474e-03 7.628e-04 4.898e-03 0.000e+00
834 2.441e-03 -5.733e-03 6.596e-04 0.000e+00
835 -5.157e-03 1.974e-03 -1.621e-03 0.000e+00
836 5.729e-03 -5.703e-03 -1.654e-03 0.000e+00
837 2.313e-03 7.255e-03 1.637e-03 7.210e+00
838 -2.205e-03 -5.459e-03 -4.363e-04 0.000e+00
839 -1.831e-03 3.301e-03 2.856e-03 0.000e+00
840 -3.802e-04 2.987e-03 -2.847e-03 0.000e+00
841 -5.076e-03 9.598e-04 -6.242e-03 0.000e+00
842 1.511e-04 7.541e-04 -1.011e-02 0.000e+00
843 4.413e-03 3.682e-03 -3.213e-03 0.000e+00
844 2.773e-03 2.768e-03 -1.161e-03 0.000e+00
845 1.893e-03 -4.600e-03 1.608e-03 0.000e+00
846 6.713e-03 -5.753e-03 -6.394e-04 0.000e+00
847 -2.656e-03 -4.876e-04 3.137e-04 0.000e+00
848 4.965e-03 -2.633e-03 4.359e-03 0.000e+00
849 -2.702e-03 4.827e-03 -5.688e-03 0.000e+00
850 -1.059e-03 3.535e-03 9.039e-03 0.000e+00
851 3.089e-04 -5.509e-03 -1.000e-03 0.000e+00
852 3.055e-03 2.722e-03 -2.465e-03 0.000e+00
853 -6.477e-03 -5.798e-03 1.090e-04 0.000e+00
854 1.057e-03 1.376e-03 2.776e-03 0.000e+00
855 3.222e-03 3.824e-03 4.848e-03 0.000e+00
856 1.388e-04 3.417e-03 -1.967e-03 0.000e+00
857 -4.483e-03 3.612e-03 1.128e-03 0.000e+00
858 1.513e-03 6.839e-03 5.131e-03 1.105e+02
859 -2.183e-04 2.915e-04 -4.915e-03 0.000e+00
860 -1.906e-03 1.825e-03 -1.030e-03 0.000e+00
861 1.995e-03 2.382e-03 5.603e-03 0.000e+00
862 -8.720e-03 4.276e-03 -2.088e-03 0.000e+00
863 -5.017e-04 -4.606e-03 3.165e-03 0.000e+00
864 -4.704e-03 -5.125e-03 3.371e-04 0.000e+00
865 -1.125e-03 4.162e-03 3.314e-03 0.000e+00
866 -3.632e-04 1.918e-03 6.474e-03 0.000e+00
867 -1.782e-03 -5.615e-03 -2.684e-03 0.000e+00
868 -2.621e-04 0.000e+00 -2.123e-03 0.000e+00
869 4.934e-03 -1.215e-04 2.721e-03 0.000e+00
870 4.732e-03 -5.417e-03 6.913e-03 0.000e+00
871 -1.629e-03 -4.939e-03 -3.130e-03 0.000e+00
872 2.133e-03 -5.701e-03 -6.709e-04 0.000e+00
873 -3.789e-03 -4.781e-03 -1.504e-04 0.000e+00
874 -4.295e-03 3.930e-03 7.979e-03 0.000e+00
875 2.891e-03 -4.202e-03 -2.657e-03 0.000e+00
876 9.801e-04 1.829e-03 -4.590e-04 0.000e+00
877 -3.682e-04 6.142e-03 4.468e-03 1.360e+01
878 3.836e-03 -5.564e-03 -1.399e-03 0.000e+00
879 3.911e-03 -4.747e-03 -5.141e-04 0.000e+00
880 6.906e-03 -5.556e-03 2.523e-03 0.000e+00
881 3.002e-03 -5.488e-03 -7.602e-04 0.000e+00
882 1.268e-03 6.970e-03 2.991e-03 4.433e+01
883 4.034e-05 2.042e-03 -2.305e-03 0.000e+00
884 9.962e-04 -5.390e-03 3.596e-03 0.000e+00
885 -3.343e-04 2.610e-03 -5.202e-04 0.000e+00
886 -1.052e-03 6.578e-03 -4.680e-03 1.788e+01
887 3.144e-04 2.672e-03 1.875e-03 0.000e+00
888 -7.476e-05 -4.168e-03 -3.449e-03 0.000e+00
889 1.673e-03 -5.635e-03 2.314e-03 0.000e+00
890 2.788e-03 -5.538e-03 -8.481e-03 0.000e+00
891 6.820e-03 -5.695e-03 2.662e-03 0.000e+00
892 -3.273e-03 -4.227e-03 2.689e-03 0.000e+00
893 -3.109e-04 5.841e-03 7.793e-05 9.547e+01
894 1.919e-04 5.150e-03 4.638e-03 0.000e+00
895 -5.358e-03 2.144e-03 5.028e-04 0.000e+00
896 7.995e-03 2.270e-04 -3.737e-04 0.000e+00
897 6.997e-04 8.570e-04 -7.092e-04 0.000e+00
898 6.027e-04 1.740e-03 1.889e-03 0.000e+00
899 4.193e-03 2.882e-03 7.238e-03 0.000e+00
900 -3.562e-03 5.564e-03 2.204e-04 0.000e+00
901 5.152e-03 7.709e-03 -6.172e-03 1.091e+02
902 -4.546e-03 -5.283e-03 -1.828e-03 0.000e+00
903 6.632e-03 -4.377e-03 5.655e-04 0.000e+00
904 3.333e-03 5.410e-03 1.270e-04 0.000e+00
905 -4.670e-03 -2.718e-04 5.586e-03 0.000e+00
906 -1.630e-03 4.551e-03 -2.291e-03 0.000e+00
907 -1.241e-03 4.186e-03 -4.646e-03 0.000e+00
908 -2.949e-04 4.211e-03 -3.727e-03 0.000e+00
909 -4.875e-03 4.201e-03 -1.138e-03 0.000e+00
910 -1.169e-02 -3.614e-03 2.992e-03 0.000e+00
911 6.796e-03 -4.919e-03 -2.807e-03 0.000e+00
912 9.644e-04 -5.806e-03 -2.388e-03 0.000e+00
913 2.052e-03 -5.725e-03 2.454e-04 0.000e+00
914 -6.255e-03 4.399e-03 -4.742e-03 0.000e+00
915 -7.998e-03 1.045e-02 -2.215e-03 7.743e+01
916 4.426e-03 -4.087e-03 3.208e-03 0.000e+00
917 -6.145e-03 -1.275e-04 -9.461e-04 0.000e+00
918 -9.931e-05 5.253e-04 5.493e-03 0.000e+00
919 1.779e-03 1.193e-03 -2.782e-03 0.000e+00
920 1.444e-03 7.259e-03 -4.851e-03 -2.763e+01
921 -3.287e-03 -5.793e-03 -5.882e-04 0.000e+00
922 1.782e-03 7.847e-04 -9.005e-04 0.000e+00
923 -1.202e-03 2.991e-03 2.192e-03 0.000e+00
924 -3.251e-03 -5.599e-03 -3.067e-03 0.000e+00
925 1.892e-04 -3.161e-05 2.783e-03 0.000e+00
926 -4.986e-03 1.708e-03 2.159e-03 0.000e+00
927 1.344e-03 3.738e-04 1.068e-03 0.000e+00
928 -1.909e-03 2.854e-03 3.808e-03 0.000e+00
929 -4.068e-03 -8.539e-04 -2.248e-03 0.000e+00
930 -3.947e-03 -5.600e-03 9.471e-05 0.000e+00
931 -4.539e-04 -4.103e-03 -3.652e-03 0.000e+00
932 -4.964e-04 7.262e-03 -2.523e-03 -1.105e+01
933 2.844e-03 5.713e-03 3.704e-03 0.000e+00
934 1.610e-03 -5.724e-03 -5.552e-03 0.000e+00
935 3.756e-03 -9.390e-05 -5.162e-03 0.000e+00
936 7.036e-04 -4.963e-03 6.643e-05 0.000e+00
937 -4.890e-03 -4.540e-03 2.011e-03 0.000e+00
938 1.789e-03 -5.204e-03 2.385e-03 0.000e+00
939 -2.362e-03 -5.475e-03 1.022e-03 0.000e+00
940 4.966e-03 -5.289e-03 2.255e-03 0.000e+00
941 2.296e-03 6.793e-03 -1.952e-03 1.153e+02
942 4.393e-03 4.626e-03 -3.495e-03 0.000e+00
943 3.075e-03 -1.811e-03 1.514e-03 0.000e+00
944 -3.840e-03 1.928e-03 -1.246e-04 0.000e+00
945 6.984e-03 4.793e-05 -2.058e-03 0.000e+00
946 -1.116e-03 -5.814e-03 -3.096e-03 0.000e+00
947 -8.079e-03 -1.333e-05 3.437e-03 0.000e+00
948 -3.961e-04 2.262e-03 2.018e-03 0.000e+00
949 -3.930e-03 -3.710e-03 -6.268e-03 0.000e+00
950 6.809e-03 -5.228e-03 3.196e-03 0.000e+00
951 -5.370e-03 -4.796e-03 6.067e-04 0.000e+00
952 -3.941e-03 -5.530e-03 -2.738e-03 0.000e+00
953 -2.489e-03 5.400e-03 7.231e-04 0.000e+00
954 4.220e-03 -4.436e-03 -2.876e-03 0.000e+00
955 -1.552e-03 -3.757e-03 -4.601e-04 0.000e+00
956 -5.215e-03 -5.190e-03 2.521e-03 0.000e+00
957 -5.040e-04 2.723e-05 3.620e-03 0.000e+00
958 -3.100e-03 6.055e-03 3.750e-03 -2.219e+01
959 -1.569e-03 -4.792e-03 -6.367e-03 0.000e+00
960 4.066e-03 -4.140e-04 5.978e-03 0.000e+00
961 -4.929e-04 5.265e-03 -2.280e-03 0.000e+00
962 1.023e-02 2.714e-03 -8.982e-04 0.000e+00
963 -7.869e-03 1.722e-03 -3.628e-04 0.000e+00
964 -3.374e-03 -4.066e-03 -3.136e-03 0.000e+00
965 6.779e-03 -4.746e-03 -3.593e-04 0.000e+00
966 1.069e-05 -5.756e-03 -2.056e-03 0.000e+00
967 1.816e-03 -4.413e-03 8.030e-03 0.000e+00
968 2.559e-03 3.681e-03 1.800e-03 0.000e+00
969 2.713e-04 4.510e-03 -1.437e-04 0.000e+00
970 -2.710e-03 6.160e-04 5.118e-03 0.000e+00
971 -6.073e-04 2.551e-03 2.271e-03 0.000e+00
972 1.320e-03 1.627e-03 1.105e-03 0.000e+00
973 1.362e-03 5.816e-05 2.983e-03 0.000e+00
974 -1.843e-03 4.895e-05 -3.849e-03 0.000e+00
975 -5.022e-04 -4.106e-03 -2.032e-04 0.000e+00
976 1.436e-03 4.021e-04 4.300e-03 0.000e+00
977 -1.065e-03 2.320e-04 6.247e-03 0.000e+00
978 6.884e-03 -4.981e-03 -2.164e-03 0.000e+00
979 1.083e-03 1.872e-03 -1.576e-03 0.000e+00
980 4.634e-03 2.437e-03 6.312e-03 0.000e+00
981 -1.190e-03 -3.618e-03 -4.815e-03 0.000e+00
982 -6.325e-03 2.711e-03 -4.613e-03 0.000e+00
983 4.742e-04 9.295e-04 2.079e-03 0.000e+00
984 2.477e-04 8.866e-03 1.643e-03 1.028e+02
985 -4.492e-03 -4.615e-03 3.935e-03 0.000e+00
986 -2.955e-04 1.657e-03 -1.467e-03 0.000e+00
987 -5.695e-03 5.710e-03 9.542e-03 0.000e+00
988 -7.985e-04 2.571e-03 1.771e-03 0.000e+00
989 2.801e-03 2.478e-03 -3.673e-04 0.000e+00
990 5.786e-03 9.276e-04 5.616e-03 0.000e+00
991 -1.283e-03 -5.619e-03 1.079e-03 0.000e+00
992 -1.427e-03 -5.761e-03 4.737e-03 0.000e+00
993 -3.302e-03 -4.300e-03 3.906e-04 0.000e+00
994 -2.498e-03 -5.627e-03 1.308e-04 0.000e+00
995 2.649e-03 -2.963e-03 -1.648e-03 0.000e+00
996 3.465e-04 3.587e-03 -4.000e-03 0.000e+00
997 -3.117e-04 -5.771e-03 0.000e+00 0.000e+00
998 -3.120e-03 -5.727e-03 -2.001e-03 0.000e+00
999 -2.820e-03 9.842e-03 -5.567e-03 2.086e+00
1000 7.678e-03 -1.225e-03 7.276e-03 0.000e+00
1001 1.140e-03 -5.509e-03 7.446e-03 0.000e+00
1002 1.232e-03 1.871e-03 7.322e-04 0.000e+00
1003 1.591e-03 6.434e-04 -1.276e-03 0.000e+00
1004 -4.973e-04 1.150e-03 -1.659e-03 0.000e+00
1005 5.041e-04 -1.068e-03 -6.389e-03 0.000e+00
1006 4.626e-03 -5.461e-03 -2.259e-03 0.000e+00
1007 5.469e-03 -5.314e-03 -2.228e-03 0.000e+00
1008 -5.342e-04 1.605e-03 -7.616e-04 0.000e+00
1009 5.387e-04 2.985e-03 -2.705e-03 0.000e+00
1010 1.941e-03 -5.108e-04 1.184e-03 0.000e+00
1011 -2.864e-03 -4.712e-03 1.175e-03 0.000e+00
1012 2.037e-03 -3.662e-03 -4.267e-03 0.000e+00
1013 -3.471e-04 -3.652e-03 -8.322e-03 0.000e+00
1014 -3.499e-03 1.324e-03 -6.307e-03 0.000e+00
1015 -6.515e-03 4.098e-03 5.761e-03 0.000e+00
1016 -1.571e-03 1.062e-03 -1.435e-03 0.000e+00
1017 -8.270e-04 3.977e-03 5.257e-04 0.000e+00
1018 1.465e-03 -5.266e-03 -6.986e-04 0.000e+00
1019 -3.216e-04 -5.795e-03 1.602e-03 0.000e+00
1020 -4.335e-03 2.097e-03 3.486e-03 0.000e+00
1021 -1.912e-03 -5.464e-03 -1.561e-04 0.000e+00
1022 -2.504e-04 -1.440e-04 -7.242e-04 0.000e+00
1023 2.121e-03 -5.361e-03 3.243e-03 0.000e+00
