Bin I L V PA
0 -3.879e-03 9.613e-03 4.352e-03 0.000e+00
1 8.491e-03 7.963e-03 1.527e-02 0.000e+00
2 1.997e-02 -1.342e-02 -1.206e-03 0.000e+00
3 -9.427e-03 1.055e-02 -5.285e-03 0.000e+00
4 1.078e-03 6.638e-04 6.681e-03 0.000e+00
5 -2.556e-04 -8.291e-03 2.521e-03 0.000e+00
6 -1.797e-02 1.374e-02 -2.057e-04 0.000e+00
7 -5.815e-03 1.082e-02 -1.030e-02 0.000e+00
8 1.169e-02 -1.351e-02 -1.226e-02 0.000e+00
9 -8.091e-03 1.170e-02 -5.422e-03 0.000e+00
10 -3.579e-03 -1.187e-02 1.008e-02 0.000e+00
11 -2.130e-04 -1.224e-02 -5.402e-03 0.000e+00
12 -2.318e-03 2.857e-03 -5.055e-04 0.000e+00
13 1.736e-02 7.465e-03 -3.079e-04 0.000e+00
14 -3.444e-03 9.101e-03 -1.230e-02 0.000e+00
15 -5.717e-03 6.424e-03 7.328e-04 0.000e+00
16 -1.781e-03 1.754e-02 -2.563e-03 5.246e+01
17 -3.964e-03 2.015e-03 6.258e-03 0.000e+00
18 1.338e-02 -1.290e-02 1.922e-02 0.000e+00
19 -2.412e-03 1.711e-03 5.519e-04 0.000e+00
20 8.290e-03 9.302e-03 6.104e-03 0.000e+00
21 3.629e-03 4.664e-03 1.643e-03 0.000e+00
22 6.620e-03 7.970e-03 4.237e-03 0.000e+00
23 -7.744e-03 6.403e-03 -3.197e-03 0.000e+00
24 6.725e-03 1.785e-03 -7.378e-04 0.000e+00
25 1.252e-02 -1.333e-02 1.757e-02 0.000e+00
26 6.675e-03 3.014e-03 9.390e-03 0.000e+00
27 1.547e-02 -1.233e-02 -2.168e-02 0.000e+00
28 6.133e-04 -1.199e-02 5.617e-03 0.000e+00
29 -5.141e-03 -1.095e-02 -7.494e-04 0.000e+00
30 -8.126e-03 7.936e-03 4.663e-03 0.000e+00
31 2.933e-03 4.526e-03 6.498e-03 0.000e+00
32 1.202e-02 -1.193e-02 -4.283e-03 0.000e+00
33 -6.391e-03 -1.001e-02 -5.929e-03 0.000e+00
34 -1.301e-02 -1.280e-02 -7.631e-03 0.000e+00
35 0.000e+00 7.574e-03 -2.380e-03 0.000e+00
36 -5.201e-03 3.719e-03 5.384e-03 0.000e+00
37 5.245e-03 -7.851e-03 -8.739e-03 0.000e+00
38 1.707e-02 1.488e-03 -9.544e-03 0.000e+00
39 -3.042e-04 6.129e-03 2.531e-03 0.000e+00
40 1.583e-02 1.999e-02 4.059e-03 -2.846e+01
41 3.294e-03 -8.685e-03 1.642e-02 0.000e+00
42 -1.520e-02 -6.172e-03 3.558e-03 0.000e+00
43 -2.658e-03 5.398e-03 -1.060e-02 0.000e+00
44 1.303e-03 -1.196e-02 -4.994e-03 0.000e+00
45 -6.261e-03 -1.253e-02 -1.522e-02 0.000e+00
46 -4.822e-03 6.955e-03 1.724e-03 0.000e+00
47 3.221e-03 -1.328e-02 2.394e-03 0.000e+00
48 1.150e-02 4.844e-03 -4.277e-03 0.000e+00
49 -1.064e-04 5.475e-03 4.801e-03 0.000e+00
50 2.156e-02 -9.529e-03 -3.642e-03 0.000e+00
51 4.208e-03 -1.127e-02 -7.719e-03 0.000e+00
52 -1.781e-02 -1.025e-02 -7.717e-04 0.000e+00
53 1.810e-02 -1.220e-02 2.392e-03 0.000e+00
54 5.802e-03 5.180e-03 7.186e-03 0.000e+00
55 -6.065e-03 5.421e-03 -7.089e-03 0.000e+00
56 2.868e-04 -1.242e-02 -2.022e-03 0.000e+00
57 2.996e-03 -1.283e-02 -1.689e-03 0.000e+00
58 -9.077e-03 -9.944e-03 -2.887e-03 0.000e+00
59 -1.095e-02 4.459e-03 -1.906e-03 0.000e+00
60 -3.252e-03 4.280e-03 1.364e-02 0.000e+00
61 1.569e-02 -1.351e-02 -2.710e-03 0.000e+00
62 7.344e-03 4.273e-03 -5.686e-03 0.000e+00
63 2.221e-02 4.826e-03 -1.254e-02 0.000e+00
64 9.679e-03 -1.200e-02 1.125e-02 0.000e+00
65 5.735e-03 -6.564e-03 -4.456e-03 0.000e+00
66 1.938e-02 2.429e-02 -1.810e-02 -3.720e+01
67 8.952e-03 1.302e-02 -1.429e-02 0.000e+00
68 -2.609e-03 -9.732e-03 -2.276e-03 0.000e+00
69 9.490e-03 4.851e-03 3.620e-03 0.000e+00
70 6.576e-03 -1.288e-02 7.988e-03 0.000e+00
71 -2.268e-03 -1.016e-02 3.627e-03 0.000e+00
72 -8.698e-03 4.245e-03 -2.018e-03 0.000e+00
73 -4.502e-03 -8.833e-03 6.611e-03 0.000e+00
74 -1.243e-02 1.149e-02 -9.297e-03 0.000e+00
75 1.349e-02 1.230e-03 2.601e-03 0.000e+00
76 6.039e-03 9.627e-03 -7.037e-04 0.000e+00
77 6.950e-03 3.443e-03 -1.699e-03 0.000e+00
78 9.664e-03 -8.725e-03 -3.949e-03 0.000e+00
79 7.142e-03 2.906e-03 3.100e-03 0.000e+00
80 9.273e-03 -5.550e-03 2.999e-03 0.000e+00
81 7.246e-03 -8.845e-03 1.052e-02 0.000e+00
82 -9.611e-04 -1.044e-02 5.270e-03 0.000e+00
83 3.588e-04 -9.782e-03 6.908e-03 0.000e+00
84 -3.067e-03 -9.888e-03 4.924e-03 0.000e+00
85 -1.522e-03 9.587e-03 -5.238e-03 0.000e+00
86 -8.998e-03 -9.511e-04 5.016e-03 0.000e+00
87 7.334e-03 -1.149e-02 -5.287e-03 0.000e+00
88 -5.415e-03 -7.996e-03 -1.661e-02 0.000e+00
89 5.684e-04 6.382e-03 5.725e-03 0.000e+00
90 -1.497e-02 -9.742e-03 8.273e-03 0.000e+00
91 -3.197e-03 1.115e-02 -1.746e-02 0.000e+00
92 -3.156e-03 -1.181e-02 -7.565e-03 0.000e+00
93 -6.611e-03 -3.576e-03 -6.568e-03 0.000e+00
94 7.890e-04 1.278e-03 1.104e-02 0.000e+00
95 -2.373e-03 1.102e-02 4.122e-03 0.000e+00
96 -1.605e-02 8.372e-03 -1.318e-02 0.000e+00
97 -1.100e-03 -9.610e-03 -4.262e-03 0.000e+00
98 7.252e-03 -1.347e-02 1.230e-02 0.000e+00
99 3.589e-03 1.987e-03 -4.440e-05 0.000e+00
100 1.170e-04 6.790e-03 7.778e-04 0.000e+00
101 -1.324e-03 -1.248e-02 9.188e-04 0.000e+00
102 -3.725e-03 1.539e-02 -6.099e-03 -1.441e+00
103 9.334e-04 -1.165e-02 -6.679e-03 0.000e+00
104 2.114e-03 -6.378e-03 -5.869e-04 0.000e+00
105 -7.321e-03 2.947e-03 -4.051e-03 0.000e+00
106 -1.269e-02 -1.274e-02 5.027e-03 0.000e+00
107 -3.023e-03 -1.242e-02 -7.730e-04 0.000e+00
108 -2.497e-03 1.003e-03 -9.483e-03 0.000e+00
109 -1.273e-02 6.938e-04 9.785e-04 0.000e+00
110 -7.740e-03 -9.254e-03 6.183e-03 0.000e+00
111 -1.795e-02 -1.257e-02 2.057e-03 0.000e+00
112 -8.554e-03 1.111e-02 -7.805e-03 0.000e+00
113 6.400e-04 1.297e-02 -1.396e-02 0.000e+00
114 8.425e-03 -8.528e-03 8.596e-03 0.000e+00
115 1.239e-02 -1.297e-02 -2.280e-03 0.000e+00
116 8.530e-03 2.034e-03 2.829e-03 0.000e+00
117 1.545e-02 -1.348e-02 -1.194e-02 0.000e+00
118 5.464e-03 1.899e-03 4.719e-03 0.000e+00
119 -1.148e-02 -1.031e-02 -4.987e-03 0.000e+00
120 -4.194e-03 7.501e-03 5.571e-03 0.000e+00
121 -6.851e-04 -9.891e-03 1.516e-02 0.000e+00
122 5.648e-03 -1.324e-02 -1.149e-03 0.000e+00
123 1.321e-02 -1.110e-02 1.226e-02 0.000e+00
124 6.203e-03 3.483e-03 -1.466e-03 0.000e+00
125 1.281e-02 -1.208e-02 1.499e-02 0.000e+00
126 -2.130e-03 -9.152e-03 3.544e-03 0.000e+00
127 -3.196e-03 5.489e-03 9.938e-04 0.000e+00
128 2.737e-03 -1.263e-02 1.042e-02 0.000e+00
129 -1.390e-02 -1.277e-02 -1.601e-03 0.000e+00
130 1.666e-02 -1.066e-02 -3.445e-03 0.000e+00
131 5.740e-03 -6.873e-04 8.093e-03 0.000e+00
132 4.172e-03 3.723e-03 -9.570e-03 0.000e+00
133 3.881e-03 -1.083e-02 -2.254e-02 0.000e+00
134 -6.098e-03 4.591e-03 -6.083e-03 0.000e+00
135 -3.449e-03 1.406e-03 7.878e-03 0.000e+00
136 4.398e-03 3.195e-03 2.466e-02 0.000e+00
137 8.505e-03 -9.613e-03 -2.709e-03 0.000e+00
138 -7.092e-03 1.954e-03 1.332e-02 0.000e+00
139 -9.298e-03 1.201e-02 -1.047e-02 0.000e+00
140 -4.666e-05 9.775e-03 -1.155e-04 0.000e+00
141 1.722e-03 -1.330e-02 -1.261e-02 0.000e+00
142 5.054e-03 -7.929e-03 2.157e-02 0.000e+00
143 -2.173e-03 -9.517e-03 3.531e-03 0.000e+00
144 -6.984e-03 2.198e-02 -1.801e-03 2.411e+01
145 -1.551e-03 1.062e-02 4.131e-04 0.000e+00
146 1.181e-02 -7.505e-03 -2.020e-03 0.000e+00
147 8.341e-03 8.654e-05 -3.224e-03 0.000e+00
148 7.371e-03 -1.105e-02 7.839e-03 0.000e+00
149 1.966e-03 -1.133e-02 -4.908e-03 0.000e+00
150 -1.054e-02 5.177e-03 5.548e-03 0.000e+00
151 -1.240e-02 1.540e-02 -7.191e-05 -3.276e+01
152 5.062e-03 1.282e-03 5.570e-04 0.000e+00
153 -1.337e-02 -8.135e-03 7.291e-03 0.000e+00
154 5.624e-03 -1.293e-02 -4.703e-03 0.000e+00
155 7.611e-03 -1.035e-02 -1.133e-02 0.000e+00
156 5.889e-03 1.056e-02 -5.012e-03 0.000e+00
157 3.435e-03 1.339e-02 -2.651e-03 0.000e+00
158 -2.776e-03 1.097e-02 4.629e-03 0.000e+00
159 9.562e-03 -1.336e-02 6.037e-03 0.000e+00
160 4.635e-03 1.335e-03 1.039e-02 0.000e+00
161 1.667e-02 -1.008e-02 9.878e-03 0.000e+00
162 2.964e-03 1.258e-02 -1.002e-02 0.000e+00
163 3.597e-03 -1.338e-02 8.682e-03 0.000e+00
164 9.976e-03 -1.156e-02 -1.222e-02 0.000e+00
165 5.370e-03 9.226e-03 -3.809e-03 0.000e+00
166 -7.475e-03 -1.325e-02 -6.891e-04 0.000e+00
167 -1.023e-02 -1.271e-02 -2.158e-02 0.000e+00
168 -1.024e-02 4.692e-03 -6.873e-03 0.000e+00
169 -1.434e-03 -8.026e-03 -1.161e-03 0.000e+00
170 -7.842e-03 -1.181e-02 -2.711e-03 0.000e+00
171 -1.611e-03 -1.307e-02 -1.640e-03 0.000e+00
172 3.514e-03 3.004e-03 6.902e-03 0.000e+00
173 3.042e-03 1.615e-03 5.752e-03 0.000e+00
174 -2.023e-03 1.219e-03 8.445e-03 0.000e+00
175 8.915e-03 -8.666e-04 -1.452e-03 0.000e+00
176 4.346e-03 -1.015e-02 9.519e-03 0.000e+00
177 2.628e-03 -5.861e-03 -6.616e-03 0.000e+00
178 -6.772e-03 -8.195e-03 2.447e-03 0.000e+00
179 8.820e-03 2.977e-03 -2.135e-03 0.000e+00
180 4.597e-04 2.953e-03 4.475e-04 0.000e+00
181 -4.717e-03 4.019e-03 1.255e-02 0.000e+00
182 1.607e-02 -8.838e-03 -2.856e-03 0.000e+00
183 -4.266e-03 -1.054e-02 -5.623e-03 0.000e+00
184 5.390e-03 -7.415e-03 8.708e-03 0.000e+00
185 1.514e-02 -9.136e-03 6.845e-03 0.000e+00
186 5.639e-03 -1.296e-02 -1.530e-02 0.000e+00
187 -1.908e-04 -2.481e-03 -3.026e-03 0.000e+00
188 8.318e-03 7.340e-03 1.107e-02 0.000e+00
189 -2.146e-03 -1.002e-02 3.192e-03 0.000e+00
190 -9.298e-03 8.242e-03 5.133e-03 0.000e+00
191 4.217e-03 -1.147e-02 -2.051e-03 0.000e+00
192 -6.434e-03 1.132e-04 2.698e-03 0.000e+00
193 -4.020e-03 -1.154e-02 8.249e-03 0.000e+00
194 -5.546e-03 3.951e-03 3.414e-03 0.000e+00
195 -6.528e-03 2.979e-03 8.624e-03 0.000e+00
196 -2.918e-03 9.260e-03 1.085e-03 0.000e+00
197 7.099e-03 1.276e-03 8.808e-04 0.000e+00
198 -7.869e-04 7.641e-03 8.118e-03 0.000e+00
199 6.876e-03 -1.347e-02 -5.816e-03 0.000e+00
200 -1.484e-02 -1.188e-02 -9.147e-04 0.000e+00
201 -4.858e-03 1.701e-03 3.062e-03 0.000e+00
202 -1.678e-02 -1.206e-02 -1.202e-03 0.000e+00
203 -8.503e-03 9.216e-03 -2.270e-03 0.000e+00
204 -3.042e-03 -9.512e-03 8.456e-03 0.000e+00
205 -4.570e-03 6.817e-03 -5.129e-03 0.000e+00
206 -1.142e-02 -1.278e-02 1.244e-02 0.000e+00
207 -3.613e-03 1.499e-03 8.178e-03 0.000e+00
208 7.540e-03 -1.137e-02 5.157e-03 0.000e+00
209 -1.104e-02 -8.785e-03 -1.811e-02 0.000e+00
210 -9.671e-03 -1.207e-02 -1.513e-02 0.000e+00
211 -1.040e-02 6.360e-03 -1.494e-03 0.000e+00
212 -1.230e-02 4.904e-03 -5.646e-03 0.000e+00
213 -1.436e-03 -8.927e-03 -4.107e-04 0.000e+00
214 -1.191e-02 -1.338e-02 -1.350e-02 0.000e+00
215 1.480e-03 -1.218e-02 -1.328e-02 0.000e+00
216 4.398e-03 1.771e-03 5.833e-03 0.000e+00
217 -6.286e-03 -8.362e-03 1.903e-02 0.000e+00
218 -1.336e-02 6.013e-03 -8.569e-03 0.000e+00
219 7.351e-03 1.293e-02 5.755e-04 0.000e+00
220 -6.096e-03 1.024e-02 -1.057e-02 0.000e+00
221 -6.440e-03 2.681e-03 -7.486e-03 0.000e+00
222 -5.634e-03 -1.242e-02 7.410e-04 0.000e+00
223 -6.635e-03 8.517e-03 -1.556e-02 0.000e+00
224 -8.968e-03 -1.053e-02 2.175e-03 0.000e+00
225 -1.534e-02 -8.408e-03 4.876e-03 0.000e+00
226 -9.170e-03 8.140e-03 1.944e-03 0.000e+00
227 -2.521e-03 1.035e-02 -6.934e-03 0.000e+00
228 -3.007e-03 -1.186e-02 -8.634e-03 0.000e+00
229 -8.825e-03 -8.515e-03 9.778e-03 0.000e+00
230 -8.560e-03 -1.246e-02 -5.256e-03 0.000e+00
231 8.129e-03 6.786e-03 1.767e-02 0.000e+00
232 -6.304e-04 -1.047e-04 1.575e-02 0.000e+00
233 -1.436e-02 -1.975e-03 -9.601e-03 0.000e+00
234 -2.870e-03 -1.009e-02 -1.372e-02 0.000e+00
235 2.446e-03 1.405e-02 -1.927e-02 -5.180e+01
236 8.124e-03 -1.162e-02 -2.381e-03 0.000e+00
237 -1.301e-02 -1.232e-02 -4.205e-04 0.000e+00
238 2.551e-03 3.111e-03 1.477e-02 0.000e+00
239 3.616e-05 -1.292e-02 -1.107e-02 0.000e+00
240 8.231e-04 -1.080e-02 8.872e-04 0.000e+00
241 -5.398e-03 -1.289e-02 5.774e-03 0.000e+00
242 2.552e-05 -1.026e-02 -6.337e-04 0.000e+00
243 -2.129e-03 8.278e-03 -3.834e-04 0.000e+00
244 1.351e-02 7.592e-03 1.256e-02 0.000e+00
245 -1.420e-02 1.385e-02 -1.781e-02 0.000e+00
246 1.802e-03 4.743e-03 -6.148e-03 0.000e+00
247 1.751e-03 1.396e-02 -1.637e-02 -6.023e+01
248 1.630e-02 -9.805e-03 -7.909e-03 0.000e+00
249 -1.381e-02 -1.175e-02 1.563e-03 0.000e+00
250 -1.769e-02 -1.280e-02 -6.247e-03 0.000e+00
251 -1.549e-03 -2.627e-03 3.090e-03 0.000e+00
252 1.065e-02 4.531e-03 8.988e-03 0.000e+00
253 7.947e-03 1.019e-02 5.282e-03 0.000e+00
254 -4.383e-03 -1.216e-02 2.473e-03 0.000e+00
255 -2.973e-03 -1.276e-02 1.014e-02 0.000e+00
256 1.225e-02 -1.337e-02 -8.742e-03 0.000e+00
257 -2.924e-03 -1.279e-02 2.616e-03 0.000e+00
258 -1.143e-02 3.512e-03 4.767e-03 0.000e+00
259 -1.321e-02 -9.725e-03 1.088e-02 0.000e+00
260 -1.395e-02 -1.051e-02 7.988e-03 0.000e+00
261 7.008e-03 -1.031e-02 3.861e-03 0.000e+00
262 4.227e-03 3.383e-04 -7.794e-03 0.000e+00
263 -1.122e-02 -2.860e-04 -3.043e-03 0.000e+00
264 -2.346e-03 1.067e-02 2.467e-03 0.000e+00
265 -3.944e-03 -1.925e-05 1.752e-03 0.000e+00
266 -1.453e-02 -1.144e-02 1.484e-03 0.000e+00
267 -8.245e-03 1.596e-02 4.294e-04 -1.983e+01
268 1.196e-03 1.198e-02 -1.432e-02 0.000e+00
269 -7.309e-03 -2.064e-03 1.412e-02 0.000e+00
270 -1.852e-03 -7.544e-03 -8.377e-03 0.000e+00
271 -2.268e-03 -1.102e-02 3.726e-03 0.000e+00
272 -5.538e-03 2.417e-03 1.123e-02 0.000e+00
273 -9.552e-03 5.429e-03 7.883e-04 0.000e+00
274 -4.186e-03 1.116e-02 3.415e-03 0.000e+00
275 -4.077e-03 9.236e-04 7.152e-03 0.000e+00
276 -8.044e-03 9.988e-03 1.833e-03 0.000e+00
277 -6.030e-03 1.009e-02 -6.514e-03 0.000e+00
278 -8.253e-03 3.054e-03 4.996e-04 0.000e+00
279 -1.527e-03 -8.396e-03 1.233e-02 0.000e+00
280 -5.118e-03 -1.322e-02 8.708e-03 0.000e+00
281 5.864e-04 -6.475e-03 7.309e-03 0.000e+00
282 -4.339e-03 -1.161e-02 -7.860e-03 0.000e+00
283 -2.558e-03 4.822e-03 -9.130e-03 0.000e+00
284 -8.265e-04 2.484e-03 -2.145e-02 0.000e+00
285 -4.874e-04 -1.059e-03 -9.131e-04 0.000e+00
286 1.662e-02 1.263e-02 -5.780e-03 0.000e+00
287 -9.424e-03 3.798e-03 3.181e-03 0.000e+00
288 -9.495e-04 5.355e-03 -6.893e-03 0.000e+00
289 -1.211e-02 1.973e-03 4.635e-04 0.000e+00
290 -1.023e-02 -1.189e-02 -1.367e-02 0.000e+00
291 -3.140e-03 3.363e-03 -6.132e-03 0.000e+00
292 -8.705e-03 -1.175e-02 1.909e-02 0.000e+00
293 -5.187e-03 5.803e-03 2.681e-03 0.000e+00
294 -2.231e-02 -1.133e-02 -1.112e-02 0.000e+00
295 6.278e-03 7.499e-03 1.570e-03 0.000e+00
296 -6.834e-04 1.238e-02 6.715e-03 0.000e+00
297 -2.217e-02 -1.080e-02 -2.572e-03 0.000e+00
298 -5.118e-04 6.623e-03 -1.508e-02 0.000e+00
299 -1.237e-02 2.719e-03 2.348e-03 0.000e+00
300 8.048e-04 1.737e-02 1.582e-02 -6.247e+01
301 -8.459e-03 9.712e-03 2.203e-03 0.000e+00
302 -9.749e-03 2.036e-02 7.871e-04 -7.047e+01
303 7.201e-03 1.325e-03 4.253e-03 0.000e+00
304 -3.240e-03 -1.143e-02 7.257e-03 0.000e+00
305 -1.058e-03 -1.073e-02 -8.773e-03 0.000e+00
306 -7.688e-04 -1.216e-02 6.688e-03 0.000e+00
307 -4.063e-03 4.745e-03 3.997e-03 0.000e+00
308 7.191e-03 3.003e-03 -6.681e-05 0.000e+00
309 -2.957e-04 5.307e-03 -1.187e-02 0.000e+00
310 -6.361e-03 -1.003e-02 1.214e-02 0.000e+00
311 -8.997e-03 -3.188e-04 8.004e-03 0.000e+00
312 1.543e-02 2.798e-03 1.571e-02 0.000e+00
313 3.313e-03 -7.935e-03 8.972e-03 0.000e+00
314 -1.342e-02 6.945e-03 -1.389e-03 0.000e+00
315 -5.003e-03 2.144e-03 -4.277e-04 0.000e+00
316 -2.282e-03 -1.006e-02 6.108e-03 0.000e+00
317 7.003e-03 7.011e-03 4.332e-03 0.000e+00
318 -2.629e-04 -6.840e-03 -1.974e-03 0.000e+00
319 -5.330e-03 -1.095e-02 1.447e-02 0.000e+00
320 1.810e-03 -1.192e-02 -5.441e-03 0.000e+00
321 2.023e-03 -3.063e-03 -6.607e-03 0.000e+00
322 -4.848e-03 7.842e-03 1.758e-03 0.000e+00
323 -4.904e-03 3.350e-03 -7.431e-03 0.000e+00
324 -4.250e-03 4.084e-03 6.799e-03 0.000e+00
325 -1.543e-02 1.841e-02 2.019e-03 -7.356e+01
326 -1.119e-02 4.254e-03 -9.617e-03 0.000e+00
327 4.580e-03 1.062e-02 -1.580e-03 0.000e+00
328 -6.312e-03 -1.466e-03 -1.603e-02 0.000e+00
329 -1.190e-03 -1.353e-02 6.906e-03 0.000e+00
330 4.493e-03 3.378e-03 -7.021e-03 0.000e+00
331 -1.468e-02 -1.156e-02 -1.475e-02 0.000e+00
332 -1.245e-02 1.089e-02 -3.709e-03 0.000e+00
333 4.292e-03 1.247e-03 7.529e-03 0.000e+00
334 1.137e-03 -1.147e-02 -6.296e-03 0.000e+00
335 -7.212e-03 5.824e-03 -4.263e-03 0.000e+00
336 -4.143e-03 8.922e-03 -1.961e-02 0.000e+00
337 -2.073e-03 8.196e-03 -3.172e-03 0.000e+00
338 -9.545e-03 -1.121e-02 -3.482e-03 0.000e+00
339 1.174e-04 7.624e-03 5.490e-03 0.000e+00
340 -1.851e-03 1.069e-03 -4.703e-03 0.000e+00
341 1.404e-04 -1.217e-02 -5.404e-03 0.000e+00
342 -1.109e-02 1.143e-02 -3.456e-03 0.000e+00
343 -3.428e-03 1.857e-03 -8.998e-04 0.000e+00
344 -1.742e-03 9.433e-03 2.396e-03 0.000e+00
345 -1.704e-02 -1.171e-02 -3.404e-03 0.000e+00
346 3.758e-03 -1.279e-02 -2.073e-03 0.000e+00
347 3.574e-05 2.646e-03 -5.066e-03 0.000e+00
348 6.149e-04 7.559e-03 2.432e-03 0.000e+00
349 -6.460e-03 -3.718e-03 2.820e-03 0.000e+00
350 -2.178e-03 -8.715e-03 7.484e-03 0.000e+00
351 5.550e-03 -3.948e-04 1.920e-02 0.000e+00
352 -5.827e-03 1.692e-03 -3.450e-03 0.000e+00
353 -2.807e-03 2.874e-03 -6.643e-03 0.000e+00
354 6.167e-03 -3.180e-04 -4.318e-03 0.000e+00
355 -7.379e-03 -1.275e-02 2.557e-03 0.000e+00
356 -3.184e-03 -1.614e-03 2.217e-03 0.000e+00
357 -1.471e-02 6.685e-04 9.936e-03 0.000e+00
358 -1.040e-03 -1.082e-02 5.919e-03 0.000e+00
359 -1.154e-02 -9.122e-03 2.201e-03 0.000e+00
360 -1.491e-02 -1.102e-02 2.131e-03 0.000e+00
361 -5.425e-03 3.676e-03 -3.971e-03 0.000e+00
362 -1.598e-03 2.089e-03 -1.594e-02 0.000e+00
363 3.055e-03 -1.309e-02 -1.456e-03 0.000e+00
364 8.738e-03 7.700e-03 -1.142e-02 0.000e+00
365 -9.218e-03 -1.273e-02 -1.070e-02 0.000e+00
366 -6.134e-04 -1.113e-02 7.520e-03 0.000e+00
367 -4.919e-03 -8.748e-03 -1.011e-02 0.000e+00
368 -1.232e-02 1.740e-02 -4.347e-03 1.641e+01
369 -1.643e-03 2.115e-02 -1.282e-02 -7.170e+01
370 -5.279e-03 1.307e-02 -1.384e-02 0.000e+00
371 -2.867e-04 -1.332e-02 -7.014e-03 0.000e+00
372 3.965e-03 1.335e-02 1.111e-02 0.000e+00
373 -2.797e-03 -1.288e-02 1.314e-02 0.000e+00
374 -1.361e-03 -9.198e-04 6.561e-03 0.000e+00
375 -3.716e-04 2.039e-03 -3.085e-03 0.000e+00
376 4.541e-03 -1.344e-02 -1.117e-03 0.000e+00
377 2.492e-02 -1.319e-02 1.177e-03 0.000e+00
378 -7.620e-03 -7.722e-03 -1.713e-03 0.000e+00
379 -2.520e-03 -1.256e-02 7.531e-03 0.000e+00
380 -6.196e-04 5.244e-03 6.913e-03 0.000e+00
381 -7.779e-03 -1.226e-02 -4.498e-03 0.000e+00
382 -1.918e-03 1.539e-02 7.369e-04 -5.921e+01
383 5.718e-03 9.672e-04 6.549e-03 0.000e+00
384 -8.292e-04 1.814e-04 -1.841e-02 0.000e+00
385 -1.087e-03 1.614e-02 -8.572e-03 -3.390e+01
386 -7.484e-03 -1.235e-02 1.314e-03 0.000e+00
387 1.359e-03 -1.134e-02 3.252e-03 0.000e+00
388 9.103e-03 1.354e-02 -5.208e-03 0.000e+00
389 3.797e-03 -8.804e-03 -6.152e-03 0.000e+00
390 -4.087e-03 -8.810e-03 1.161e-02 0.000e+00
391 1.173e-02 -8.048e-03 1.780e-02 0.000e+00
392 1.595e-02 -1.346e-02 3.814e-03 0.000e+00
393 -1.907e-03 -7.700e-03 6.550e-03 0.000e+00
394 1.649e-03 6.858e-04 -7.603e-03 0.000e+00
395 -4.587e-03 3.401e-03 -8.035e-03 0.000e+00
396 -9.125e-03 -5.896e-03 -6.054e-03 0.000e+00
397 1.982e-03 -1.108e-02 1.199e-02 0.000e+00
398 -1.596e-02 -7.228e-03 -4.820e-03 0.000e+00
399 1.083e-03 1.211e-03 -7.814e-04 0.000e+00
400 -1.223e-02 -1.230e-02 -4.423e-03 0.000e+00
401 9.695e-04 5.308e-04 6.985e-03 0.000e+00
402 -8.929e-03 1.052e-02 -1.721e-03 0.000e+00
403 -3.191e-03 -3.915e-03 6.445e-03 0.000e+00
404 -2.079e-03 -1.063e-02 6.290e-03 0.000e+00
405 -1.223e-02 5.397e-03 3.217e-03 0.000e+00
406 -7.090e-03 -1.353e-02 6.147e-03 0.000e+00
407 -9.030e-04 -1.041e-02 -1.434e-02 0.000e+00
408 -1.026e-03 -1.337e-02 2.022e-03 0.000e+00
409 5.316e-03 6.716e-03 2.030e-03 0.000e+00
410 -1.638e-03 -1.202e-02 -7.760e-03 0.000e+00
411 -1.384e-02 -1.124e-04 -1.625e-02 0.000e+00
412 -1.750e-02 7.993e-03 2.002e-03 0.000e+00
413 1.238e-02 -1.260e-02 8.850e-03 0.000e+00
414 -8.443e-03 4.874e-03 -7.655e-03 0.000e+00
415 -1.041e-02 1.278e-02 -1.192e-02 0.000e+00
416 -1.963e-02 3.878e-03 -7.467e-03 0.000e+00
417 6.183e-03 9.454e-05 1.900e-03 0.000e+00
418 2.994e-04 3.216e-03 1.001e-02 0.000e+00
419 -1.133e-02 9.553e-03 -1.170e-02 0.000e+00
420 3.667e-04 -1.091e-02 7.578e-03 0.000e+00
421 -1.225e-02 1.036e-02 -1.445e-03 0.000e+00
422 -2.442e-02 1.332e-03 1.934e-02 0.000e+00
423 -7.214e-03 -1.041e-02 -1.014e-03 0.000e+00
424 -2.073e-03 -9.255e-03 -1.535e-02 0.000e+00
425 -1.025e-02 -2.039e-03 -5.260e-03 0.000e+00
426 6.208e-03 4.209e-03 7.342e-03 0.000e+00
427 5.925e-03 6.760e-03 -1.335e-02 0.000e+00
428 1.431e-02 -1.043e-02 3.873e-03 0.000e+00
429 1.500e-02 -1.189e-02 -5.460e-03 0.000e+00
430 1.242e-02 6.572e-03 7.617e-03 0.000e+00
431 3.688e-03 2.610e-03 2.401e-03 0.000e+00
432 5.265e-03 -1.134e-02 -6.020e-03 0.000e+00
433 -8.346e-04 5.837e-03 -1.227e-02 0.000e+00
434 6.928e-03 9.039e-04 -2.283e-03 0.000e+00
435 -4.661e-03 1.034e-02 2.802e-03 0.000e+00
436 -3.128e-03 1.688e-02 2.494e-03 -2.667e+01
437 5.950e-03 -1.271e-02 -5.934e-03 0.000e+00
438 7.762e-03 1.161e-03 4.254e-03 0.000e+00
439 -8.606e-03 9.428e-04 -1.634e-02 0.000e+00
440 5.465e-03 -1.201e-02 1.102e-02 0.000e+00
441 3.582e-03 1.526e-02 -8.794e-03 -1.033e+02
442 9.036e-03 1.615e-02 2.669e-02 1.357e+01
443 8.067e-03 -8.085e-03 -5.796e-03 0.000e+00
444 1.147e-02 5.484e-03 2.671e-05 0.000e+00
445 3.209e-03 9.876e-03 1.400e-03 0.000e+00
446 -3.323e-03 1.862e-03 -2.088e-03 0.000e+00
447 -5.361e-03 -1.096e-02 -8.103e-03 0.000e+00
448 -5.178e-03 -6.582e-03 -3.648e-03 0.000e+00
449 -1.481e-03 -1.266e-02 -1.422e-02 0.000e+00
450 1.145e-02 2.182e-03 -1.054e-02 0.000e+00
451 5.034e-03 -2.013e-03 -1.815e-02 0.000e+00
452 2.597e-03 -1.329e-02 7.078e-03 0.000e+00
453 1.504e-02 1.232e-02 1.052e-03 0.000e+00
454 8.951e-03 4.672e-03 -7.005e-04 0.000e+00
455 -1.111e-02 3.442e-03 3.960e-03 0.000e+00
456 2.091e-02 -1.297e-02 -1.680e-02 0.000e+00
457 1.594e-02 -1.021e-02 -7.274e-03 0.000e+00
458 8.803e-03 1.061e-02 -8.591e-03 0.000e+00
459 3.912e-03 -2.778e-03 -1.673e-03 0.000e+00
460 -1.092e-03 -1.078e-02 5.900e-03 0.000e+00
461 8.315e-03 5.370e-03 1.528e-02 0.000e+00
462 -6.117e-03 5.955e-04 -2.557e-03 0.000e+00
463 7.285e-03 3.867e-03 1.208e-03 0.000e+00
464 -1.514e-02 -7.130e-03 8.930e-03 0.000e+00
465 9.330e-03 -1.235e-02 1.512e-02 0.000e+00
466 6.825e-03 6.655e-03 -6.488e-03 0.000e+00
467 2.882e-03 -1.230e-03 -6.714e-03 0.000e+00
468 -4.276e-05 -1.249e-02 -4.480e-03 0.000e+00
469 7.307e-03 -1.218e-02 1.135e-02 0.000e+00
470 5.036e-03 -1.259e-02 4.727e-03 0.000e+00
471 -6.035e-04 -1.308e-02 8.043e-04 0.000e+00
472 -1.504e-02 -1.166e-02 6.804e-03 0.000e+00
473 3.822e-04 -1.008e-02 4.350e-03 0.000e+00
474 1.114e-02 -8.206e-03 -8.438e-04 0.000e+00
475 -6.101e-03 -8.290e-03 6.146e-03 0.000e+00
476 -1.012e-02 5.168e-03 -1.055e-02 0.000e+00
477 1.951e-03 -1.323e-02 5.740e-04 0.000e+00
478 -5.177e-03 -9.820e-03 -1.375e-02 0.000e+00
479 -1.477e-02 -1.183e-03 -5.267e-03 0.000e+00
480 1.166e-03 -8.790e-03 -3.996e-03 0.000e+00
481 -1.104e-02 9.034e-03 6.772e-03 0.000e+00
482 4.197e-04 -2.358e-03 -1.347e-02 0.000e+00
483 7.289e-03 -1.198e-02 -1.341e-02 0.000e+00
484 -7.993e-04 6.415e-03 3.800e-03 0.000e+00
485 2.778e-03 7.831e-03 2.904e-03 0.000e+00
486 2.923e-03 6.281e-03 4.825e-03 0.000e+00
487 1.227e-02 2.087e-03 7.414e-03 0.000e+00
488 -1.223e-02 8.809e-03 -4.616e-03 0.000e+00
489 6.710e-03 -1.189e-02 1.824e-03 0.000e+00
490 5.781e-03 2.760e-03 -4.517e-03 0.000e+00
491 -1.137e-02 8.521e-03 1.168e-02 0.000e+00
492 1.031e-03 -1.189e-02 -5.326e-03 0.000e+00
493 1.546e-03 -8.267e-03 -1.726e-03 0.000e+00
494 -5.431e-03 -3.070e-03 8.579e-03 0.000e+00
495 -1.037e-02 -3.043e-04 1.722e-02 0.000e+00
496 1.011e-02 -6.444e-03 7.938e-03 0.000e+00
497 -9.165e-03 -1.093e-02 2.430e-03 0.000e+00
498 -1.383e-03 7.120e-04 -1.508e-02 0.000e+00
499 2.460e-03 1.077e-02 5.079e-03 0.000e+00
500 3.029e-03 9.074e-03 -1.693e-02 0.000e+00
501 1.138e-03 -1.058e-02 1.012e-02 0.000e+00
502 -2.188e-03 -1.312e-02 -1.498e-03 0.000e+00
503 9.196e-03 -4.235e-04 1.220e-02 0.000e+00
504 -2.089e-03 1.092e-02 1.316e-03 0.000e+00
505 -9.922e-03 3.488e-03 2.608e-03 0.000e+00
506 1.517e-02 -1.113e-02 2.939e-03 0.000e+00
507 -7.505e-03 -1.241e-02 -9.303e-03 0.000e+00
508 -8.817e-03 6.024e-03 -8.700e-04 0.000e+00
509 -3.275e-04 -1.264e-02 9.090e-03 0.000e+00
510 1.522e-02 1.021e-02 -9.436e-03 0.000e+00
511 -4.086e-03 -1.282e-02 8.628e-04 0.000e+00
512 -1.139e-02 -1.804e-03 -4.170e-03 0.000e+00
513 1.419e-03 -1.033e-02 -2.353e-03 0.000e+00
514 4.877e-03 -8.451e-03 -4.504e-03 0.000e+00
515 -1.181e-03 -1.189e-02 -1.701e-02 0.000e+00
516 -5.008e-03 -1.313e-02 2.744e-03 0.000e+00
517 4.052e-03 -1.872e-03 6.521e-03 0.000e+00
518 4.296e-03 7.293e-03 -5.390e-03 0.000e+00
519 -3.743e-03 1.103e-02 -9.042e-04 0.000e+00
520 -8.622e-04 -8.872e-03 2.759e-03 0.000e+00
521 7.468e-03 1.017e-02 -1.146e-03 0.000e+00
522 6.311e-03 1.815e-03 7.163e-03 0.000e+00
523 -1.851e-04 1.238e-02 -5.540e-03 0.000e+00
524 -6.780e-03 -7.676e-03 5.549e-03 0.000e+00
525 1.594e-03 7.816e-03 1.739e-03 0.000e+00
526 -8.116e-03 1.187e-03 -1.363e-02 0.000e+00
527 -3.391e-04 -7.504e-03 1.006e-02 0.000e+00
528 -5.071e-03 5.154e-03 6.687e-03 0.000e+00
529 6.644e-03 1.529e-02 1.861e-03 -7.578e+01
530 -1.532e-04 -1.113e-02 -5.577e-03 0.000e+00
531 5.099e-03 3.220e-03 1.245e-03 0.000e+00
532 -1.143e-02 2.839e-03 6.625e-03 0.000e+00
533 -8.131e-03 -1.133e-02 -4.606e-03 0.000e+00
534 9.931e-04 -1.237e-02 4.165e-03 0.000e+00
535 3.908e-03 -1.323e-02 -5.202e-03 0.000e+00
536 -3.034e-03 -1.997e-03 -8.119e-03 0.000e+00
537 5.162e-03 -1.075e-02 3.615e-03 0.000e+00
538 -7.960e-03 -1.292e-02 -2.657e-03 0.000e+00
539 -8.550e-03 5.379e-03 1.634e-02 0.000e+00
540 -3.318e-03 1.021e-02 -2.920e-03 0.000e+00
541 1.265e-02 3.948e-03 -7.652e-03 0.000e+00
542 -1.105e-03 1.430e-02 1.534e-02 -9.304e+01
543 -8.179e-03 -9.011e-03 5.816e-04 0.000e+00
544 4.484e-03 6.482e-03 8.892e-03 0.000e+00
545 9.194e-03 -1.346e-02 -6.730e-03 0.000e+00
546 4.875e-03 -1.204e-02 -2.112e-05 0.000e+00
547 5.197e-03 -1.339e-02 -9.028e-03 0.000e+00
548 -1.361e-03 8.487e-03 1.989e-02 0.000e+00
549 1.005e-02 -9.704e-03 -6.497e-03 0.000e+00
550 -6.469e-03 5.554e-03 -1.000e-02 0.000e+00
551 1.484e-02 9.993e-03 -9.246e-03 0.000e+00
552 1.602e-02 5.880e-03 -8.858e-03 0.000e+00
553 9.017e-03 3.202e-03 -7.871e-03 0.000e+00
554 2.082e-02 6.148e-03 -3.545e-03 0.000e+00
555 4.520e-04 7.140e-03 8.818e-04 0.000e+00
556 1.148e-02 6.596e-03 1.094e-02 0.000e+00
557 -4.201e-03 1.890e-02 -1.925e-03 -9.438e+00
558 1.001e-02 -1.112e-04 1.474e-02 0.000e+00
559 9.223e-04 3.865e-03 -7.326e-03 0.000e+00
560 1.159e-02 3.078e-03 -2.471e-03 0.000e+00
561 -5.645e-04 -3.739e-04 2.295e-04 0.000e+00
562 7.785e-03 1.126e-02 -8.852e-03 0.000e+00
563 1.385e-02 -1.345e-02 -8.198e-03 0.000e+00
564 -4.959e-04 1.455e-03 5.987e-03 0.000e+00
565 -4.559e-03 -1.255e-02 -1.261e-03 0.000e+00
566 -6.477e-03 -1.163e-02 3.375e-03 0.000e+00
567 -9.963e-03 -1.266e-02 -1.375e-02 0.000e+00
568 8.413e-03 1.379e-02 -1.041e-03 0.000e+00
569 1.165e-03 1.431e-02 7.873e-03 3.538e+01
570 -5.905e-03 5.810e-03 7.660e-03 0.000e+00
571 4.203e-03 4.685e-03 7.289e-03 0.000e+00
572 5.701e-03 1.554e-02 -8.431e-03 1.365e+01
573 1.389e-02 9.871e-03 6.351e-04 0.000e+00
574 2.155e-02 -1.199e-02 1.339e-02 0.000e+00
575 -1.907e-03 -1.277e-03 1.216e-03 0.000e+00
576 3.577e-03 7.444e-03 1.005e-02 0.000e+00
577 2.748e-03 4.523e-03 5.743e-03 0.000e+00
578 6.952e-03 -8.651e-03 9.345e-03 0.000e+00
579 1.783e-03 -2.189e-03 6.924e-03 0.000e+00
580 2.680e-02 -1.322e-02 -1.007e-02 0.000e+00
581 -2.986e-03 -9.749e-03 2.501e-03 0.000e+00
582 -3.532e-03 -8.227e-03 4.233e-03 0.000e+00
583 7.286e-03 1.706e-02 -1.638e-04 3.097e+00
584 5.171e-03 -1.169e-02 7.661e-05 0.000e+00
585 -7.044e-03 4.859e-03 -1.263e-02 0.000e+00
586 -6.795e-03 -7.321e-04 -1.174e-03 0.000e+00
587 -1.017e-02 5.614e-03 -6.119e-03 0.000e+00
588 7.723e-03 1.293e-02 1.206e-02 0.000e+00
589 1.586e-03 2.755e-03 -1.479e-03 0.000e+00
590 2.094e-02 1.455e-02 8.487e-04 6.204e+01
591 3.994e-03 2.810e-03 -3.867e-03 0.000e+00
592 -6.893e-03 5.245e-03 -2.330e-03 0.000e+00
593 1.071e-02 -2.357e-03 8.950e-03 0.000e+00
594 -3.313e-03 1.144e-03 2.266e-03 0.000e+00
595 -1.247e-02 1.510e-03 8.743e-03 0.000e+00
596 -3.098e-03 -5.378e-03 7.369e-03 0.000e+00
597 7.354e-03 -1.161e-02 1.414e-02 0.000e+00
598 9.876e-03 -1.238e-02 3.231e-03 0.000e+00
599 3.010e-03 -9.267e-03 2.942e-03 0.000e+00
600 -5.157e-03 -1.216e-02 1.089e-02 0.000e+00
601 -7.478e-03 -1.317e-02 5.135e-03 0.000e+00
602 4.677e-03 -7.498e-03 -2.542e-03 0.000e+00
603 -9.266e-04 1.130e-02 1.021e-02 0.000e+00
604 -5.127e-03 -2.274e-03 -1.450e-02 0.000e+00
605 -2.723e-04 2.434e-03 -1.628e-02 0.000e+00
606 -9.989e-03 -1.022e-02 5.162e-03 0.000e+00
607 -3.919e-03 -7.435e-03 -1.039e-02 0.000e+00
608 1.160e-02 3.581e-03 4.004e-03 0.000e+00
609 -4.039e-03 6.578e-03 -3.773e-03 0.000e+00
610 3.515e-03 -8.557e-03 -9.470e-03 0.000e+00
611 -1.056e-02 -1.218e-02 3.706e-03 0.000e+00
612 -9.669e-04 -1.142e-02 -1.399e-02 0.000e+00
613 2.268e-03 2.761e-03 3.358e-03 0.000e+00
614 1.473e-03 -1.198e-02 -7.708e-03 0.000e+00
615 9.308e-03 1.199e-02 7.965e-03 0.000e+00
616 2.216e-03 5.575e-03 -9.373e-03 0.000e+00
617 -1.991e-02 -1.263e-02 1.356e-02 0.000e+00
618 -8.281e-03 7.057e-03 4.226e-03 0.000e+00
619 -8.065e-03 -2.261e-03 -1.290e-03 0.000e+00
620 -5.856e-03 -2.415e-03 1.716e-02 0.000e+00
621 4.609e-03 -9.242e-03 8.670e-03 0.000e+00
622 5.257e-03 -1.105e-02 5.445e-03 0.000e+00
623 -4.825e-03 1.020e-02 -1.072e-02 0.000e+00
624 -7.769e-04 1.916e-02 -4.817e-03 -5.939e+01
625 -7.746e-03 -1.062e-02 -9.736e-03 0.000e+00
626 4.403e-03 2.639e-03 1.025e-02 0.000e+00
627 -1.004e-02 9.256e-03 -8.774e-03 0.000e+00
628 3.562e-03 6.467e-03 4.237e-03 0.000e+00
629 -9.718e-03 -1.260e-02 1.171e-02 0.000e+00
630 1.737e-03 7.814e-03 -1.044e-03 0.000e+00
631 1.301e-02 6.524e-03 -9.478e-03 0.000e+00
632 -3.018e-03 -1.334e-02 1.921e-02 0.000e+00
633 1.902e-03 1.033e-04 -2.777e-03 0.000e+00
634 -6.824e-03 1.532e-02 1.874e-02 7.106e+00
635 3.261e-03 -1.169e-02 3.811e-03 0.000e+00
636 1.207e-02 -8.853e-03 -3.067e-04 0.000e+00
637 1.477e-03 5.213e-03 -5.469e-03 0.000e+00
638 3.061e-03 -3.190e-03 -1.042e-02 0.000e+00
639 -1.011e-02 -1.086e-02 -1.429e-03 0.000e+00
640 2.243e-03 -9.153e-03 -2.747e-04 0.000e+00
641 -8.728e-03 -1.268e-02 2.135e-03 0.000e+00
642 -1.641e-02 -1.130e-02 -3.526e-03 0.000e+00
643 1.379e-02 -9.592e-04 -2.619e-03 0.000e+00
644 -2.041e-03 -1.336e-02 7.874e-03 0.000e+00
645 9.614e-04 -8.086e-03 1.616e-03 0.000e+00
646 -9.099e-04 2.109e-03 4.487e-03 0.000e+00
647 1.185e-02 4.094e-03 1.325e-02 0.000e+00
648 -1.435e-03 -1.342e-02 2.921e-04 0.000e+00
649 9.962e-04 -1.034e-02 -3.846e-04 0.000e+00
650 -7.412e-03 -1.213e-02 -1.529e-02 0.000e+00
651 1.848e-03 9.420e-03 8.389e-03 0.000e+00
652 -1.649e-03 -3.476e-03 -9.442e-04 0.000e+00
653 3.481e-03 3.810e-03 -8.496e-03 0.000e+00
654 -2.221e-02 -1.351e-02 -7.927e-03 0.000e+00
655 -2.827e-03 -1.151e-02 5.431e-03 0.000e+00
656 3.007e-03 1.132e-02 -2.351e-03 0.000e+00
657 5.596e-03 2.024e-02 2.119e-03 -5.788e+01
658 -2.855e-03 1.927e-02 3.024e-03 3.084e+01
659 -2.035e-03 -1.221e-02 -1.479e-02 0.000e+00
660 1.543e-03 8.145e-03 8.448e-03 0.000e+00
661 -4.177e-03 1.179e-02 1.689e-03 0.000e+00
662 -1.427e-03 -1.251e-02 1.004e-02 0.000e+00
663 -8.793e-03 1.092e-02 -1.752e-02 0.000e+00
664 4.792e-03 5.746e-03 9.275e-03 0.000e+00
665 -2.867e-03 -1.047e-02 1.875e-03 0.000e+00
666 -7.098e-03 -1.205e-02 -2.108e-02 0.000e+00
667 -1.518e-02 2.255e-02 -1.283e-02 5.549e+01
668 -8.560e-03 6.556e-03 -1.332e-02 0.000e+00
669 -6.637e-03 3.853e-04 -1.316e-02 0.000e+00
670 9.542e-04 -1.265e-02 7.126e-03 0.000e+00
671 -6.044e-03 -1.182e-02 2.254e-03 0.000e+00
672 4.085e-03 -1.041e-02 -1.252e-03 0.000e+00
673 -2.569e-03 -1.048e-02 6.194e-04 0.000e+00
674 -2.180e-03 6.713e-03 -1.779e-03 0.000e+00
675 1.882e-04 -3.386e-04 7.505e-03 0.000e+00
676 -5.336e-03 -1.234e-02 9.768e-03 0.000e+00
677 2.901e-03 -1.172e-02 -5.661e-03 0.000e+00
678 -5.657e-03 -7.166e-03 1.762e-02 0.000e+00
679 1.006e-03 -1.271e-02 4.032e-03 0.000e+00
680 -1.022e-02 1.380e-02 1.206e-02 0.000e+00
681 -7.775e-03 8.350e-04 -3.038e-03 0.000e+00
682 -1.906e-02 -1.832e-03 9.665e-05 0.000e+00
683 3.149e-03 5.336e-03 -9.743e-03 0.000e+00
684 -1.603e-02 -1.202e-02 8.047e-03 0.000e+00
685 -4.035e-03 -1.165e-02 7.491e-04 0.000e+00
686 -2.748e-03 5.054e-03 -2.152e-03 0.000e+00
687 -1.293e-02 1.127e-02 -5.151e-03 0.000e+00
688 -5.602e-03 -9.917e-03 -1.762e-03 0.000e+00
689 -1.772e-02 -9.912e-03 4.309e-03 0.000e+00
690 -1.568e-02 -1.038e-02 -4.207e-03 0.000e+00
691 -1.365e-03 7.627e-03 6.850e-03 0.000e+00
692 4.932e-03 -1.251e-02 4.719e-03 0.000e+00
693 -9.407e-03 3.082e-03 3.788e-03 0.000e+00
694 -6.432e-03 1.042e-02 1.762e-03 0.000e+00
695 5.640e-04 2.140e-02 -1.589e-03 7.005e+01
696 1.207e-02 3.484e-03 3.466e-03 0.000e+00
697 -8.397e-04 9.274e-03 7.914e-03 0.000e+00
698 4.366e-03 -9.120e-03 -1.890e-02 0.000e+00
699 -1.110e-02 4.348e-03 -1.858e-03 0.000e+00
700 9.271e-03 1.873e-02 -4.763e-03 -8.333e+01
701 -1.453e-02 6.518e-03 -1.846e-02 0.000e+00
702 -1.289e-02 -8.749e-03 1.104e-02 0.000e+00
703 1.719e-03 5.645e-03 1.717e-04 0.000e+00
704 -6.012e-03 -1.265e-02 8.924e-03 0.000e+00
705 7.078e-03 -1.285e-02 -8.185e-03 0.000e+00
706 -1.307e-02 2.795e-03 6.142e-03 0.000e+00
707 -2.735e-04 -9.875e-03 -1.971e-02 0.000e+00
708 -1.738e-03 -1.221e-02 1.288e-02 0.000e+00
709 2.196e-03 4.936e-03 1.141e-02 0.000e+00
710 1.960e-03 -3.024e-03 9.402e-03 0.000e+00
711 -3.805e-03 -6.194e-03 -1.347e-02 0.000e+00
712 -5.833e-03 8.380e-03 -6.076e-03 0.000e+00
713 4.389e-03 1.503e-03 -5.505e-03 0.000e+00
714 -3.505e-03 1.227e-02 7.072e-03 0.000e+00
715 2.485e-03 5.965e-03 -4.702e-03 0.000e+00
716 -1.310e-02 -8.623e-03 4.951e-03 0.000e+00
717 -5.651e-03 2.120e-03 8.684e-03 0.000e+00
718 5.804e-03 1.371e-02 5.362e-03 0.000e+00
719 1.997e-03 -1.355e-02 7.963e-03 0.000e+00
720 7.261e-03 -1.195e-02 -1.765e-03 0.000e+00
721 -2.122e-03 4.395e-03 -1.003e-02 0.000e+00
722 1.286e-02 6.485e-03 1.303e-03 0.000e+00
723 1.382e-02 -1.481e-03 -4.040e-03 0.000e+00
724 8.220e-03 1.065e-02 1.932e-03 0.000e+00
725 7.822e-03 8.078e-03 -1.427e-02 0.000e+00
726 1.534e-02 -1.107e-02 -8.946e-03 0.000e+00
727 1.632e-02 -3.422e-04 -1.703e-02 0.000e+00
728 2.282e-02 5.726e-03 4.740e-03 0.000e+00
729 4.207e-02 -3.466e-03 -2.431e-03 0.000e+00
730 5.485e-02 -9.573e-03 2.747e-03 0.000e+00
731 4.033e-02 1.873e-02 1.476e-02 -1.322e+01
732 7.282e-02 1.303e-02 -3.599e-03 0.000e+00
733 7.686e-02 1.573e-02 1.166e-02 5.346e+00
734 1.073e-01 1.654e-02 1.603e-03 2.349e+01
735 1.404e-01 6.755e-03 9.622e-03 0.000e+00
736 1.893e-01 -3.352e-03 2.731e-04 0.000e+00
737 1.977e-01 -1.286e-02 3.833e-03 0.000e+00
738 2.309e-01 1.334e-02 4.169e-03 0.000e+00
739 2.392e-01 3.830e-03 -1.820e-02 0.000e+00
740 2.680e-01 5.509e-02 -7.365e-03 -2.903e+01
741 2.915e-01 4.233e-02 -1.347e-02 -3.052e+01
742 2.887e-01 4.759e-02 -1.246e-02 -2.005e+01
743 2.970e-01 5.758e-02 -3.009e-02 -1.569e+01
744 3.165e-01 6.238e-02 -3.581e-02 -1.628e+01
745 3.090e-01 5.739e-02 -3.526e-02 -1.175e+01
746 3.101e-01 4.864e-02 -4.020e-02 -1.600e+01
747 3.086e-01 3.471e-02 -2.875e-02 -9.854e+00
748 2.866e-01 4.629e-02 -2.234e-02 -8.977e+00
749 2.863e-01 4.117e-02 -4.255e-02 -1.499e+01
750 2.842e-01 3.974e-02 -3.763e-02 -2.622e+01
751 2.834e-01 1.431e-02 -2.823e-02 -4.410e+01
752 2.549e-01 1.094e-02 -1.257e-02 0.000e+00
753 2.531e-01 1.176e-02 -2.259e-02 0.000e+00
754 2.394e-01 -7.800e-03 -5.990e-03 0.000e+00
755 2.218e-01 1.295e-02 -3.324e-03 0.000e+00
756 2.083e-01 -1.323e-02 1.833e-02 0.000e+00
757 1.825e-01 2.170e-02 4.013e-02 -8.616e+01
758 1.892e-01 -4.249e-03 3.381e-02 0.000e+00
759 1.701e-01 1.283e-02 4.902e-02 0.000e+00
760 1.701e-01 5.346e-03 6.127e-02 0.000e+00
761 1.600e-01 2.058e-03 6.480e-02 0.000e+00
762 1.439e-01 8.501e-03 7.790e-02 0.000e+00
763 1.598e-01 -2.177e-03 8.073e-02 0.000e+00
764 1.370e-01 9.189e-03 8.377e-02 0.000e+00
765 1.359e-01 3.534e-02 6.391e-02 -1.903e+01
766 1.247e-01 3.273e-02 8.113e-02 -1.252e+01
767 1.264e-01 4.611e-02 7.262e-02 -2.072e+01
768 1.130e-01 4.020e-02 7.409e-02 -2.739e+01
769 1.147e-01 5.886e-02 6.946e-02 -3.335e+01
770 1.022e-01 5.640e-02 4.326e-02 -2.575e+01
771 1.055e-01 5.847e-02 5.103e-02 -3.375e+01
772 9.276e-02 9.154e-02 5.301e-02 -4.086e+01
773 9.315e-02 6.656e-02 3.140e-02 -4.361e+01
774 9.783e-02 7.248e-02 2.013e-02 -4.541e+01
775 9.280e-02 5.372e-02 2.353e-02 -4.484e+01
776 8.066e-02 4.454e-02 2.267e-02 -4.652e+01
777 8.425e-02 4.732e-02 2.049e-02 -6.446e+01
778 9.783e-02 6.664e-02 8.775e-04 -6.072e+01
779 1.037e-01 6.058e-02 1.088e-03 -6.531e+01
780 1.084e-01 5.357e-02 -2.489e-03 -6.685e+01
781 1.007e-01 3.964e-02 2.020e-03 -7.291e+01
782 1.222e-01 5.495e-02 2.163e-03 -8.047e+01
783 1.331e-01 6.416e-02 -6.621e-03 -7.553e+01
784 1.608e-01 5.248e-02 -1.188e-02 -8.485e+01
785 1.841e-01 7.323e-02 -1.457e-02 -9.827e+01
786 2.297e-01 8.558e-02 -2.242e-02 -9.638e+01
787 2.674e-01 9.943e-02 -6.549e-03 -1.033e+02
788 3.299e-01 1.070e-01 -1.959e-02 -1.023e+02
789 3.990e-01 1.143e-01 -3.081e-03 -1.053e+02
790 5.310e-01 1.147e-01 -2.553e-03 -1.078e+02
791 7.030e-01 1.148e-01 2.658e-04 -9.974e+01
792 8.821e-01 5.470e-02 6.920e-03 -9.064e+01
793 9.797e-01 8.315e-02 9.117e-03 -5.366e+01
794 1.000e+00 1.022e-01 1.044e-02 -5.366e+01
795 9.510e-01 1.190e-01 -2.789e-02 -5.746e+01
796 8.562e-01 8.751e-02 -3.445e-02 -6.611e+01
797 8.057e-01 7.661e-02 -1.598e-02 -7.526e+01
798 6.800e-01 5.082e-02 -5.042e-03 -8.351e+01
799 5.905e-01 4.063e-02 -7.801e-03 -8.503e+01
800 5.116e-01 2.842e-02 5.194e-03 -9.690e+01
801 4.311e-01 3.337e-02 5.389e-03 -1.027e+02
802 3.797e-01 2.109e-02 1.223e-02 -1.017e+02
803 3.266e-01 1.211e-02 8.161e-03 0.000e+00
804 2.606e-01 -1.288e-02 8.237e-03 0.000e+00
805 1.902e-01 3.231e-02 -1.289e-03 -4.832e+01
806 1.333e-01 2.532e-02 -5.072e-03 -5.299e+01
807 1.203e-01 3.796e-02 -1.918e-03 -4.455e+01
808 7.561e-02 5.140e-02 3.520e-03 -4.457e+01
809 7.517e-02 5.635e-02 4.836e-03 -4.153e+01
810 5.653e-02 5.296e-02 9.346e-03 -4.179e+01
811 4.643e-02 4.684e-02 -4.514e-04 -5.220e+01
812 5.854e-02 4.179e-02 -2.134e-04 -3.395e+01
813 3.101e-02 3.507e-02 1.154e-02 -5.637e+01
814 2.929e-02 3.372e-02 -9.808e-03 -4.157e+01
815 2.878e-02 2.342e-02 3.259e-03 -3.852e+01
816 2.725e-02 1.645e-02 1.891e-03 -6.618e+01
817 3.434e-02 -1.267e-02 -8.119e-03 0.000e+00
818 1.287e-02 5.922e-03 -5.748e-03 0.000e+00
819 2.304e-02 6.044e-04 9.571e-04 0.000e+00
820 1.366e-02 1.076e-02 9.632e-03 0.000e+00
821 2.024e-02 7.163e-03 1.091e-02 0.000e+00
822 1.364e-02 7.770e-03 -1.013e-02 0.000e+00
823 -2.616e-03 -1.210e-02 -1.043e-02 0.000e+00
824 -2.638e-03 -8.558e-03 -8.801e-03 0.000e+00
825 1.081e-02 2.412e-03 9.390e-03 0.000e+00
826 3.622e-05 -1.354e-02 9.447e-03 0.000e+00
827 1.454e-02 -1.170e-02 4.542e-03 0.000e+00
828 -6.220e-03 1.412e-02 -1.112e-02 -5.907e+01
829 3.686e-03 6.788e-03 4.438e-03 0.000e+00
830 -1.370e-04 2.449e-03 -1.217e-03 0.000e+00
831 9.721e-03 2.632e-02 1.331e-02 -6.137e+01
832 1.483e-03 -2.148e-03 -8.145e-03 0.000e+00
833 5.965e-03 6.465e-04 -5.027e-03 0.000e+00
834 1.526e-02 -1.192e-02 7.476e-03 0.000e+00
835 4.725e-03 -1.207e-02 1.207e-02 0.000e+00
836 5.199e-03 -1.327e-02 -8.994e-03 0.000e+00
837 8.167e-03 -1.317e-02 -4.270e-03 0.000e+00
838 8.992e-03 -1.211e-02 4.294e-03 0.000e+00
839 1.718e-03 -1.186e-02 -6.653e-03 0.000e+00
840 -1.551e-03 1.904e-03 3.119e-03 0.000e+00
841 1.261e-02 -2.807e-03 3.327e-03 0.000e+00
842 1.539e-03 6.718e-04 -4.302e-03 0.000e+00
843 1.582e-03 6.388e-03 4.303e-03 0.000e+00
844 7.580e-03 8.932e-03 8.777e-03 0.000e+00
845 -2.535e-03 1.692e-03 -6.322e-03 0.000e+00
846 -4.029e-03 -1.259e-03 -7.844e-03 0.000e+00
847 1.159e-02 4.636e-03 1.645e-02 0.000e+00
848 8.390e-03 -1.048e-02 -8.011e-04 0.000e+00
849 1.125e-02 4.553e-03 -7.788e-05 0.000e+00
850 2.007e-02 -9.439e-03 8.988e-03 0.000e+00
851 -2.085e-03 -1.314e-02 1.078e-02 0.000e+00
852 -2.264e-03 -8.166e-03 2.136e-02 0.000e+00
853 6.144e-03 -1.313e-02 5.927e-03 0.000e+00
854 1.128e-02 9.167e-03 5.682e-06 0.000e+00
855 4.334e-03 -1.334e-02 1.557e-02 0.000e+00
856 2.671e-02 -4.597e-04 1.206e-02 0.000e+00
857 6.915e-03 -1.056e-02 4.689e-04 0.000e+00
858 8.022e-03 8.043e-03 -1.467e-02 0.000e+00
859 3.977e-03 -1.258e-02 -3.573e-03 0.000e+00
860 -1.371e-03 1.718e-03 -3.718e-03 0.000e+00
861 2.306e-02 4.928e-03 3.825e-03 0.000e+00
862 -6.877e-03 3.821e-03 1.258e-03 0.000e+00
863 -2.933e-03 8.768e-03 -9.730e-03 0.000e+00
864 -1.069e-04 -1.251e-02 1.789e-02 0.000e+00
865 6.352e-03 -1.315e-02 -1.761e-02 0.000e+00
866 1.422e-02 1.357e-02 -1.279e-03 0.000e+00
867 1.404e-02 2.065e-02 -5.506e-03 -4.690e+01
868 -8.966e-03 -1.067e-02 -3.473e-03 0.000e+00
869 -7.422e-03 -8.753e-03 -3.030e-03 0.000e+00
870 1.726e-02 2.865e-03 -5.249e-03 0.000e+00
871 4.892e-03 -8.743e-03 -1.304e-02 0.000e+00
872 4.380e-03 7.619e-03 -3.893e-03 0.000e+00
873 1.251e-02 6.620e-03 2.330e-03 0.000e+00
874 5.848e-03 9.665e-04 3.183e-03 0.000e+00
875 -1.094e-03 -6.673e-03 1.114e-03 0.000e+00
876 2.547e-03 8.607e-05 -2.306e-04 0.000e+00
877 1.036e-02 1.246e-02 -9.944e-03 0.000e+00
878 2.551e-03 1.150e-02 9.209e-03 0.000e+00
879 1.340e-02 5.942e-03 -8.959e-03 0.000e+00
880 1.271e-02 -1.259e-02 -5.038e-03 0.000e+00
881 1.139e-02 9.739e-03 -5.923e-03 0.000e+00
882 -6.986e-04 1.896e-02 2.590e-03 5.744e+01
883 6.981e-03 1.306e-02 -8.916e-04 0.000e+00
884 7.287e-03 7.615e-03 -5.670e-03 0.000e+00
885 -5.944e-04 -1.113e-02 5.510e-03 0.000e+00
886 9.320e-03 -1.308e-02 6.529e-03 0.000e+00
887 9.744e-03 -1.226e-02 1.178e-02 0.000e+00
888 1.100e-02 -1.654e-03 -9.998e-03 0.000e+00
889 7.949e-03 -5.586e-04 2.718e-03 0.000e+00
890 -9.848e-03 5.813e-04 1.686e-02 0.000e+00
891 1.003e-02 -1.265e-02 -2.148e-03 0.000e+00
892 -1.018e-03 -2.499e-03 4.560e-03 0.000e+00
893 -3.941e-03 1.428e-03 -2.952e-03 0.000e+00
894 7.643e-03 6.308e-03 9.369e-03 0.000e+00
895 2.189e-03 2.248e-03 -6.671e-03 0.000e+00
896 5.597e-03 -1.178e-02 2.995e-03 0.000e+00
897 8.977e-03 -1.101e-02 1.841e-03 0.000e+00
898 -8.986e-03 -1.337e-02 -8.596e-03 0.000e+00
899 1.514e-02 -7.465e-03 5.472e-03 0.000e+00
900 7.044e-03 1.299e-02 -3.493e-03 0.000e+00
901 1.782e-02 -1.321e-02 -1.188e-02 0.000e+00
902 -8.269e-03 -1.120e-02 1.167e-03 0.000e+00
903 5.519e-03 -1.218e-02 5.051e-03 0.000e+00
904 3.899e-03 1.064e-02 5.107e-03 0.000e+00
905 1.148e-02 9.990e-05 -1.166e-02 0.000e+00
906 2.382e-03 -1.221e-02 2.377e-03 0.000e+00
907 -2.001e-04 2.929e-03 -2.554e-03 0.000e+00
908 9.494e-03 8.138e-03 -9.284e-03 0.000e+00
909 3.721e-03 -1.273e-02 3.266e-03 0.000e+00
910 1.074e-02 -1.161e-02 -7.396e-03 0.000e+00
911 -1.355e-03 -8.014e-03 -5.660e-03 0.000e+00
912 1.318e-02 -1.131e-02 1.702e-03 0.000e+00
913 2.212e-03 1.296e-02 -7.701e-03 0.000e+00
914 8.940e-03 5.209e-03 6.637e-03 0.000e+00
915 6.698e-03 -1.234e-02 7.119e-03 0.000e+00
916 1.876e-02 -1.232e-02 5.511e-03 0.000e+00
917 9.598e-03 -1.219e-02 -7.879e-03 0.000e+00
918 8.226e-03 -1.113e-02 1.275e-02 0.000e+00
919 6.972e-03 4.949e-03 1.762e-02 0.000e+00
920 3.462e-03 -1.142e-02 8.454e-03 0.000e+00
921 -3.068e-03 4.343e-03 4.842e-03 0.000e+00
922 -1.906e-02 -1.261e-02 -1.813e-03 0.000e+00
923 -2.751e-04 2.637e-03 -2.224e-03 0.000e+00
924 -5.014e-03 1.151e-03 -6.964e-03 0.000e+00
925 8.176e-03 1.469e-02 1.473e-02 -4.936e+01
926 -1.524e-03 1.573e-02 5.878e-03 -5.649e+01
927 1.069e-02 1.285e-02 2.124e-04 0.000e+00
928 1.108e-02 -1.314e-02 6.019e-03 0.000e+00
929 -1.236e-02 9.085e-03 -3.802e-03 0.000e+00
930 1.048e-02 1.843e-02 1.750e-03 1.130e+01
931 -5.132e-03 3.598e-03 1.855e-02 0.000e+00
932 3.900e-03 -1.345e-02 1.038e-02 0.000e+00
933 1.734e-02 -1.054e-02 6.281e-03 0.000e+00
934 1.120e-02 4.293e-03 9.604e-03 0.000e+00
935 -4.740e-04 -1.286e-02 -7.134e-03 0.000e+00
936 2.490e-02 5.410e-03 -1.609e-02 0.000e+00
937 1.672e-02 5.342e-03 2.607e-03 0.000e+00
938 1.207e-04 -7.155e-03 -3.558e-03 0.000e+00
939 -3.276e-03 -1.304e-02 -8.250e-03 0.000e+00
940 -1.940e-03 -1.063e-02 1.424e-02 0.000e+00
941 6.312e-03 1.155e-02 -2.567e-03 0.000e+00
942 1.644e-02 4.177e-03 -1.526e-02 0.000e+00
943 4.759e-03 -6.884e-03 8.781e-03 0.000e+00
944 1.041e-02 -1.074e-02 -8.731e-03 0.000e+00
945 1.077e-02 1.637e-02 1.618e-02 5.609e+01
946 1.567e-03 -1.355e-02 -2.667e-03 0.000e+00
947 2.925e-03 6.295e-03 -1.263e-02 0.000e+00
948 -7.698e-03 -2.925e-04 3.632e-03 0.000e+00
949 -2.096e-02 2.483e-03 -8.763e-03 0.000e+00
950 1.068e-02 -1.280e-02 4.009e-03 0.000e+00
951 -5.512e-03 -1.134e-02 -2.646e-03 0.000e+00
952 2.033e-02 -1.703e-03 -1.350e-02 0.000e+00
953 -4.051e-03 1.373e-03 -1.483e-02 0.000e+00
954 -1.992e-03 -2.685e-03 1.646e-02 0.000e+00
955 2.118e-03 3.617e-03 -4.884e-03 0.000e+00
956 -8.228e-03 -1.581e-04 -9.305e-06 0.000e+00
957 3.898e-03 -7.068e-04 7.910e-03 0.000e+00
958 -5.440e-03 1.557e-03 3.461e-03 0.000e+00
959 9.217e-03 1.454e-03 6.434e-03 0.000e+00
960 1.091e-02 6.138e-03 -8.164e-03 0.000e+00
961 -7.330e-03 -1.318e-02 -2.081e-04 0.000e+00
962 8.195e-03 -1.176e-02 -5.103e-03 0.000e+00
963 -5.663e-03 -1.049e-02 -8.502e-03 0.000e+00
964 -1.541e-03 -1.299e-02 -2.060e-03 0.000e+00
965 7.213e-03 7.860e-03 -1.752e-03 0.000e+00
966 4.604e-03 -8.626e-03 -1.043e-02 0.000e+00
967 8.507e-03 8.378e-03 1.059e-02 0.000e+00
968 6.521e-03 7.482e-03 -5.509e-03 0.000e+00
969 7.958e-03 -1.267e-02 -1.176e-03 0.000e+00
970 7.925e-04 4.238e-03 -4.532e-03 0.000e+00
971 4.773e-03 1.305e-02 5.394e-03 0.000e+00
972 -1.066e-02 -8.262e-03 6.321e-03 0.000e+00
973 5.575e-03 2.739e-03 1.041e-02 0.000e+00
974 -9.534e-03 6.715e-03 -1.150e-02 0.000e+00
975 1.138e-02 9.575e-03 -9.225e-03 0.000e+00
976 1.646e-02 1.220e-03 -2.159e-02 0.000e+00
977 8.378e-03 -1.236e-02 9.352e-03 0.000e+00
978 1.033e-02 -1.174e-02 -1.322e-02 0.000e+00
979 2.098e-02 1.134e-02 -3.551e-03 0.000e+00
980 -8.238e-04 3.421e-03 5.845e-03 0.000e+00
981 8.125e-03 -5.211e-03 -1.812e-02 0.000e+00
982 6.893e-03 -1.188e-02 -5.554e-03 0.000e+00
983 -1.716e-03 1.093e-02 1.603e-02 0.000e+00
984 9.538e-03 -1.286e-02 8.990e-03 0.000e+00
985 9.061e-03 1.564e-02 -3.768e-03 5.562e+01
986 1.803e-02 -1.331e-02 -1.390e-02 0.000e+00
987 7.665e-04 -1.315e-02 -1.348e-03 0.000e+00
988 -2.116e-03 -4.276e-03 1.287e-03 0.000e+00
989 4.267e-03 8.880e-03 1.323e-02 0.000e+00
990 1.263e-02 1.493e-03 1.302e-03 0.000e+00
991 -8.419e-03 2.510e-03 3.312e-03 0.000e+00
992 2.376e-02 -1.272e-02 1.056e-02 0.000e+00
993 8.894e-03 8.814e-03 -1.847e-03 0.000e+00
994 4.508e-03 -2.397e-03 -9.042e-03 0.000e+00
995 3.519e-03 -1.241e-02 -5.756e-03 0.000e+00
996 1.353e-02 -6.063e-05 1.322e-03 0.000e+00
997 1.210e-03 1.634e-03 8.054e-03 0.000e+00
998 4.189e-03 1.181e-02 1.625e-03 0.000e+00
999 1.257e-02 -1.162e-02 1.035e-03 0.000e+00
1000 1.589e-02 3.213e-03 1.023e-03 0.000e+00
1001 -8.355e-03 -1.220e-02 -8.430e-03 0.000e+00
1002 -2.329e-03 6.474e-03 -2.172e-02 0.000e+00
1003 2.538e-03 5.683e-03 1.251e-02 0.000e+00
1004 7.323e-03 -7.107e-03 8.248e-03 0.000e+00
1005 3.701e-03 2.425e-03 -1.078e-02 0.000e+00
1006 1.216e-02 1.111e-03 -7.743e-03 0.000e+00
1007 -3.542e-03 1.040e-02 -1.560e-02 0.000e+00
1008 1.459e-02 2.764e-02 7.179e-03 -7.673e+01
1009 9.444e-03 -9.459e-03 0.000e+00 0.000e+00
1010 1.745e-02 6.119e-04 2.155e-03 0.000e+00
1011 -5.967e-04 -1.110e-02 -1.552e-02 0.000e+00
1012 9.943e-03 -9.642e-03 -7.212e-03 0.000e+00
1013 1.188e-02 7.278e-03 -1.249e-02 0.000e+00
1014 -5.821e-03 7.942e-03 1.261e-02 0.000e+00
1015 1.203e-02 1.629e-03 5.584e-03 0.000e+00
1016 9.797e-03 -3.635e-03 -1.703e-03 0.000e+00
1017 8.483e-03 -1.255e-02 -1.510e-02 0.000e+00
1018 -4.893e-03 -1.306e-02 4.625e-03 0.000e+00
1019 8.919e-03 3.532e-03 -7.733e-03 0.000e+00
1020 -3.296e-03 -2.513e-03 -2.691e-03 0.000e+00
1021 -2.429e-03 1.760e-02 1.098e-02 4.117e+01
1022 2.472e-02 7.253e-03 -1.909e-02 0.000e+00
1023 3.241e-03 -1.281e-02 1.164e-03 0.000e+00
1024 -1.589e-04 7.770e-04 4.437e-03 0.000e+00
1025 6.700e-03 -1.275e-02 4.617e-03 0.000e+00
1026 1.187e-02 6.435e-03 1.200e-02 0.000e+00
1027 1.796e-02 1.071e-03 3.192e-03 0.000e+00
1028 -5.121e-03 4.048e-03 1.113e-02 0.000e+00
1029 3.432e-03 6.876e-03 -8.675e-03 0.000e+00
1030 1.361e-03 -1.128e-02 -6.712e-03 0.000e+00
1031 -9.463e-03 4.259e-03 5.374e-03 0.000e+00
1032 4.949e-05 1.493e-03 -1.151e-02 0.000e+00
1033 1.918e-02 6.382e-03 -2.394e-03 0.000e+00
1034 5.886e-03 1.842e-02 1.024e-03 2.356e+01
1035 1.158e-02 2.958e-03 2.186e-02 0.000e+00
1036 1.133e-02 7.543e-03 1.361e-03 0.000e+00
1037 -5.628e-03 -1.133e-02 -7.566e-03 0.000e+00
1038 5.656e-03 3.891e-03 -5.578e-03 0.000e+00
1039 4.678e-03 7.479e-03 1.099e-02 0.000e+00
1040 -1.263e-02 2.301e-02 1.935e-02 4.952e+01
1041 4.206e-03 2.213e-02 -1.095e-02 4.575e+01
1042 1.434e-02 2.096e-03 3.177e-03 0.000e+00
1043 4.295e-03 2.837e-03 3.534e-04 0.000e+00
1044 -1.085e-02 1.237e-04 7.918e-03 0.000e+00
1045 -7.646e-03 5.928e-03 -5.863e-03 0.000e+00
1046 7.346e-03 3.579e-03 -4.222e-03 0.000e+00
1047 1.089e-02 1.145e-02 1.820e-02 0.000e+00
1048 7.581e-03 6.372e-03 -4.940e-03 0.000e+00
1049 -9.256e-03 -8.462e-03 -6.026e-04 0.000e+00
1050 8.917e-03 1.368e-02 -7.522e-03 0.000e+00
1051 2.306e-03 8.585e-03 4.506e-03 0.000e+00
1052 3.074e-03 -1.259e-02 -1.424e-02 0.000e+00
1053 9.559e-04 2.056e-03 -2.439e-03 0.000e+00
1054 -9.376e-04 -1.335e-02 -6.465e-03 0.000e+00
1055 -2.042e-02 -1.149e-02 1.075e-02 0.000e+00
1056 -3.422e-03 -1.283e-02 3.358e-03 0.000e+00
1057 -1.973e-03 8.831e-03 3.350e-04 0.000e+00
1058 -2.786e-03 -9.106e-03 7.747e-03 0.000e+00
1059 1.143e-02 5.164e-03 6.875e-03 0.000e+00
1060 1.473e-03 -1.125e-02 -6.269e-03 0.000e+00
1061 7.113e-03 -1.325e-02 1.936e-03 0.000e+00
1062 -6.189e-03 -1.243e-02 -2.929e-03 0.000e+00
1063 1.149e-02 -1.109e-02 8.308e-03 0.000e+00
1064 2.025e-02 1.171e-02 5.407e-03 0.000e+00
1065 -7.105e-03 -1.349e-02 1.357e-02 0.000e+00
1066 5.190e-03 3.870e-03 1.529e-02 0.000e+00
1067 1.394e-02 -1.209e-02 -4.273e-04 0.000e+00
1068 -9.764e-03 -1.311e-02 1.068e-02 0.000e+00
1069 1.561e-02 -1.163e-02 5.724e-03 0.000e+00
1070 1.115e-03 -6.321e-03 -2.693e-03 0.000e+00
1071 9.596e-04 -2.240e-03 1.275e-02 0.000e+00
1072 -1.293e-03 2.677e-03 7.894e-03 0.000e+00
1073 -8.543e-04 1.832e-02 8.723e-04 -3.466e+01
1074 3.656e-03 4.106e-03 -9.554e-03 0.000e+00
1075 -2.506e-03 1.073e-02 7.288e-04 0.000e+00
1076 -3.799e-05 -1.118e-02 -7.623e-03 0.000e+00
1077 -6.567e-03 7.437e-04 5.336e-03 0.000e+00
1078 1.025e-03 5.639e-04 5.028e-03 0.000e+00
1079 -5.939e-03 -1.149e-02 -1.586e-04 0.000e+00
1080 7.277e-05 -1.064e-02 7.772e-04 0.000e+00
1081 -3.430e-03 -1.147e-02 -6.426e-03 0.000e+00
1082 1.250e-02 -1.308e-02 9.913e-03 0.000e+00
1083 -1.213e-02 1.269e-02 -2.275e-02 0.000e+00
1084 6.445e-03 6.054e-03 -1.928e-03 0.000e+00
1085 1.053e-02 -1.173e-02 -9.214e-04 0.000e+00
1086 1.381e-02 -1.315e-02 -7.011e-03 0.000e+00
1087 -3.138e-03 -1.262e-02 3.325e-03 0.000e+00
1088 7.459e-03 7.651e-04 -6.528e-03 0.000e+00
1089 7.016e-03 -6.823e-03 8.127e-03 0.000e+00
1090 3.593e-04 1.124e-02 -3.238e-03 0.000e+00
1091 1.642e-02 1.797e-03 6.435e-03 0.000e+00
1092 4.464e-04 2.980e-03 1.341e-02 0.000e+00
1093 7.522e-03 -1.150e-02 3.080e-03 0.000e+00
1094 1.487e-02 1.698e-02 -6.645e-03 -1.166e+01
1095 4.767e-03 -1.218e-02 -1.573e-02 0.000e+00
1096 -1.164e-02 -6.777e-03 -4.506e-03 0.000e+00
1097 -8.454e-03 6.022e-03 -1.128e-02 0.000e+00
1098 -1.087e-02 1.373e-02 -2.995e-03 0.000e+00
1099 9.601e-03 -5.953e-03 4.106e-03 0.000e+00
1100 7.776e-03 -1.155e-02 2.741e-03 0.000e+00
1101 -2.472e-03 5.790e-03 -2.784e-03 0.000e+00
1102 -3.841e-04 -2.138e-04 6.493e-03 0.000e+00
1103 1.522e-02 -1.052e-02 1.621e-02 0.000e+00
1104 1.156e-02 3.740e-03 1.736e-02 0.000e+00
1105 9.874e-03 0.000e+00 -3.443e-03 0.000e+00
1106 -2.460e-03 8.975e-03 6.516e-03 0.000e+00
1107 7.832e-03 6.777e-03 -2.149e-03 0.000e+00
1108 -2.781e-03 -1.329e-02 -1.749e-02 0.000e+00
1109 1.082e-02 4.154e-03 -4.653e-03 0.000e+00
1110 3.498e-03 -1.150e-02 -8.046e-03 0.000e+00
1111 4.236e-03 6.293e-03 -6.273e-03 0.000e+00
1112 -9.722e-05 -3.419e-04 3.583e-03 0.000e+00
1113 1.781e-03 7.309e-04 -4.231e-03 0.000e+00
1114 7.653e-03 -1.304e-02 5.207e-03 0.000e+00
1115 1.911e-03 -5.166e-03 5.004e-03 0.000e+00
1116 -2.019e-03 -1.153e-02 -1.066e-02 0.000e+00
1117 7.313e-03 5.424e-03 2.904e-03 0.000e+00
1118 1.702e-02 1.119e-02 -3.978e-03 0.000e+00
1119 8.723e-03 4.749e-03 -3.593e-03 0.000e+00
1120 -9.005e-03 1.083e-02 3.081e-03 0.000e+00
1121 9.918e-03 -5.654e-03 -1.151e-02 0.000e+00
1122 1.260e-02 -9.225e-03 -8.811e-03 0.000e+00
1123 1.236e-02 3.712e-03 -9.109e-03 0.000e+00
1124 4.755e-03 2.265e-03 4.116e-03 0.000e+00
1125 1.473e-03 -9.388e-03 8.067e-03 0.000e+00
1126 -5.435e-04 1.217e-02 -1.197e-03 0.000e+00
1127 5.617e-03 -6.327e-03 -1.313e-02 0.000e+00
1128 1.996e-03 -9.006e-03 1.443e-02 0.000e+00
1129 9.509e-03 -1.136e-02 3.402e-03 0.000e+00
1130 5.561e-03 3.759e-03 4.177e-04 0.000e+00
1131 4.595e-04 -1.558e-03 -3.032e-03 0.000e+00
1132 7.665e-03 -1.006e-02 -2.569e-03 0.000e+00
1133 3.895e-03 -1.226e-02 3.085e-03 0.000e+00
1134 1.027e-02 -1.203e-02 -1.415e-02 0.000e+00
1135 -7.793e-04 8.374e-03 -9.265e-03 0.000e+00
1136 -7.190e-03 1.057e-02 -2.209e-03 0.000e+00
1137 1.660e-02 2.726e-03 7.415e-03 0.000e+00
1138 1.471e-02 5.940e-03 -4.474e-03 0.000e+00
1139 -1.515e-02 3.108e-03 3.275e-03 0.000e+00
1140 6.023e-03 -1.232e-02 -1.066e-02 0.000e+00
1141 1.040e-02 -8.325e-03 -3.867e-03 0.000e+00
1142 1.720e-03 -1.311e-02 1.040e-03 0.000e+00
1143 -1.636e-02 -1.033e-02 -2.704e-03 0.000e+00
1144 1.086e-02 -1.010e-02 9.325e-03 0.000e+00
1145 3.420e-03 -1.126e-02 -2.489e-03 0.000e+00
1146 7.300e-03 1.240e-02 6.963e-03 0.000e+00
1147 2.109e-02 1.640e-02 1.554e-03 2.361e+01
1148 4.897e-04 -2.101e-03 3.886e-04 0.000e+00
1149 6.844e-03 4.023e-03 -8.677e-03 0.000e+00
1150 -1.212e-04 -1.285e-02 7.971e-03 0.000e+00
1151 -4.419e-03 8.084e-03 1.082e-03 0.000e+00
1152 -5.300e-04 -1.196e-02 3.684e-03 0.000e+00
1153 -5.549e-03 6.353e-03 7.016e-03 0.000e+00
1154 -7.717e-03 -1.280e-02 4.705e-03 0.000e+00
1155 5.750e-03 4.306e-04 5.242e-03 0.000e+00
1156 -4.332e-03 -6.731e-03 2.445e-02 0.000e+00
1157 1.562e-02 -7.379e-03 4.148e-03 0.000e+00
1158 -1.425e-02 8.059e-03 -4.392e-03 0.000e+00
1159 1.838e-02 2.072e-04 5.035e-03 0.000e+00
1160 2.191e-03 -8.059e-03 3.304e-04 0.000e+00
1161 -1.045e-02 -1.326e-02 -8.687e-03 0.000e+00
1162 -6.173e-03 -1.147e-02 -9.126e-03 0.000e+00
1163 -6.767e-03 -1.277e-02 4.380e-03 0.000e+00
1164 -1.839e-02 -1.342e-02 3.091e-03 0.000e+00
1165 -1.338e-02 -7.908e-03 -1.085e-02 0.000e+00
1166 -2.512e-03 5.292e-03 1.447e-02 0.000e+00
1167 -4.176e-03 1.031e-03 -7.834e-03 0.000e+00
1168 -1.061e-02 -1.096e-02 6.532e-05 0.000e+00
1169 2.582e-03 -1.055e-02 -4.900e-03 0.000e+00
1170 -3.022e-03 -1.346e-02 1.053e-02 0.000e+00
1171 -8.287e-03 4.587e-03 -5.141e-03 0.000e+00
1172 -2.965e-03 1.647e-03 2.338e-02 0.000e+00
1173 -2.059e-04 5.966e-03 1.385e-02 0.000e+00
1174 5.242e-03 5.692e-03 -1.290e-02 0.000e+00
1175 1.714e-02 -8.623e-03 -9.433e-03 0.000e+00
1176 -1.049e-02 -1.239e-02 -8.824e-03 0.000e+00
1177 -3.088e-03 3.910e-03 -1.001e-03 0.000e+00
1178 1.478e-02 -7.144e-03 1.438e-03 0.000e+00
1179 -7.258e-03 -3.694e-03 4.500e-03 0.000e+00
1180 1.247e-02 1.041e-02 4.419e-03 0.000e+00
1181 1.039e-03 -2.765e-03 1.884e-03 0.000e+00
1182 1.787e-02 7.922e-04 -5.692e-03 0.000e+00
1183 -2.841e-03 -1.104e-02 2.250e-03 0.000e+00
1184 -1.191e-02 7.730e-03 -1.608e-03 0.000e+00
1185 2.349e-03 -8.419e-03 -2.586e-04 0.000e+00
1186 -3.389e-03 3.465e-03 5.736e-03 0.000e+00
1187 -3.079e-03 -1.190e-02 6.066e-03 0.000e+00
1188 -1.024e-02 9.490e-03 -1.069e-02 0.000e+00
1189 1.415e-03 1.056e-02 -1.795e-03 0.000e+00
1190 -2.479e-04 6.609e-04 3.989e-04 0.000e+00
1191 -6.419e-03 1.320e-02 1.218e-03 0.000e+00
1192 -7.104e-03 9.614e-03 -1.011e-04 0.000e+00
1193 6.343e-03 1.354e-02 -1.583e-03 0.000e+00
1194 -1.956e-02 9.397e-03 7.412e-03 0.000e+00
1195 -3.419e-03 -1.292e-02 3.304e-03 0.000e+00
1196 8.724e-03 1.078e-02 -3.307e-03 0.000e+00
1197 -2.786e-03 -8.998e-03 -1.653e-02 0.000e+00
1198 -5.139e-03 6.925e-03 1.167e-02 0.000e+00
1199 7.662e-03 -9.524e-03 8.199e-03 0.000e+00
1200 4.152e-03 1.322e-02 1.329e-02 0.000e+00
1201 4.683e-03 -1.275e-02 -8.523e-03 0.000e+00
1202 -4.173e-03 1.625e-02 -3.458e-03 -8.159e+01
1203 1.306e-02 -1.241e-02 -3.558e-03 0.000e+00
1204 -1.241e-02 1.117e-02 -6.426e-04 0.000e+00
1205 -5.009e-03 1.130e-02 -1.022e-02 0.000e+00
1206 -6.815e-04 1.138e-02 -4.493e-03 0.000e+00
1207 -5.229e-03 -8.851e-03 9.048e-03 0.000e+00
1208 2.916e-03 -9.803e-03 6.290e-03 0.000e+00
1209 5.589e-03 5.989e-03 2.786e-03 0.000e+00
1210 2.604e-02 -1.069e-02 4.741e-03 0.000e+00
1211 -8.716e-03 -9.736e-03 -6.052e-04 0.000e+00
1212 -5.029e-03 -8.843e-03 2.503e-03 0.000e+00
1213 -3.627e-03 3.238e-03 -1.101e-04 0.000e+00
1214 5.313e-03 -1.022e-02 3.756e-03 0.000e+00
1215 -1.482e-03 8.154e-03 4.509e-03 0.000e+00
1216 -1.033e-03 3.289e-04 1.872e-02 0.000e+00
1217 1.414e-03 2.617e-03 1.055e-02 0.000e+00
1218 1.042e-02 -1.303e-02 7.276e-03 0.000e+00
1219 1.139e-02 -1.266e-02 4.635e-03 0.000e+00
1220 1.109e-03 -1.245e-02 5.562e-03 0.000e+00
1221 1.394e-02 -1.115e-02 -1.014e-02 0.000e+00
1222 -3.326e-03 -9.915e-03 -2.843e-03 0.000e+00
1223 3.974e-03 -9.867e-03 1.291e-03 0.000e+00
1224 1.238e-03 1.526e-03 6.893e-04 0.000e+00
1225 9.525e-03 2.622e-03 1.350e-02 0.000e+00
1226 6.169e-03 7.807e-03 1.944e-03 0.000e+00
1227 -2.904e-03 -1.027e-03 -6.340e-03 0.000e+00
1228 -1.130e-02 1.631e-02 7.615e-03 -8.442e+01
1229 5.597e-04 7.241e-04 -1.077e-02 0.000e+00
1230 1.817e-02 1.613e-02 1.286e-02 5.564e+00
1231 -4.571e-03 -1.329e-02 1.641e-02 0.000e+00
1232 -1.556e-03 -1.271e-02 -1.183e-02 0.000e+00
1233 -4.696e-03 -1.178e-02 1.936e-03 0.000e+00
1234 1.497e-02 7.450e-03 4.542e-03 0.000e+00
1235 3.492e-03 7.141e-03 -1.771e-03 0.000e+00
1236 1.813e-02 8.381e-03 5.706e-04 0.000e+00
1237 7.233e-03 -1.123e-02 4.251e-04 0.000e+00
1238 -1.485e-03 3.642e-03 -4.726e-03 0.000e+00
1239 1.810e-02 -1.187e-02 -1.501e-03 0.000e+00
1240 -1.044e-02 -9.627e-03 4.695e-03 0.000e+00
1241 1.709e-02 1.319e-02 6.471e-04 0.000e+00
1242 6.886e-03 -1.062e-02 -4.820e-03 0.000e+00
1243 1.501e-02 6.910e-03 -1.533e-03 0.000e+00
1244 -8.459e-03 -1.152e-02 -9.812e-03 0.000e+00
1245 1.001e-02 6.222e-03 -1.667e-02 0.000e+00
1246 -2.458e-03 -8.936e-03 -8.374e-03 0.000e+00
1247 1.372e-02 -1.197e-02 3.842e-03 0.000e+00
1248 -1.018e-02 -1.173e-02 1.620e-02 0.000e+00
1249 3.495e-03 1.404e-03 7.304e-04 0.000e+00
1250 9.773e-03 -9.849e-03 -1.181e-02 0.000e+00
1251 6.065e-03 -1.221e-02 -8.269e-03 0.000e+00
1252 8.219e-03 -8.796e-03 8.730e-03 0.000e+00
1253 1.875e-02 -8.171e-03 1.920e-04 0.000e+00
1254 -4.505e-03 3.378e-03 -1.337e-03 0.000e+00
1255 1.139e-02 8.926e-03 1.173e-02 0.000e+00
1256 1.044e-02 7.609e-03 -6.497e-03 0.000e+00
1257 1.235e-02 2.109e-03 -6.873e-03 0.000e+00
1258 6.159e-03 -9.762e-03 5.851e-03 0.000e+00
1259 1.046e-02 7.242e-03 4.254e-03 0.000e+00
1260 -1.869e-03 1.060e-02 8.025e-03 0.000e+00
1261 1.392e-02 1.695e-02 5.609e-03 5.573e+01
1262 -1.346e-02 -1.024e-03 -1.614e-02 0.000e+00
1263 9.009e-05 -9.392e-03 1.352e-02 0.000e+00
1264 -4.142e-03 -8.753e-03 -8.600e-03 0.000e+00
1265 1.754e-02 9.377e-03 2.043e-02 0.000e+00
1266 6.965e-03 1.576e-02 2.207e-03 -1.020e+02
1267 8.488e-03 -1.310e-03 3.076e-03 0.000e+00
1268 -7.374e-04 -1.010e-02 3.595e-03 0.000e+00
1269 1.294e-02 -1.200e-02 -6.776e-05 0.000e+00
1270 1.075e-02 7.200e-03 7.344e-03 0.000e+00
1271 4.787e-03 -1.158e-02 2.419e-02 0.000e+00
1272 1.375e-02 -1.044e-02 -6.348e-03 0.000e+00
1273 1.291e-02 -1.211e-02 2.252e-03 0.000e+00
1274 6.300e-03 1.075e-02 5.388e-03 0.000e+00
1275 -2.776e-03 1.327e-03 4.392e-03 0.000e+00
1276 1.531e-02 2.990e-03 3.349e-03 0.000e+00
1277 1.849e-02 8.185e-03 -5.163e-03 0.000e+00
1278 1.059e-02 5.420e-03 -4.885e-04 0.000e+00
1279 6.631e-03 -1.235e-02 -1.327e-03 0.000e+00
1280 1.217e-02 2.399e-03 -5.402e-04 0.000e+00
1281 9.895e-03 6.196e-04 -2.856e-03 0.000e+00
1282 1.184e-02 -1.037e-02 7.109e-03 0.000e+00
1283 8.360e-04 6.464e-06 -4.792e-03 0.000e+00
1284 1.135e-02 -3.208e-03 -4.642e-03 0.000e+00
1285 1.663e-02 1.144e-02 -1.111e-02 0.000e+00
1286 1.682e-02 1.756e-02 1.578e-03 -9.649e+01
1287 9.208e-03 4.920e-03 1.462e-03 0.000e+00
1288 2.419e-03 1.271e-03 3.957e-03 0.000e+00
1289 -7.923e-03 8.542e-03 2.741e-03 0.000e+00
1290 -8.324e-03 -1.098e-02 -2.865e-03 0.000e+00
1291 8.884e-03 -1.224e-02 -9.544e-03 0.000e+00
1292 8.484e-03 7.161e-03 -2.009e-02 0.000e+00
1293 6.585e-03 4.706e-04 9.100e-03 0.000e+00
1294 1.270e-03 4.527e-03 -1.198e-02 0.000e+00
1295 6.169e-03 -8.335e-03 6.552e-04 0.000e+00
1296 5.543e-03 -1.304e-02 3.457e-03 0.000e+00
1297 1.569e-02 2.476e-03 9.774e-03 0.000e+00
1298 -4.035e-03 -3.742e-03 -1.851e-03 0.000e+00
1299 1.410e-02 7.458e-03 5.582e-03 0.000e+00
1300 -1.586e-03 -1.294e-02 -1.094e-02 0.000e+00
1301 3.716e-03 6.252e-03 1.178e-03 0.000e+00
1302 4.038e-03 1.311e-02 8.111e-03 0.000e+00
1303 1.118e-02 9.323e-04 7.080e-03 0.000e+00
1304 -9.608e-04 1.078e-02 5.984e-03 0.000e+00
1305 2.510e-03 1.163e-02 -4.078e-03 0.000e+00
1306 3.699e-03 1.262e-02 6.804e-03 0.000e+00
1307 -6.814e-03 -1.270e-02 -3.339e-03 0.000e+00
1308 1.965e-02 -7.747e-03 -5.753e-03 0.000e+00
1309 1.803e-03 9.081e-03 6.368e-03 0.000e+00
1310 4.272e-03 8.382e-03 2.963e-03 0.000e+00
1311 1.068e-02 -8.995e-03 1.431e-02 0.000e+00
1312 2.701e-03 -8.787e-03 -1.092e-03 0.000e+00
1313 -3.637e-03 -7.780e-03 9.594e-05 0.000e+00
1314 6.583e-03 5.098e-03 -9.284e-03 0.000e+00
1315 1.139e-02 9.072e-04 6.673e-03 0.000e+00
1316 6.460e-03 2.558e-03 5.303e-03 0.000e+00
1317 5.077e-03 -8.535e-03 1.822e-03 0.000e+00
1318 1.208e-02 -1.333e-02 8.100e-03 0.000e+00
1319 -1.813e-02 -1.476e-03 1.010e-02 0.000e+00
1320 5.671e-03 -9.221e-03 9.986e-04 0.000e+00
1321 -7.939e-03 7.896e-03 -2.685e-04 0.000e+00
1322 -5.552e-03 7.062e-03 -1.290e-02 0.000e+00
1323 8.213e-03 2.791e-03 -1.022e-02 0.000e+00
1324 2.186e-02 6.088e-03 -1.289e-02 0.000e+00
1325 1.710e-04 9.872e-03 -1.242e-02 0.000e+00
1326 8.946e-03 -9.218e-03 -5.180e-03 0.000e+00
1327 -7.714e-03 -1.325e-02 1.410e-02 0.000e+00
1328 -4.609e-03 -1.690e-03 1.981e-03 0.000e+00
1329 -3.264e-03 1.359e-02 7.295e-03 0.000e+00
1330 1.308e-02 -1.162e-02 -6.104e-03 0.000e+00
1331 -1.113e-03 -7.314e-03 -3.550e-03 0.000e+00
1332 -8.849e-03 -1.247e-02 2.693e-02 0.000e+00
1333 1.606e-02 -1.265e-02 -5.784e-03 0.000e+00
1334 -4.089e-03 1.334e-02 1.625e-02 0.000e+00
1335 1.310e-02 -1.255e-02 -5.198e-03 0.000e+00
1336 3.657e-03 1.542e-02 -7.461e-03 2.838e+01
1337 -1.219e-02 -1.292e-02 -3.887e-03 0.000e+00
1338 -4.677e-03 6.562e-04 3.630e-03 0.000e+00
1339 -2.472e-05 4.660e-04 7.233e-03 0.000e+00
1340 2.296e-03 1.185e-02 -4.316e-03 0.000e+00
1341 2.392e-03 -1.240e-02 5.824e-03 0.000e+00
1342 1.822e-03 -1.263e-02 3.323e-03 0.000e+00
1343 -7.960e-03 3.968e-03 -1.376e-02 0.000e+00
1344 -4.964e-03 -1.294e-02 -2.478e-03 0.000e+00
1345 4.193e-03 4.607e-03 -1.181e-02 0.000e+00
1346 8.858e-03 1.193e-03 9.242e-03 0.000e+00
1347 -3.158e-03 1.012e-02 9.338e-03 0.000e+00
1348 -4.381e-03 -1.846e-03 1.017e-02 0.000e+00
1349 6.144e-03 4.087e-03 1.280e-02 0.000e+00
1350 6.626e-03 -1.160e-02 -1.578e-02 0.000e+00
1351 5.656e-03 -1.198e-02 -4.708e-03 0.000e+00
1352 -2.588e-03 1.096e-02 -1.070e-02 0.000e+00
1353 -1.808e-03 1.600e-03 7.118e-03 0.000e+00
1354 -1.157e-03 3.188e-03 1.124e-03 0.000e+00
1355 9.313e-03 5.335e-04 1.155e-03 0.000e+00
1356 4.017e-03 4.678e-05 7.548e-03 0.000e+00
1357 1.043e-02 4.446e-03 7.850e-03 0.000e+00
1358 8.232e-03 -7.007e-04 -1.456e-02 0.000e+00
1359 1.197e-02 -8.157e-03 -1.941e-03 0.000e+00
1360 4.953e-03 -1.052e-02 6.752e-03 0.000e+00
1361 5.887e-03 -1.260e-02 -3.444e-03 0.000e+00
1362 3.292e-04 5.920e-03 -6.964e-04 0.000e+00
1363 -2.636e-03 9.143e-03 -2.706e-04 0.000e+00
1364 -1.117e-02 -1.145e-02 5.561e-03 0.000e+00
1365 -4.521e-03 1.594e-02 2.883e-03 -9.392e+01
1366 1.125e-02 -6.972e-03 -8.279e-04 0.000e+00
1367 3.007e-03 9.096e-03 -1.031e-02 0.000e+00
1368 -1.145e-02 -8.781e-03 -1.710e-02 0.000e+00
1369 9.424e-03 5.292e-03 2.301e-03 0.000e+00
1370 4.454e-03 1.944e-03 -2.243e-03 0.000e+00
1371 5.451e-03 7.082e-03 8.374e-03 0.000e+00
1372 2.108e-02 -7.410e-03 1.002e-02 0.000e+00
1373 1.734e-02 1.037e-02 -2.939e-03 0.000e+00
1374 9.199e-04 6.319e-03 -1.750e-02 0.000e+00
1375 3.431e-03 4.388e-03 1.488e-02 0.000e+00
1376 7.132e-03 7.898e-03 8.443e-04 0.000e+00
1377 1.976e-02 7.447e-03 1.919e-03 0.000e+00
1378 2.835e-03 -9.393e-03 -2.111e-03 0.000e+00
1379 5.092e-03 6.817e-03 1.398e-02 0.000e+00
1380 2.329e-03 3.914e-03 2.357e-04 0.000e+00
1381 8.986e-03 3.326e-03 -1.423e-02 0.000e+00
1382 2.668e-04 -7.626e-03 4.665e-03 0.000e+00
1383 1.001e-02 -1.178e-02 6.299e-03 0.000e+00
1384 1.341e-02 -8.421e-03 2.948e-03 0.000e+00
1385 -6.968e-03 1.005e-03 -1.604e-02 0.000e+00
1386 2.411e-02 7.219e-03 -3.540e-03 0.000e+00
1387 1.501e-03 -1.276e-02 4.248e-03 0.000e+00
1388 9.873e-03 -7.822e-03 -2.783e-03 0.000e+00
1389 5.470e-03 5.614e-03 -1.248e-03 0.000e+00
1390 1.040e-03 -1.215e-03 4.601e-03 0.000e+00
1391 9.849e-04 -1.248e-02 3.777e-03 0.000e+00
1392 -1.111e-03 2.366e-03 6.744e-03 0.000e+00
1393 5.332e-03 4.032e-03 -4.812e-03 0.000e+00
1394 1.399e-02 -1.033e-02 -9.383e-03 0.000e+00
1395 4.267e-03 -1.318e-02 1.200e-02 0.000e+00
1396 -2.061e-03 -7.259e-05 -2.053e-02 0.000e+00
1397 1.321e-02 9.177e-03 1.269e-02 0.000e+00
1398 4.515e-03 1.091e-02 -2.503e-03 0.000e+00
1399 1.575e-02 -1.177e-02 -1.397e-02 0.000e+00
1400 9.621e-03 -1.153e-02 1.463e-03 0.000e+00
1401 1.066e-02 -9.790e-03 8.656e-03 0.000e+00
1402 3.015e-03 -1.292e-02 1.098e-02 0.000e+00
1403 6.774e-03 -5.900e-03 -6.935e-03 0.000e+00
1404 3.749e-03 2.399e-03 1.878e-03 0.000e+00
1405 4.999e-03 -1.175e-02 -1.654e-03 0.000e+00
1406 1.140e-02 2.401e-03 6.893e-03 0.000e+00
1407 6.959e-04 1.002e-02 1.389e-02 0.000e+00
1408 1.500e-02 2.484e-03 1.377e-03 0.000e+00
1409 6.934e-03 5.024e-04 3.869e-03 0.000e+00
1410 8.891e-03 -1.049e-02 8.511e-03 0.000e+00
1411 4.962e-03 1.302e-02 5.271e-03 0.000e+00
1412 1.124e-02 -1.353e-02 -6.494e-03 0.000e+00
1413 -5.159e-03 -8.036e-03 4.330e-03 0.000e+00
1414 1.475e-03 -1.297e-02 -2.518e-03 0.000e+00
1415 3.032e-04 -9.792e-03 2.146e-02 0.000e+00
1416 1.310e-02 2.195e-03 -7.677e-03 0.000e+00
1417 9.316e-03 5.278e-03 -9.574e-03 0.000e+00
1418 1.888e-02 -1.041e-02 -9.424e-03 0.000e+00
1419 6.226e-03 5.018e-03 5.183e-03 0.000e+00
1420 -4.874e-03 -9.723e-03 -1.317e-02 0.000e+00
1421 1.340e-02 -7.195e-03 7.350e-03 0.000e+00
1422 5.791e-03 -1.218e-02 5.415e-04 0.000e+00
1423 -1.279e-02 -1.051e-02 3.922e-03 0.000e+00
1424 4.437e-03 -1.168e-02 -1.534e-02 0.000e+00
1425 2.116e-03 -1.928e-03 -6.648e-03 0.000e+00
1426 9.226e-03 2.451e-02 3.162e-04 -1.032e+02
1427 -5.717e-03 -1.630e-03 -3.537e-03 0.000e+00
1428 -8.792e-03 -1.310e-02 4.639e-03 0.000e+00
1429 -7.310e-04 -1.229e-02 6.987e-03 0.000e+00
1430 -7.290e-04 -1.254e-02 1.132e-02 0.000e+00
1431 1.606e-02 5.636e-03 -1.782e-02 0.000e+00
1432 -2.552e-03 6.874e-03 4.564e-03 0.000e+00
1433 1.877e-02 5.346e-03 1.110e-02 0.000e+00
1434 1.942e-02 1.307e-02 -1.441e-02 0.000e+00
1435 -1.055e-03 -1.292e-02 9.641e-03 0.000e+00
1436 1.974e-03 4.796e-03 1.790e-02 0.000e+00
1437 7.457e-03 1.128e-02 1.184e-02 0.000e+00
1438 -5.039e-03 2.180e-02 4.608e-03 -3.741e+01
1439 -1.514e-04 1.122e-02 -9.513e-04 0.000e+00
1440 -5.116e-03 -1.196e-02 -1.275e-04 0.000e+00
1441 1.945e-03 1.668e-03 -4.417e-03 0.000e+00
1442 -3.508e-03 -7.246e-03 5.597e-03 0.000e+00
1443 1.597e-02 8.932e-04 -1.664e-02 0.000e+00
1444 5.947e-03 -1.838e-03 1.712e-02 0.000e+00
1445 1.984e-03 3.489e-03 -1.321e-02 0.000e+00
1446 -6.203e-04 1.581e-02 1.634e-02 6.128e+00
1447 5.036e-03 -1.123e-02 -8.478e-03 0.000e+00
1448 -5.485e-03 -1.153e-02 -5.873e-03 0.000e+00
1449 6.399e-04 -2.360e-03 -6.415e-03 0.000e+00
1450 -2.691e-03 -1.243e-02 3.611e-03 0.000e+00
1451 6.959e-03 7.131e-03 -2.197e-03 0.000e+00
1452 -3.838e-03 -5.406e-04 -3.160e-03 0.000e+00
1453 -6.472e-03 -1.103e-02 8.534e-03 0.000e+00
1454 -1.071e-02 -1.268e-02 7.631e-03 0.000e+00
1455 3.224e-03 9.512e-03 2.365e-03 0.000e+00
1456 -1.969e-03 -9.973e-03 -8.398e-03 0.000e+00
1457 -3.048e-03 1.043e-02 -1.690e-02 0.000e+00
1458 -2.077e-04 -1.131e-02 -1.917e-03 0.000e+00
1459 -3.272e-03 -1.318e-02 -3.036e-03 0.000e+00
1460 5.210e-03 1.279e-02 1.150e-02 0.000e+00
1461 -1.757e-02 1.269e-02 -3.934e-03 0.000e+00
1462 -9.888e-03 -3.603e-03 1.188e-03 0.000e+00
1463 5.329e-03 -1.305e-02 -3.378e-03 0.000e+00
1464 -1.194e-03 1.371e-02 -1.397e-02 0.000e+00
1465 -7.836e-03 -1.260e-02 8.645e-03 0.000e+00
1466 -1.411e-02 1.078e-02 -6.237e-03 0.000e+00
1467 1.317e-02 9.024e-03 5.410e-04 0.000e+00
1468 -8.916e-03 2.816e-03 -1.863e-02 0.000e+00
1469 7.214e-03 -1.184e-02 1.194e-02 0.000e+00
1470 -1.283e-02 2.576e-03 4.555e-05 0.000e+00
1471 5.308e-03 -1.266e-02 -3.654e-03 0.000e+00
1472 -1.369e-02 1.158e-02 7.941e-03 0.000e+00
1473 -1.166e-02 -9.995e-03 -1.524e-03 0.000e+00
1474 -5.865e-03 -1.023e-02 -1.392e-03 0.000e+00
1475 -7.355e-03 -1.248e-02 1.490e-03 0.000e+00
1476 1.972e-03 -1.154e-02 -1.028e-02 0.000e+00
1477 3.858e-03 3.754e-03 -5.172e-03 0.000e+00
1478 -1.709e-02 1.449e-02 -5.147e-03 1.754e+01
1479 -7.213e-03 -1.696e-03 -6.457e-03 0.000e+00
1480 -2.262e-03 1.017e-02 1.786e-02 0.000e+00
1481 -3.120e-03 9.614e-03 2.695e-03 0.000e+00
1482 2.880e-03 1.197e-02 -8.109e-03 0.000e+00
1483 -1.200e-02 2.911e-03 1.963e-02 0.000e+00
1484 1.062e-03 2.659e-03 9.467e-03 0.000e+00
1485 -6.185e-03 -8.503e-04 -1.880e-03 0.000e+00
1486 -2.123e-03 6.584e-04 -1.436e-02 0.000e+00
1487 -9.573e-03 -7.946e-03 1.271e-02 0.000e+00
1488 -1.214e-02 2.113e-03 5.503e-03 0.000e+00
1489 -3.106e-03 -5.764e-03 -3.828e-03 0.000e+00
1490 -2.613e-02 -1.275e-02 9.162e-03 0.000e+00
1491 -1.046e-02 6.377e-04 1.239e-02 0.000e+00
1492 -2.692e-02 3.335e-03 -4.337e-03 0.000e+00
1493 1.055e-03 1.618e-02 1.383e-02 -6.657e+01
1494 6.158e-05 -7.571e-03 1.697e-02 0.000e+00
1495 -8.437e-03 -1.043e-02 -1.201e-02 0.000e+00
1496 -6.757e-03 -9.900e-03 8.607e-03 0.000e+00
1497 -1.919e-02 2.431e-03 1.059e-02 0.000e+00
1498 -7.826e-03 1.084e-02 -3.171e-03 0.000e+00
1499 -4.729e-03 5.864e-03 1.384e-02 0.000e+00
1500 -1.971e-03 5.417e-03 2.917e-03 0.000e+00
1501 -1.043e-02 1.493e-03 -6.324e-03 0.000e+00
1502 -1.090e-02 2.054e-02 1.019e-02 1.649e+00
1503 -2.937e-03 -9.306e-03 7.632e-03 0.000e+00
1504 -1.566e-03 1.354e-02 -8.050e-03 0.000e+00
1505 8.607e-03 -1.283e-02 3.793e-04 0.000e+00
1506 -8.722e-03 -1.149e-02 -3.825e-03 0.000e+00
1507 -1.415e-02 7.165e-03 6.309e-03 0.000e+00
1508 -1.619e-02 -1.321e-02 -4.756e-04 0.000e+00
1509 -1.131e-02 6.792e-03 9.777e-03 0.000e+00
1510 -3.091e-03 -1.299e-02 1.632e-02 0.000e+00
1511 -1.801e-02 -1.336e-02 1.547e-02 0.000e+00
1512 -1.044e-03 -2.182e-03 -5.260e-03 0.000e+00
1513 -1.617e-03 2.963e-03 -4.299e-03 0.000e+00
1514 7.432e-03 9.292e-03 -1.014e-02 0.000e+00
1515 -7.689e-03 -1.116e-02 6.860e-04 0.000e+00
1516 1.113e-02 1.083e-02 -5.693e-03 0.000e+00
1517 -1.541e-02 -1.337e-02 6.065e-03 0.000e+00
1518 1.015e-02 1.980e-03 2.345e-03 0.000e+00
1519 -1.403e-03 9.318e-03 -3.388e-03 0.000e+00
1520 -3.871e-03 2.296e-02 2.981e-03 -1.047e+02
1521 -5.068e-03 -9.185e-04 -6.014e-03 0.000e+00
1522 -2.005e-03 -1.267e-02 -1.135e-02 0.000e+00
1523 3.220e-04 -1.231e-02 6.585e-03 0.000e+00
1524 -6.421e-03 -7.104e-03 -7.327e-03 0.000e+00
1525 1.271e-02 -1.201e-02 1.339e-02 0.000e+00
1526 1.057e-02 -1.537e-03 -3.378e-03 0.000e+00
1527 6.742e-03 1.386e-02 -6.774e-03 0.000e+00
1528 3.111e-04 1.391e-02 2.460e-03 -1.005e+02
1529 3.858e-03 5.055e-03 -6.658e-03 0.000e+00
1530 4.255e-03 -2.118e-04 2.133e-04 0.000e+00
1531 7.037e-03 4.832e-04 -1.568e-03 0.000e+00
1532 2.301e-03 5.207e-03 9.498e-03 0.000e+00
1533 1.590e-02 2.052e-04 8.525e-03 0.000e+00
1534 -1.131e-02 8.398e-05 -5.211e-03 0.000e+00
1535 -2.116e-03 1.171e-02 -3.524e-03 0.000e+00
1536 -2.156e-03 8.332e-03 -4.759e-03 0.000e+00
1537 -4.189e-03 4.488e-03 -1.397e-02 0.000e+00
1538 -1.428e-02 -5.749e-03 3.299e-03 0.000e+00
1539 -8.807e-03 9.548e-03 1.535e-02 0.000e+00
1540 3.830e-03 1.091e-02 -1.074e-02 0.000e+00
1541 -6.943e-03 -3.912e-03 -2.408e-03 0.000e+00
1542 -1.318e-02 4.151e-03 -1.353e-03 0.000e+00
1543 6.690e-04 -9.559e-03 1.206e-02 0.000e+00
1544 2.342e-02 -4.977e-03 -3.593e-03 0.000e+00
1545 -1.391e-02 2.260e-02 -9.400e-03 -1.053e+02
1546 7.811e-03 7.268e-03 -5.393e-03 0.000e+00
1547 -4.390e-03 -8.983e-03 1.044e-02 0.000e+00
1548 -1.552e-02 1.492e-02 -5.618e-03 -1.840e+01
1549 3.087e-03 1.332e-02 6.802e-03 0.000e+00
1550 -6.875e-03 -3.063e-04 -6.331e-04 0.000e+00
1551 6.502e-04 8.495e-03 -3.656e-03 0.000e+00
1552 -1.396e-03 8.458e-03 -7.455e-03 0.000e+00
1553 9.378e-03 1.336e-03 2.107e-04 0.000e+00
1554 -4.448e-04 -9.896e-03 1.171e-02 0.000e+00
1555 5.837e-03 1.010e-02 6.518e-03 0.000e+00
1556 -2.553e-03 -7.405e-03 2.031e-03 0.000e+00
1557 -2.301e-02 -1.259e-02 -2.771e-03 0.000e+00
1558 -1.493e-02 -6.320e-04 -3.681e-03 0.000e+00
1559 5.421e-04 5.551e-03 -1.411e-02 0.000e+00
1560 1.924e-03 -5.628e-03 -2.580e-03 0.000e+00
1561 -1.440e-02 7.058e-04 -1.097e-02 0.000e+00
1562 -1.434e-02 2.134e-03 6.819e-03 0.000e+00
1563 -7.639e-03 -9.542e-03 -4.356e-03 0.000e+00
1564 -7.120e-03 -1.016e-02 -9.401e-04 0.000e+00
1565 -4.089e-03 -1.337e-02 -1.165e-02 0.000e+00
1566 -1.114e-03 -9.568e-03 -3.993e-03 0.000e+00
1567 -2.528e-03 3.044e-03 -7.391e-03 0.000e+00
1568 3.643e-03 -9.507e-03 -1.702e-02 0.000e+00
1569 -1.139e-02 -1.303e-02 7.103e-03 0.000e+00
1570 1.625e-02 -1.056e-02 -7.933e-03 0.000e+00
1571 -4.728e-04 -1.312e-02 2.510e-03 0.000e+00
1572 1.305e-02 -1.221e-02 1.262e-03 0.000e+00
1573 -7.479e-03 -1.239e-02 1.104e-02 0.000e+00
1574 1.330e-02 -9.081e-03 -6.253e-03 0.000e+00
1575 1.524e-03 3.653e-03 7.113e-03 0.000e+00
1576 6.260e-03 7.241e-04 6.590e-03 0.000e+00
1577 -1.333e-02 1.151e-02 1.134e-03 0.000e+00
1578 4.730e-03 1.096e-03 2.348e-03 0.000e+00
1579 -1.911e-02 -1.246e-02 2.453e-03 0.000e+00
1580 -6.295e-03 -1.221e-02 -1.214e-02 0.000e+00
1581 8.495e-03 -1.291e-02 -9.359e-03 0.000e+00
1582 -2.802e-03 -1.195e-02 -9.576e-03 0.000e+00
1583 -7.726e-04 -9.196e-03 -1.382e-02 0.000e+00
1584 -2.821e-03 8.746e-03 8.127e-03 0.000e+00
1585 2.535e-03 7.664e-03 7.210e-03 0.000e+00
1586 -1.312e-02 1.379e-03 -5.958e-03 0.000e+00
1587 -3.474e-03 9.225e-03 -1.220e-02 0.000e+00
1588 1.631e-02 2.740e-04 -1.883e-03 0.000e+00
1589 2.624e-03 -1.314e-02 7.850e-03 0.000e+00
1590 -9.805e-03 9.907e-03 1.532e-02 0.000e+00
1591 4.062e-03 -8.132e-03 -2.179e-03 0.000e+00
1592 -1.330e-03 -9.109e-03 1.413e-02 0.000e+00
1593 1.105e-02 -1.301e-04 3.080e-03 0.000e+00
1594 5.821e-05 -7.943e-03 -2.094e-03 0.000e+00
1595 -2.269e-02 7.484e-03 1.864e-02 0.000e+00
1596 -1.913e-02 1.391e-02 -1.274e-02 -5.045e+01
1597 -1.347e-02 -1.330e-02 4.874e-03 0.000e+00
1598 1.861e-04 6.326e-03 -4.338e-03 0.000e+00
1599 -4.043e-03 6.861e-04 3.697e-03 0.000e+00
1600 -1.771e-02 -1.155e-02 -5.612e-03 0.000e+00
1601 4.093e-03 -9.769e-03 6.208e-03 0.000e+00
1602 7.420e-04 6.408e-03 7.104e-03 0.000e+00
1603 4.812e-03 1.390e-02 4.555e-03 -4.126e+01
1604 7.525e-03 1.224e-02 -1.066e-03 0.000e+00
1605 -6.044e-03 -1.330e-02 -7.192e-03 0.000e+00
1606 -7.757e-03 -1.177e-02 7.393e-03 0.000e+00
1607 -2.364e-02 1.488e-03 4.690e-03 0.000e+00
1608 3.038e-03 -1.344e-02 -6.501e-03 0.000e+00
1609 -1.232e-03 -1.011e-02 1.205e-02 0.000e+00
1610 -2.037e-03 -1.318e-02 4.241e-03 0.000e+00
1611 -2.329e-02 -1.186e-02 -3.100e-03 0.000e+00
1612 -1.812e-02 6.898e-04 1.377e-03 0.000e+00
1613 -2.312e-03 6.170e-04 -1.028e-03 0.000e+00
1614 -1.373e-02 -1.268e-02 -1.484e-02 0.000e+00
1615 -3.003e-03 -1.187e-02 1.758e-03 0.000e+00
1616 -2.250e-03 5.740e-03 6.800e-03 0.000e+00
1617 -1.077e-02 4.312e-03 -7.904e-04 0.000e+00
1618 -7.471e-03 -1.246e-02 -2.384e-03 0.000e+00
1619 -5.705e-03 9.888e-03 -6.421e-03 0.000e+00
1620 4.035e-03 -1.351e-02 1.778e-02 0.000e+00
1621 -6.592e-03 -1.202e-02 -4.032e-03 0.000e+00
1622 -4.340e-03 2.604e-03 1.902e-03 0.000e+00
1623 -5.381e-04 -1.282e-02 2.134e-03 0.000e+00
1624 -5.122e-03 1.102e-02 -1.606e-03 0.000e+00
1625 1.584e-03 -1.326e-02 3.420e-03 0.000e+00
1626 4.085e-03 7.307e-03 1.842e-03 0.000e+00
1627 -7.005e-03 2.044e-03 -1.007e-02 0.000e+00
1628 8.028e-03 4.712e-03 -3.772e-03 0.000e+00
1629 -2.273e-03 5.413e-04 3.336e-03 0.000e+00
1630 4.894e-03 -6.703e-03 -4.377e-04 0.000e+00
1631 -4.728e-04 -1.257e-02 1.129e-02 0.000e+00
1632 7.831e-03 2.295e-02 -3.783e-03 -2.685e+01
1633 -6.397e-03 -1.337e-02 6.485e-03 0.000e+00
1634 1.579e-02 -1.070e-02 -2.168e-03 0.000e+00
1635 8.325e-03 6.275e-03 6.181e-03 0.000e+00
1636 -2.549e-03 -1.037e-02 -1.103e-02 0.000e+00
1637 -1.293e-02 1.955e-03 -3.916e-03 0.000e+00
1638 -2.692e-03 1.418e-02 -1.081e-02 -4.164e+01
1639 -4.061e-03 -9.663e-03 3.982e-03 0.000e+00
1640 -5.209e-03 -1.238e-02 2.477e-03 0.000e+00
1641 -3.767e-03 -1.300e-02 1.165e-02 0.000e+00
1642 3.978e-03 7.158e-03 2.892e-03 0.000e+00
1643 -5.567e-03 -1.318e-02 -1.396e-02 0.000e+00
1644 7.484e-03 1.986e-02 3.668e-03 -2.092e+01
1645 1.577e-03 -7.505e-03 6.514e-03 0.000e+00
1646 -8.498e-03 -1.386e-03 -3.627e-03 0.000e+00
1647 3.527e-03 1.673e-02 -4.758e-03 -5.765e+01
1648 -5.779e-04 -1.024e-02 9.867e-04 0.000e+00
1649 2.200e-04 2.404e-02 -3.817e-03 3.238e+00
1650 3.765e-03 -9.941e-03 -4.823e-03 0.000e+00
1651 -6.290e-03 -1.276e-02 6.359e-03 0.000e+00
1652 1.513e-02 7.775e-03 -4.648e-03 0.000e+00
1653 1.408e-02 -1.106e-02 -7.572e-03 0.000e+00
1654 -1.410e-02 4.415e-03 -1.942e-03 0.000e+00
1655 1.007e-02 -1.139e-02 -1.768e-04 0.000e+00
1656 1.288e-02 -1.155e-02 2.799e-03 0.000e+00
1657 1.207e-02 -1.137e-02 1.191e-02 0.000e+00
1658 1.147e-02 2.466e-03 -1.266e-03 0.000e+00
1659 -6.420e-04 4.254e-03 -8.390e-03 0.000e+00
1660 3.059e-05 5.249e-03 -1.075e-02 0.000e+00
1661 2.782e-03 -7.976e-03 -3.709e-03 0.000e+00
1662 1.774e-02 6.461e-03 5.332e-03 0.000e+00
1663 8.932e-03 1.645e-03 -6.194e-03 0.000e+00
1664 -4.468e-03 1.390e-02 -9.984e-03 3.149e+01
1665 -2.438e-02 1.155e-02 -2.904e-03 0.000e+00
1666 3.750e-03 -6.228e-03 -7.427e-03 0.000e+00
1667 1.983e-02 -1.005e-02 1.827e-02 0.000e+00
1668 -3.731e-03 -7.181e-03 1.341e-03 0.000e+00
1669 1.371e-02 1.251e-02 -2.622e-03 0.000e+00
1670 1.942e-03 -8.076e-03 1.457e-02 0.000e+00
1671 2.054e-02 1.167e-02 1.532e-02 0.000e+00
1672 7.199e-03 -8.457e-04 3.929e-04 0.000e+00
1673 -3.777e-03 1.791e-03 -2.768e-03 0.000e+00
1674 -1.620e-03 -9.105e-03 1.123e-02 0.000e+00
1675 1.082e-02 8.733e-04 1.108e-02 0.000e+00
1676 1.042e-02 5.189e-03 4.114e-03 0.000e+00
1677 8.345e-03 2.623e-03 1.231e-03 0.000e+00
1678 -3.882e-04 -9.802e-03 -6.963e-03 0.000e+00
1679 1.479e-03 -1.302e-02 9.426e-03 0.000e+00
1680 6.512e-03 4.894e-03 -2.038e-03 0.000e+00
1681 5.461e-03 5.274e-03 3.000e-03 0.000e+00
1682 1.711e-03 -1.016e-02 -8.320e-03 0.000e+00
1683 -5.132e-03 -8.867e-03 -5.117e-03 0.000e+00
1684 1.175e-02 -1.285e-02 -9.448e-03 0.000e+00
1685 -7.801e-03 -1.219e-02 -6.243e-03 0.000e+00
1686 -1.073e-02 2.728e-03 -3.300e-03 0.000e+00
1687 6.665e-03 1.356e-02 -6.028e-03 0.000e+00
1688 -6.033e-03 -4.158e-03 -7.191e-03 0.000e+00
1689 -1.113e-02 1.385e-02 3.501e-03 0.000e+00
1690 -7.533e-03 -1.075e-02 -5.284e-03 0.000e+00
1691 -6.575e-04 -7.443e-03 1.116e-03 0.000e+00
1692 5.176e-03 -1.079e-02 -1.424e-02 0.000e+00
1693 7.257e-03 4.865e-04 1.458e-03 0.000e+00
1694 -4.206e-03 6.382e-03 4.878e-03 0.000e+00
1695 -9.256e-03 1.072e-02 -6.590e-03 0.000e+00
1696 7.333e-03 -8.802e-03 -9.889e-03 0.000e+00
1697 1.842e-03 3.921e-03 -1.128e-03 0.000e+00
1698 1.011e-03 -6.194e-03 2.894e-03 0.000e+00
1699 -7.055e-03 1.583e-02 -1.607e-02 5.932e+01
1700 1.038e-02 -9.207e-04 -5.293e-03 0.000e+00
1701 -8.863e-04 2.747e-03 5.697e-03 0.000e+00
1702 -2.049e-03 -9.663e-03 -1.517e-02 0.000e+00
1703 -5.079e-03 4.311e-03 4.687e-03 0.000e+00
1704 1.200e-02 -1.335e-02 -8.268e-03 0.000e+00
1705 2.378e-03 3.450e-04 2.308e-03 0.000e+00
1706 1.605e-04 2.220e-03 1.206e-02 0.000e+00
1707 1.001e-02 4.370e-03 -4.446e-03 0.000e+00
1708 -2.281e-04 7.263e-03 -1.102e-02 0.000e+00
1709 -8.175e-03 -1.209e-02 -8.085e-03 0.000e+00
1710 1.240e-02 -1.278e-03 -1.404e-02 0.000e+00
1711 1.728e-02 1.678e-02 -4.175e-03 3.394e+01
1712 -4.366e-03 5.280e-04 1.192e-02 0.000e+00
1713 -1.053e-02 -1.214e-02 -6.065e-04 0.000e+00
1714 3.010e-03 -9.645e-03 -1.749e-02 0.000e+00
1715 6.447e-03 1.570e-02 -3.604e-03 -7.855e+01
1716 -6.294e-03 -7.009e-03 3.198e-03 0.000e+00
1717 -1.496e-03 7.892e-03 -4.058e-03 0.000e+00
1718 2.112e-03 7.362e-03 -1.448e-03 0.000e+00
1719 1.663e-02 6.247e-03 -2.542e-03 0.000e+00
1720 -5.359e-03 1.079e-02 4.127e-04 0.000e+00
1721 -1.149e-03 -1.046e-02 1.276e-02 0.000e+00
1722 1.375e-02 1.245e-02 7.780e-03 0.000e+00
1723 -1.224e-03 6.304e-03 6.592e-03 0.000e+00
1724 2.910e-03 -7.830e-03 1.124e-02 0.000e+00
1725 1.581e-02 -1.066e-02 -6.751e-03 0.000e+00
1726 9.406e-03 -9.199e-03 -8.430e-05 0.000e+00
1727 1.367e-02 4.142e-03 2.281e-02 0.000e+00
1728 9.865e-03 1.154e-02 7.584e-04 0.000e+00
1729 2.517e-03 -1.281e-02 -1.843e-03 0.000e+00
1730 1.927e-02 -1.332e-02 -8.503e-03 0.000e+00
1731 -1.143e-02 3.430e-03 -2.905e-03 0.000e+00
1732 1.812e-02 -1.067e-03 2.685e-03 0.000e+00
1733 1.414e-03 9.885e-03 9.278e-03 0.000e+00
1734 -9.981e-05 -8.705e-03 -4.927e-05 0.000e+00
1735 3.095e-03 -1.027e-02 4.412e-03 0.000e+00
1736 -6.072e-03 -6.849e-03 -8.593e-03 0.000e+00
1737 -1.598e-02 -1.133e-02 4.504e-03 0.000e+00
1738 -1.608e-02 -1.162e-02 8.453e-03 0.000e+00
1739 3.709e-03 1.709e-02 5.866e-04 -1.661e+01
1740 -2.249e-03 6.687e-03 -9.323e-03 0.000e+00
1741 -1.085e-02 6.101e-03 1.055e-02 0.000e+00
1742 4.573e-03 -1.315e-02 -1.336e-04 0.000e+00
1743 7.295e-03 1.335e-02 1.307e-02 0.000e+00
1744 1.834e-02 2.003e-04 -2.695e-03 0.000e+00
1745 -3.333e-04 2.934e-03 1.738e-03 0.000e+00
1746 1.411e-02 7.827e-03 9.425e-03 0.000e+00
1747 -2.279e-03 -8.761e-03 -1.296e-02 0.000e+00
1748 5.622e-04 -2.303e-03 9.760e-03 0.000e+00
1749 3.555e-03 6.994e-03 2.328e-02 0.000e+00
1750 -8.796e-03 -9.338e-03 -1.556e-02 0.000e+00
1751 -5.016e-03 1.457e-02 1.588e-03 -8.249e+00
1752 3.383e-04 6.349e-03 -4.502e-03 0.000e+00
1753 6.423e-03 1.563e-02 1.637e-02 4.069e+01
1754 -6.816e-03 4.566e-03 -7.920e-03 0.000e+00
1755 -5.694e-03 1.253e-03 1.443e-03 0.000e+00
1756 8.120e-04 1.467e-02 -7.241e-03 -8.970e+01
1757 1.681e-03 -1.255e-02 1.604e-03 0.000e+00
1758 -4.056e-03 1.045e-02 1.183e-02 0.000e+00
1759 -2.245e-03 -7.095e-03 -1.624e-02 0.000e+00
1760 -5.687e-03 4.355e-03 1.337e-04 0.000e+00
1761 2.153e-03 -1.351e-02 8.707e-03 0.000e+00
1762 4.800e-03 1.559e-02 -5.628e-03 -5.772e+01
1763 1.302e-02 -1.005e-02 -1.899e-02 0.000e+00
1764 2.350e-03 4.454e-03 4.846e-03 0.000e+00
1765 8.244e-03 -1.150e-02 2.088e-04 0.000e+00
1766 4.639e-03 1.888e-04 1.083e-04 0.000e+00
1767 -8.261e-04 8.324e-03 1.351e-02 0.000e+00
1768 -5.634e-03 -7.448e-03 4.646e-03 0.000e+00
1769 -1.868e-02 -8.141e-03 1.972e-02 0.000e+00
1770 1.143e-02 4.740e-04 -1.647e-02 0.000e+00
1771 1.672e-02 1.012e-02 -4.237e-03 0.000e+00
1772 6.397e-03 4.353e-03 1.729e-02 0.000e+00
1773 -3.304e-03 -1.348e-02 6.972e-03 0.000e+00
1774 -7.735e-04 1.123e-02 -4.537e-03 0.000e+00
1775 6.964e-03 3.628e-04 -1.388e-02 0.000e+00
1776 7.311e-03 2.640e-03 1.342e-04 0.000e+00
1777 -1.706e-02 -6.629e-05 9.017e-03 0.000e+00
1778 -6.835e-03 -1.039e-02 1.174e-03 0.000e+00
1779 -2.852e-03 -1.399e-04 -1.088e-03 0.000e+00
1780 8.333e-03 -5.828e-03 7.563e-03 0.000e+00
1781 4.033e-03 5.513e-03 1.763e-03 0.000e+00
1782 -1.973e-02 -1.228e-02 6.052e-03 0.000e+00
1783 -3.988e-03 4.633e-03 -1.317e-02 0.000e+00
1784 -6.271e-03 -9.615e-03 -7.774e-03 0.000e+00
1785 -7.252e-03 -1.280e-02 -3.722e-03 0.000e+00
1786 1.107e-02 -5.413e-03 -7.411e-03 0.000e+00
1787 -9.796e-04 1.408e-02 2.014e-03 6.563e+01
1788 -1.199e-02 3.675e-03 3.481e-03 0.000e+00
1789 3.964e-03 -1.256e-02 -5.441e-03 0.000e+00
1790 3.495e-03 5.147e-04 1.322e-03 0.000e+00
1791 2.952e-03 1.096e-03 8.659e-03 0.000e+00
1792 -1.106e-03 3.969e-03 8.545e-03 0.000e+00
1793 -6.294e-03 4.478e-03 -2.495e-03 0.000e+00
1794 -1.019e-02 -1.153e-02 4.793e-04 0.000e+00
1795 1.771e-02 -1.259e-02 6.609e-03 0.000e+00
1796 -5.819e-03 -1.337e-02 1.046e-02 0.000e+00
1797 -9.632e-03 1.021e-03 3.912e-03 0.000e+00
1798 1.737e-02 -1.227e-02 -1.046e-02 0.000e+00
1799 8.603e-03 2.345e-03 -7.492e-04 0.000e+00
1800 -1.148e-02 6.565e-03 -9.944e-03 0.000e+00
1801 3.194e-03 -6.843e-03 7.217e-03 0.000e+00
1802 -9.484e-03 2.247e-03 6.427e-03 0.000e+00
1803 -1.921e-02 -1.230e-02 -5.595e-03 0.000e+00
1804 -6.523e-04 1.087e-02 -4.802e-03 0.000e+00
1805 -2.821e-03 3.968e-03 -6.810e-03 0.000e+00
1806 -1.196e-02 4.856e-03 -8.372e-03 0.000e+00
1807 1.077e-03 -1.046e-02 1.858e-03 0.000e+00
1808 -1.522e-03 -1.114e-02 -7.969e-03 0.000e+00
1809 -5.224e-04 -1.303e-02 -1.085e-03 0.000e+00
1810 -1.017e-02 -1.130e-02 4.893e-03 0.000e+00
1811 8.553e-03 7.652e-03 1.039e-02 0.000e+00
1812 7.410e-03 -1.343e-02 -5.096e-04 0.000e+00
1813 -1.058e-03 -1.159e-02 1.852e-03 0.000e+00
1814 -1.309e-02 7.188e-03 3.556e-03 0.000e+00
1815 -8.383e-04 -6.411e-03 1.002e-03 0.000e+00
1816 6.150e-03 -1.288e-02 8.153e-03 0.000e+00
1817 3.544e-03 -1.011e-02 1.926e-02 0.000e+00
1818 2.455e-03 -8.051e-03 1.401e-02 0.000e+00
1819 -2.056e-03 -1.255e-02 4.017e-03 0.000e+00
1820 -1.173e-04 -1.074e-02 4.885e-03 0.000e+00
1821 2.073e-02 -1.300e-02 -5.829e-03 0.000e+00
1822 8.171e-03 -1.176e-02 1.353e-03 0.000e+00
1823 9.672e-03 2.641e-03 -4.337e-03 0.000e+00
1824 -8.990e-03 1.104e-02 -1.615e-03 0.000e+00
1825 1.389e-02 2.795e-03 -1.624e-04 0.000e+00
1826 1.138e-02 1.257e-02 -5.786e-03 0.000e+00
1827 1.123e-02 -9.219e-03 -1.502e-03 0.000e+00
1828 1.338e-02 -4.162e-03 -5.885e-03 0.000e+00
1829 1.265e-02 2.894e-03 9.637e-03 0.000e+00
1830 -1.271e-02 4.512e-03 6.060e-03 0.000e+00
1831 -5.016e-03 -1.100e-02 -7.758e-03 0.000e+00
1832 8.449e-03 -1.151e-02 9.128e-03 0.000e+00
1833 -2.445e-03 5.280e-04 -4.864e-03 0.000e+00
1834 2.320e-03 3.092e-03 3.431e-04 0.000e+00
1835 4.303e-03 5.032e-03 5.820e-03 0.000e+00
1836 2.501e-03 -1.326e-02 -3.264e-03 0.000e+00
1837 5.036e-03 -8.582e-03 -1.148e-03 0.000e+00
1838 -9.103e-03 2.961e-03 1.933e-02 0.000e+00
1839 -4.533e-03 -1.298e-02 2.129e-03 0.000e+00
1840 3.792e-03 -1.122e-02 -1.134e-02 0.000e+00
1841 -1.067e-02 -1.233e-02 -1.032e-02 0.000e+00
1842 1.199e-03 -1.313e-02 6.282e-04 0.000e+00
1843 -1.663e-02 -7.528e-03 -8.560e-03 0.000e+00
1844 -1.110e-02 -1.089e-02 -6.314e-03 0.000e+00
1845 1.474e-02 -3.706e-03 -1.079e-03 0.000e+00
1846 4.914e-03 2.962e-03 -2.470e-03 0.000e+00
1847 -1.243e-02 2.773e-03 -8.699e-04 0.000e+00
1848 -9.266e-03 8.209e-03 5.497e-03 0.000e+00
1849 -6.543e-03 -7.534e-03 -2.790e-03 0.000e+00
1850 5.662e-03 -9.845e-03 -6.980e-03 0.000e+00
1851 -1.636e-05 5.407e-03 7.623e-03 0.000e+00
1852 -7.585e-04 8.031e-04 -7.897e-03 0.000e+00
1853 8.137e-03 -1.329e-02 -1.798e-03 0.000e+00
1854 9.130e-03 -1.151e-02 -3.974e-03 0.000e+00
1855 2.813e-03 -1.335e-02 -1.980e-04 0.000e+00
1856 -2.180e-03 -1.051e-02 -1.321e-02 0.000e+00
1857 5.573e-03 2.328e-03 -6.860e-03 0.000e+00
1858 3.308e-03 2.431e-03 -1.063e-02 0.000e+00
1859 -5.978e-03 4.526e-03 -3.390e-04 0.000e+00
1860 5.499e-03 6.516e-03 3.044e-03 0.000e+00
1861 -5.341e-03 -1.346e-02 -5.522e-03 0.000e+00
1862 1.495e-02 -1.270e-02 3.741e-03 0.000e+00
1863 -4.545e-03 -1.311e-02 -5.689e-03 0.000e+00
1864 1.653e-03 2.600e-03 4.685e-03 0.000e+00
1865 7.839e-03 6.365e-03 7.862e-03 0.000e+00
1866 -4.602e-03 -1.351e-02 5.404e-04 0.000e+00
1867 -4.724e-03 -4.541e-04 -6.725e-03 0.000e+00
1868 4.316e-03 1.487e-02 4.136e-04 -1.057e+01
1869 7.481e-04 -8.538e-03 4.054e-04 0.000e+00
1870 -1.986e-02 -1.327e-02 1.705e-03 0.000e+00
1871 -8.713e-03 1.853e-02 1.275e-02 -2.991e+01
1872 1.567e-02 3.728e-04 4.014e-03 0.000e+00
1873 -5.931e-03 -8.167e-03 -1.172e-02 0.000e+00
1874 -4.205e-03 9.812e-03 -8.557e-03 0.000e+00
1875 -4.387e-04 -1.184e-02 8.561e-03 0.000e+00
1876 -1.619e-02 -1.177e-02 -4.430e-05 0.000e+00
1877 1.129e-02 -1.179e-02 2.792e-03 0.000e+00
1878 -1.211e-02 1.161e-02 1.593e-02 0.000e+00
1879 1.716e-02 -1.054e-02 8.366e-05 0.000e+00
1880 5.046e-03 7.706e-03 -1.130e-02 0.000e+00
1881 -1.606e-03 -1.286e-02 1.224e-03 0.000e+00
1882 -1.202e-02 4.841e-03 -1.592e-02 0.000e+00
1883 -8.124e-03 -1.049e-02 6.173e-03 0.000e+00
1884 1.102e-02 -1.009e-02 4.676e-03 0.000e+00
1885 4.938e-03 -9.096e-04 -5.175e-03 0.000e+00
1886 -4.667e-03 -1.167e-02 -5.105e-03 0.000e+00
1887 -8.583e-03 -1.098e-02 -6.197e-03 0.000e+00
1888 -7.597e-03 1.131e-02 -7.164e-04 0.000e+00
1889 4.897e-03 -1.176e-02 8.885e-03 0.000e+00
1890 -2.459e-03 -1.338e-02 6.545e-03 0.000e+00
1891 3.882e-03 4.484e-03 -9.247e-03 0.000e+00
1892 -9.293e-03 7.748e-03 -7.457e-03 0.000e+00
1893 7.131e-03 7.890e-03 -1.183e-02 0.000e+00
1894 4.798e-03 2.001e-03 -4.760e-03 0.000e+00
1895 6.796e-03 1.345e-02 -1.026e-02 0.000e+00
1896 -4.093e-04 9.991e-03 -7.645e-03 0.000e+00
1897 -7.547e-03 4.529e-03 1.692e-02 0.000e+00
1898 5.610e-03 -1.316e-02 -5.101e-03 0.000e+00
1899 -1.986e-03 9.546e-03 -6.761e-04 0.000e+00
1900 -7.626e-04 -9.902e-03 5.291e-03 0.000e+00
1901 -6.911e-03 7.868e-03 -3.572e-03 0.000e+00
1902 -1.667e-03 -1.709e-03 -6.309e-03 0.000e+00
1903 -1.332e-02 4.696e-03 1.196e-02 0.000e+00
1904 -9.536e-04 5.004e-04 -7.692e-03 0.000e+00
1905 -2.505e-02 -2.538e-03 5.248e-03 0.000e+00
1906 1.448e-03 1.792e-02 1.570e-02 2.093e+01
1907 -3.592e-03 -1.067e-02 -8.440e-03 0.000e+00
1908 -6.505e-03 -6.750e-03 4.403e-03 0.000e+00
1909 -9.577e-03 5.169e-03 -1.952e-03 0.000e+00
1910 -3.388e-03 5.336e-03 -1.708e-02 0.000e+00
1911 2.971e-03 -1.135e-02 -1.177e-02 0.000e+00
1912 -1.758e-03 9.069e-03 -1.347e-03 0.000e+00
1913 8.357e-03 -7.731e-03 3.189e-03 0.000e+00
1914 -1.019e-02 1.253e-02 2.120e-03 0.000e+00
1915 4.050e-03 -1.074e-02 9.853e-03 0.000e+00
1916 7.353e-03 1.111e-02 -1.123e-02 0.000e+00
1917 -2.925e-03 -1.086e-02 -1.081e-02 0.000e+00
1918 -1.382e-02 -1.279e-02 4.218e-03 0.000e+00
1919 -3.936e-03 -9.280e-03 2.717e-03 0.000e+00
1920 -4.184e-03 -1.330e-02 -1.470e-02 0.000e+00
1921 -6.340e-03 6.229e-03 -5.114e-03 0.000e+00
1922 -1.049e-02 8.570e-03 -1.610e-02 0.000e+00
1923 -1.304e-02 5.779e-03 4.949e-03 0.000e+00
1924 1.161e-03 -1.241e-02 -8.770e-03 0.000e+00
1925 -4.355e-03 -6.678e-03 -2.115e-02 0.000e+00
1926 -8.536e-03 4.364e-03 1.327e-03 0.000e+00
1927 9.731e-03 -7.370e-03 5.529e-03 0.000e+00
1928 -1.727e-02 -1.193e-02 2.152e-03 0.000e+00
1929 1.791e-03 -1.104e-02 -3.309e-03 0.000e+00
1930 8.809e-03 -7.278e-05 -9.503e-03 0.000e+00
1931 -3.917e-03 1.251e-02 8.395e-03 0.000e+00
1932 1.328e-03 -1.278e-02 -4.424e-04 0.000e+00
1933 -5.945e-03 -8.954e-03 8.357e-03 0.000e+00
1934 -1.855e-02 -8.367e-03 -2.624e-03 0.000e+00
1935 6.474e-03 2.166e-03 -8.507e-04 0.000e+00
1936 1.163e-02 -1.342e-03 5.769e-03 0.000e+00
1937 -3.073e-03 2.209e-03 3.767e-03 0.000e+00
1938 -9.499e-03 -1.339e-03 -8.565e-03 0.000e+00
1939 4.795e-03 -1.292e-02 -4.163e-03 0.000e+00
1940 -8.091e-03 1.235e-02 4.273e-03 0.000e+00
1941 -7.822e-03 -9.645e-03 -2.525e-03 0.000e+00
1942 -6.008e-03 5.598e-03 -6.870e-03 0.000e+00
1943 -6.920e-03 1.007e-02 1.134e-02 0.000e+00
1944 6.773e-03 1.624e-03 3.720e-03 0.000e+00
1945 -3.835e-03 -1.234e-02 5.922e-03 0.000e+00
1946 -1.213e-03 -1.018e-02 5.138e-03 0.000e+00
1947 -7.230e-03 -9.231e-03 9.616e-03 0.000e+00
1948 2.545e-03 8.688e-03 -4.463e-03 0.000e+00
1949 -7.478e-03 -1.219e-02 6.517e-04 0.000e+00
1950 -2.129e-03 -1.258e-03 -5.888e-03 0.000e+00
1951 3.501e-03 5.257e-04 2.669e-03 0.000e+00
1952 -1.426e-02 7.540e-03 -9.671e-03 0.000e+00
1953 -4.533e-03 -9.621e-03 -3.951e-03 0.000e+00
1954 -1.022e-02 -1.242e-02 2.114e-03 0.000e+00
1955 -1.706e-02 -2.061e-03 6.637e-03 0.000e+00
1956 -1.058e-02 8.683e-03 1.541e-02 0.000e+00
1957 -3.098e-03 1.203e-02 6.606e-03 0.000e+00
1958 -3.181e-03 -1.051e-02 2.778e-03 0.000e+00
1959 -1.503e-02 -1.118e-02 -3.663e-03 0.000e+00
1960 4.271e-03 -1.305e-02 -6.216e-03 0.000e+00
1961 -3.132e-03 -1.242e-02 -3.047e-03 0.000e+00
1962 1.655e-03 -1.201e-02 -1.166e-02 0.000e+00
1963 3.060e-03 -1.126e-02 -6.179e-03 0.000e+00
1964 -6.007e-03 2.161e-03 -1.470e-03 0.000e+00
1965 -2.168e-03 1.340e-03 -3.022e-03 0.000e+00
1966 2.312e-03 -8.908e-03 -1.160e-02 0.000e+00
1967 -4.384e-03 -1.167e-02 -1.817e-03 0.000e+00
1968 8.169e-04 -2.117e-03 -1.882e-02 0.000e+00
1969 1.700e-03 -1.236e-02 1.045e-02 0.000e+00
1970 4.379e-03 -6.970e-03 4.502e-03 0.000e+00
1971 -9.226e-03 1.613e-03 -1.309e-04 0.000e+00
1972 -1.161e-02 4.996e-03 7.238e-03 0.000e+00
1973 -3.693e-03 -1.702e-04 -1.415e-03 0.000e+00
1974 -1.011e-02 6.851e-03 3.044e-03 0.000e+00
1975 8.031e-04 9.447e-03 -4.083e-03 0.000e+00
1976 1.154e-03 -1.157e-02 3.131e-04 0.000e+00
1977 -4.165e-03 -1.036e-02 -6.457e-03 0.000e+00
1978 1.630e-03 3.980e-03 -6.549e-03 0.000e+00
1979 1.264e-03 -1.104e-02 -1.767e-02 0.000e+00
1980 -9.728e-03 -2.684e-03 -3.700e-03 0.000e+00
1981 5.210e-03 3.413e-04 3.045e-03 0.000e+00
1982 -2.054e-02 -1.191e-02 7.315e-03 0.000e+00
1983 6.124e-03 -7.392e-03 -6.761e-03 0.000e+00
1984 -3.156e-03 2.907e-03 6.553e-03 0.000e+00
1985 6.280e-03 2.966e-03 -4.740e-03 0.000e+00
1986 -5.554e-03 -1.185e-02 4.387e-03 0.000e+00
1987 6.635e-03 4.423e-04 -1.331e-02 0.000e+00
1988 -1.024e-02 -8.326e-03 -2.116e-03 0.000e+00
1989 1.129e-02 7.784e-03 5.800e-04 0.000e+00
1990 -4.273e-03 -6.857e-03 -4.154e-03 0.000e+00
1991 -3.810e-03 5.596e-03 1.178e-02 0.000e+00
1992 -9.856e-03 8.206e-03 4.268e-03 0.000e+00
1993 -4.130e-03 -5.970e-03 -9.123e-03 0.000e+00
1994 -5.138e-03 -1.138e-02 3.532e-03 0.000e+00
1995 -6.698e-03 4.236e-03 -6.397e-03 0.000e+00
1996 1.782e-03 -8.852e-03 3.496e-03 0.000e+00
1997 -9.525e-03 3.122e-04 -4.230e-04 0.000e+00
1998 3.096e-03 1.568e-02 -3.207e-03 -6.763e+01
1999 5.147e-03 -1.011e-02 -1.893e-02 0.000e+00
2000 -1.224e-02 -2.698e-03 -4.423e-03 0.000e+00
2001 1.479e-02 6.904e-03 -1.137e-02 0.000e+00
2002 -1.475e-02 -1.159e-02 -8.375e-03 0.000e+00
2003 -4.942e-03 1.653e-03 2.529e-03 0.000e+00
2004 -8.291e-03 8.264e-03 3.265e-03 0.000e+00
2005 1.732e-02 -1.308e-02 -7.573e-04 0.000e+00
2006 -1.119e-02 3.187e-03 -7.752e-03 0.000e+00
2007 -4.039e-03 -1.098e-02 1.015e-02 0.000e+00
2008 3.388e-03 4.763e-03 5.462e-03 0.000e+00
2009 3.164e-03 -9.255e-03 -1.137e-02 0.000e+00
2010 -1.571e-02 -9.390e-03 -9.177e-03 0.000e+00
2011 1.451e-04 7.775e-03 -1.465e-02 0.000e+00
2012 1.272e-03 -3.754e-03 2.670e-03 0.000e+00
2013 -9.083e-03 1.377e-02 5.335e-03 0.000e+00
2014 -1.490e-02 4.589e-03 -5.731e-03 0.000e+00
2015 -1.808e-03 2.003e-04 -1.145e-03 0.000e+00
2016 8.047e-03 -9.926e-03 1.010e-02 0.000e+00
2017 -4.198e-03 -3.335e-03 -2.339e-03 0.000e+00
2018 -7.980e-03 1.512e-02 4.774e-03 -8.488e+01
2019 -8.356e-03 -1.205e-02 -1.375e-03 0.000e+00
2020 -2.378e-05 -1.240e-02 -1.638e-02 0.000e+00
2021 -1.630e-02 -1.281e-02 9.316e-03 0.000e+00
2022 -9.419e-03 1.508e-02 -6.616e-03 -3.759e+01
2023 -4.858e-03 -2.181e-03 4.532e-04 0.000e+00
2024 -1.083e-02 1.272e-02 -1.553e-02 0.000e+00
2025 1.148e-02 3.485e-03 -2.471e-03 0.000e+00
2026 5.010e-03 2.274e-03 2.642e-05 0.000e+00
2027 -2.997e-03 1.543e-03 -1.725e-03 0.000e+00
2028 -1.201e-02 3.817e-03 -2.243e-03 0.000e+00
2029 -1.489e-02 -8.265e-03 -8.720e-03 0.000e+00
2030 8.338e-04 -1.319e-02 7.869e-03 0.000e+00
2031 -1.077e-02 -1.095e-02 3.362e-03 0.000e+00
2032 1.023e-03 5.105e-03 -1.124e-03 0.000e+00
2033 -7.788e-03 -5.894e-03 3.828e-03 0.000e+00
2034 1.149e-03 2.985e-03 -8.265e-03 0.000e+00
2035 -7.535e-03 8.292e-03 1.139e-02 0.000e+00
2036 -3.909e-03 -8.655e-03 2.802e-03 0.000e+00
2037 7.953e-04 4.914e-04 -9.674e-03 0.000e+00
2038 1.705e-02 1.647e-03 4.341e-03 0.000e+00
2039 5.138e-03 1.221e-02 5.587e-03 0.000e+00
2040 1.886e-03 2.766e-03 -7.651e-03 0.000e+00
2041 1.809e-02 1.199e-02 -1.136e-02 0.000e+00
2042 2.132e-03 -9.495e-03 8.511e-03 0.000e+00
2043 -3.592e-03 1.046e-02 6.358e-03 0.000e+00
2044 5.336e-03 2.321e-03 1.565e-02 0.000e+00
2045 1.310e-02 9.622e-03 1.477e-02 0.000e+00
2046 -6.059e-03 -1.339e-02 9.839e-03 0.000e+00
2047 7.689e-04 -1.032e-02 -5.002e-03 0.000e+00
