Bin I L V PA
0 -4.622e-02 -1.477e-02 2.582e-02 0.000e+00
1 1.116e-01 -8.743e-02 2.234e-02 0.000e+00
2 -1.181e-02 -7.781e-02 -9.665e-02 0.000e+00
3 -3.869e-02 8.203e-02 7.100e-02 0.000e+00
4 -6.285e-02 -1.470e-04 -4.080e-02 0.000e+00
5 7.279e-02 -7.246e-02 -3.955e-02 0.000e+00
6 -1.677e-02 -6.460e-02 -4.607e-02 0.000e+00
7 -6.103e-02 1.618e-02 -2.190e-02 0.000e+00
8 2.718e-02 -7.864e-02 9.891e-03 0.000e+00
9 -2.807e-02 6.826e-02 8.431e-02 0.000e+00
10 2.378e-02 -6.067e-02 -7.377e-02 0.000e+00
11 1.825e-02 -7.532e-02 1.252e-01 0.000e+00
12 -6.335e-02 -6.824e-02 -1.730e-02 0.000e+00
13 -1.623e-02 -9.254e-02 7.357e-02 0.000e+00
14 1.806e-03 1.720e-02 7.073e-02 0.000e+00
15 6.583e-02 1.795e-02 5.330e-02 0.000e+00
16 -1.058e-03 -8.885e-02 -1.162e-01 0.000e+00
17 8.587e-03 -9.589e-02 -1.576e-01 0.000e+00
18 -4.312e-02 3.529e-02 -5.696e-02 0.000e+00
19 1.563e-02 1.593e-03 -1.013e-01 0.000e+00
20 9.214e-02 8.481e-03 9.411e-02 0.000e+00
21 2.642e-02 5.712e-02 5.641e-02 0.000e+00
22 -6.780e-04 2.886e-02 -2.341e-02 0.000e+00
23 -4.810e-03 -6.173e-02 -5.795e-02 0.000e+00
24 4.762e-02 1.120e-02 -3.268e-02 0.000e+00
25 5.228e-03 -8.175e-02 -6.429e-03 0.000e+00
26 2.182e-02 -7.926e-02 5.590e-02 0.000e+00
27 -8.945e-02 2.667e-02 2.743e-02 0.000e+00
28 -3.381e-02 9.049e-02 9.496e-02 0.000e+00
29 -3.939e-02 -3.451e-02 2.053e-02 0.000e+00
30 -1.707e-02 4.679e-02 -5.935e-02 0.000e+00
31 -4.986e-02 -6.106e-02 3.802e-02 0.000e+00
32 -1.382e-02 6.004e-02 -7.853e-02 0.000e+00
33 -1.731e-02 2.618e-02 -5.354e-02 0.000e+00
34 -1.595e-02 -5.607e-02 8.182e-02 0.000e+00
35 -1.945e-02 -5.201e-02 -2.870e-02 0.000e+00
36 5.664e-02 -7.297e-02 1.177e-01 0.000e+00
37 2.857e-02 -9.346e-02 -8.565e-02 0.000e+00
38 3.597e-02 8.979e-02 -8.430e-02 0.000e+00
39 -5.646e-02 7.163e-02 -4.530e-02 0.000e+00
40 2.939e-02 3.086e-02 5.276e-02 0.000e+00
41 -8.840e-02 3.701e-02 3.427e-03 0.000e+00
42 7.567e-03 -9.565e-02 3.063e-02 0.000e+00
43 3.588e-02 3.267e-02 -6.435e-02 0.000e+00
44 1.020e-02 9.772e-02 -2.779e-02 6.240e+01
45 3.086e-02 1.990e-02 2.822e-02 0.000e+00
46 -3.939e-02 -4.910e-02 1.164e-01 0.000e+00
47 -1.284e-02 -1.578e-03 1.435e-02 0.000e+00
48 -3.638e-02 3.068e-02 3.678e-02 0.000e+00
49 1.206e-01 5.366e-02 2.402e-02 0.000e+00
50 7.418e-02 5.133e-02 -5.717e-02 0.000e+00
51 -6.700e-02 4.577e-02 -3.029e-02 0.000e+00
52 1.171e-01 -5.834e-02 6.573e-02 0.000e+00
53 -6.577e-02 -7.160e-02 -1.028e-01 0.000e+00
54 -2.061e-02 -5.723e-02 -3.482e-02 0.000e+00
55 -1.128e-02 1.054e-01 -4.934e-02 -2.320e+01
56 4.627e-02 5.168e-02 -5.433e-02 0.000e+00
57 -1.505e-02 -6.222e-02 -8.478e-02 0.000e+00
58 4.913e-03 2.871e-02 -8.237e-02 0.000e+00
59 -3.718e-02 -2.398e-02 4.192e-03 0.000e+00
60 -1.349e-01 5.508e-02 1.461e-02 0.000e+00
61 4.432e-02 -2.091e-02 2.831e-02 0.000e+00
62 -6.641e-02 -8.960e-02 4.473e-02 0.000e+00
63 -5.733e-02 -6.500e-02 8.207e-02 0.000e+00
64 8.964e-02 1.908e-01 6.231e-02 1.241e+01
65 -4.967e-02 7.648e-02 7.527e-02 0.000e+00
66 1.493e-01 -6.041e-02 -1.360e-01 0.000e+00
67 -5.138e-03 -8.135e-02 -1.372e-02 0.000e+00
68 1.010e-01 4.420e-02 4.216e-02 0.000e+00
69 5.661e-02 1.076e-01 1.935e-02 -3.276e+01
70 -7.961e-03 3.948e-02 -1.629e-02 0.000e+00
71 -1.574e-02 -1.383e-02 7.505e-02 0.000e+00
72 -7.585e-02 8.905e-02 -4.655e-02 0.000e+00
73 -1.888e-02 -9.412e-02 -5.493e-02 0.000e+00
74 -8.874e-02 5.305e-02 -2.300e-03 0.000e+00
75 8.582e-02 1.186e-02 1.422e-02 0.000e+00
76 6.535e-03 -8.973e-02 -1.123e-02 0.000e+00
77 1.853e-02 2.875e-02 4.703e-02 0.000e+00
78 -6.462e-02 -1.656e-02 -1.454e-02 0.000e+00
79 -5.189e-02 5.272e-02 4.269e-02 0.000e+00
80 6.571e-02 -7.133e-02 -8.132e-03 0.000e+00
81 2.151e-02 -4.208e-02 -4.159e-02 0.000e+00
82 -6.384e-02 4.315e-02 3.929e-02 0.000e+00
83 -1.002e-01 -7.706e-02 6.733e-03 0.000e+00
84 1.695e-02 7.227e-02 1.753e-02 0.000e+00
85 8.410e-02 7.029e-03 4.340e-02 0.000e+00
86 4.362e-02 -1.868e-02 2.757e-02 0.000e+00
87 -6.825e-02 2.010e-02 -1.233e-01 0.000e+00
88 1.068e-02 -8.684e-02 -1.346e-02 0.000e+00
89 -4.284e-02 8.827e-02 3.105e-02 0.000e+00
90 -7.434e-02 3.524e-02 5.754e-02 0.000e+00
91 1.065e-01 -4.057e-02 3.046e-03 0.000e+00
92 -6.716e-02 -8.074e-02 -8.897e-02 0.000e+00
93 -3.674e-02 -9.339e-02 -4.429e-03 0.000e+00
94 -4.876e-02 -2.686e-02 -1.401e-01 0.000e+00
95 -5.204e-02 4.399e-02 -3.237e-02 0.000e+00
96 -8.037e-03 4.705e-02 5.183e-02 0.000e+00
97 2.262e-02 5.240e-02 -5.740e-02 0.000e+00
98 7.130e-02 -9.583e-02 9.156e-03 0.000e+00
99 -6.744e-02 -6.693e-02 -4.259e-02 0.000e+00
100 8.189e-02 3.158e-02 -7.207e-02 0.000e+00
101 -3.671e-02 5.102e-02 -6.898e-02 0.000e+00
102 5.820e-02 -5.335e-02 4.191e-02 0.000e+00
103 6.013e-02 -7.686e-02 4.902e-02 0.000e+00
104 -4.552e-02 1.524e-02 5.026e-03 0.000e+00
105 2.411e-02 1.163e-01 -1.053e-02 1.425e+01
106 3.222e-02 2.256e-02 7.230e-03 0.000e+00
107 -8.233e-02 3.308e-02 1.618e-02 0.000e+00
108 2.944e-02 -8.024e-02 -6.967e-02 0.000e+00
109 -2.274e-02 5.883e-02 1.860e-02 0.000e+00
110 3.285e-02 7.201e-02 7.653e-02 0.000e+00
111 4.804e-02 6.243e-02 9.455e-02 0.000e+00
112 1.221e-01 1.870e-01 6.033e-02 9.010e+01
113 -1.493e-03 -5.906e-02 7.127e-02 0.000e+00
114 1.433e-01 -8.537e-02 -4.923e-02 0.000e+00
115 -1.612e-02 1.340e-02 2.497e-02 0.000e+00
116 8.151e-02 -9.364e-02 -3.814e-02 0.000e+00
117 8.574e-02 1.274e-01 -4.792e-02 1.026e+02
118 1.251e-02 -7.556e-02 -5.600e-02 0.000e+00
119 -1.616e-01 6.559e-02 7.640e-02 0.000e+00
120 -1.297e-01 -5.777e-02 -1.050e-01 0.000e+00
121 3.739e-02 -5.144e-02 -3.165e-02 0.000e+00
122 -8.200e-02 -8.706e-02 4.506e-02 0.000e+00
123 -4.266e-02 3.280e-02 1.195e-01 0.000e+00
124 -4.238e-02 -7.119e-02 -8.200e-03 0.000e+00
125 -6.418e-02 -7.425e-02 -4.930e-02 0.000e+00
126 -9.933e-03 -9.421e-02 8.854e-03 0.000e+00
127 -2.829e-02 -8.137e-02 1.434e-02 0.000e+00
128 4.902e-02 3.849e-02 -8.463e-02 0.000e+00
129 -1.128e-02 1.239e-02 5.926e-02 0.000e+00
130 7.044e-03 -9.075e-02 -4.398e-02 0.000e+00
131 4.394e-03 -7.250e-02 -2.149e-02 0.000e+00
132 2.410e-01 -9.249e-02 7.250e-02 0.000e+00
133 -6.929e-02 -5.412e-02 5.499e-02 0.000e+00
134 -1.411e-02 -5.375e-02 1.001e-01 0.000e+00
135 1.647e-02 7.412e-02 -6.418e-02 0.000e+00
136 -8.563e-02 3.381e-03 -8.299e-02 0.000e+00
137 1.082e-01 2.602e-02 -5.516e-03 0.000e+00
138 -2.362e-02 -7.877e-02 -6.576e-02 0.000e+00
139 2.221e-02 -8.356e-02 -4.484e-02 0.000e+00
140 7.134e-02 8.129e-02 5.193e-02 0.000e+00
141 -8.228e-02 4.395e-02 -1.503e-02 0.000e+00
142 8.273e-03 6.098e-02 -5.454e-02 0.000e+00
143 -2.910e-02 4.649e-02 -2.449e-03 0.000e+00
144 3.811e-02 -7.964e-02 -1.571e-02 0.000e+00
145 -3.549e-02 2.290e-02 -1.199e-01 0.000e+00
146 9.831e-02 7.890e-02 1.059e-02 0.000e+00
147 -5.427e-02 -7.430e-02 -3.487e-02 0.000e+00
148 3.546e-02 5.082e-02 1.603e-03 0.000e+00
149 -2.873e-02 5.941e-02 9.236e-02 0.000e+00
150 8.346e-03 -5.100e-02 -2.016e-02 0.000e+00
151 -3.794e-02 1.490e-02 6.123e-02 0.000e+00
152 -1.336e-02 -8.796e-02 -1.510e-03 0.000e+00
153 1.889e-02 -6.420e-03 -2.543e-02 0.000e+00
154 8.950e-02 5.127e-02 3.725e-02 0.000e+00
155 3.283e-02 -8.102e-02 3.042e-02 0.000e+00
156 -2.813e-02 -5.266e-02 -1.133e-02 0.000e+00
157 -1.797e-02 -7.314e-02 5.315e-02 0.000e+00
158 5.708e-02 4.281e-02 -1.063e-01 0.000e+00
159 -6.509e-02 -1.578e-02 -1.015e-01 0.000e+00
160 -2.674e-02 1.015e-02 1.437e-03 0.000e+00
161 5.408e-04 -8.171e-02 -2.846e-02 0.000e+00
162 4.536e-02 -8.240e-02 6.276e-02 0.000e+00
163 -6.121e-02 2.808e-02 -7.651e-03 0.000e+00
164 1.136e-02 -6.974e-03 -9.467e-03 0.000e+00
165 4.599e-02 7.476e-02 3.445e-03 0.000e+00
166 3.163e-02 1.239e-02 -6.657e-02 0.000e+00
167 -2.369e-02 8.755e-02 4.566e-02 0.000e+00
168 -5.248e-02 5.998e-02 4.793e-03 0.000e+00
169 2.765e-03 -5.256e-02 1.576e-02 0.000e+00
170 2.954e-02 4.104e-02 4.638e-02 0.000e+00
171 4.966e-02 -8.437e-02 5.756e-02 0.000e+00
172 -1.043e-01 -8.250e-02 2.519e-02 0.000e+00
173 8.019e-03 6.122e-03 -6.614e-02 0.000e+00
174 -9.112e-02 -1.299e-02 4.934e-02 0.000e+00
175 4.185e-02 -8.669e-02 1.826e-02 0.000e+00
176 -2.599e-02 -5.928e-02 4.208e-02 0.000e+00
177 4.963e-02 -2.483e-02 -6.481e-02 0.000e+00
178 3.075e-02 -2.330e-02 4.066e-02 0.000e+00
179 -5.495e-02 -9.460e-02 -1.122e-01 0.000e+00
180 -7.274e-02 1.470e-04 7.798e-02 0.000e+00
181 -2.531e-02 9.626e-02 -9.761e-02 -3.471e+01
182 6.245e-03 -3.209e-02 -8.047e-02 0.000e+00
183 4.851e-04 -9.542e-02 5.235e-02 0.000e+00
184 9.689e-02 -6.237e-02 -3.608e-02 0.000e+00
185 1.740e-03 -5.369e-02 -2.165e-02 0.000e+00
186 1.006e-01 3.169e-02 -3.269e-02 0.000e+00
187 8.352e-02 7.033e-02 5.364e-02 0.000e+00
188 -6.272e-02 -6.983e-02 -7.106e-02 0.000e+00
189 2.563e-02 3.901e-02 1.014e-01 0.000e+00
190 7.351e-02 6.309e-02 1.081e-01 0.000e+00
191 7.998e-02 -7.692e-02 -3.868e-02 0.000e+00
192 -4.388e-02 9.661e-02 8.271e-02 -4.246e+01
193 -2.300e-02 6.864e-02 -2.346e-02 0.000e+00
194 -9.783e-02 -6.328e-02 -3.422e-02 0.000e+00
195 4.976e-02 -8.138e-02 4.205e-02 0.000e+00
196 -4.268e-02 2.155e-02 -8.602e-02 0.000e+00
197 7.752e-03 -9.054e-02 -1.024e-01 0.000e+00
198 -5.638e-02 -8.885e-02 -1.199e-02 0.000e+00
199 -2.532e-02 8.421e-03 1.166e-02 0.000e+00
200 5.511e-03 2.813e-02 4.712e-02 0.000e+00
201 2.491e-02 -7.788e-02 -8.263e-03 0.000e+00
202 -3.661e-02 1.356e-02 -9.175e-02 0.000e+00
203 6.776e-02 -7.322e-02 2.879e-02 0.000e+00
204 -5.385e-02 -9.090e-02 5.245e-02 0.000e+00
205 -3.009e-02 2.268e-04 -6.567e-02 0.000e+00
206 -2.212e-02 1.674e-01 5.106e-02 6.485e+01
207 -1.048e-02 -1.506e-02 4.167e-02 0.000e+00
208 4.319e-02 -7.309e-02 2.711e-02 0.000e+00
209 -1.237e-01 6.781e-02 -3.781e-02 0.000e+00
210 3.608e-02 1.402e-02 -8.284e-02 0.000e+00
211 2.786e-02 1.262e-03 3.918e-02 0.000e+00
212 -3.581e-02 -9.392e-02 6.096e-02 0.000e+00
213 -2.111e-02 3.911e-02 3.752e-02 0.000e+00
214 -3.311e-02 -8.449e-02 -8.754e-03 0.000e+00
215 -1.790e-02 2.925e-02 1.027e-01 0.000e+00
216 -4.055e-02 -7.837e-02 -3.871e-02 0.000e+00
217 -5.528e-02 -5.699e-02 3.505e-03 0.000e+00
218 4.786e-02 -9.589e-02 -7.510e-02 0.000e+00
219 6.962e-02 -6.544e-02 -7.347e-02 0.000e+00
220 -5.672e-02 5.703e-02 -1.936e-02 0.000e+00
221 -4.873e-02 -8.087e-02 -1.808e-02 0.000e+00
222 7.339e-02 -7.377e-02 -1.873e-02 0.000e+00
223 -6.482e-02 4.499e-02 1.158e-02 0.000e+00
224 1.830e-01 5.916e-02 -6.908e-02 0.000e+00
225 1.386e-01 2.989e-02 3.871e-02 0.000e+00
226 5.244e-02 -9.044e-02 -1.077e-01 0.000e+00
227 1.216e-01 1.923e-02 -9.802e-02 0.000e+00
228 1.993e-01 -7.773e-02 1.208e-02 0.000e+00
229 -6.329e-02 -8.062e-02 -6.578e-02 0.000e+00
230 7.226e-02 -9.574e-02 2.855e-02 0.000e+00
231 1.853e-01 -6.883e-02 8.014e-02 0.000e+00
232 -4.658e-02 2.985e-02 4.401e-02 0.000e+00
233 1.116e-01 -1.335e-02 2.456e-02 0.000e+00
234 -7.702e-02 -5.121e-02 4.725e-02 0.000e+00
235 -1.112e-01 -8.420e-02 5.548e-02 0.000e+00
236 5.147e-04 2.341e-02 4.830e-02 0.000e+00
237 7.639e-02 -3.081e-02 -5.393e-02 0.000e+00
238 -7.358e-02 1.268e-01 -4.423e-02 8.909e+01
239 -1.017e-01 1.152e-02 -1.425e-01 0.000e+00
240 1.586e-02 -9.598e-02 8.973e-02 0.000e+00
241 -3.254e-02 6.994e-02 -2.521e-02 0.000e+00
242 -2.225e-02 9.604e-02 1.102e-02 1.244e+02
243 4.812e-02 -5.751e-02 3.029e-02 0.000e+00
244 -1.035e-02 9.702e-02 -9.371e-02 6.105e+01
245 3.583e-02 -5.207e-02 6.436e-02 0.000e+00
246 4.917e-02 6.040e-02 1.314e-01 0.000e+00
247 -2.756e-02 -8.383e-02 1.923e-02 0.000e+00
248 5.177e-02 3.724e-02 8.861e-02 0.000e+00
249 9.690e-02 1.660e-02 5.115e-02 0.000e+00
250 -4.627e-02 -9.432e-02 -1.215e-01 0.000e+00
251 1.184e-02 3.837e-02 -1.021e-01 0.000e+00
252 -1.791e-02 2.849e-02 -1.987e-02 0.000e+00
253 8.166e-02 -9.473e-03 -7.089e-03 0.000e+00
254 -3.181e-02 -7.651e-02 2.717e-02 0.000e+00
255 1.933e-02 1.449e-01 5.927e-02 8.399e+01
256 -1.073e-01 6.355e-02 -2.985e-02 0.000e+00
257 9.016e-02 -8.668e-02 -3.142e-02 0.000e+00
258 2.214e-02 3.580e-02 1.251e-02 0.000e+00
259 -2.028e-02 1.407e-02 -2.507e-02 0.000e+00
260 -4.261e-02 -7.500e-02 -8.099e-03 0.000e+00
261 -5.508e-03 6.892e-02 6.874e-02 0.000e+00
262 -1.217e-02 8.502e-02 -5.033e-02 0.000e+00
263 -3.487e-02 -3.011e-02 -2.649e-02 0.000e+00
264 -4.943e-02 2.009e-02 -7.687e-02 0.000e+00
265 -1.379e-01 6.408e-02 -3.631e-02 0.000e+00
266 -3.694e-03 4.905e-02 1.690e-02 0.000e+00
267 -1.117e-03 7.481e-02 4.469e-02 0.000e+00
268 -5.466e-02 1.061e-02 -7.938e-02 0.000e+00
269 2.533e-02 1.288e-01 2.930e-02 5.634e+01
270 8.768e-02 -6.825e-02 1.060e-02 0.000e+00
271 1.664e-03 7.423e-02 -4.828e-02 0.000e+00
272 2.996e-02 6.134e-02 1.260e-01 0.000e+00
273 2.642e-03 -7.609e-02 -2.569e-02 0.000e+00
274 4.404e-02 -8.128e-02 -1.786e-02 0.000e+00
275 -4.317e-03 -7.116e-02 -7.358e-02 0.000e+00
276 -1.073e-01 -9.237e-02 -3.293e-02 0.000e+00
277 -5.081e-02 5.188e-02 -2.371e-02 0.000e+00
278 3.823e-02 1.151e-02 5.942e-02 0.000e+00
279 -6.685e-03 -9.509e-02 -1.115e-02 0.000e+00
280 -4.751e-02 -9.634e-02 1.844e-02 0.000e+00
281 1.144e-02 1.398e-01 -3.235e-02 7.957e+01
282 -1.638e-02 -7.929e-02 -5.150e-02 0.000e+00
283 2.567e-02 -6.505e-02 -6.706e-02 0.000e+00
284 1.120e-01 9.830e-02 -2.202e-02 5.137e+01
285 1.593e-01 8.257e-02 -8.315e-02 0.000e+00
286 4.383e-01 4.103e-02 5.761e-02 0.000e+00
287 6.206e-01 9.968e-02 -4.146e-02 8.907e+01
288 7.006e-01 3.031e-01 -9.988e-02 7.798e+01
289 5.129e-01 2.509e-01 -2.949e-02 7.279e+01
290 3.352e-01 1.883e-01 -1.474e-01 7.319e+01
291 4.315e-01 1.084e-01 -1.470e-01 8.401e+01
292 5.815e-01 3.129e-01 -1.162e-01 8.724e+01
293 1.000e+00 2.452e-01 4.972e-02 8.873e+01
294 9.872e-01 2.363e-01 3.389e-02 8.477e+01
295 6.742e-01 1.814e-02 6.728e-03 0.000e+00
296 4.361e-01 5.885e-02 -3.081e-02 0.000e+00
297 2.159e-01 3.991e-02 -5.487e-02 0.000e+00
298 9.195e-02 2.773e-02 -2.425e-02 0.000e+00
299 3.488e-02 5.723e-02 -4.471e-02 0.000e+00
300 2.147e-02 1.155e-02 -4.869e-03 0.000e+00
301 1.137e-01 -1.521e-02 2.596e-03 0.000e+00
302 8.902e-02 -5.916e-02 8.392e-02 0.000e+00
303 -4.489e-02 7.561e-03 1.023e-02 0.000e+00
304 7.265e-02 7.299e-04 4.819e-02 0.000e+00
305 3.095e-02 -7.743e-02 -2.211e-02 0.000e+00
306 -6.724e-02 5.508e-02 -1.365e-01 0.000e+00
307 -9.616e-03 -2.034e-02 -1.229e-01 0.000e+00
308 2.909e-02 9.877e-02 2.977e-02 -2.806e+01
309 -8.641e-02 2.510e-02 9.848e-02 0.000e+00
310 -3.580e-02 -8.562e-02 2.464e-02 0.000e+00
311 -2.247e-02 -5.239e-03 -1.483e-01 0.000e+00
312 9.942e-05 -7.790e-02 -2.364e-02 0.000e+00
313 1.075e-02 2.542e-02 -6.380e-02 0.000e+00
314 1.216e-01 1.949e-02 4.337e-02 0.000e+00
315 -8.282e-02 -3.226e-03 -2.867e-02 0.000e+00
316 1.096e-01 5.594e-02 7.202e-02 0.000e+00
317 -1.449e-02 2.397e-02 -1.882e-02 0.000e+00
318 2.965e-02 1.161e-02 -4.460e-02 0.000e+00
319 4.133e-02 -9.603e-02 4.105e-03 0.000e+00
320 -3.882e-02 -6.193e-02 3.331e-02 0.000e+00
321 1.729e-03 2.225e-04 3.952e-02 0.000e+00
322 -5.096e-02 -9.237e-02 6.222e-02 0.000e+00
323 1.506e-01 8.618e-03 -2.358e-02 0.000e+00
324 -5.135e-02 7.372e-02 6.876e-02 0.000e+00
325 -1.786e-02 -8.330e-02 4.161e-03 0.000e+00
326 4.202e-02 -8.445e-02 -1.379e-02 0.000e+00
327 -7.045e-02 5.656e-03 2.912e-02 0.000e+00
328 2.261e-02 8.566e-02 -7.663e-02 0.000e+00
329 -1.517e-05 -2.789e-02 4.163e-02 0.000e+00
330 -6.308e-02 2.613e-02 -1.702e-02 0.000e+00
331 -5.486e-02 9.963e-03 8.381e-02 0.000e+00
332 -4.064e-02 -9.495e-02 1.964e-02 0.000e+00
333 3.544e-03 5.898e-02 -5.602e-02 0.000e+00
334 1.044e-01 4.300e-02 1.386e-02 0.000e+00
335 -1.040e-01 6.542e-02 -2.688e-02 0.000e+00
336 -1.276e-02 -9.342e-03 -7.623e-02 0.000e+00
337 7.364e-03 -9.046e-02 -6.969e-02 0.000e+00
338 -2.486e-02 -2.334e-02 1.930e-02 0.000e+00
339 5.057e-02 7.488e-02 -2.029e-03 0.000e+00
340 1.877e-02 3.321e-02 -1.745e-03 0.000e+00
341 2.061e-03 -6.080e-02 -1.210e-02 0.000e+00
342 -6.257e-02 3.108e-02 9.884e-03 0.000e+00
343 3.420e-02 -8.291e-02 1.668e-01 0.000e+00
344 -7.933e-03 6.497e-02 1.079e-01 0.000e+00
345 3.087e-02 1.254e-03 -1.667e-02 0.000e+00
346 8.999e-03 1.552e-02 -4.266e-02 0.000e+00
347 -8.757e-02 -8.950e-02 -1.332e-01 0.000e+00
348 -3.284e-02 2.337e-03 -9.981e-03 0.000e+00
349 -2.182e-02 -9.052e-02 -9.818e-02 0.000e+00
350 7.418e-02 -8.543e-02 -7.534e-02 0.000e+00
351 1.208e-02 -8.259e-02 -3.617e-02 0.000e+00
352 3.391e-02 -7.076e-02 6.976e-02 0.000e+00
353 1.429e-02 -7.459e-02 1.656e-03 0.000e+00
354 2.028e-02 6.037e-02 -1.591e-02 0.000e+00
355 -9.848e-02 -8.550e-02 2.460e-02 0.000e+00
356 9.937e-02 -6.982e-02 3.577e-02 0.000e+00
357 -2.193e-03 -5.508e-02 2.246e-02 0.000e+00
358 -4.608e-02 4.202e-02 7.710e-03 0.000e+00
359 7.575e-02 2.983e-02 -6.018e-02 0.000e+00
360 -1.994e-02 3.632e-02 -1.090e-01 0.000e+00
361 -7.468e-02 6.872e-02 5.686e-02 0.000e+00
362 5.529e-02 -7.646e-02 -1.194e-01 0.000e+00
363 -3.456e-02 -8.938e-02 4.701e-02 0.000e+00
364 -3.624e-02 2.796e-03 -1.421e-01 0.000e+00
365 2.133e-02 4.061e-02 2.655e-02 0.000e+00
366 1.211e-03 9.411e-02 2.049e-02 1.010e+02
367 3.741e-02 -5.873e-02 -1.100e-01 0.000e+00
368 1.103e-02 1.648e-01 7.499e-03 7.183e+00
369 7.985e-02 1.635e-02 4.060e-02 0.000e+00
370 1.591e-02 -9.191e-02 1.339e-01 0.000e+00
371 -3.608e-02 -1.520e-02 5.022e-02 0.000e+00
372 -1.026e-02 2.631e-02 2.073e-02 0.000e+00
373 1.653e-03 6.230e-02 1.533e-01 0.000e+00
374 8.445e-02 -7.166e-02 -1.812e-02 0.000e+00
375 -6.272e-02 1.592e-03 -3.779e-02 0.000e+00
376 -2.715e-02 8.338e-03 -3.304e-02 0.000e+00
377 -7.615e-02 4.879e-02 4.391e-02 0.000e+00
378 -1.595e-02 -7.165e-02 7.975e-02 0.000e+00
379 5.176e-03 -5.297e-02 -2.446e-02 0.000e+00
380 -7.583e-02 -8.538e-02 2.507e-02 0.000e+00
381 -1.924e-02 -6.608e-03 9.557e-03 0.000e+00
382 4.350e-02 9.372e-02 -3.415e-02 5.295e+01
383 -2.844e-02 -5.884e-02 4.081e-02 0.000e+00
384 6.494e-02 1.241e-01 -6.147e-02 -8.526e+00
385 5.209e-02 6.280e-03 7.768e-04 0.000e+00
386 4.253e-02 6.112e-03 -5.943e-02 0.000e+00
387 -4.310e-02 -7.740e-04 -1.364e-01 0.000e+00
388 -1.418e-02 8.324e-02 5.256e-03 0.000e+00
389 4.756e-02 1.329e-01 -3.536e-03 1.054e+02
390 -5.002e-02 -4.736e-04 5.729e-02 0.000e+00
391 -4.229e-02 1.034e-02 2.171e-02 0.000e+00
392 -3.303e-02 2.035e-02 1.008e-01 0.000e+00
393 -5.813e-02 -8.730e-02 6.288e-02 0.000e+00
394 1.819e-01 -5.745e-02 2.369e-02 0.000e+00
395 3.539e-02 8.449e-02 -1.307e-01 0.000e+00
396 3.195e-02 3.105e-02 -1.033e-01 0.000e+00
397 -6.448e-02 -8.779e-02 1.929e-03 0.000e+00
398 1.250e-02 -6.991e-02 -3.921e-02 0.000e+00
399 1.032e-01 1.829e-02 -3.428e-03 0.000e+00
400 -2.434e-02 4.409e-02 -9.035e-02 0.000e+00
401 -6.076e-02 -8.206e-03 1.686e-02 0.000e+00
402 -2.313e-03 -6.434e-02 2.288e-03 0.000e+00
403 2.655e-02 7.623e-02 -6.746e-02 0.000e+00
404 2.084e-01 -4.816e-02 7.111e-02 0.000e+00
405 -2.447e-02 9.231e-02 -4.010e-02 0.000e+00
406 -5.070e-02 -2.690e-02 -2.534e-02 0.000e+00
407 4.946e-02 8.382e-02 9.140e-02 0.000e+00
408 1.486e-01 -4.739e-02 -6.490e-02 0.000e+00
409 -3.678e-02 4.948e-02 3.003e-03 0.000e+00
410 3.958e-02 -3.088e-02 1.432e-02 0.000e+00
411 4.959e-02 -9.197e-02 1.176e-01 0.000e+00
412 9.627e-03 3.257e-02 -2.321e-02 0.000e+00
413 -1.327e-01 4.122e-02 -7.534e-02 0.000e+00
414 3.279e-02 -9.587e-02 -1.624e-02 0.000e+00
415 -1.114e-02 -6.944e-02 -3.066e-02 0.000e+00
416 3.602e-02 6.971e-02 2.837e-02 0.000e+00
417 -1.259e-01 -1.795e-02 6.555e-03 0.000e+00
418 3.773e-02 -6.937e-02 -5.089e-02 0.000e+00
419 9.125e-03 8.246e-02 8.120e-02 0.000e+00
420 -1.703e-03 -1.214e-02 -6.712e-02 0.000e+00
421 5.728e-02 6.793e-02 6.584e-02 0.000e+00
422 5.885e-02 1.150e-01 1.608e-02 1.312e+02
423 9.559e-02 -8.345e-02 -4.012e-02 0.000e+00
424 -7.106e-02 -9.161e-02 9.677e-02 0.000e+00
425 1.549e-02 -2.095e-02 -3.721e-03 0.000e+00
426 -4.737e-02 -1.118e-02 4.547e-02 0.000e+00
427 -4.907e-02 1.202e-01 -2.814e-02 1.278e+02
428 -9.675e-02 -6.814e-02 -1.544e-02 0.000e+00
429 -4.785e-02 -7.652e-02 -3.959e-02 0.000e+00
430 -3.980e-02 -6.374e-02 1.722e-02 0.000e+00
431 4.392e-05 6.676e-02 2.798e-02 0.000e+00
432 -7.491e-02 8.870e-02 1.774e-02 0.000e+00
433 1.169e-01 2.630e-02 -2.639e-02 0.000e+00
434 -3.565e-02 -7.430e-02 -2.861e-02 0.000e+00
435 -7.792e-02 -8.042e-02 -7.621e-02 0.000e+00
436 9.025e-02 -5.065e-02 6.927e-02 0.000e+00
437 -2.799e-02 4.202e-02 -2.274e-02 0.000e+00
438 6.614e-02 9.231e-03 3.332e-03 0.000e+00
439 -4.868e-02 1.524e-02 -1.108e-01 0.000e+00
440 4.266e-02 -9.594e-02 -4.031e-02 0.000e+00
441 2.080e-02 4.156e-02 6.311e-03 0.000e+00
442 -7.868e-03 -8.942e-02 4.706e-02 0.000e+00
443 2.193e-02 4.234e-02 2.752e-02 0.000e+00
444 -3.201e-02 -4.504e-02 -8.656e-02 0.000e+00
445 8.430e-02 8.704e-02 -8.956e-03 0.000e+00
446 2.254e-02 -2.546e-02 2.976e-02 0.000e+00
447 -2.535e-02 -8.621e-02 8.212e-03 0.000e+00
448 -1.071e-02 2.047e-02 -2.940e-02 0.000e+00
449 -1.347e-02 1.183e-01 -6.372e-02 9.551e-01
450 4.622e-02 9.826e-02 9.592e-02 1.309e+02
451 7.221e-02 -8.482e-02 3.514e-03 0.000e+00
452 -1.711e-02 -9.005e-02 -7.768e-04 0.000e+00
453 3.063e-02 -1.690e-02 3.463e-03 0.000e+00
454 1.944e-02 -9.005e-02 2.616e-02 0.000e+00
455 -1.264e-01 6.465e-02 -1.745e-02 0.000e+00
456 -3.215e-04 4.009e-02 6.888e-02 0.000e+00
457 -2.819e-02 -1.290e-03 -3.089e-02 0.000e+00
458 -2.131e-02 2.542e-02 1.689e-02 0.000e+00
459 -8.351e-02 1.985e-02 4.687e-02 0.000e+00
460 3.506e-02 -7.902e-02 -2.362e-02 0.000e+00
461 3.538e-03 6.980e-02 -5.652e-02 0.000e+00
462 6.808e-04 -2.396e-02 -1.916e-02 0.000e+00
463 1.021e-02 -9.577e-02 1.892e-02 0.000e+00
464 3.904e-02 -9.151e-02 -8.656e-02 0.000e+00
465 7.220e-02 4.012e-02 -9.398e-02 0.000e+00
466 -6.215e-02 5.596e-03 5.880e-02 0.000e+00
467 3.399e-02 8.744e-02 2.154e-02 0.000e+00
468 6.623e-04 -4.180e-02 2.500e-02 0.000e+00
469 -4.996e-02 3.520e-02 8.068e-02 0.000e+00
470 -4.825e-02 -9.396e-02 -4.611e-02 0.000e+00
471 2.590e-02 -1.439e-02 -5.103e-03 0.000e+00
472 -5.344e-02 8.885e-02 -2.976e-02 0.000e+00
473 -5.395e-02 -6.900e-02 8.944e-02 0.000e+00
474 3.053e-02 -4.790e-02 -1.597e-01 0.000e+00
475 -2.228e-02 1.148e-01 -6.817e-02 -1.743e+01
476 6.285e-02 -9.066e-02 1.491e-02 0.000e+00
477 1.517e-05 2.199e-02 2.976e-02 0.000e+00
478 2.810e-02 -9.465e-02 1.152e-01 0.000e+00
479 1.102e-02 -7.917e-02 -4.021e-02 0.000e+00
480 1.889e-03 9.410e-02 9.631e-02 4.679e+01
481 -6.236e-04 5.333e-02 -1.962e-01 0.000e+00
482 7.607e-02 9.708e-02 -2.069e-02 -1.629e+01
483 -3.382e-02 -8.812e-02 -4.604e-02 0.000e+00
484 -2.737e-03 7.033e-02 4.356e-02 0.000e+00
485 -1.212e-02 -9.231e-02 -1.373e-02 0.000e+00
486 5.354e-02 9.126e-02 -6.515e-02 0.000e+00
487 -2.062e-02 -8.361e-02 -7.920e-02 0.000e+00
488 -5.680e-02 -7.636e-02 -2.832e-02 0.000e+00
489 -1.298e-02 7.395e-02 1.674e-02 0.000e+00
490 4.729e-02 -9.583e-02 1.134e-02 0.000e+00
491 1.247e-03 -2.022e-02 -1.744e-02 0.000e+00
492 -2.528e-03 -2.032e-02 5.868e-02 0.000e+00
493 -8.778e-02 1.514e-02 -3.006e-02 0.000e+00
494 3.552e-03 -7.343e-02 4.245e-02 0.000e+00
495 4.510e-02 3.401e-02 1.285e-02 0.000e+00
496 2.485e-02 -7.308e-02 -1.382e-02 0.000e+00
497 -8.177e-02 -8.786e-02 1.852e-02 0.000e+00
498 -1.463e-02 1.061e-02 2.921e-02 0.000e+00
499 5.886e-03 1.130e-02 -8.543e-02 0.000e+00
500 -4.386e-03 -1.313e-02 -2.856e-03 0.000e+00
501 3.423e-02 -5.961e-02 2.722e-02 0.000e+00
502 2.509e-02 6.313e-02 2.182e-02 0.000e+00
503 1.688e-02 5.449e-02 -1.044e-01 0.000e+00
504 -4.985e-02 2.203e-02 3.063e-02 0.000e+00
505 4.946e-02 -8.391e-02 5.470e-02 0.000e+00
506 5.256e-03 2.914e-02 -2.208e-02 0.000e+00
507 2.342e-02 5.598e-03 -3.423e-02 0.000e+00
508 2.100e-02 -2.022e-03 -3.820e-02 0.000e+00
509 -8.247e-02 9.140e-02 8.500e-02 0.000e+00
510 -6.541e-02 -2.506e-02 -3.363e-02 0.000e+00
511 7.059e-02 -8.888e-02 -7.809e-03 0.000e+00
