Bin I L V PA
0 8.280e-04 -4.718e-03 -1.431e-04 0.000e+00
1 2.803e-03 6.080e-03 3.374e-03 0.000e+00
2 -7.764e-03 5.636e-04 -3.263e-03 0.000e+00
3 -4.772e-03 8.160e-03 2.812e-03 2.121e+01
4 -5.078e-03 -3.926e-03 7.080e-04 0.000e+00
5 3.755e-03 1.869e-03 -1.521e-03 0.000e+00
6 1.275e-03 -3.863e-04 -7.807e-03 0.000e+00
7 4.070e-05 2.714e-03 -8.760e-04 0.000e+00
8 -2.395e-03 6.062e-03 -1.875e-03 0.000e+00
9 -2.324e-03 -4.076e-03 -4.455e-03 0.000e+00
10 -1.346e-03 5.675e-03 6.531e-03 0.000e+00
11 5.258e-03 6.971e-04 -6.290e-03 0.000e+00
12 -6.318e-03 6.580e-03 1.116e-03 5.687e+01
13 -3.085e-03 2.601e-03 -2.155e-03 0.000e+00
14 -5.153e-04 3.208e-03 -6.476e-04 0.000e+00
15 6.655e-03 -1.662e-03 -3.773e-03 0.000e+00
16 2.033e-03 4.455e-03 -2.451e-03 0.000e+00
17 3.571e-03 4.214e-03 -8.138e-03 0.000e+00
18 -2.119e-03 2.936e-03 -1.130e-03 0.000e+00
19 7.312e-04 -4.772e-03 3.345e-03 0.000e+00
20 -1.790e-04 -6.554e-03 -3.289e-04 0.000e+00
21 -2.606e-03 -3.681e-03 1.358e-03 0.000e+00
22 -2.648e-03 6.107e-03 -4.513e-03 0.000e+00
23 3.191e-03 2.125e-03 9.296e-04 0.000e+00
24 8.951e-04 -5.378e-03 -8.430e-04 0.000e+00
25 3.175e-03 4.806e-03 -4.576e-03 0.000e+00
26 1.665e-04 4.169e-03 1.631e-03 0.000e+00
27 8.241e-03 1.280e-03 -5.869e-03 0.000e+00
28 -2.935e-03 -5.905e-03 1.367e-03 0.000e+00
29 -1.888e-03 4.490e-03 -1.453e-03 0.000e+00
30 7.232e-04 -6.570e-03 -5.479e-04 0.000e+00
31 8.134e-04 -5.572e-03 -1.622e-03 0.000e+00
32 -9.088e-04 -4.898e-03 4.397e-03 0.000e+00
33 -3.065e-03 -5.738e-03 -4.932e-03 0.000e+00
34 1.559e-03 6.527e-03 9.098e-04 -3.406e+01
35 2.461e-04 4.989e-03 -3.864e-03 0.000e+00
36 3.304e-03 -4.563e-03 3.174e-03 0.000e+00
37 -2.387e-03 2.667e-03 -6.221e-04 0.000e+00
38 4.748e-03 -4.914e-03 3.023e-03 0.000e+00
39 -6.239e-03 5.800e-03 -7.600e-03 0.000e+00
40 -6.459e-03 1.643e-03 7.896e-03 0.000e+00
41 -1.598e-04 -7.646e-04 -2.095e-03 0.000e+00
42 7.070e-04 -5.669e-03 -3.618e-03 0.000e+00
43 3.462e-03 -5.689e-03 -1.836e-03 0.000e+00
44 -3.540e-03 1.149e-03 2.879e-03 0.000e+00
45 -2.417e-03 -6.150e-03 1.375e-03 0.000e+00
46 1.113e-03 -5.372e-03 1.431e-03 0.000e+00
47 -1.066e-03 3.153e-03 -1.622e-03 0.000e+00
48 2.369e-03 3.165e-03 3.475e-03 0.000e+00
49 3.897e-03 4.006e-03 -5.901e-03 0.000e+00
50 -6.772e-04 -4.348e-03 -2.428e-03 0.000e+00
51 -1.697e-03 7.305e-03 5.675e-03 -9.287e+01
52 5.417e-04 -3.001e-03 1.225e-03 0.000e+00
53 1.228e-03 -6.356e-03 -4.135e-05 0.000e+00
54 9.917e-04 3.139e-03 4.420e-03 0.000e+00
55 5.307e-03 -4.669e-03 2.908e-03 0.000e+00
56 -3.509e-03 -5.861e-03 -4.076e-04 0.000e+00
57 3.433e-03 -2.948e-03 -5.583e-03 0.000e+00
58 3.975e-03 -4.690e-03 3.085e-03 0.000e+00
59 -3.664e-03 6.697e-03 4.224e-03 -5.827e+01
60 1.631e-03 6.646e-03 4.060e-03 -1.959e+01
61 9.367e-04 -6.285e-03 -8.809e-05 0.000e+00
62 3.077e-03 -6.413e-03 5.815e-04 0.000e+00
63 2.803e-03 4.330e-03 2.266e-03 0.000e+00
64 -2.503e-03 -6.250e-03 3.887e-03 0.000e+00
65 8.548e-03 5.783e-04 -6.205e-03 0.000e+00
66 -7.053e-04 -6.032e-03 -2.871e-03 0.000e+00
67 -6.886e-03 2.446e-03 1.121e-03 0.000e+00
68 -2.867e-03 1.104e-02 -1.652e-03 5.155e+01
69 4.491e-04 2.644e-03 2.824e-03 0.000e+00
70 -7.053e-03 -4.513e-03 -6.255e-04 0.000e+00
71 4.733e-03 1.339e-03 4.293e-03 0.000e+00
72 -2.182e-03 -2.224e-03 -9.591e-04 0.000e+00
73 6.732e-03 -6.343e-03 -1.663e-03 0.000e+00
74 -3.297e-03 6.134e-03 -1.935e-04 0.000e+00
75 6.945e-03 4.157e-03 -4.390e-04 0.000e+00
76 -2.106e-03 -6.169e-03 -2.389e-03 0.000e+00
77 3.490e-03 8.244e-03 -1.415e-03 4.649e+01
78 5.635e-03 -5.682e-03 -1.450e-03 0.000e+00
79 -1.319e-03 -2.081e-04 4.374e-03 0.000e+00
80 -1.828e-03 2.147e-04 3.335e-04 0.000e+00
81 -3.066e-03 -6.590e-03 3.526e-03 0.000e+00
82 -2.303e-03 5.816e-03 2.399e-03 0.000e+00
83 -1.191e-04 6.408e-03 -1.646e-04 -1.421e+01
84 1.414e-04 3.045e-03 6.923e-03 0.000e+00
85 7.496e-03 6.646e-03 -1.918e-03 2.348e+01
86 -2.200e-04 -6.478e-03 -1.931e-03 0.000e+00
87 7.624e-03 1.951e-03 -7.823e-03 0.000e+00
88 -4.185e-03 2.601e-03 -1.990e-03 0.000e+00
89 -3.070e-03 -5.890e-03 3.541e-03 0.000e+00
90 -1.542e-03 7.681e-03 2.209e-03 -4.008e+01
91 -1.105e-03 -5.785e-03 4.855e-03 0.000e+00
92 1.375e-03 6.068e-03 5.040e-03 0.000e+00
93 4.547e-03 5.805e-03 -4.301e-03 0.000e+00
94 3.101e-03 1.143e-03 3.600e-04 0.000e+00
95 1.185e-03 -4.272e-03 1.296e-04 0.000e+00
96 -8.703e-03 3.883e-03 -2.469e-03 0.000e+00
97 -6.781e-04 -3.915e-04 -4.734e-03 0.000e+00
98 9.997e-04 -4.220e-04 2.056e-03 0.000e+00
99 -1.399e-04 -4.848e-03 2.608e-03 0.000e+00
100 -2.843e-03 6.766e-03 -6.148e-03 -7.957e-01
101 3.170e-03 -1.425e-03 6.460e-03 0.000e+00
102 3.228e-03 3.481e-03 -6.024e-03 0.000e+00
103 8.134e-03 -3.559e-03 -3.517e-03 0.000e+00
104 -1.335e-03 4.098e-03 1.426e-03 0.000e+00
105 -4.344e-03 2.974e-04 1.489e-03 0.000e+00
106 1.974e-03 -5.467e-03 8.725e-04 0.000e+00
107 3.426e-03 -2.096e-03 1.804e-03 0.000e+00
108 2.505e-03 -5.866e-03 3.555e-04 0.000e+00
109 4.717e-03 3.234e-03 3.403e-03 0.000e+00
110 7.532e-04 5.803e-04 5.023e-03 0.000e+00
111 7.853e-04 3.692e-03 2.587e-03 0.000e+00
112 -6.770e-03 2.221e-03 2.003e-03 0.000e+00
113 6.557e-03 3.242e-04 -4.224e-03 0.000e+00
114 6.962e-04 -6.521e-03 5.691e-03 0.000e+00
115 -1.714e-04 3.264e-03 1.288e-03 0.000e+00
116 7.198e-03 -6.274e-03 -2.389e-04 0.000e+00
117 1.891e-03 -5.425e-03 1.005e-03 0.000e+00
118 1.420e-03 -5.376e-03 -8.208e-04 0.000e+00
119 -4.096e-03 4.362e-03 -4.582e-03 0.000e+00
120 4.275e-03 -6.424e-03 1.114e-03 0.000e+00
121 -1.617e-04 -5.692e-03 -1.287e-03 0.000e+00
122 -1.709e-03 1.175e-03 -3.223e-03 0.000e+00
123 1.531e-03 -5.305e-03 -5.264e-04 0.000e+00
124 1.344e-03 2.686e-03 -7.841e-03 0.000e+00
125 4.390e-03 -3.111e-03 -5.825e-03 0.000e+00
126 -4.481e-03 3.226e-03 2.856e-03 0.000e+00
127 8.740e-04 4.427e-03 -2.942e-03 0.000e+00
128 2.788e-03 9.400e-03 -3.495e-03 -3.055e+01
129 2.342e-03 8.616e-03 3.733e-03 -3.611e+00
130 1.205e-03 -4.931e-03 -6.552e-03 0.000e+00
131 -7.635e-03 -6.355e-03 -1.640e-03 0.000e+00
132 1.703e-03 1.061e-03 -2.093e-04 0.000e+00
133 -1.455e-03 4.526e-03 -7.896e-04 0.000e+00
134 7.171e-03 -1.294e-03 3.595e-03 0.000e+00
135 -4.297e-03 3.982e-03 -8.539e-03 0.000e+00
136 1.177e-03 2.056e-04 5.603e-03 0.000e+00
137 3.121e-03 -1.370e-03 1.291e-03 0.000e+00
138 7.224e-03 9.561e-04 -1.879e-03 0.000e+00
139 2.763e-03 -4.271e-03 -6.264e-03 0.000e+00
140 4.939e-03 -9.685e-04 -7.286e-03 0.000e+00
141 -1.149e-03 -6.255e-03 -5.757e-03 0.000e+00
142 1.563e-03 5.279e-03 4.680e-03 0.000e+00
143 5.141e-03 -6.415e-03 1.025e-02 0.000e+00
144 -2.094e-03 -4.239e-03 8.333e-03 0.000e+00
145 6.459e-04 -4.660e-03 -2.586e-03 0.000e+00
146 2.074e-03 2.224e-03 -4.631e-03 0.000e+00
147 7.848e-03 -1.713e-03 -4.272e-03 0.000e+00
148 -2.427e-03 -4.147e-03 1.770e-03 0.000e+00
149 8.870e-04 -3.334e-03 1.616e-03 0.000e+00
150 -2.635e-03 -7.198e-05 -1.421e-03 0.000e+00
151 1.533e-03 -5.298e-03 -7.310e-04 0.000e+00
152 1.039e-03 -1.187e-03 2.947e-03 0.000e+00
153 7.897e-03 -5.437e-03 6.254e-04 0.000e+00
154 -2.403e-03 -6.564e-03 5.131e-03 0.000e+00
155 4.892e-04 2.115e-03 -7.956e-03 0.000e+00
156 -1.483e-03 -4.260e-03 4.629e-03 0.000e+00
157 3.406e-03 -6.326e-03 -1.980e-03 0.000e+00
158 -4.043e-03 -1.304e-03 7.192e-03 0.000e+00
159 -1.526e-03 3.848e-03 -1.704e-03 0.000e+00
160 -5.217e-03 6.059e-03 -3.554e-05 0.000e+00
161 3.758e-03 5.214e-03 -1.824e-03 0.000e+00
162 2.959e-03 5.179e-03 -4.195e-03 0.000e+00
163 2.661e-03 -4.060e-03 -2.326e-03 0.000e+00
164 -3.912e-03 2.062e-03 -1.629e-04 0.000e+00
165 2.157e-03 -5.052e-03 -2.110e-03 0.000e+00
166 1.172e-03 1.504e-03 -3.537e-06 0.000e+00
167 -7.060e-04 3.284e-04 3.324e-03 0.000e+00
168 3.123e-03 -6.065e-03 6.864e-03 0.000e+00
169 3.697e-04 -5.920e-03 4.525e-03 0.000e+00
170 1.505e-03 2.604e-03 -5.840e-03 0.000e+00
171 -2.026e-03 -5.761e-03 -2.022e-03 0.000e+00
172 -3.715e-03 -1.347e-03 5.442e-03 0.000e+00
173 -7.706e-03 -3.438e-03 2.261e-03 0.000e+00
174 1.056e-03 3.855e-03 2.424e-03 0.000e+00
175 -8.682e-04 -6.425e-03 -5.811e-04 0.000e+00
176 2.731e-03 1.934e-03 6.322e-03 0.000e+00
177 -3.038e-03 4.827e-03 -6.165e-03 0.000e+00
178 3.458e-03 5.681e-03 -1.990e-03 0.000e+00
179 -2.762e-03 2.133e-03 -1.926e-03 0.000e+00
180 -2.843e-03 4.929e-03 2.303e-03 0.000e+00
181 8.105e-03 -5.332e-03 2.503e-04 0.000e+00
182 3.841e-03 6.722e-04 8.091e-04 0.000e+00
183 1.858e-03 4.240e-03 3.122e-03 0.000e+00
184 7.008e-03 -4.911e-03 -8.280e-03 0.000e+00
185 -1.744e-03 -4.413e-03 1.681e-03 0.000e+00
186 6.546e-03 -1.666e-03 -5.038e-03 0.000e+00
187 -1.913e-03 1.174e-02 -2.932e-03 -2.019e+01
188 1.021e-03 1.906e-03 5.388e-05 0.000e+00
189 2.951e-03 -4.022e-04 -3.735e-03 0.000e+00
190 2.798e-03 2.771e-03 -4.365e-03 0.000e+00
191 1.094e-03 -3.759e-03 -1.902e-04 0.000e+00
192 5.840e-03 -5.940e-03 1.739e-03 0.000e+00
193 -6.588e-03 6.659e-03 -1.603e-03 -8.824e+01
194 1.282e-04 3.835e-03 7.783e-04 0.000e+00
195 -1.637e-03 -5.647e-03 3.726e-03 0.000e+00
196 -2.226e-03 3.136e-03 1.396e-03 0.000e+00
197 5.945e-03 4.980e-03 4.692e-03 0.000e+00
198 2.763e-03 -5.533e-03 -1.103e-03 0.000e+00
199 4.111e-04 4.268e-03 4.055e-03 0.000e+00
200 3.045e-03 4.262e-03 -5.242e-04 0.000e+00
201 7.452e-05 -5.516e-03 -9.549e-03 0.000e+00
202 3.935e-03 -4.416e-03 2.190e-03 0.000e+00
203 -5.294e-03 2.901e-03 -1.793e-03 0.000e+00
204 -5.137e-03 1.138e-02 -6.349e-04 -4.198e+01
205 7.180e-03 1.936e-03 4.806e-03 0.000e+00
206 -1.561e-03 -5.968e-03 7.091e-03 0.000e+00
207 -4.308e-03 1.053e-03 -5.397e-03 0.000e+00
208 -1.585e-03 1.055e-03 -4.852e-04 0.000e+00
209 -5.776e-03 2.166e-03 -5.397e-03 0.000e+00
210 6.209e-03 9.816e-04 -3.668e-03 0.000e+00
211 1.451e-03 1.663e-03 -7.396e-04 0.000e+00
212 9.005e-04 -3.074e-03 -1.679e-03 0.000e+00
213 4.351e-03 1.028e-02 -2.037e-03 3.323e+01
214 -5.724e-04 1.176e-03 -2.532e-03 0.000e+00
215 -7.074e-03 5.973e-04 6.276e-04 0.000e+00
216 -2.797e-03 2.030e-03 9.983e-03 0.000e+00
217 3.991e-03 2.371e-04 -2.359e-03 0.000e+00
218 -7.120e-03 -4.930e-03 -4.776e-03 0.000e+00
219 -3.609e-03 1.679e-03 7.951e-03 0.000e+00
220 4.990e-05 -5.582e-03 2.648e-04 0.000e+00
221 -2.845e-03 -4.573e-03 3.913e-03 0.000e+00
222 4.738e-03 -5.040e-03 -3.257e-03 0.000e+00
223 -3.313e-03 -4.561e-03 -1.959e-03 0.000e+00
224 -4.942e-03 -3.329e-03 4.564e-03 0.000e+00
225 -5.067e-04 -6.064e-03 -1.308e-03 0.000e+00
226 -1.948e-04 -5.650e-03 -1.831e-04 0.000e+00
227 2.430e-03 1.069e-02 -1.938e-03 6.490e+01
228 -4.715e-03 -6.430e-03 -5.290e-03 0.000e+00
229 -4.833e-03 -5.998e-03 1.385e-03 0.000e+00
230 -6.090e-03 -5.385e-03 2.904e-03 0.000e+00
231 -6.175e-03 -5.334e-03 2.870e-03 0.000e+00
232 -1.410e-03 3.450e-04 1.130e-03 0.000e+00
233 -3.009e-03 -5.854e-03 3.768e-03 0.000e+00
234 -6.985e-03 5.135e-03 9.014e-03 0.000e+00
235 -7.992e-03 1.470e-03 7.986e-04 0.000e+00
236 1.492e-04 -4.543e-03 -4.141e-03 0.000e+00
237 -2.868e-03 3.294e-03 3.011e-03 0.000e+00
238 -3.312e-03 1.218e-03 1.306e-03 0.000e+00
239 -8.156e-03 9.139e-03 1.021e-03 4.816e+01
240 -4.118e-03 -6.560e-03 -2.128e-03 0.000e+00
241 -3.521e-03 9.767e-04 3.774e-03 0.000e+00
242 4.705e-03 -4.065e-04 -1.277e-03 0.000e+00
243 3.352e-03 1.102e-02 -5.265e-03 5.950e+01
244 2.263e-03 2.286e-03 -4.008e-03 0.000e+00
245 -4.000e-03 -3.573e-03 4.552e-03 0.000e+00
246 2.549e-04 -3.950e-03 -1.559e-03 0.000e+00
247 -3.196e-03 7.231e-04 3.848e-03 0.000e+00
248 -1.829e-03 3.863e-03 4.267e-03 0.000e+00
249 -1.251e-03 -6.359e-04 -3.374e-03 0.000e+00
250 -4.641e-03 4.885e-04 -1.272e-04 0.000e+00
251 -2.131e-03 -6.500e-03 -4.623e-03 0.000e+00
252 2.194e-03 -5.967e-03 7.573e-03 0.000e+00
253 -6.431e-04 -6.074e-03 8.150e-03 0.000e+00
254 -4.067e-03 -6.299e-03 8.416e-05 0.000e+00
255 -4.181e-03 -5.769e-03 6.019e-03 0.000e+00
256 -7.617e-03 -2.133e-04 -6.113e-03 0.000e+00
257 -9.752e-04 5.137e-04 1.054e-03 0.000e+00
258 3.001e-03 4.565e-03 -6.631e-03 0.000e+00
259 -3.233e-03 -1.833e-03 9.568e-04 0.000e+00
260 -7.770e-04 1.808e-03 -2.223e-03 0.000e+00
261 1.705e-03 -6.494e-03 9.107e-04 0.000e+00
262 -8.074e-03 4.424e-03 -5.385e-03 0.000e+00
263 7.405e-05 -4.918e-04 -1.697e-03 0.000e+00
264 2.794e-03 2.782e-03 4.227e-03 0.000e+00
265 4.285e-03 3.389e-03 -6.714e-03 0.000e+00
266 -2.916e-03 -4.782e-03 -4.643e-03 0.000e+00
267 3.553e-03 -5.907e-03 3.392e-03 0.000e+00
268 -2.810e-03 -5.566e-03 1.705e-03 0.000e+00
269 -2.043e-03 2.301e-04 5.971e-03 0.000e+00
270 -2.013e-03 5.623e-03 3.346e-03 0.000e+00
271 -6.569e-04 2.864e-03 5.127e-03 0.000e+00
272 -2.014e-04 -8.780e-04 -2.433e-03 0.000e+00
273 9.964e-05 -5.965e-03 -9.996e-03 0.000e+00
274 3.004e-04 9.082e-04 3.218e-03 0.000e+00
275 8.739e-04 -5.328e-03 4.698e-03 0.000e+00
276 -2.631e-03 -6.578e-03 -5.391e-04 0.000e+00
277 -7.575e-03 1.660e-03 1.568e-03 0.000e+00
278 -6.491e-03 6.571e-03 5.277e-03 -5.565e-01
279 -2.438e-03 2.445e-03 -4.687e-03 0.000e+00
280 8.005e-04 1.304e-03 7.164e-03 0.000e+00
281 -1.092e-03 -9.454e-04 -3.059e-04 0.000e+00
282 -2.577e-03 1.030e-03 -3.586e-03 0.000e+00
283 -1.309e-03 -3.461e-03 4.306e-04 0.000e+00
284 -1.279e-03 5.074e-03 -4.288e-03 0.000e+00
285 -7.553e-06 1.920e-04 -5.595e-03 0.000e+00
286 5.538e-04 4.657e-03 -1.351e-03 0.000e+00
287 -2.944e-03 -5.134e-03 -3.640e-04 0.000e+00
288 -5.537e-03 5.467e-04 5.761e-03 0.000e+00
289 1.206e-03 1.993e-03 4.733e-03 0.000e+00
290 -6.908e-03 -5.250e-03 1.976e-03 0.000e+00
291 -2.042e-03 -4.949e-03 -2.040e-04 0.000e+00
292 1.707e-03 2.463e-03 7.126e-03 0.000e+00
293 -8.214e-04 1.293e-03 -1.027e-03 0.000e+00
294 -7.254e-03 -6.462e-03 3.435e-03 0.000e+00
295 1.432e-03 -5.329e-03 -1.480e-04 0.000e+00
296 -4.495e-03 1.836e-03 -8.302e-03 0.000e+00
297 -3.185e-03 -4.197e-03 9.186e-03 0.000e+00
298 -3.549e-03 1.666e-04 -5.450e-03 0.000e+00
299 1.610e-03 -6.558e-03 -2.942e-03 0.000e+00
300 1.643e-03 1.206e-03 9.960e-04 0.000e+00
301 -4.288e-03 5.036e-03 5.083e-03 0.000e+00
302 -6.479e-04 -4.234e-03 2.807e-03 0.000e+00
303 -4.631e-03 1.631e-03 -4.905e-03 0.000e+00
304 6.410e-03 2.642e-04 -4.668e-03 0.000e+00
305 -2.595e-03 3.444e-03 -3.047e-04 0.000e+00
306 -2.121e-04 3.774e-03 1.307e-03 0.000e+00
307 -5.969e-03 3.381e-04 1.022e-03 0.000e+00
308 -1.751e-03 5.459e-03 -1.401e-03 0.000e+00
309 -7.392e-03 -1.696e-03 8.285e-05 0.000e+00
310 -9.885e-04 5.588e-03 -8.484e-03 0.000e+00
311 -1.666e-03 -6.487e-03 3.052e-03 0.000e+00
312 -6.485e-03 -2.307e-04 5.376e-03 0.000e+00
313 -5.344e-03 -6.166e-04 4.381e-03 0.000e+00
314 1.536e-05 1.631e-03 -3.137e-03 0.000e+00
315 3.405e-03 -6.090e-03 4.834e-03 0.000e+00
316 6.302e-04 -4.411e-03 -1.097e-04 0.000e+00
317 -4.147e-03 1.295e-03 -3.055e-03 0.000e+00
318 -7.785e-04 7.004e-03 -1.822e-03 1.336e+01
319 1.738e-03 -1.036e-03 2.382e-03 0.000e+00
320 3.426e-04 -5.245e-03 1.374e-03 0.000e+00
321 2.556e-03 6.227e-03 3.439e-03 3.883e+01
322 6.826e-03 3.975e-03 5.154e-03 0.000e+00
323 1.897e-02 6.654e-03 5.852e-04 4.334e+01
324 6.213e-02 8.436e-03 1.269e-03 -3.458e+01
325 1.122e-01 6.998e-03 -9.222e-03 -8.089e+00
326 1.601e-01 1.902e-02 -8.796e-03 2.649e+00
327 2.123e-01 1.726e-02 6.523e-03 3.926e+01
328 2.791e-01 3.416e-02 1.234e-02 4.969e+01
329 3.367e-01 6.176e-02 1.026e-02 6.189e+01
330 3.448e-01 7.148e-02 1.233e-02 7.180e+01
331 3.576e-01 6.785e-02 -1.293e-02 -1.006e+02
332 3.917e-01 7.563e-02 -4.008e-02 -9.805e+01
333 4.416e-01 8.142e-02 -5.164e-02 -1.023e+02
334 5.136e-01 9.922e-02 -3.162e-02 -1.039e+02
335 5.858e-01 1.343e-01 -2.500e-02 -1.010e+02
336 6.685e-01 1.647e-01 -1.467e-02 -9.347e+01
337 7.800e-01 2.044e-01 -1.586e-02 -8.757e+01
338 9.189e-01 1.933e-01 -2.977e-02 -8.051e+01
339 1.000e+00 9.541e-02 -5.352e-02 -6.340e+01
340 8.997e-01 7.748e-02 -2.255e-02 -3.225e+01
341 6.399e-01 6.951e-02 -4.173e-03 -2.473e+01
342 3.656e-01 5.573e-02 1.668e-02 -1.418e+01
343 1.850e-01 5.041e-02 8.501e-03 -1.359e+01
344 9.091e-02 5.258e-02 5.332e-03 -2.258e+00
345 5.783e-02 3.990e-02 8.384e-03 -3.905e+00
346 2.816e-02 1.897e-02 1.931e-03 1.201e+01
347 1.900e-02 1.228e-02 7.276e-03 1.206e+01
348 8.613e-03 4.986e-04 1.964e-03 0.000e+00
349 8.325e-04 -5.009e-03 -5.435e-03 0.000e+00
350 1.064e-02 1.786e-03 -8.724e-05 0.000e+00
351 -1.780e-03 -6.183e-03 -1.204e-03 0.000e+00
352 1.130e-03 -4.806e-03 2.339e-04 0.000e+00
353 1.448e-03 -6.587e-03 -2.137e-03 0.000e+00
354 -5.231e-03 2.713e-04 1.214e-03 0.000e+00
355 3.196e-04 -5.094e-03 -3.724e-03 0.000e+00
356 6.997e-03 -1.881e-03 -2.299e-03 0.000e+00
357 -3.316e-03 -5.658e-03 -3.547e-03 0.000e+00
358 -2.152e-03 5.529e-03 -6.687e-04 0.000e+00
359 -2.670e-04 3.451e-03 -2.803e-03 0.000e+00
360 -3.196e-04 -6.530e-03 2.352e-04 0.000e+00
361 -6.140e-03 -5.993e-03 -2.611e-03 0.000e+00
362 -8.312e-03 -6.295e-03 3.733e-03 0.000e+00
363 -2.969e-03 1.108e-03 7.100e-04 0.000e+00
364 -1.211e-03 5.734e-03 -1.951e-03 0.000e+00
365 -9.473e-04 2.470e-03 -1.060e-02 0.000e+00
366 4.379e-03 7.107e-03 3.407e-04 -3.323e+01
367 -1.083e-03 -3.939e-03 2.914e-05 0.000e+00
368 1.440e-04 2.023e-03 8.934e-03 0.000e+00
369 4.207e-03 -1.430e-03 4.107e-03 0.000e+00
370 2.795e-03 -4.759e-03 -2.637e-03 0.000e+00
371 -7.733e-04 -8.253e-04 7.821e-04 0.000e+00
372 2.373e-03 2.743e-03 -7.924e-04 0.000e+00
373 -5.002e-03 1.235e-03 2.094e-03 0.000e+00
374 -1.660e-03 -2.123e-04 -1.749e-04 0.000e+00
375 4.015e-03 -6.582e-03 -1.436e-04 0.000e+00
376 -1.588e-03 1.496e-03 -2.016e-04 0.000e+00
377 -5.067e-03 6.798e-03 2.859e-03 -6.108e+01
378 9.232e-04 3.292e-04 5.280e-03 0.000e+00
379 6.554e-03 8.799e-05 -1.247e-03 0.000e+00
380 -1.703e-03 -3.530e-03 -3.251e-03 0.000e+00
381 -8.889e-03 -5.477e-03 -6.220e-04 0.000e+00
382 -2.408e-04 1.824e-04 3.107e-04 0.000e+00
383 -1.621e-03 -5.595e-03 7.926e-03 0.000e+00
384 1.638e-03 -5.951e-03 8.604e-03 0.000e+00
385 -4.256e-03 5.479e-03 -5.766e-03 0.000e+00
386 6.592e-03 -6.283e-03 -5.446e-04 0.000e+00
387 1.648e-03 -4.053e-03 -6.372e-03 0.000e+00
388 5.179e-03 -5.480e-03 2.132e-03 0.000e+00
389 2.685e-03 -1.305e-03 1.462e-04 0.000e+00
390 3.962e-03 -6.193e-03 -4.285e-03 0.000e+00
391 -2.538e-03 2.834e-05 2.225e-03 0.000e+00
392 1.498e-03 -6.569e-03 -5.359e-04 0.000e+00
393 -8.461e-03 -6.062e-03 -8.613e-03 0.000e+00
394 -1.997e-03 -2.681e-04 9.213e-03 0.000e+00
395 -5.863e-03 3.310e-03 2.491e-03 0.000e+00
396 -3.338e-03 -5.661e-03 6.541e-03 0.000e+00
397 -1.527e-03 -5.480e-03 -3.545e-03 0.000e+00
398 -2.955e-04 2.259e-03 2.727e-03 0.000e+00
399 -1.606e-03 2.643e-03 5.685e-03 0.000e+00
400 5.423e-04 8.113e-03 3.045e-03 -2.090e+00
401 -4.286e-03 -6.352e-03 -2.150e-03 0.000e+00
402 -5.336e-03 6.144e-03 -1.610e-03 0.000e+00
403 -5.795e-03 -6.023e-03 -5.255e-03 0.000e+00
404 8.633e-04 -9.032e-04 2.284e-03 0.000e+00
405 -5.986e-03 -6.245e-03 3.562e-03 0.000e+00
406 7.157e-04 2.064e-03 -4.947e-03 0.000e+00
407 -1.099e-03 5.545e-03 -1.287e-03 0.000e+00
408 -1.308e-03 -5.714e-03 8.635e-04 0.000e+00
409 4.266e-03 8.520e-03 -3.418e-03 -1.214e+01
410 2.809e-03 -5.140e-03 -6.497e-04 0.000e+00
411 -4.344e-03 -6.568e-03 -4.495e-04 0.000e+00
412 -5.395e-03 -6.580e-03 -3.294e-03 0.000e+00
413 3.403e-03 -1.363e-03 1.542e-03 0.000e+00
414 -5.375e-03 -5.299e-03 -2.858e-03 0.000e+00
415 -4.931e-03 2.393e-03 6.535e-03 0.000e+00
416 7.404e-03 -3.275e-04 2.300e-04 0.000e+00
417 8.278e-05 4.883e-03 -2.988e-03 0.000e+00
418 -4.365e-05 1.321e-03 1.218e-03 0.000e+00
419 4.154e-03 3.901e-03 -1.643e-03 0.000e+00
420 -1.099e-03 4.564e-03 4.207e-04 0.000e+00
421 7.743e-04 -4.467e-03 1.526e-03 0.000e+00
422 7.251e-03 -4.383e-03 2.541e-03 0.000e+00
423 3.089e-03 2.564e-03 5.396e-03 0.000e+00
424 -3.533e-03 -5.708e-03 -4.482e-03 0.000e+00
425 -9.254e-03 5.183e-03 -6.346e-04 0.000e+00
426 -1.068e-04 3.811e-03 -1.285e-03 0.000e+00
427 -1.374e-03 3.774e-03 6.678e-03 0.000e+00
428 2.721e-03 -2.531e-04 -7.368e-03 0.000e+00
429 1.569e-03 -3.580e-03 4.953e-03 0.000e+00
430 -6.291e-04 3.185e-03 3.610e-05 0.000e+00
431 1.644e-03 -5.803e-03 -2.470e-03 0.000e+00
432 -1.669e-03 -5.234e-03 4.877e-04 0.000e+00
433 -7.219e-03 -4.065e-03 -2.472e-03 0.000e+00
434 1.524e-03 -2.377e-05 -3.196e-03 0.000e+00
435 -6.104e-04 -4.240e-03 -5.833e-04 0.000e+00
436 5.071e-03 -5.189e-03 3.561e-03 0.000e+00
437 -2.128e-03 1.655e-04 -2.035e-03 0.000e+00
438 8.340e-04 -5.231e-04 1.683e-03 0.000e+00
439 -3.143e-03 -3.927e-03 6.469e-03 0.000e+00
440 -1.742e-03 -6.005e-03 8.933e-03 0.000e+00
441 9.610e-03 3.005e-05 2.988e-03 0.000e+00
442 -4.697e-03 -1.185e-03 5.513e-03 0.000e+00
443 8.534e-03 -3.030e-03 4.031e-03 0.000e+00
444 4.490e-03 -2.188e-04 7.698e-03 0.000e+00
445 9.870e-04 -6.555e-03 -8.970e-04 0.000e+00
446 3.702e-05 1.743e-03 -4.965e-03 0.000e+00
447 -3.383e-03 -6.381e-03 -2.698e-03 0.000e+00
448 1.257e-04 -2.320e-06 -5.496e-03 0.000e+00
449 1.065e-03 -2.666e-04 -7.349e-03 0.000e+00
450 3.266e-03 -6.232e-03 1.934e-03 0.000e+00
451 2.732e-04 -5.766e-03 1.410e-04 0.000e+00
452 -9.648e-04 2.476e-03 3.711e-03 0.000e+00
453 6.752e-04 -6.295e-03 -5.444e-03 0.000e+00
454 4.876e-04 1.663e-03 -1.012e-02 0.000e+00
455 5.170e-03 2.471e-04 6.233e-03 0.000e+00
456 -1.271e-03 5.415e-04 5.387e-03 0.000e+00
457 2.941e-03 -6.347e-03 -4.476e-03 0.000e+00
458 -9.117e-04 -3.447e-04 7.185e-04 0.000e+00
459 3.802e-03 3.327e-04 -5.141e-03 0.000e+00
460 2.041e-03 -6.588e-03 1.748e-03 0.000e+00
461 1.273e-03 9.179e-04 -1.585e-03 0.000e+00
462 -5.325e-04 7.876e-04 -6.482e-03 0.000e+00
463 1.960e-03 2.341e-03 1.182e-03 0.000e+00
464 1.302e-03 -6.248e-03 3.133e-03 0.000e+00
465 1.573e-03 1.691e-03 3.928e-03 0.000e+00
466 4.264e-06 -6.321e-03 3.486e-04 0.000e+00
467 5.880e-03 2.609e-03 1.657e-03 0.000e+00
468 2.681e-03 3.704e-04 6.178e-03 0.000e+00
469 -3.654e-03 2.770e-03 -1.803e-03 0.000e+00
470 -2.112e-03 1.131e-03 2.074e-03 0.000e+00
471 -5.339e-03 3.752e-03 -3.363e-03 0.000e+00
472 -2.425e-03 4.149e-03 1.503e-03 0.000e+00
473 3.571e-03 3.757e-03 -4.800e-03 0.000e+00
474 -1.127e-02 -6.580e-03 -5.874e-04 0.000e+00
475 -1.755e-03 2.806e-03 1.435e-03 0.000e+00
476 -1.522e-04 -4.028e-03 2.412e-03 0.000e+00
477 -4.595e-03 -5.253e-03 4.147e-03 0.000e+00
478 -4.539e-03 -5.738e-03 3.683e-03 0.000e+00
479 -1.688e-03 6.557e-04 -2.652e-03 0.000e+00
480 -5.362e-03 1.637e-03 2.526e-03 0.000e+00
481 8.090e-04 3.385e-03 -1.565e-03 0.000e+00
482 8.810e-04 5.180e-03 7.412e-03 0.000e+00
483 -1.460e-03 2.096e-03 -4.248e-04 0.000e+00
484 7.105e-03 -5.443e-03 -1.608e-03 0.000e+00
485 -4.397e-03 -1.111e-03 -5.948e-04 0.000e+00
486 -7.640e-03 3.262e-03 -5.081e-03 0.000e+00
487 -1.326e-03 2.992e-03 -2.283e-03 0.000e+00
488 -1.064e-03 -1.410e-03 -5.908e-04 0.000e+00
489 4.833e-03 1.935e-03 2.005e-03 0.000e+00
490 -5.667e-03 7.404e-03 5.815e-03 -5.160e+01
491 -5.041e-03 2.945e-03 -1.476e-03 0.000e+00
492 -7.775e-04 -2.679e-04 2.833e-03 0.000e+00
493 3.663e-03 -6.361e-03 8.950e-03 0.000e+00
494 2.500e-03 1.861e-03 1.326e-03 0.000e+00
495 -4.590e-04 -5.297e-03 -4.134e-03 0.000e+00
496 1.138e-03 -5.513e-03 -6.589e-03 0.000e+00
497 3.223e-04 7.387e-04 -1.797e-03 0.000e+00
498 -7.421e-03 2.650e-03 -2.619e-03 0.000e+00
499 2.205e-03 4.194e-03 7.082e-04 0.000e+00
500 -2.171e-03 4.015e-03 4.575e-03 0.000e+00
501 7.356e-03 -5.255e-04 -4.140e-03 0.000e+00
502 1.852e-03 1.491e-03 8.160e-03 0.000e+00
503 4.465e-03 -6.408e-03 1.020e-03 0.000e+00
504 -9.537e-03 -5.908e-03 -8.675e-04 0.000e+00
505 1.425e-03 7.753e-03 -1.007e-02 -7.677e+00
506 -4.865e-03 -1.910e-03 6.765e-03 0.000e+00
507 -7.114e-03 6.533e-04 1.730e-03 0.000e+00
508 6.702e-03 1.594e-03 6.509e-04 0.000e+00
509 4.798e-03 2.343e-03 4.471e-04 0.000e+00
510 1.086e-02 -4.496e-03 -6.747e-04 0.000e+00
511 5.491e-03 1.536e-03 3.986e-03 0.000e+00
512 3.594e-03 -6.061e-04 5.529e-03 0.000e+00
513 -1.873e-04 7.892e-04 4.516e-03 0.000e+00
514 3.162e-04 -1.121e-03 4.358e-03 0.000e+00
515 -5.336e-03 5.417e-03 3.386e-04 0.000e+00
516 9.386e-04 1.813e-03 7.589e-04 0.000e+00
517 4.996e-03 5.816e-03 4.701e-03 0.000e+00
518 -8.788e-04 -4.558e-04 -5.132e-04 0.000e+00
519 5.541e-03 -5.622e-03 1.052e-03 0.000e+00
520 1.987e-04 -3.503e-04 5.497e-03 0.000e+00
521 2.480e-03 2.138e-03 -9.169e-03 0.000e+00
522 -6.026e-04 -1.556e-03 -2.705e-03 0.000e+00
523 -3.604e-03 -3.042e-03 -3.004e-03 0.000e+00
524 -5.579e-03 7.399e-03 2.029e-03 6.752e+01
525 4.096e-03 -6.365e-03 3.175e-03 0.000e+00
526 -5.869e-03 4.897e-03 5.747e-03 0.000e+00
527 -1.092e-02 -6.273e-04 -1.712e-03 0.000e+00
528 8.504e-04 5.915e-03 -5.636e-04 0.000e+00
529 4.206e-03 1.887e-04 -1.791e-03 0.000e+00
530 -8.627e-03 -6.080e-03 -5.869e-04 0.000e+00
531 -1.697e-03 -5.134e-03 4.238e-03 0.000e+00
532 3.302e-03 -6.488e-03 -8.115e-03 0.000e+00
533 -2.534e-03 3.722e-03 6.585e-03 0.000e+00
534 2.642e-03 -6.187e-03 -5.123e-04 0.000e+00
535 1.025e-03 3.371e-04 3.313e-03 0.000e+00
536 4.293e-03 4.170e-03 2.550e-03 0.000e+00
537 5.489e-03 -3.819e-03 3.196e-03 0.000e+00
538 -1.382e-03 1.618e-03 -7.718e-03 0.000e+00
539 3.805e-04 -6.301e-03 -9.519e-03 0.000e+00
540 -1.066e-03 -6.144e-03 -7.312e-03 0.000e+00
541 4.876e-03 -5.677e-03 -7.104e-03 0.000e+00
542 2.575e-03 -6.586e-03 -8.981e-04 0.000e+00
543 5.718e-03 1.106e-03 -2.463e-03 0.000e+00
544 1.402e-03 1.916e-03 1.905e-03 0.000e+00
545 3.032e-03 -1.016e-03 1.128e-03 0.000e+00
546 8.935e-04 4.717e-03 8.657e-04 0.000e+00
547 -6.979e-03 3.930e-03 5.540e-03 0.000e+00
548 -1.709e-03 1.032e-03 4.275e-03 0.000e+00
549 4.607e-03 2.222e-05 -2.386e-03 0.000e+00
550 -5.928e-03 2.182e-03 -3.507e-03 0.000e+00
551 -1.970e-03 -6.505e-03 5.626e-03 0.000e+00
552 -3.689e-03 6.663e-04 -1.964e-03 0.000e+00
553 7.813e-03 9.977e-03 -5.279e-03 -3.437e+01
554 9.741e-03 4.778e-03 -4.706e-03 0.000e+00
555 2.862e-03 4.782e-03 -4.569e-03 0.000e+00
556 -9.708e-04 -6.546e-03 -2.186e-03 0.000e+00
557 -7.353e-04 8.831e-04 -4.605e-03 0.000e+00
558 -5.786e-03 -5.152e-03 -1.727e-03 0.000e+00
559 -1.830e-04 -5.615e-04 1.811e-03 0.000e+00
560 4.969e-03 2.625e-03 4.720e-03 0.000e+00
561 4.163e-04 1.731e-03 -9.063e-03 0.000e+00
562 -2.423e-03 -5.966e-03 -8.551e-03 0.000e+00
563 -7.316e-03 -6.146e-03 3.062e-03 0.000e+00
564 3.129e-03 -4.919e-04 -2.295e-03 0.000e+00
565 -7.486e-04 -5.325e-04 -1.148e-04 0.000e+00
566 -5.106e-04 6.955e-04 1.082e-03 0.000e+00
567 -2.199e-03 -1.146e-03 -3.719e-03 0.000e+00
568 -7.573e-03 2.423e-04 2.969e-03 0.000e+00
569 -1.826e-03 -1.171e-03 3.030e-03 0.000e+00
570 -2.359e-04 -9.462e-04 -2.681e-03 0.000e+00
571 3.326e-03 -8.295e-04 5.056e-03 0.000e+00
572 -1.453e-03 2.217e-04 1.412e-03 0.000e+00
573 2.032e-03 -6.087e-03 2.036e-03 0.000e+00
574 -3.031e-03 4.154e-03 2.498e-03 0.000e+00
575 3.257e-04 -4.614e-04 -1.466e-03 0.000e+00
576 3.064e-03 3.722e-04 9.563e-05 0.000e+00
577 5.567e-03 4.845e-03 5.614e-03 0.000e+00
578 3.684e-03 1.655e-03 3.189e-03 0.000e+00
579 -6.821e-03 -4.341e-04 -2.518e-03 0.000e+00
580 -1.735e-03 3.879e-04 -9.522e-04 0.000e+00
581 9.637e-04 2.597e-03 -2.958e-04 0.000e+00
582 -1.779e-03 -4.716e-03 3.969e-03 0.000e+00
583 1.275e-03 1.156e-03 -4.386e-04 0.000e+00
584 -1.241e-03 -6.291e-03 3.946e-03 0.000e+00
585 3.393e-03 -6.353e-03 -3.335e-04 0.000e+00
586 -1.403e-03 9.610e-04 -1.651e-04 0.000e+00
587 2.801e-03 1.517e-04 -5.071e-03 0.000e+00
588 1.065e-03 -4.204e-03 5.725e-03 0.000e+00
589 -6.089e-03 5.803e-03 -4.014e-03 0.000e+00
590 2.163e-03 -6.568e-03 -5.942e-03 0.000e+00
591 4.888e-03 6.632e-03 1.455e-03 5.388e+01
592 -2.170e-03 1.242e-03 -5.298e-03 0.000e+00
593 1.920e-03 2.522e-03 2.838e-03 0.000e+00
594 3.947e-03 -1.420e-03 2.000e-03 0.000e+00
595 4.969e-03 -5.986e-03 9.541e-03 0.000e+00
596 2.610e-03 2.183e-03 -4.717e-03 0.000e+00
597 6.166e-03 7.291e-05 1.844e-03 0.000e+00
598 1.027e-03 -6.455e-03 -1.156e-03 0.000e+00
599 -4.382e-03 7.253e-03 4.652e-03 1.396e+01
600 -1.858e-03 7.432e-03 3.085e-03 4.747e+00
601 -4.495e-04 3.798e-04 -2.834e-03 0.000e+00
602 1.241e-03 6.376e-03 5.350e-03 3.242e+01
603 1.300e-03 2.128e-03 2.963e-03 0.000e+00
604 -8.859e-04 -5.698e-03 4.526e-03 0.000e+00
605 -4.329e-03 1.342e-03 -2.050e-03 0.000e+00
606 3.863e-03 8.324e-03 -3.780e-03 3.720e+01
607 1.183e-03 8.469e-03 2.162e-03 -4.219e+00
608 -4.097e-03 3.423e-03 -4.976e-03 0.000e+00
609 1.465e-03 -5.270e-04 -3.340e-03 0.000e+00
610 2.114e-03 5.636e-03 4.530e-03 0.000e+00
611 -1.895e-03 6.728e-03 3.775e-03 3.540e+01
612 -5.040e-03 9.136e-03 -3.603e-03 3.487e+01
613 -1.691e-03 2.207e-03 4.607e-03 0.000e+00
614 -2.183e-03 3.877e-03 4.125e-03 0.000e+00
615 5.046e-03 2.965e-03 5.328e-03 0.000e+00
616 -8.810e-04 1.540e-03 -4.547e-03 0.000e+00
617 4.329e-03 -6.040e-03 -1.696e-03 0.000e+00
618 1.390e-03 1.805e-03 2.527e-03 0.000e+00
619 -1.514e-03 2.295e-03 -5.462e-04 0.000e+00
620 6.145e-03 4.383e-03 -3.572e-03 0.000e+00
621 -1.618e-03 -6.371e-03 9.287e-04 0.000e+00
622 -1.008e-03 -5.096e-03 4.565e-03 0.000e+00
623 -2.192e-04 -5.818e-03 2.918e-03 0.000e+00
624 -9.348e-03 3.543e-03 3.919e-03 0.000e+00
625 5.114e-03 4.055e-03 6.331e-04 0.000e+00
626 -5.032e-03 -1.314e-03 3.977e-03 0.000e+00
627 3.791e-03 -5.285e-04 8.773e-03 0.000e+00
628 -3.130e-03 -5.735e-03 6.351e-03 0.000e+00
629 2.405e-03 -5.991e-03 1.027e-03 0.000e+00
630 -2.622e-04 -1.404e-03 -2.818e-03 0.000e+00
631 -3.644e-03 -6.154e-03 5.411e-03 0.000e+00
632 -2.032e-03 -5.996e-03 -1.315e-03 0.000e+00
633 -2.833e-04 2.831e-03 1.725e-03 0.000e+00
634 -1.085e-02 1.887e-03 -3.652e-03 0.000e+00
635 -4.177e-03 5.133e-04 -1.605e-03 0.000e+00
636 8.661e-04 1.862e-03 -1.541e-03 0.000e+00
637 -6.181e-03 9.790e-04 -4.449e-03 0.000e+00
638 -5.901e-03 -6.265e-03 -8.154e-03 0.000e+00
639 -1.174e-02 -6.461e-03 -3.162e-03 0.000e+00
640 1.463e-03 5.000e-04 1.189e-02 0.000e+00
641 -2.023e-03 1.233e-03 -4.972e-03 0.000e+00
642 -2.520e-03 -6.409e-03 2.429e-03 0.000e+00
643 -5.811e-04 -5.467e-03 -4.939e-04 0.000e+00
644 2.776e-03 1.804e-03 7.194e-04 0.000e+00
645 -3.316e-03 -3.200e-03 4.072e-03 0.000e+00
646 -1.587e-03 -6.379e-03 -5.995e-03 0.000e+00
647 -2.909e-03 1.917e-03 3.122e-03 0.000e+00
648 3.649e-03 -5.550e-03 -4.729e-03 0.000e+00
649 -6.118e-04 5.551e-05 -4.855e-04 0.000e+00
650 -1.582e-03 2.632e-03 6.160e-03 0.000e+00
651 2.405e-03 -6.637e-04 4.768e-03 0.000e+00
652 -5.228e-03 -1.174e-03 3.537e-06 0.000e+00
653 -2.400e-03 -3.301e-03 -1.828e-05 0.000e+00
654 -4.397e-03 3.293e-03 5.488e-03 0.000e+00
655 1.410e-05 1.700e-03 -2.472e-03 0.000e+00
656 -4.981e-03 4.240e-03 6.493e-03 0.000e+00
657 3.917e-04 9.357e-04 4.069e-03 0.000e+00
658 -5.093e-03 -4.936e-03 -8.510e-04 0.000e+00
659 -6.456e-04 3.006e-03 -7.009e-04 0.000e+00
660 -1.701e-03 1.446e-04 1.672e-03 0.000e+00
661 3.762e-03 -4.666e-03 2.670e-03 0.000e+00
662 -1.756e-03 7.628e-04 -4.234e-03 0.000e+00
663 -4.099e-04 -5.502e-04 -7.874e-03 0.000e+00
664 2.489e-03 1.522e-03 8.949e-04 0.000e+00
665 -2.148e-04 6.998e-03 -2.110e-03 -8.782e+01
666 -4.352e-03 -4.945e-03 -6.371e-03 0.000e+00
667 -7.628e-03 -4.992e-03 3.680e-03 0.000e+00
668 1.656e-03 4.305e-03 -1.676e-04 0.000e+00
669 -2.311e-03 -1.884e-03 -1.028e-03 0.000e+00
670 -3.713e-03 2.420e-03 -1.015e-03 0.000e+00
671 -2.578e-03 -4.456e-03 -5.309e-04 0.000e+00
672 2.316e-03 -6.255e-03 4.666e-03 0.000e+00
673 3.616e-03 -5.402e-03 1.239e-03 0.000e+00
674 -1.846e-03 -1.443e-03 4.681e-03 0.000e+00
675 3.170e-03 4.170e-03 -1.119e-03 0.000e+00
676 5.133e-03 -2.963e-03 -3.999e-03 0.000e+00
677 -4.572e-03 -6.441e-03 1.013e-02 0.000e+00
678 -1.587e-03 -6.452e-03 5.397e-03 0.000e+00
679 -7.203e-03 4.025e-03 -2.877e-03 0.000e+00
680 -2.669e-03 -5.408e-03 2.660e-03 0.000e+00
681 -6.284e-03 -6.510e-03 3.510e-03 0.000e+00
682 -8.804e-03 -1.392e-04 3.420e-03 0.000e+00
683 -1.035e-02 6.594e-04 2.696e-03 0.000e+00
684 -6.757e-03 -6.208e-03 8.082e-04 0.000e+00
685 -9.733e-04 -6.316e-03 -1.006e-03 0.000e+00
686 -6.660e-03 -5.140e-03 -2.030e-03 0.000e+00
687 -2.127e-03 7.150e-03 3.163e-03 -5.537e+01
688 6.391e-04 -6.387e-03 -7.206e-03 0.000e+00
689 4.747e-03 1.358e-03 8.932e-04 0.000e+00
690 2.506e-03 -1.391e-03 3.357e-03 0.000e+00
691 5.031e-03 2.865e-03 4.702e-03 0.000e+00
692 -2.527e-03 -6.366e-03 -5.264e-05 0.000e+00
693 -1.583e-03 9.452e-04 -3.217e-03 0.000e+00
694 1.193e-03 9.169e-03 -3.078e-03 8.753e+00
695 -3.506e-03 3.610e-03 1.467e-03 0.000e+00
696 1.008e-04 1.733e-03 -1.935e-03 0.000e+00
697 9.222e-04 -1.443e-03 8.616e-03 0.000e+00
698 7.252e-04 -1.162e-03 2.146e-03 0.000e+00
699 -1.502e-04 4.357e-04 3.350e-03 0.000e+00
700 -3.077e-03 4.255e-04 -2.027e-03 0.000e+00
701 -5.881e-03 4.697e-03 1.842e-03 0.000e+00
702 -1.862e-03 -5.259e-03 3.246e-03 0.000e+00
703 2.652e-03 -4.876e-03 3.684e-03 0.000e+00
704 -1.500e-03 3.961e-03 -6.491e-03 0.000e+00
705 3.604e-03 -6.508e-03 1.617e-03 0.000e+00
706 -3.484e-03 -5.822e-03 -4.141e-03 0.000e+00
707 2.974e-03 -5.566e-03 -1.835e-03 0.000e+00
708 -9.870e-04 2.441e-03 -1.287e-03 0.000e+00
709 -1.000e-02 -4.770e-03 6.366e-03 0.000e+00
710 -1.032e-02 -1.498e-03 -1.984e-03 0.000e+00
711 -3.578e-03 -9.100e-05 3.340e-03 0.000e+00
712 -3.782e-03 -5.829e-03 -4.895e-03 0.000e+00
713 -3.656e-03 1.903e-04 6.176e-03 0.000e+00
714 -1.299e-03 -5.900e-03 -4.712e-03 0.000e+00
715 -8.101e-04 -4.986e-03 -6.416e-04 0.000e+00
716 -1.457e-03 -4.793e-03 1.047e-02 0.000e+00
717 3.689e-03 -6.561e-03 9.957e-04 0.000e+00
718 3.343e-03 -4.854e-03 -3.045e-03 0.000e+00
719 2.340e-03 9.660e-03 6.938e-04 3.451e+01
720 -8.120e-04 -5.217e-03 -5.878e-03 0.000e+00
721 -8.277e-04 1.498e-03 9.581e-04 0.000e+00
722 -5.733e-04 2.316e-04 -1.145e-03 0.000e+00
723 -5.547e-03 1.353e-04 -4.719e-03 0.000e+00
724 4.346e-03 -5.116e-03 5.956e-03 0.000e+00
725 -4.411e-03 -6.266e-03 4.989e-03 0.000e+00
726 -4.293e-04 4.716e-03 -1.417e-03 0.000e+00
727 -9.661e-03 1.348e-03 1.491e-03 0.000e+00
728 1.894e-03 5.150e-03 2.570e-03 0.000e+00
729 1.835e-03 1.244e-03 -1.502e-03 0.000e+00
730 -1.063e-03 2.008e-03 -2.493e-03 0.000e+00
731 9.346e-03 -8.704e-04 -1.099e-03 0.000e+00
732 -1.183e-03 1.311e-03 3.496e-03 0.000e+00
733 -2.093e-03 -4.205e-03 2.129e-03 0.000e+00
734 -2.484e-05 -1.170e-03 8.531e-03 0.000e+00
735 -1.253e-03 -2.948e-03 -4.625e-03 0.000e+00
736 -3.417e-03 -6.502e-03 -8.618e-03 0.000e+00
737 -6.651e-04 -6.901e-04 9.007e-03 0.000e+00
738 1.207e-03 8.703e-03 6.583e-03 -5.081e+01
739 -4.804e-03 5.056e-03 1.272e-03 0.000e+00
740 2.380e-03 -4.278e-03 1.883e-03 0.000e+00
741 2.657e-04 3.994e-03 -7.829e-03 0.000e+00
742 -1.428e-03 -4.747e-03 7.668e-03 0.000e+00
743 -7.608e-03 4.080e-03 2.345e-03 0.000e+00
744 -4.622e-03 -5.240e-03 1.515e-03 0.000e+00
745 2.136e-03 -5.637e-03 -6.155e-03 0.000e+00
746 -1.906e-03 -3.280e-04 6.716e-03 0.000e+00
747 3.835e-04 -6.256e-03 3.387e-03 0.000e+00
748 -7.211e-03 -4.404e-03 -2.910e-03 0.000e+00
749 2.139e-03 3.312e-03 -1.919e-03 0.000e+00
750 -6.433e-04 -4.950e-03 -4.659e-03 0.000e+00
751 -4.700e-03 7.657e-03 2.546e-03 -2.716e+01
752 -5.382e-03 -6.496e-03 -2.981e-03 0.000e+00
753 -2.227e-03 6.785e-03 -1.159e-03 -5.129e+01
754 -7.086e-04 3.556e-03 4.678e-03 0.000e+00
755 1.153e-03 1.879e-03 2.529e-03 0.000e+00
756 -2.136e-03 1.091e-04 -4.212e-03 0.000e+00
757 -5.091e-03 -5.557e-03 1.247e-04 0.000e+00
758 -2.893e-03 3.192e-03 -4.701e-03 0.000e+00
759 -3.139e-03 3.019e-03 -2.145e-03 0.000e+00
760 -1.762e-03 -6.367e-03 -5.202e-03 0.000e+00
761 2.569e-03 -5.184e-03 1.736e-03 0.000e+00
762 3.669e-03 4.996e-03 -1.607e-03 0.000e+00
763 1.317e-03 -3.118e-04 7.098e-04 0.000e+00
764 -3.547e-03 -6.455e-03 -3.846e-03 0.000e+00
765 2.209e-03 -8.424e-04 5.197e-03 0.000e+00
766 -1.058e-02 -4.318e-03 -5.751e-03 0.000e+00
767 -1.257e-03 -4.043e-03 -1.962e-03 0.000e+00
768 -8.511e-04 8.578e-03 7.737e-04 1.420e+01
769 -1.015e-02 -3.684e-03 1.375e-04 0.000e+00
770 7.507e-04 7.806e-03 -1.635e-03 6.180e+01
771 -1.538e-03 -6.364e-03 6.369e-03 0.000e+00
772 -2.768e-03 -5.210e-03 -1.443e-03 0.000e+00
773 7.538e-04 3.928e-03 2.743e-03 0.000e+00
774 -5.945e-04 9.803e-04 2.340e-03 0.000e+00
775 -4.823e-03 -5.461e-04 -4.895e-03 0.000e+00
776 -5.390e-03 -6.586e-03 -2.054e-03 0.000e+00
777 -4.164e-03 -2.655e-04 3.217e-04 0.000e+00
778 -3.844e-03 5.158e-03 -1.449e-03 0.000e+00
779 6.429e-04 1.896e-03 -1.732e-03 0.000e+00
780 3.034e-03 3.930e-03 4.731e-03 0.000e+00
781 1.434e-03 1.592e-03 -1.972e-04 0.000e+00
782 -9.542e-03 -5.463e-03 -4.577e-03 0.000e+00
783 1.629e-03 -6.147e-03 7.224e-03 0.000e+00
784 -2.728e-03 -4.222e-03 -5.010e-03 0.000e+00
785 2.802e-03 -4.972e-03 1.465e-03 0.000e+00
786 2.353e-03 -7.385e-04 1.400e-03 0.000e+00
787 2.941e-03 -6.249e-03 -4.641e-03 0.000e+00
788 -5.155e-03 -6.585e-03 3.657e-03 0.000e+00
789 2.195e-03 2.932e-03 5.618e-03 0.000e+00
790 -4.469e-03 3.115e-03 -2.948e-03 0.000e+00
791 -1.389e-03 2.838e-03 -2.702e-03 0.000e+00
792 1.047e-04 5.663e-03 9.625e-04 0.000e+00
793 -8.041e-05 -6.239e-03 5.380e-03 0.000e+00
794 -1.289e-03 2.319e-03 -4.384e-03 0.000e+00
795 2.249e-03 3.574e-03 6.338e-04 0.000e+00
796 -4.264e-06 -1.120e-03 -1.881e-03 0.000e+00
797 -3.345e-03 3.243e-03 -3.380e-03 0.000e+00
798 -1.271e-03 -6.011e-03 3.480e-04 0.000e+00
799 -4.541e-03 1.107e-03 -4.065e-03 0.000e+00
800 -1.855e-03 -5.952e-03 -4.385e-03 0.000e+00
801 8.640e-05 3.186e-03 1.203e-02 0.000e+00
802 1.502e-03 -1.242e-03 -6.254e-03 0.000e+00
803 -3.955e-03 -6.150e-03 -7.029e-03 0.000e+00
804 -2.507e-03 -4.857e-03 -6.287e-03 0.000e+00
805 -1.888e-03 3.710e-03 -2.614e-04 0.000e+00
806 4.676e-03 5.012e-03 -6.961e-04 0.000e+00
807 -4.738e-03 3.709e-03 -2.549e-03 0.000e+00
808 1.437e-04 -5.304e-03 2.271e-03 0.000e+00
809 7.864e-04 5.664e-03 6.659e-03 0.000e+00
810 1.199e-04 -1.026e-03 1.213e-03 0.000e+00
811 3.010e-03 -5.648e-03 -4.501e-03 0.000e+00
812 1.303e-03 5.556e-03 1.531e-03 0.000e+00
813 1.677e-04 -5.648e-03 -7.264e-04 0.000e+00
814 -3.486e-03 3.041e-03 4.466e-03 0.000e+00
815 -3.358e-03 -7.840e-04 -3.785e-04 0.000e+00
816 -7.511e-03 -3.862e-03 -2.120e-03 0.000e+00
817 -2.200e-03 -6.032e-03 -5.598e-03 0.000e+00
818 7.760e-04 -6.008e-03 -5.940e-03 0.000e+00
819 3.178e-03 5.862e-03 -3.744e-03 0.000e+00
820 -5.138e-03 -1.046e-04 7.516e-03 0.000e+00
821 2.605e-03 -6.477e-04 7.418e-04 0.000e+00
822 1.859e-03 -5.930e-03 -4.176e-03 0.000e+00
823 7.576e-03 3.157e-04 7.270e-03 0.000e+00
824 -1.118e-03 2.158e-04 -3.116e-03 0.000e+00
825 3.256e-03 4.478e-03 -9.400e-04 0.000e+00
826 -2.945e-04 -6.569e-03 -1.086e-03 0.000e+00
827 1.115e-03 -2.941e-03 2.397e-03 0.000e+00
828 -7.799e-03 5.476e-03 -1.573e-03 0.000e+00
829 -3.061e-03 6.509e-03 -9.384e-04 -6.256e+01
830 1.106e-03 -5.659e-03 3.101e-03 0.000e+00
831 -1.280e-03 7.259e-03 1.255e-03 -9.777e+01
832 -8.090e-04 4.792e-04 6.374e-03 0.000e+00
833 -1.419e-03 5.604e-03 -2.642e-03 0.000e+00
834 3.799e-03 -4.096e-04 3.498e-03 0.000e+00
835 1.196e-03 -6.273e-03 3.121e-03 0.000e+00
836 -1.638e-03 -6.520e-03 -3.283e-03 0.000e+00
837 5.982e-03 3.731e-04 2.559e-03 0.000e+00
838 7.588e-04 2.062e-03 -2.729e-03 0.000e+00
839 -3.204e-03 -3.930e-03 -2.431e-05 0.000e+00
840 5.206e-05 5.558e-03 1.110e-03 0.000e+00
841 -5.286e-03 3.367e-04 -2.891e-03 0.000e+00
842 1.670e-02 4.592e-03 2.737e-03 0.000e+00
843 1.979e-03 1.267e-03 5.272e-03 0.000e+00
844 9.857e-03 -5.767e-03 -4.096e-03 0.000e+00
845 4.848e-03 1.106e-04 -4.977e-04 0.000e+00
846 1.997e-03 -7.178e-04 -2.436e-03 0.000e+00
847 1.739e-03 2.320e-03 2.297e-03 0.000e+00
848 -4.010e-03 2.828e-03 1.402e-03 0.000e+00
849 -1.308e-04 4.330e-03 -2.360e-03 0.000e+00
850 -1.844e-03 -4.942e-03 3.573e-03 0.000e+00
851 1.774e-03 -6.054e-03 -1.876e-03 0.000e+00
852 2.710e-03 4.526e-03 3.437e-03 0.000e+00
853 8.401e-04 -5.159e-03 3.071e-04 0.000e+00
854 -1.555e-03 -5.149e-03 1.922e-03 0.000e+00
855 1.412e-03 3.927e-03 -5.793e-04 0.000e+00
856 1.960e-03 3.465e-03 2.353e-03 0.000e+00
857 1.507e-04 -3.919e-03 1.568e-03 0.000e+00
858 -1.875e-03 2.092e-03 -1.308e-03 0.000e+00
859 -1.879e-03 1.328e-03 -8.026e-04 0.000e+00
860 5.496e-03 4.345e-03 -3.187e-04 0.000e+00
861 2.223e-03 -4.743e-03 -2.247e-03 0.000e+00
862 5.262e-03 9.866e-04 -3.998e-03 0.000e+00
863 -1.340e-03 -6.026e-03 3.407e-04 0.000e+00
864 -2.585e-04 -6.587e-03 -8.652e-03 0.000e+00
865 -1.876e-03 -3.426e-05 -1.175e-03 0.000e+00
866 2.625e-03 -5.291e-03 -2.099e-03 0.000e+00
867 2.068e-03 1.539e-03 -1.188e-03 0.000e+00
868 -3.209e-03 8.265e-04 -1.010e-02 0.000e+00
869 4.587e-03 4.234e-03 1.009e-03 0.000e+00
870 8.278e-03 4.940e-03 -7.729e-03 0.000e+00
871 5.935e-05 -3.693e-03 2.905e-03 0.000e+00
872 -4.085e-03 1.959e-03 3.157e-03 0.000e+00
873 -2.170e-03 3.561e-03 -9.068e-05 0.000e+00
874 -4.042e-03 -5.099e-03 -6.325e-04 0.000e+00
875 -8.223e-03 9.309e-04 6.846e-03 0.000e+00
876 -4.687e-04 -6.099e-03 2.665e-03 0.000e+00
877 1.230e-03 -2.184e-03 1.196e-03 0.000e+00
878 1.811e-05 -2.895e-04 9.207e-04 0.000e+00
879 -5.550e-03 2.276e-03 -2.101e-04 0.000e+00
880 -4.385e-03 -5.385e-03 -1.271e-03 0.000e+00
881 6.236e-03 -5.015e-03 2.523e-03 0.000e+00
882 -1.187e-03 -1.984e-03 -2.355e-03 0.000e+00
883 2.017e-03 2.815e-03 5.703e-03 0.000e+00
884 3.194e-03 3.949e-03 -7.732e-03 0.000e+00
885 -5.014e-04 2.819e-03 -5.799e-03 0.000e+00
886 -1.959e-04 -6.281e-03 4.593e-03 0.000e+00
887 -1.799e-04 -3.945e-03 -3.874e-03 0.000e+00
888 3.963e-03 -6.026e-04 1.587e-03 0.000e+00
889 7.410e-03 3.936e-03 -2.031e-03 0.000e+00
890 -1.797e-04 -5.918e-03 -9.335e-04 0.000e+00
891 -6.714e-03 2.318e-03 8.581e-04 0.000e+00
892 -1.236e-03 3.316e-03 -4.968e-03 0.000e+00
893 -3.436e-03 3.012e-04 1.183e-03 0.000e+00
894 2.215e-03 -9.470e-04 3.758e-03 0.000e+00
895 6.561e-03 1.408e-03 3.596e-03 0.000e+00
896 2.072e-03 2.607e-03 -9.926e-04 0.000e+00
897 -2.998e-03 7.010e-03 -7.977e-03 -4.856e+01
898 2.965e-03 4.872e-03 2.040e-03 0.000e+00
899 -7.269e-03 -5.779e-03 7.000e-05 0.000e+00
900 3.742e-03 5.750e-03 -8.422e-03 0.000e+00
901 4.463e-03 1.345e-03 2.032e-03 0.000e+00
902 -3.092e-03 -6.571e-03 3.011e-03 0.000e+00
903 2.373e-03 1.169e-03 -1.963e-03 0.000e+00
904 1.180e-03 7.797e-03 -9.417e-03 1.229e+01
905 5.005e-04 2.096e-03 2.216e-04 0.000e+00
906 4.204e-04 1.923e-03 1.437e-03 0.000e+00
907 -6.208e-03 1.888e-03 -2.600e-03 0.000e+00
908 9.852e-04 -5.721e-03 2.827e-03 0.000e+00
909 6.891e-03 3.344e-03 6.370e-03 0.000e+00
910 3.953e-03 -1.603e-03 2.132e-03 0.000e+00
911 1.173e-03 8.543e-05 -9.874e-04 0.000e+00
912 -1.513e-03 -6.578e-03 1.990e-03 0.000e+00
913 -5.626e-03 2.995e-04 -3.828e-03 0.000e+00
914 5.109e-03 -4.554e-03 1.888e-04 0.000e+00
915 -1.375e-04 -4.985e-03 -5.010e-03 0.000e+00
916 -5.385e-03 2.995e-03 -4.773e-03 0.000e+00
917 -4.046e-03 -4.967e-03 8.402e-03 0.000e+00
918 8.176e-04 5.539e-04 -7.297e-03 0.000e+00
919 4.712e-03 6.069e-03 1.227e-02 0.000e+00
920 5.234e-03 -6.451e-03 -5.437e-03 0.000e+00
921 2.102e-03 1.763e-03 4.389e-04 0.000e+00
922 -1.221e-03 3.942e-03 -1.573e-03 0.000e+00
923 -4.018e-03 1.770e-03 2.368e-03 0.000e+00
924 1.841e-03 4.307e-03 -1.361e-03 0.000e+00
925 -7.604e-03 -5.814e-03 6.522e-03 0.000e+00
926 -5.017e-04 -6.287e-03 -1.251e-03 0.000e+00
927 6.384e-03 -6.230e-03 1.813e-03 0.000e+00
928 6.033e-03 -6.365e-03 -6.620e-04 0.000e+00
929 -7.646e-05 1.948e-03 1.027e-03 0.000e+00
930 5.188e-03 3.459e-03 1.211e-03 0.000e+00
931 7.291e-03 7.210e-03 -3.177e-03 -1.997e+01
932 2.044e-03 2.041e-03 -5.906e-03 0.000e+00
933 -5.049e-04 -5.181e-03 1.971e-03 0.000e+00
934 4.509e-03 4.074e-03 3.327e-03 0.000e+00
935 -3.320e-03 -6.201e-03 -7.257e-03 0.000e+00
936 -3.462e-03 4.942e-03 2.792e-03 0.000e+00
937 1.096e-03 -4.586e-03 4.196e-03 0.000e+00
938 -2.673e-03 -2.229e-04 -1.907e-03 0.000e+00
939 5.693e-03 -2.959e-03 2.363e-04 0.000e+00
940 6.282e-03 -5.626e-03 5.308e-03 0.000e+00
941 -3.241e-03 -4.237e-04 -5.706e-04 0.000e+00
942 9.691e-03 -5.995e-03 1.463e-03 0.000e+00
943 -2.112e-03 -5.791e-03 -3.469e-03 0.000e+00
944 4.270e-04 7.520e-03 2.891e-03 2.539e+01
945 -1.981e-03 -1.368e-03 -2.302e-03 0.000e+00
946 -9.206e-04 2.138e-03 -2.961e-03 0.000e+00
947 7.398e-03 3.391e-03 -3.085e-03 0.000e+00
948 9.985e-03 -3.885e-04 -4.609e-03 0.000e+00
949 6.122e-04 -4.303e-03 -4.269e-03 0.000e+00
950 7.267e-03 1.583e-03 -2.959e-03 0.000e+00
951 1.612e-03 4.898e-03 2.936e-03 0.000e+00
952 -1.064e-04 2.357e-03 5.310e-05 0.000e+00
953 2.749e-03 1.295e-03 -4.782e-03 0.000e+00
954 -6.422e-03 8.122e-03 -1.179e-03 -2.871e+01
955 2.276e-03 -6.219e-03 -2.456e-03 0.000e+00
956 -5.027e-04 -6.406e-03 -3.167e-03 0.000e+00
957 -9.071e-04 -4.221e-04 -2.398e-03 0.000e+00
958 6.150e-03 9.653e-04 1.736e-03 0.000e+00
959 3.508e-03 5.185e-03 -5.204e-03 0.000e+00
960 -3.771e-03 -5.567e-03 -3.058e-03 0.000e+00
961 -6.213e-04 2.809e-04 2.987e-03 0.000e+00
962 5.279e-03 -6.207e-05 4.128e-04 0.000e+00
963 -7.127e-04 -2.258e-04 -2.220e-03 0.000e+00
964 -3.694e-03 -5.722e-03 4.080e-03 0.000e+00
965 5.992e-04 -6.130e-03 -3.851e-04 0.000e+00
966 7.525e-03 1.277e-03 7.588e-06 0.000e+00
967 5.640e-03 -5.222e-03 2.023e-03 0.000e+00
968 8.685e-03 -5.534e-03 -1.085e-03 0.000e+00
969 -5.319e-03 5.344e-03 1.143e-03 0.000e+00
970 1.301e-04 3.273e-03 2.770e-03 0.000e+00
971 -6.028e-04 2.057e-04 4.922e-03 0.000e+00
972 4.292e-03 -1.064e-03 2.219e-03 0.000e+00
973 -2.038e-03 -7.883e-05 3.892e-03 0.000e+00
974 7.189e-04 -6.452e-03 -1.587e-03 0.000e+00
975 -1.054e-03 3.225e-03 -5.311e-03 0.000e+00
976 3.788e-03 3.432e-03 3.821e-03 0.000e+00
977 3.348e-03 1.260e-03 9.364e-03 0.000e+00
978 1.107e-03 2.778e-03 3.143e-04 0.000e+00
979 9.892e-03 2.866e-04 2.000e-03 0.000e+00
980 5.432e-03 -5.329e-03 2.238e-03 0.000e+00
981 -6.118e-03 7.856e-03 8.921e-03 2.644e+01
982 4.333e-03 5.572e-04 -1.032e-02 0.000e+00
983 1.489e-03 -5.197e-03 -4.681e-03 0.000e+00
984 6.482e-03 4.201e-03 -7.272e-03 0.000e+00
985 -5.358e-04 4.774e-03 -7.150e-03 0.000e+00
986 2.488e-03 -4.318e-03 -2.120e-03 0.000e+00
987 3.089e-03 -6.528e-03 -7.704e-04 0.000e+00
988 3.245e-03 -3.576e-03 -5.200e-03 0.000e+00
989 8.975e-05 -5.081e-03 4.198e-03 0.000e+00
990 -3.512e-03 1.576e-03 -7.711e-04 0.000e+00
991 -1.498e-03 -6.127e-03 2.338e-04 0.000e+00
992 5.142e-03 1.673e-03 -1.927e-03 0.000e+00
993 5.561e-03 1.219e-04 6.455e-04 0.000e+00
994 -4.249e-03 -6.191e-03 -2.533e-03 0.000e+00
995 -1.861e-04 -9.910e-04 -4.700e-03 0.000e+00
996 2.742e-03 -5.381e-03 1.081e-03 0.000e+00
997 -1.660e-03 -5.348e-03 1.791e-03 0.000e+00
998 2.730e-03 -3.304e-03 -8.455e-03 0.000e+00
999 2.071e-03 -6.315e-03 1.814e-03 0.000e+00
1000 5.230e-03 5.101e-03 -3.849e-03 0.000e+00
1001 -4.185e-03 -1.436e-03 -7.883e-05 0.000e+00
1002 -2.417e-03 2.656e-03 4.556e-03 0.000e+00
1003 5.055e-03 -3.536e-05 7.864e-03 0.000e+00
1004 -2.125e-03 1.793e-03 3.488e-03 0.000e+00
1005 3.854e-03 -6.317e-03 3.955e-03 0.000e+00
1006 -3.771e-04 -5.202e-03 1.230e-03 0.000e+00
1007 2.906e-03 2.320e-06 -1.218e-03 0.000e+00
1008 2.594e-03 5.838e-04 6.459e-03 0.000e+00
1009 8.800e-05 -6.512e-03 2.017e-03 0.000e+00
1010 -1.279e-03 -4.234e-03 9.416e-05 0.000e+00
1011 6.879e-03 -1.625e-03 -2.805e-03 0.000e+00
1012 -1.994e-03 -3.587e-03 1.889e-03 0.000e+00
1013 1.339e-03 2.308e-03 -2.623e-03 0.000e+00
1014 -1.043e-03 -6.021e-04 1.594e-03 0.000e+00
1015 3.876e-03 -3.434e-03 -1.998e-03 0.000e+00
1016 -1.243e-03 -5.153e-03 3.620e-03 0.000e+00
1017 -6.243e-03 -5.061e-03 5.475e-04 0.000e+00
1018 4.011e-03 -4.703e-03 3.475e-03 0.000e+00
1019 -3.090e-04 -5.078e-03 1.975e-03 0.000e+00
1020 3.227e-03 -2.206e-03 9.667e-04 0.000e+00
1021 -3.358e-03 -4.160e-03 -9.389e-04 0.000e+00
1022 1.335e-03 -5.821e-03 -1.077e-03 0.000e+00
1023 4.706e-03 -4.444e-03 3.759e-05 0.000e+00
