Bin I L V PA
0 4.873e-03 7.445e-03 -2.036e-03 0.000e+00
1 1.156e-02 1.072e-04 2.022e-03 0.000e+00
2 -3.751e-03 8.812e-03 -3.861e-03 0.000e+00
3 -4.160e-03 3.974e-04 -3.642e-03 0.000e+00
4 2.291e-03 -2.092e-03 -1.004e-03 0.000e+00
5 -7.710e-04 4.178e-04 -2.382e-03 0.000e+00
6 2.165e-03 -1.921e-03 -3.190e-03 0.000e+00
7 3.734e-03 -2.491e-03 -4.906e-04 0.000e+00
8 -6.129e-03 2.626e-03 3.299e-03 0.000e+00
9 7.116e-03 -9.511e-05 6.737e-04 0.000e+00
10 -5.691e-03 1.362e-02 -5.165e-03 9.584e+01
11 1.815e-03 -2.852e-03 -5.678e-03 0.000e+00
12 3.975e-03 1.393e-02 8.893e-05 1.288e+02
13 -3.966e-03 -6.475e-04 8.923e-03 0.000e+00
14 -9.335e-03 1.507e-02 9.367e-03 2.988e+01
15 5.634e-03 9.360e-03 4.274e-03 0.000e+00
16 -1.733e-03 1.850e-02 -4.373e-04 3.521e+01
17 -3.444e-03 1.222e-02 -6.199e-03 0.000e+00
18 -1.443e-03 -2.258e-03 -2.005e-03 0.000e+00
19 -3.488e-03 1.505e-02 2.084e-03 2.435e+01
20 5.443e-03 -1.797e-03 3.456e-03 0.000e+00
21 1.736e-03 -2.420e-03 2.801e-03 0.000e+00
22 -4.437e-03 4.326e-03 -7.253e-03 0.000e+00
23 4.895e-04 -1.968e-03 -7.262e-03 0.000e+00
24 -7.797e-03 2.513e-03 2.147e-03 0.000e+00
25 -1.041e-02 -5.486e-04 2.591e-03 0.000e+00
26 -3.948e-03 -2.690e-03 -7.776e-04 0.000e+00
27 9.416e-04 9.268e-03 9.925e-03 0.000e+00
28 5.838e-03 -2.649e-03 4.328e-03 0.000e+00
29 -3.576e-03 -1.050e-03 3.108e-03 0.000e+00
30 -8.226e-03 8.305e-03 -4.032e-03 0.000e+00
31 -5.580e-03 -1.290e-03 -6.636e-03 0.000e+00
32 5.084e-04 8.321e-03 1.488e-03 0.000e+00
33 -5.649e-03 3.672e-03 -1.711e-04 0.000e+00
34 3.255e-03 -5.819e-04 -4.535e-03 0.000e+00
35 -4.378e-03 1.664e-02 1.131e-02 8.947e+01
36 2.479e-03 -2.300e-04 -1.888e-03 0.000e+00
37 -3.214e-03 -2.033e-03 -3.290e-03 0.000e+00
38 5.633e-03 -1.897e-03 3.209e-03 0.000e+00
39 -6.900e-03 1.351e-02 9.940e-04 1.340e+02
40 5.167e-03 -2.812e-03 -5.702e-03 0.000e+00
41 -6.580e-03 -2.846e-03 1.524e-03 0.000e+00
42 -1.321e-03 -7.472e-04 -7.024e-03 0.000e+00
43 4.946e-04 -2.233e-03 -4.958e-03 0.000e+00
44 1.609e-03 1.187e-02 -5.144e-03 0.000e+00
45 3.756e-03 2.214e-03 -6.975e-03 0.000e+00
46 8.773e-03 -1.114e-03 -1.854e-03 0.000e+00
47 -5.426e-04 -2.207e-03 7.331e-03 0.000e+00
48 -3.010e-03 -1.459e-03 3.226e-03 0.000e+00
49 -9.239e-03 -2.151e-03 -8.511e-04 0.000e+00
50 3.390e-03 8.957e-04 4.292e-04 0.000e+00
51 -9.525e-04 1.357e-02 7.793e-03 7.305e+01
52 -4.603e-03 -7.605e-04 -5.385e-04 0.000e+00
53 1.075e-02 -7.142e-04 -2.872e-03 0.000e+00
54 1.650e-03 -2.579e-03 -2.794e-03 0.000e+00
55 -5.726e-04 8.842e-03 5.665e-03 0.000e+00
56 3.875e-03 -2.662e-03 5.267e-03 0.000e+00
57 -8.041e-03 -2.814e-03 7.056e-03 0.000e+00
58 -5.095e-03 1.777e-02 2.005e-04 -3.902e+01
59 4.529e-03 1.161e-04 -2.192e-03 0.000e+00
60 2.159e-03 -2.220e-03 -5.940e-03 0.000e+00
61 8.374e-03 1.279e-02 -3.002e-04 5.843e+01
62 -1.308e-03 -2.042e-03 -2.662e-03 0.000e+00
63 -5.488e-04 -4.592e-04 1.219e-03 0.000e+00
64 -8.114e-03 1.767e-02 -9.790e-03 -7.677e+00
65 1.116e-03 -3.969e-04 3.786e-03 0.000e+00
66 2.672e-03 -2.105e-03 4.246e-03 0.000e+00
67 -4.949e-03 9.535e-04 4.145e-03 0.000e+00
68 1.434e-04 3.910e-03 -8.361e-03 0.000e+00
69 2.435e-03 1.627e-02 7.042e-03 -4.194e+01
70 2.239e-03 -2.126e-03 3.265e-03 0.000e+00
71 -3.331e-03 -6.597e-04 -2.749e-03 0.000e+00
72 -7.705e-03 -1.466e-03 5.285e-03 0.000e+00
73 -4.106e-03 1.077e-02 2.135e-03 0.000e+00
74 4.306e-03 2.002e-03 -6.337e-03 0.000e+00
75 -2.024e-03 -2.015e-03 5.182e-04 0.000e+00
76 -3.938e-03 2.395e-03 6.484e-03 0.000e+00
77 5.087e-03 5.818e-03 -3.452e-03 0.000e+00
78 6.432e-04 1.165e-02 5.405e-03 0.000e+00
79 2.865e-03 1.141e-03 -6.126e-03 0.000e+00
80 -6.338e-04 1.150e-02 2.327e-03 0.000e+00
81 -4.563e-03 9.559e-03 7.155e-03 0.000e+00
82 1.024e-02 -2.012e-03 1.496e-03 0.000e+00
83 9.297e-03 -2.021e-03 -4.787e-03 0.000e+00
84 5.823e-04 -2.475e-03 7.754e-03 0.000e+00
85 6.441e-03 -4.749e-04 -2.315e-03 0.000e+00
86 6.818e-03 1.851e-02 7.585e-03 -1.661e+01
87 -1.949e-03 -1.679e-03 -1.686e-03 0.000e+00
88 6.827e-05 -2.085e-03 7.762e-03 0.000e+00
89 5.437e-03 -2.015e-03 -6.156e-03 0.000e+00
90 -2.866e-03 9.758e-03 -8.170e-04 0.000e+00
91 7.338e-04 8.399e-03 1.336e-03 0.000e+00
92 -4.946e-04 3.875e-03 -6.729e-03 0.000e+00
93 4.753e-03 -1.422e-03 3.735e-04 0.000e+00
94 -4.126e-03 -2.859e-03 -5.232e-03 0.000e+00
95 8.410e-04 -2.245e-03 4.990e-03 0.000e+00
96 -3.026e-03 -2.064e-03 -1.786e-03 0.000e+00
97 -4.773e-03 -2.513e-03 3.644e-03 0.000e+00
98 7.527e-03 7.738e-03 3.925e-03 0.000e+00
99 -5.474e-03 8.265e-03 -2.667e-04 0.000e+00
100 1.939e-03 -2.259e-03 -1.185e-03 0.000e+00
101 3.077e-03 1.008e-02 -4.330e-03 0.000e+00
102 1.469e-03 9.345e-03 -1.090e-03 0.000e+00
103 4.668e-03 1.720e-02 5.325e-04 1.108e+02
104 4.684e-03 -2.091e-03 1.291e-02 0.000e+00
105 -1.919e-03 1.313e-02 -5.147e-03 1.317e+02
106 -5.737e-04 1.261e-02 -4.731e-03 0.000e+00
107 3.361e-04 5.620e-04 -2.538e-04 0.000e+00
108 1.763e-03 4.933e-04 -1.199e-03 0.000e+00
109 9.895e-04 -1.498e-03 -7.843e-03 0.000e+00
110 1.087e-05 1.018e-02 -2.671e-03 0.000e+00
111 -1.860e-03 -2.117e-03 -8.776e-04 0.000e+00
112 -8.038e-03 -1.911e-03 1.785e-03 0.000e+00
113 -3.669e-03 8.750e-03 -5.613e-03 0.000e+00
114 2.450e-03 1.091e-02 -1.069e-02 0.000e+00
115 2.067e-03 6.261e-04 -4.587e-03 0.000e+00
116 -8.887e-03 9.338e-03 3.898e-03 0.000e+00
117 -1.175e-02 1.633e-03 6.070e-03 0.000e+00
118 1.804e-03 -3.395e-05 4.086e-03 0.000e+00
119 3.035e-03 6.952e-03 -1.978e-03 0.000e+00
120 7.425e-03 -2.648e-03 3.921e-03 0.000e+00
121 2.856e-03 -2.078e-03 -3.789e-03 0.000e+00
122 -2.477e-03 1.956e-04 -1.979e-03 0.000e+00
123 7.953e-03 -1.415e-03 -4.261e-03 0.000e+00
124 1.207e-03 -8.303e-04 7.014e-04 0.000e+00
125 -1.528e-03 1.203e-02 4.713e-03 0.000e+00
126 3.751e-03 1.195e-02 -4.092e-03 0.000e+00
127 -7.865e-03 -6.947e-04 -4.004e-03 0.000e+00
128 -4.153e-03 1.746e-04 5.894e-04 0.000e+00
129 -3.813e-03 1.614e-03 -6.128e-04 0.000e+00
130 -1.708e-03 3.140e-04 5.608e-03 0.000e+00
131 6.163e-03 -2.733e-03 1.362e-03 0.000e+00
132 4.105e-03 2.060e-03 1.390e-02 0.000e+00
133 5.807e-03 9.716e-03 1.598e-03 0.000e+00
134 -1.031e-02 -2.729e-03 -4.433e-03 0.000e+00
135 5.034e-03 -5.211e-04 2.374e-03 0.000e+00
136 -4.069e-03 -2.739e-04 5.226e-03 0.000e+00
137 8.044e-03 -1.801e-04 -7.282e-03 0.000e+00
138 2.469e-03 1.402e-02 3.953e-03 3.097e+01
139 2.151e-03 -2.750e-03 -4.386e-03 0.000e+00
140 -1.883e-04 1.545e-02 2.496e-03 -9.905e+00
141 -4.853e-03 3.401e-03 4.617e-03 0.000e+00
142 -1.197e-03 -4.513e-05 1.633e-03 0.000e+00
143 -5.668e-03 -1.931e-03 -2.082e-03 0.000e+00
144 4.622e-03 -6.627e-04 2.900e-03 0.000e+00
145 -1.092e-02 1.399e-02 5.496e-04 9.411e+01
146 -3.511e-03 1.123e-02 8.774e-03 0.000e+00
147 1.307e-02 -1.421e-03 -3.381e-03 0.000e+00
148 1.439e-02 3.280e-03 -5.739e-03 0.000e+00
149 6.831e-03 -2.858e-03 6.623e-03 0.000e+00
150 4.052e-03 -2.727e-03 7.656e-03 0.000e+00
151 2.008e-03 1.197e-02 -2.977e-03 0.000e+00
152 -6.028e-03 6.339e-03 2.066e-03 0.000e+00
153 2.801e-03 1.027e-02 -2.795e-03 0.000e+00
154 -4.714e-03 1.417e-02 7.388e-03 -2.736e+01
155 4.303e-03 -3.277e-04 5.841e-03 0.000e+00
156 -1.741e-04 -2.080e-03 -7.471e-03 0.000e+00
157 -7.815e-03 -8.126e-04 -1.091e-02 0.000e+00
158 9.507e-04 1.016e-02 -1.807e-03 0.000e+00
159 2.822e-03 1.624e-02 8.821e-04 6.512e+01
160 1.468e-03 7.450e-05 -4.052e-04 0.000e+00
161 -1.101e-02 -2.576e-03 5.156e-03 0.000e+00
162 1.595e-03 5.411e-04 2.567e-03 0.000e+00
163 3.842e-04 -1.556e-03 -5.007e-03 0.000e+00
164 6.850e-03 -2.269e-03 1.069e-03 0.000e+00
165 -4.341e-03 -2.415e-03 1.193e-03 0.000e+00
166 1.481e-03 1.818e-02 -7.435e-04 -4.965e+00
167 -1.503e-03 -7.506e-04 4.486e-03 0.000e+00
168 -4.150e-03 -1.899e-03 4.769e-04 0.000e+00
169 3.114e-04 -1.545e-03 -6.044e-03 0.000e+00
170 -1.537e-03 -8.801e-04 -3.392e-03 0.000e+00
171 -2.667e-03 -2.089e-03 7.604e-04 0.000e+00
172 -9.183e-04 -8.632e-04 -7.695e-04 0.000e+00
173 -3.178e-03 6.907e-03 1.118e-02 0.000e+00
174 9.152e-04 1.026e-02 1.202e-02 0.000e+00
175 -1.370e-03 -2.359e-03 7.333e-03 0.000e+00
176 6.268e-03 1.548e-03 1.480e-02 0.000e+00
177 -5.037e-03 -2.188e-03 1.638e-03 0.000e+00
178 -4.236e-03 -2.560e-03 -2.901e-03 0.000e+00
179 -5.461e-03 -1.855e-03 2.902e-03 0.000e+00
180 -1.811e-03 -1.477e-03 -4.786e-03 0.000e+00
181 1.182e-02 -1.848e-03 -7.395e-03 0.000e+00
182 -7.468e-03 -2.087e-03 4.017e-04 0.000e+00
183 -5.406e-04 1.007e-02 7.091e-03 0.000e+00
184 -9.809e-03 1.257e-03 -1.789e-03 0.000e+00
185 9.791e-04 -1.270e-03 -6.227e-03 0.000e+00
186 7.636e-03 -1.902e-03 9.218e-03 0.000e+00
187 7.536e-03 1.162e-02 -8.930e-03 0.000e+00
188 9.664e-04 8.447e-03 -4.806e-03 0.000e+00
189 -1.157e-03 1.245e-02 -5.016e-03 0.000e+00
190 9.635e-03 -7.650e-04 8.262e-03 0.000e+00
191 -1.036e-02 1.487e-02 4.800e-03 -1.904e+01
192 -1.204e-03 -2.143e-03 5.427e-03 0.000e+00
193 -7.264e-03 1.540e-03 -4.587e-03 0.000e+00
194 -2.283e-03 9.295e-03 1.769e-03 0.000e+00
195 4.340e-03 -9.371e-04 -8.207e-04 0.000e+00
196 -3.154e-03 -2.819e-03 -6.058e-03 0.000e+00
197 -4.409e-03 -1.430e-03 1.272e-03 0.000e+00
198 1.117e-02 2.248e-03 1.078e-03 0.000e+00
199 -5.129e-03 1.084e-02 2.046e-03 0.000e+00
200 8.148e-04 -1.850e-03 3.097e-03 0.000e+00
201 -1.814e-03 -7.709e-04 5.133e-03 0.000e+00
202 -1.453e-03 1.097e-03 8.982e-03 0.000e+00
203 -9.634e-03 -2.277e-03 -1.108e-03 0.000e+00
204 1.821e-03 -2.103e-03 -3.203e-03 0.000e+00
205 -1.734e-04 -2.559e-03 -5.243e-03 0.000e+00
206 -1.272e-02 -2.679e-03 -7.360e-04 0.000e+00
207 -4.132e-03 0.000e+00 -8.107e-04 0.000e+00
208 -4.699e-03 -1.928e-03 8.705e-03 0.000e+00
209 -4.229e-03 -2.833e-03 5.874e-03 0.000e+00
210 2.411e-04 -1.728e-03 -1.312e-03 0.000e+00
211 7.994e-03 7.037e-03 4.264e-03 0.000e+00
212 3.336e-03 1.485e-02 -6.865e-04 1.063e+02
213 -3.474e-03 -1.943e-03 -2.384e-04 0.000e+00
214 -3.047e-03 2.876e-03 2.272e-03 0.000e+00
215 -1.234e-02 4.828e-04 -4.255e-03 0.000e+00
216 -9.804e-03 1.610e-02 1.043e-02 1.421e+01
217 6.875e-03 -1.925e-03 -4.743e-03 0.000e+00
218 -1.202e-02 1.353e-02 4.072e-03 1.057e+02
219 -1.074e-03 -1.991e-03 4.855e-03 0.000e+00
220 -1.183e-02 -1.772e-03 -2.662e-03 0.000e+00
221 -4.916e-03 -5.393e-04 -8.601e-03 0.000e+00
222 -3.328e-03 -2.768e-03 -3.357e-03 0.000e+00
223 -2.973e-03 -2.764e-03 2.663e-03 0.000e+00
224 -1.701e-03 -2.167e-03 -1.943e-03 0.000e+00
225 5.978e-03 -1.182e-03 -1.130e-03 0.000e+00
226 -4.842e-03 -9.183e-05 -1.768e-03 0.000e+00
227 -1.860e-03 -2.639e-03 3.049e-03 0.000e+00
228 8.134e-03 7.096e-03 -1.423e-03 0.000e+00
229 5.394e-03 -1.712e-03 -4.515e-03 0.000e+00
230 5.750e-03 -2.131e-03 2.143e-03 0.000e+00
231 3.680e-03 -2.507e-03 -2.594e-03 0.000e+00
232 -6.285e-03 -2.416e-03 -5.895e-03 0.000e+00
233 -4.761e-03 8.628e-03 5.563e-03 0.000e+00
234 -6.584e-03 2.084e-02 7.382e-04 -3.630e+01
235 -8.154e-03 1.950e-04 -4.232e-03 0.000e+00
236 -1.023e-03 -2.384e-03 -5.139e-03 0.000e+00
237 -2.550e-04 -8.163e-04 -2.723e-04 0.000e+00
238 -1.611e-03 -2.127e-05 1.868e-03 0.000e+00
239 -4.365e-03 1.236e-02 9.224e-03 0.000e+00
240 4.044e-03 1.592e-02 -2.793e-03 6.540e+01
241 -1.403e-03 1.574e-03 4.100e-03 0.000e+00
242 1.772e-03 -3.753e-04 -9.712e-04 0.000e+00
243 -1.002e-03 1.818e-04 3.457e-04 0.000e+00
244 1.341e-03 3.485e-04 -9.100e-04 0.000e+00
245 -1.054e-02 -2.524e-03 1.867e-04 0.000e+00
246 -5.409e-03 1.652e-02 6.869e-05 5.047e+01
247 8.109e-03 1.318e-02 5.957e-03 1.082e+01
248 -2.375e-03 -2.195e-03 -4.327e-03 0.000e+00
249 -2.764e-03 -1.163e-03 1.190e-04 0.000e+00
250 -6.604e-03 8.456e-03 -1.383e-03 0.000e+00
251 3.387e-03 -1.263e-04 1.918e-05 0.000e+00
252 -4.786e-03 -9.160e-04 -8.560e-03 0.000e+00
253 2.839e-03 4.241e-05 -1.417e-02 0.000e+00
254 5.290e-03 -8.859e-04 -7.358e-03 0.000e+00
255 1.989e-03 -2.760e-03 -1.728e-03 0.000e+00
256 3.410e-03 -2.298e-03 3.513e-04 0.000e+00
257 6.365e-03 -4.381e-04 6.969e-04 0.000e+00
258 -4.464e-03 1.458e-03 7.387e-03 0.000e+00
259 -9.744e-03 3.130e-03 3.905e-03 0.000e+00
260 1.876e-03 1.382e-02 -4.313e-03 1.076e+02
261 2.370e-04 -2.126e-03 4.123e-03 0.000e+00
262 -3.800e-03 -2.794e-03 -4.326e-03 0.000e+00
263 -2.629e-03 1.486e-02 -1.184e-03 1.070e+02
264 1.827e-03 1.225e-02 5.306e-03 0.000e+00
265 5.919e-04 -1.772e-03 9.605e-03 0.000e+00
266 7.886e-03 1.280e-02 4.254e-03 1.162e+02
267 -3.734e-04 -2.075e-03 -2.103e-03 0.000e+00
268 -4.663e-04 -1.793e-03 2.123e-03 0.000e+00
269 5.136e-04 -5.686e-04 2.937e-03 0.000e+00
270 -7.551e-03 3.068e-05 1.203e-03 0.000e+00
271 -1.854e-03 1.060e-02 6.965e-03 0.000e+00
272 -4.157e-03 -2.752e-03 1.781e-03 0.000e+00
273 -1.982e-03 -2.176e-04 -1.435e-03 0.000e+00
274 4.141e-03 9.639e-03 2.481e-03 0.000e+00
275 -2.891e-03 -7.405e-04 2.716e-04 0.000e+00
276 -3.013e-03 -2.736e-03 -2.339e-03 0.000e+00
277 4.745e-03 1.121e-02 3.688e-03 0.000e+00
278 3.038e-03 1.419e-02 5.099e-03 1.103e+02
279 5.512e-03 9.511e-03 -1.478e-04 0.000e+00
280 6.887e-04 1.481e-02 -4.584e-03 -3.812e+01
281 -4.114e-03 -1.632e-03 -6.783e-05 0.000e+00
282 -1.097e-04 8.119e-03 -6.593e-03 0.000e+00
283 5.855e-03 1.114e-02 -2.466e-03 0.000e+00
284 -1.385e-02 -1.823e-03 5.322e-03 0.000e+00
285 -3.803e-03 1.729e-03 -8.390e-03 0.000e+00
286 -2.160e-04 -1.180e-04 3.599e-03 0.000e+00
287 7.579e-03 9.569e-03 9.945e-04 0.000e+00
288 -4.330e-03 -2.300e-03 -5.306e-05 0.000e+00
289 5.550e-03 7.946e-04 -7.573e-04 0.000e+00
290 -3.365e-03 8.298e-03 -1.066e-02 0.000e+00
291 -1.091e-02 1.690e-03 3.804e-03 0.000e+00
292 1.337e-03 -2.177e-03 4.862e-03 0.000e+00
293 -2.301e-04 1.367e-02 -1.097e-03 1.183e+01
294 9.348e-04 -2.778e-03 2.474e-03 0.000e+00
295 2.862e-03 9.390e-03 -4.640e-03 0.000e+00
296 4.785e-03 -6.008e-04 -1.399e-03 0.000e+00
297 -1.084e-02 -2.678e-03 -2.476e-03 0.000e+00
298 -4.103e-03 1.336e-03 4.204e-03 0.000e+00
299 -1.521e-03 -1.081e-03 1.506e-03 0.000e+00
300 -1.018e-02 -2.710e-03 -1.243e-02 0.000e+00
301 -4.874e-03 1.683e-02 2.295e-03 -1.911e+01
302 6.602e-04 -2.110e-03 1.886e-03 0.000e+00
303 4.840e-03 1.363e-02 -1.088e-03 -4.258e+01
304 1.703e-03 -1.266e-03 -5.699e-03 0.000e+00
305 3.172e-03 1.487e-02 -5.557e-04 5.631e+01
306 3.348e-03 9.892e-03 4.782e-03 0.000e+00
307 -3.848e-03 1.324e-02 -1.070e-02 5.618e+01
308 6.817e-03 -2.192e-03 6.060e-03 0.000e+00
309 -4.131e-03 -2.810e-03 -3.820e-04 0.000e+00
310 8.054e-03 4.133e-04 3.200e-04 0.000e+00
311 -2.580e-03 -2.469e-03 1.920e-03 0.000e+00
312 6.605e-03 1.328e-02 3.136e-03 1.248e+02
313 3.800e-03 7.713e-03 -2.038e-03 0.000e+00
314 2.653e-03 -6.520e-04 3.589e-03 0.000e+00
315 4.718e-03 -1.435e-03 -9.155e-03 0.000e+00
316 -4.120e-03 -1.911e-03 3.139e-03 0.000e+00
317 1.084e-03 -1.607e-03 5.681e-03 0.000e+00
318 -9.571e-03 -1.496e-03 2.314e-03 0.000e+00
319 -8.040e-03 -2.830e-03 -3.459e-03 0.000e+00
320 -5.712e-03 8.711e-03 -3.779e-03 0.000e+00
321 -3.885e-03 -1.250e-03 -1.078e-02 0.000e+00
322 -3.261e-03 -1.861e-03 5.894e-03 0.000e+00
323 -2.655e-03 -1.427e-03 -4.166e-04 0.000e+00
324 2.100e-04 -1.444e-03 -1.293e-03 0.000e+00
325 -1.379e-03 -1.416e-03 6.586e-03 0.000e+00
326 3.493e-03 1.074e-02 2.709e-03 0.000e+00
327 -5.305e-04 6.605e-04 -3.430e-03 0.000e+00
328 4.514e-03 7.159e-03 4.867e-03 0.000e+00
329 -2.509e-03 1.071e-02 2.602e-03 0.000e+00
330 -2.877e-03 9.422e-03 -2.421e-05 0.000e+00
331 -1.016e-02 -6.196e-04 8.240e-03 0.000e+00
332 5.587e-04 1.432e-02 -3.763e-05 1.027e+02
333 -7.269e-03 1.111e-02 -1.687e-03 0.000e+00
334 -4.859e-03 1.477e-02 -5.613e-04 6.326e+01
335 3.791e-03 -9.121e-05 -4.034e-03 0.000e+00
336 -2.669e-03 -2.510e-03 -2.194e-05 0.000e+00
337 -6.271e-03 -2.774e-03 1.423e-03 0.000e+00
338 -8.799e-03 1.190e-02 -1.185e-03 0.000e+00
339 -2.026e-03 7.276e-03 2.982e-03 0.000e+00
340 -4.459e-04 -1.023e-03 1.240e-03 0.000e+00
341 -7.617e-03 2.196e-03 8.065e-03 0.000e+00
342 -5.005e-03 -2.243e-03 -2.937e-03 0.000e+00
343 1.555e-03 2.777e-03 1.953e-03 0.000e+00
344 8.083e-03 7.218e-03 7.389e-04 0.000e+00
345 -3.666e-03 8.820e-05 -3.389e-03 0.000e+00
346 -2.550e-03 1.177e-02 -1.004e-03 0.000e+00
347 -9.207e-03 8.532e-03 6.946e-03 0.000e+00
348 1.585e-03 9.097e-03 5.553e-03 0.000e+00
349 8.266e-03 3.197e-03 -2.814e-03 0.000e+00
350 -5.283e-03 -1.070e-03 -5.971e-03 0.000e+00
351 6.685e-03 2.383e-03 4.486e-04 0.000e+00
352 -7.238e-03 -3.852e-04 -3.720e-03 0.000e+00
353 -7.053e-03 1.027e-02 6.184e-03 0.000e+00
354 3.709e-04 -2.055e-03 -1.281e-03 0.000e+00
355 3.995e-03 -1.910e-03 3.949e-03 0.000e+00
356 -1.117e-02 -1.440e-03 4.409e-03 0.000e+00
357 -3.016e-03 -1.558e-03 1.058e-02 0.000e+00
358 -7.686e-03 -2.272e-03 1.090e-03 0.000e+00
359 3.326e-03 -3.460e-04 2.025e-03 0.000e+00
360 -7.381e-03 1.392e-02 1.286e-03 6.549e+01
361 -9.916e-03 -1.804e-03 -3.890e-03 0.000e+00
362 -2.583e-03 2.550e-04 -5.167e-03 0.000e+00
363 4.503e-03 2.945e-03 8.864e-03 0.000e+00
364 4.686e-03 -2.094e-04 -1.650e-03 0.000e+00
365 -2.579e-03 -9.426e-04 -4.603e-03 0.000e+00
366 -4.823e-04 -1.128e-03 -3.511e-03 0.000e+00
367 -4.617e-03 1.790e-02 6.815e-04 4.986e+01
368 -1.893e-02 -9.367e-05 5.301e-03 0.000e+00
369 2.182e-03 8.331e-03 -2.082e-03 0.000e+00
370 9.983e-04 1.479e-02 4.335e-03 1.951e+01
371 -7.652e-03 -2.734e-03 5.477e-03 0.000e+00
372 6.046e-04 1.727e-02 -5.759e-03 6.689e+00
373 4.774e-04 1.400e-02 -7.017e-03 -8.973e+00
374 -5.072e-03 -8.220e-04 -7.320e-03 0.000e+00
375 -2.294e-03 -2.194e-03 -3.310e-03 0.000e+00
376 -6.149e-03 9.849e-03 -6.296e-03 0.000e+00
377 -7.188e-03 1.419e-02 -5.103e-04 8.812e+00
378 -2.364e-03 -1.393e-03 -7.722e-04 0.000e+00
379 -7.367e-03 -1.304e-03 -1.641e-03 0.000e+00
380 -7.402e-03 2.619e-03 4.626e-03 0.000e+00
381 7.794e-04 1.127e-03 2.395e-03 0.000e+00
382 -4.257e-05 -2.266e-03 5.354e-03 0.000e+00
383 -2.360e-03 -1.530e-03 2.625e-03 0.000e+00
384 9.809e-03 4.256e-04 4.964e-03 0.000e+00
385 -2.957e-03 2.654e-03 -6.067e-03 0.000e+00
386 -7.437e-03 8.873e-04 2.827e-03 0.000e+00
387 2.828e-03 1.158e-02 -4.597e-03 0.000e+00
388 7.121e-03 2.561e-03 -1.306e-03 0.000e+00
389 -5.029e-05 -2.616e-03 -4.136e-03 0.000e+00
390 -4.629e-03 -6.064e-04 1.143e-02 0.000e+00
391 -2.807e-03 7.015e-03 -4.770e-03 0.000e+00
392 -3.644e-03 9.095e-04 -8.698e-03 0.000e+00
393 -8.484e-03 -5.763e-04 -4.668e-03 0.000e+00
394 -4.969e-03 7.758e-03 -2.375e-03 0.000e+00
395 -4.017e-03 1.277e-02 -7.210e-03 4.679e+01
396 -1.345e-04 -5.489e-04 -7.915e-04 0.000e+00
397 -2.809e-03 -2.298e-03 -9.475e-03 0.000e+00
398 -3.377e-03 -1.741e-03 3.870e-03 0.000e+00
399 5.609e-03 -9.349e-04 -1.978e-03 0.000e+00
400 -1.724e-03 1.243e-02 1.005e-02 0.000e+00
401 -2.954e-03 -1.664e-03 -8.515e-03 0.000e+00
402 5.843e-03 1.703e-03 -2.089e-03 0.000e+00
403 2.375e-04 1.581e-02 2.451e-03 9.739e+01
404 7.137e-04 -9.649e-04 5.790e-03 0.000e+00
405 7.999e-03 1.437e-02 -2.944e-03 8.537e+01
406 3.021e-04 -1.711e-03 -3.165e-03 0.000e+00
407 -2.055e-03 -4.579e-04 1.147e-02 0.000e+00
408 3.083e-03 2.045e-02 -4.643e-03 -3.828e+01
409 -3.568e-06 1.489e-04 -3.620e-04 0.000e+00
410 0.000e+00 1.175e-02 -4.237e-04 0.000e+00
411 -2.092e-03 -1.982e-03 -1.259e-02 0.000e+00
412 1.129e-04 7.629e-03 -2.533e-03 0.000e+00
413 -4.500e-04 -4.288e-04 4.389e-03 0.000e+00
414 -6.149e-03 -3.427e-04 -7.422e-03 0.000e+00
415 -5.030e-03 1.587e-02 8.849e-04 3.664e+01
416 8.421e-03 -1.711e-03 -1.072e-02 0.000e+00
417 2.670e-03 8.272e-03 -5.542e-03 0.000e+00
418 8.931e-04 7.475e-03 -6.143e-03 0.000e+00
419 -1.140e-02 -1.275e-03 5.343e-03 0.000e+00
420 -5.686e-03 -1.725e-03 -1.162e-03 0.000e+00
421 2.190e-03 -1.845e-03 3.966e-04 0.000e+00
422 2.268e-03 -2.447e-03 2.747e-04 0.000e+00
423 4.478e-03 -1.989e-03 1.023e-03 0.000e+00
424 3.083e-03 -2.614e-03 5.399e-03 0.000e+00
425 -1.801e-03 1.899e-03 1.121e-04 0.000e+00
426 -1.493e-03 1.330e-04 -2.906e-03 0.000e+00
427 3.395e-03 1.450e-02 -1.710e-03 1.275e+02
428 7.218e-03 -2.249e-03 3.133e-03 0.000e+00
429 -2.907e-03 6.395e-05 2.523e-03 0.000e+00
430 -1.541e-03 -2.632e-03 -1.833e-04 0.000e+00
431 1.034e-03 4.151e-04 -4.411e-03 0.000e+00
432 -6.605e-03 2.775e-04 -1.070e-03 0.000e+00
433 -5.990e-03 1.473e-02 -2.777e-03 1.192e+02
434 -1.374e-03 7.689e-03 -3.463e-03 0.000e+00
435 2.721e-03 -1.829e-03 -8.237e-04 0.000e+00
436 1.638e-03 8.137e-03 -2.435e-03 0.000e+00
437 -4.508e-03 -2.797e-03 5.498e-03 0.000e+00
438 -7.553e-03 -1.109e-03 1.648e-03 0.000e+00
439 -1.011e-02 -5.973e-04 -4.343e-03 0.000e+00
440 3.756e-03 -3.494e-04 -1.140e-03 0.000e+00
441 -7.325e-03 2.488e-03 3.785e-03 0.000e+00
442 -8.107e-03 1.386e-02 7.634e-03 7.917e+01
443 -4.200e-03 -3.535e-04 -1.519e-03 0.000e+00
444 5.986e-03 -1.425e-03 -7.962e-04 0.000e+00
445 -6.570e-03 -1.542e-03 -7.296e-03 0.000e+00
446 2.894e-04 6.813e-03 3.264e-03 0.000e+00
447 8.678e-03 7.217e-03 6.782e-03 0.000e+00
448 7.376e-03 -4.617e-04 -1.601e-03 0.000e+00
449 3.205e-03 1.712e-02 4.281e-03 2.767e-01
450 -9.826e-04 -2.801e-03 -7.190e-03 0.000e+00
451 -1.807e-04 -2.645e-03 1.387e-03 0.000e+00
452 -4.854e-03 -1.749e-03 -3.896e-03 0.000e+00
453 -1.125e-02 3.195e-04 6.140e-03 0.000e+00
454 4.164e-03 -1.189e-03 -6.279e-03 0.000e+00
455 1.601e-03 8.136e-03 -4.831e-03 0.000e+00
456 4.441e-03 1.640e-02 -5.663e-03 -3.187e+01
457 2.345e-03 1.075e-02 -3.113e-03 0.000e+00
458 4.036e-03 9.378e-03 -3.835e-04 0.000e+00
459 2.747e-03 8.575e-03 -1.068e-02 0.000e+00
460 -6.859e-03 9.075e-03 -1.772e-03 0.000e+00
461 -6.587e-03 1.064e-03 -5.703e-03 0.000e+00
462 -4.880e-03 -3.828e-05 -1.955e-04 0.000e+00
463 8.071e-03 -2.307e-03 7.106e-03 0.000e+00
464 -2.238e-03 1.123e-02 -3.484e-03 0.000e+00
465 -3.187e-03 -1.903e-03 8.959e-03 0.000e+00
466 2.018e-03 5.372e-04 3.158e-03 0.000e+00
467 1.093e-03 -1.541e-04 -1.124e-04 0.000e+00
468 1.262e-03 3.143e-03 -2.170e-03 0.000e+00
469 -1.201e-03 9.543e-03 6.070e-04 0.000e+00
470 -9.521e-03 1.728e-02 8.450e-05 8.361e+01
471 -1.326e-03 -8.409e-04 -1.117e-02 0.000e+00
472 -1.040e-03 1.562e-02 8.796e-03 -2.347e+01
473 -7.016e-03 -2.780e-03 3.817e-03 0.000e+00
474 7.924e-03 4.087e-03 -5.350e-03 0.000e+00
475 5.962e-04 -2.676e-03 -5.763e-03 0.000e+00
476 -5.794e-04 -1.679e-03 -4.971e-03 0.000e+00
477 -1.350e-03 9.305e-03 6.700e-03 0.000e+00
478 2.525e-03 -1.975e-03 -7.641e-03 0.000e+00
479 -1.119e-02 -2.655e-03 3.968e-03 0.000e+00
480 -1.832e-03 2.112e-03 -9.290e-04 0.000e+00
481 -2.083e-04 -1.441e-03 5.439e-03 0.000e+00
482 -3.754e-04 9.553e-03 -1.170e-03 0.000e+00
483 9.875e-03 -4.452e-04 -4.787e-03 0.000e+00
484 -5.175e-03 -2.142e-03 7.031e-03 0.000e+00
485 -5.234e-03 1.856e-02 -5.363e-03 6.342e+01
486 -2.915e-04 1.580e-02 2.584e-03 1.253e+02
487 -7.402e-03 9.551e-03 8.804e-04 0.000e+00
488 6.935e-03 -1.567e-03 -3.820e-03 0.000e+00
489 4.564e-03 1.938e-03 -1.672e-03 0.000e+00
490 -5.934e-03 -1.294e-03 2.253e-03 0.000e+00
491 2.556e-03 -2.532e-03 -5.049e-04 0.000e+00
492 1.172e-03 1.263e-02 4.461e-03 0.000e+00
493 7.728e-03 -2.468e-03 -1.315e-03 0.000e+00
494 -6.662e-03 8.784e-03 4.553e-03 0.000e+00
495 2.122e-03 -1.236e-03 -5.001e-04 0.000e+00
496 -1.840e-03 3.086e-03 5.569e-03 0.000e+00
497 -5.497e-03 9.184e-03 -3.794e-05 0.000e+00
498 -8.862e-03 2.643e-03 -4.565e-04 0.000e+00
499 8.459e-03 -3.912e-04 1.089e-02 0.000e+00
500 2.188e-03 -1.653e-03 4.907e-03 0.000e+00
501 5.093e-03 4.406e-04 -5.591e-03 0.000e+00
502 6.244e-03 -1.432e-03 -5.322e-03 0.000e+00
503 1.427e-02 2.162e-03 1.551e-03 0.000e+00
504 5.591e-03 -2.313e-03 6.556e-03 0.000e+00
505 7.321e-03 -2.752e-03 -7.073e-03 0.000e+00
506 5.107e-03 -1.723e-03 -7.922e-04 0.000e+00
507 -9.079e-04 2.681e-03 2.735e-03 0.000e+00
508 -1.564e-03 -1.816e-03 -2.911e-03 0.000e+00
509 1.456e-03 8.713e-03 -3.124e-03 0.000e+00
510 -5.510e-03 1.560e-02 -5.554e-03 1.209e+02
511 2.340e-03 -5.774e-04 2.501e-04 0.000e+00
512 -6.081e-03 2.268e-03 -5.869e-03 0.000e+00
513 -6.636e-04 1.141e-02 4.077e-03 0.000e+00
514 2.355e-03 -5.384e-04 -6.560e-04 0.000e+00
515 6.808e-03 4.380e-03 4.530e-03 0.000e+00
516 6.843e-04 -2.291e-03 -3.017e-03 0.000e+00
517 4.012e-03 1.298e-03 1.075e-03 0.000e+00
518 1.814e-03 -8.930e-04 1.586e-02 0.000e+00
519 -1.055e-02 -2.319e-03 -4.682e-06 0.000e+00
520 -7.258e-03 -1.467e-03 -4.432e-03 0.000e+00
521 1.563e-03 1.155e-02 -1.118e-03 0.000e+00
522 3.597e-03 -2.004e-03 -2.339e-03 0.000e+00
523 5.008e-04 8.469e-03 -1.378e-03 0.000e+00
524 4.391e-03 -2.312e-03 5.211e-03 0.000e+00
525 4.768e-03 -2.707e-03 6.947e-03 0.000e+00
526 4.191e-03 8.206e-03 1.546e-03 0.000e+00
527 7.207e-03 -1.884e-03 1.016e-02 0.000e+00
528 9.120e-03 1.562e-04 8.670e-03 0.000e+00
529 3.267e-03 -2.525e-03 5.311e-03 0.000e+00
530 7.477e-03 1.120e-02 -1.475e-02 0.000e+00
531 1.169e-03 1.817e-03 2.462e-03 0.000e+00
532 -1.910e-03 2.664e-04 -1.498e-03 0.000e+00
533 -3.448e-03 -2.478e-03 -8.571e-03 0.000e+00
534 3.285e-03 4.013e-05 -4.466e-03 0.000e+00
535 3.657e-03 1.096e-02 2.681e-03 0.000e+00
536 -2.543e-03 8.335e-04 7.154e-03 0.000e+00
537 -5.427e-04 1.139e-03 -2.404e-03 0.000e+00
538 2.777e-03 4.742e-03 -5.785e-03 0.000e+00
539 3.587e-04 -2.130e-03 -2.076e-03 0.000e+00
540 4.796e-03 -1.518e-03 1.023e-02 0.000e+00
541 3.896e-04 -2.492e-03 -3.572e-03 0.000e+00
542 -2.049e-03 -2.358e-03 -2.985e-03 0.000e+00
543 1.515e-02 1.097e-02 2.032e-03 0.000e+00
544 1.009e-03 -1.476e-03 -3.929e-03 0.000e+00
545 3.599e-03 7.544e-03 -2.244e-03 0.000e+00
546 5.437e-03 1.128e-02 -2.580e-03 0.000e+00
547 2.031e-03 -2.092e-03 6.412e-03 0.000e+00
548 2.646e-03 1.061e-02 6.019e-03 0.000e+00
549 5.894e-05 1.668e-03 -6.203e-03 0.000e+00
550 -9.372e-03 -9.298e-04 2.194e-03 0.000e+00
551 5.772e-06 -5.333e-04 7.778e-03 0.000e+00
552 5.508e-03 1.328e-02 -7.044e-03 1.958e+01
553 1.270e-03 1.984e-03 2.023e-04 0.000e+00
554 1.209e-02 7.333e-04 -1.323e-03 0.000e+00
555 4.621e-03 7.581e-03 -6.555e-03 0.000e+00
556 1.893e-02 8.831e-03 -2.790e-03 0.000e+00
557 9.146e-03 -2.369e-03 7.103e-03 0.000e+00
558 2.701e-02 -2.759e-03 -4.706e-03 0.000e+00
559 4.432e-02 5.904e-04 -3.761e-03 0.000e+00
560 5.635e-02 4.520e-04 -1.771e-03 0.000e+00
561 7.630e-02 1.466e-02 -2.815e-03 4.531e+00
562 1.088e-01 2.205e-02 -2.875e-03 3.386e+01
563 1.235e-01 2.692e-02 -4.378e-04 4.316e+01
564 1.794e-01 3.298e-02 -8.324e-03 3.737e+01
565 2.254e-01 4.554e-02 -4.868e-03 3.786e+01
566 2.910e-01 5.072e-02 1.775e-04 4.613e+01
567 3.299e-01 7.349e-02 -1.951e-03 5.053e+01
568 4.008e-01 8.947e-02 4.955e-03 5.064e+01
569 4.692e-01 1.010e-01 -3.652e-03 5.452e+01
570 5.400e-01 1.146e-01 1.954e-05 5.806e+01
571 5.991e-01 1.382e-01 8.847e-03 5.861e+01
572 6.850e-01 1.488e-01 1.236e-02 6.625e+01
573 7.536e-01 1.493e-01 1.110e-02 7.050e+01
574 8.268e-01 1.558e-01 2.480e-02 7.278e+01
575 8.960e-01 1.582e-01 2.895e-02 7.830e+01
576 9.281e-01 1.678e-01 3.761e-02 8.410e+01
577 9.717e-01 1.708e-01 4.673e-02 8.641e+01
578 9.937e-01 1.620e-01 4.712e-02 9.127e+01
579 1.000e+00 1.721e-01 4.932e-02 9.713e+01
580 9.962e-01 1.646e-01 5.966e-02 9.964e+01
581 9.808e-01 1.499e-01 6.470e-02 1.024e+02
582 9.555e-01 1.453e-01 5.575e-02 1.046e+02
583 9.177e-01 1.326e-01 6.505e-02 1.069e+02
584 8.796e-01 1.208e-01 5.268e-02 1.099e+02
585 8.349e-01 1.088e-01 4.362e-02 1.104e+02
586 7.919e-01 9.908e-02 4.177e-02 1.119e+02
587 7.421e-01 1.003e-01 4.418e-02 1.101e+02
588 6.980e-01 7.757e-02 4.062e-02 1.101e+02
589 6.411e-01 6.741e-02 2.998e-02 1.093e+02
590 6.102e-01 6.410e-02 2.390e-02 1.106e+02
591 5.536e-01 6.747e-02 2.891e-02 1.089e+02
592 5.233e-01 5.988e-02 3.209e-02 1.074e+02
593 4.858e-01 5.319e-02 2.997e-02 1.058e+02
594 4.473e-01 5.125e-02 2.477e-02 1.071e+02
595 4.158e-01 4.825e-02 2.020e-02 1.114e+02
596 3.907e-01 4.000e-02 2.325e-02 9.665e+01
597 3.687e-01 4.698e-02 1.772e-02 1.093e+02
598 3.472e-01 4.039e-02 2.236e-02 1.085e+02
599 3.224e-01 4.515e-02 1.853e-02 1.108e+02
600 3.058e-01 2.873e-02 1.091e-02 1.104e+02
601 2.870e-01 3.473e-02 2.408e-02 1.080e+02
602 2.715e-01 3.209e-02 1.139e-02 1.042e+02
603 2.475e-01 3.724e-02 1.373e-02 1.036e+02
604 2.379e-01 2.778e-02 8.831e-03 1.193e+02
605 2.220e-01 3.016e-02 9.122e-03 9.954e+01
606 2.017e-01 2.066e-02 1.226e-02 1.051e+02
607 1.953e-01 2.012e-02 1.254e-02 1.087e+02
608 1.787e-01 2.504e-02 1.479e-02 1.235e+02
609 1.781e-01 2.206e-02 1.267e-02 9.454e+01
610 1.573e-01 1.283e-02 1.292e-02 1.020e+02
611 1.556e-01 1.879e-02 1.616e-02 1.234e+02
612 1.399e-01 1.627e-02 5.561e-03 1.137e+02
613 1.347e-01 1.461e-02 6.785e-03 9.708e+01
614 1.280e-01 1.626e-02 4.335e-03 1.139e+02
615 1.086e-01 1.245e-02 6.938e-03 0.000e+00
616 1.113e-01 1.478e-02 -2.074e-03 8.559e+01
617 9.946e-02 1.395e-02 1.846e-02 1.162e+02
618 9.800e-02 1.683e-03 -5.785e-03 0.000e+00
619 1.019e-01 1.614e-02 5.006e-03 1.152e+02
620 8.557e-02 1.302e-03 -8.159e-03 0.000e+00
621 7.964e-02 1.511e-02 5.853e-03 1.161e+02
622 7.921e-02 1.955e-02 7.121e-03 1.248e+02
623 7.502e-02 1.319e-02 3.943e-03 7.731e+01
624 7.800e-02 -2.301e-03 4.248e-03 0.000e+00
625 6.682e-02 -2.001e-03 9.640e-03 0.000e+00
626 5.931e-02 1.438e-02 8.399e-03 9.534e+01
627 6.277e-02 1.424e-02 2.827e-03 1.152e+02
628 5.343e-02 8.034e-05 1.295e-04 0.000e+00
629 6.238e-02 4.257e-04 -5.632e-03 0.000e+00
630 5.507e-02 -1.324e-03 7.581e-03 0.000e+00
631 5.370e-02 -1.918e-03 -8.275e-05 0.000e+00
632 4.725e-02 -1.531e-03 -7.084e-04 0.000e+00
633 4.581e-02 7.700e-04 -1.322e-05 0.000e+00
634 4.130e-02 2.312e-03 6.233e-03 0.000e+00
635 4.851e-02 1.401e-02 -1.966e-03 7.967e+01
636 4.112e-02 2.099e-02 1.348e-03 1.043e+02
637 3.637e-02 1.178e-02 1.135e-03 0.000e+00
638 3.864e-02 -2.843e-03 1.097e-02 0.000e+00
639 3.767e-02 1.679e-02 5.774e-03 9.591e+01
640 2.614e-02 -4.524e-04 5.264e-04 0.000e+00
641 2.997e-02 2.434e-03 7.851e-03 0.000e+00
642 3.450e-02 -2.191e-04 2.848e-03 0.000e+00
643 4.136e-02 1.479e-03 -6.821e-04 0.000e+00
644 3.000e-02 -7.928e-04 -6.779e-03 0.000e+00
645 3.157e-02 -2.686e-03 -6.709e-03 0.000e+00
646 3.321e-02 7.670e-03 8.464e-03 0.000e+00
647 3.139e-02 1.144e-02 4.432e-03 0.000e+00
648 1.870e-02 1.624e-02 9.539e-03 9.442e+01
649 2.740e-02 2.035e-02 1.425e-02 9.460e+01
650 1.658e-02 2.854e-03 7.000e-03 0.000e+00
651 3.207e-02 -1.658e-03 2.104e-03 0.000e+00
652 2.044e-02 -2.139e-03 -1.955e-03 0.000e+00
653 2.629e-02 7.354e-03 5.578e-03 0.000e+00
654 1.954e-02 -2.087e-03 5.422e-03 0.000e+00
655 1.655e-02 -2.467e-03 -5.732e-03 0.000e+00
656 7.854e-03 -2.283e-03 7.103e-03 0.000e+00
657 2.108e-02 -1.542e-03 8.954e-03 0.000e+00
658 1.063e-02 -2.755e-03 -4.044e-03 0.000e+00
659 1.286e-02 -2.689e-03 -2.903e-03 0.000e+00
660 1.411e-02 3.746e-03 3.834e-03 0.000e+00
661 1.183e-02 -2.376e-03 8.704e-03 0.000e+00
662 1.537e-02 1.262e-04 2.268e-03 0.000e+00
663 8.317e-03 -2.388e-03 3.548e-03 0.000e+00
664 5.751e-03 1.232e-02 3.796e-03 0.000e+00
665 1.501e-02 -2.333e-03 4.556e-03 0.000e+00
666 8.672e-03 2.756e-03 7.387e-03 0.000e+00
667 1.188e-02 1.073e-02 4.564e-03 0.000e+00
668 1.567e-02 -1.821e-03 1.100e-03 0.000e+00
669 1.333e-02 -2.311e-03 -2.539e-03 0.000e+00
670 3.775e-03 -1.891e-03 -1.435e-03 0.000e+00
671 8.066e-03 1.194e-02 -1.261e-03 0.000e+00
672 1.251e-02 -1.780e-03 1.919e-03 0.000e+00
673 8.329e-03 1.162e-02 -3.134e-03 0.000e+00
674 1.279e-02 -2.239e-03 -1.822e-04 0.000e+00
675 8.478e-03 -2.729e-03 -7.739e-04 0.000e+00
676 1.024e-02 -2.675e-03 7.966e-03 0.000e+00
677 6.992e-03 1.300e-02 6.252e-03 -3.373e+01
678 1.457e-02 -2.384e-03 2.526e-03 0.000e+00
679 1.496e-02 -1.030e-03 3.244e-04 0.000e+00
680 8.521e-03 7.848e-04 -1.030e-02 0.000e+00
681 9.401e-04 1.527e-03 1.747e-04 0.000e+00
682 2.545e-03 1.320e-02 -6.936e-03 -2.735e+01
683 -5.862e-04 -1.091e-03 -9.447e-03 0.000e+00
684 8.620e-04 1.045e-02 -1.061e-05 0.000e+00
685 9.778e-03 1.503e-03 -3.574e-03 0.000e+00
686 1.661e-02 -1.783e-03 7.655e-03 0.000e+00
687 7.205e-03 1.195e-02 6.341e-03 0.000e+00
688 8.029e-03 1.615e-02 -1.739e-03 -2.663e+01
689 7.565e-03 1.582e-02 5.752e-03 -3.287e+01
690 -5.464e-04 4.680e-04 -6.630e-04 0.000e+00
691 3.778e-03 -2.740e-03 1.043e-02 0.000e+00
692 4.653e-03 1.052e-02 -3.044e-03 0.000e+00
693 -5.484e-04 8.678e-03 1.656e-03 0.000e+00
694 3.728e-03 5.846e-03 2.877e-03 0.000e+00
695 3.599e-03 4.349e-04 -5.586e-03 0.000e+00
696 3.919e-04 9.518e-03 -3.113e-03 0.000e+00
697 7.208e-03 -1.358e-03 7.455e-03 0.000e+00
698 2.521e-03 -3.814e-04 -6.630e-03 0.000e+00
699 -3.333e-03 2.971e-03 -6.596e-03 0.000e+00
700 1.077e-02 -1.675e-05 -2.073e-03 0.000e+00
701 3.753e-03 -2.643e-03 -3.368e-03 0.000e+00
702 7.377e-03 -1.684e-03 -3.439e-03 0.000e+00
703 4.501e-03 -2.447e-03 3.149e-03 0.000e+00
704 2.445e-03 -2.782e-03 -6.531e-05 0.000e+00
705 1.895e-03 2.925e-04 -6.278e-03 0.000e+00
706 -8.213e-04 7.731e-03 6.375e-04 0.000e+00
707 3.878e-03 1.677e-02 1.634e-03 -5.593e+00
708 4.438e-03 6.939e-04 -1.598e-03 0.000e+00
709 -4.382e-04 -4.379e-04 -2.320e-03 0.000e+00
710 1.112e-03 -4.146e-04 6.075e-04 0.000e+00
711 -4.366e-03 9.100e-03 7.444e-03 0.000e+00
712 -3.569e-03 1.083e-02 3.215e-03 0.000e+00
713 -8.248e-03 1.140e-03 -4.006e-04 0.000e+00
714 -2.243e-03 -2.439e-03 -4.390e-03 0.000e+00
715 4.656e-03 7.056e-04 -8.892e-04 0.000e+00
716 5.160e-03 6.673e-03 2.836e-04 0.000e+00
717 9.361e-03 -1.470e-03 -1.069e-02 0.000e+00
718 -4.499e-03 8.781e-04 8.889e-04 0.000e+00
719 -1.177e-03 2.313e-03 -1.219e-03 0.000e+00
720 -9.300e-03 -1.661e-03 6.044e-04 0.000e+00
721 1.053e-03 -2.382e-03 -2.272e-03 0.000e+00
722 3.084e-03 1.181e-02 1.018e-03 0.000e+00
723 7.092e-03 -1.278e-03 1.676e-03 0.000e+00
724 -6.263e-03 -2.364e-03 -3.397e-03 0.000e+00
725 1.959e-03 -6.709e-04 -8.757e-04 0.000e+00
726 -4.892e-03 6.790e-04 5.427e-03 0.000e+00
727 6.120e-03 1.010e-02 -8.708e-03 0.000e+00
728 5.576e-03 7.945e-04 -1.069e-02 0.000e+00
729 5.116e-03 -1.957e-03 8.423e-03 0.000e+00
730 1.506e-03 4.132e-04 -7.146e-03 0.000e+00
731 -3.247e-03 -1.355e-04 -4.673e-04 0.000e+00
732 4.755e-03 8.936e-04 5.607e-03 0.000e+00
733 -2.103e-03 -2.328e-03 -2.060e-03 0.000e+00
734 -1.897e-03 1.067e-02 2.190e-03 0.000e+00
735 -4.593e-04 -2.854e-03 -1.476e-03 0.000e+00
736 2.608e-03 1.210e-02 3.200e-03 0.000e+00
737 7.004e-03 8.042e-03 1.523e-03 0.000e+00
738 8.351e-05 6.853e-03 1.812e-03 0.000e+00
739 -2.071e-03 -2.069e-03 2.377e-03 0.000e+00
740 7.833e-05 -8.932e-04 -6.622e-04 0.000e+00
741 1.566e-03 3.586e-03 2.944e-04 0.000e+00
742 -5.822e-03 -1.679e-03 1.928e-03 0.000e+00
743 1.268e-03 -4.211e-05 -5.143e-03 0.000e+00
744 -4.087e-03 -1.051e-03 -5.210e-03 0.000e+00
745 8.975e-03 3.030e-03 2.584e-03 0.000e+00
746 -2.091e-03 1.692e-02 2.969e-03 7.301e+01
747 3.140e-03 1.116e-03 9.612e-03 0.000e+00
748 5.366e-03 9.523e-03 -5.539e-04 0.000e+00
749 2.064e-04 -2.022e-03 -1.527e-03 0.000e+00
750 -6.203e-03 -2.596e-03 -1.985e-03 0.000e+00
751 -2.331e-03 9.662e-04 1.657e-03 0.000e+00
752 1.103e-02 9.623e-03 1.965e-03 0.000e+00
753 5.795e-03 7.391e-03 1.745e-03 0.000e+00
754 -4.457e-03 -2.731e-03 -3.470e-03 0.000e+00
755 6.447e-03 -2.345e-03 -5.575e-04 0.000e+00
756 -5.946e-03 -1.852e-03 -6.027e-03 0.000e+00
757 -6.964e-03 2.270e-03 -3.102e-03 0.000e+00
758 8.501e-03 -2.738e-03 1.379e-03 0.000e+00
759 3.011e-03 1.174e-02 1.141e-02 0.000e+00
760 2.338e-04 -1.690e-03 2.706e-03 0.000e+00
761 -6.875e-03 -2.858e-03 3.062e-03 0.000e+00
762 -7.105e-03 -1.580e-03 7.191e-03 0.000e+00
763 -9.212e-04 -1.086e-04 3.423e-03 0.000e+00
764 -1.238e-03 5.420e-03 -1.321e-03 0.000e+00
765 -5.380e-03 2.843e-03 -2.786e-03 0.000e+00
766 -2.176e-03 1.049e-02 1.630e-04 0.000e+00
767 -4.570e-03 -1.277e-03 8.782e-04 0.000e+00
768 5.563e-03 3.119e-04 2.825e-03 0.000e+00
769 8.442e-04 1.440e-02 4.741e-03 3.835e+01
770 5.380e-03 7.779e-03 -4.414e-03 0.000e+00
771 1.947e-03 -1.941e-03 -2.261e-03 0.000e+00
772 3.378e-03 2.470e-03 -2.296e-04 0.000e+00
773 9.303e-04 2.173e-03 -8.127e-04 0.000e+00
774 4.200e-04 9.343e-04 4.050e-03 0.000e+00
775 3.134e-03 1.347e-02 3.481e-03 -3.803e+01
776 8.637e-03 -1.792e-03 -3.136e-03 0.000e+00
777 -2.377e-03 -2.156e-03 5.421e-03 0.000e+00
778 1.635e-03 1.452e-03 5.471e-03 0.000e+00
779 -8.901e-03 -2.311e-03 -1.107e-03 0.000e+00
780 7.189e-03 -7.444e-04 -2.880e-03 0.000e+00
781 2.925e-04 -2.817e-03 -7.132e-03 0.000e+00
782 -5.749e-03 -2.073e-03 2.437e-03 0.000e+00
783 5.674e-03 -2.208e-03 2.387e-03 0.000e+00
784 -4.157e-03 2.165e-03 5.403e-03 0.000e+00
785 1.385e-03 -1.904e-03 -1.106e-02 0.000e+00
786 8.207e-03 -2.694e-03 2.163e-03 0.000e+00
787 -5.545e-03 -2.769e-03 -5.013e-03 0.000e+00
788 1.583e-03 1.592e-02 -1.021e-03 -2.622e+00
789 -4.632e-03 6.997e-03 1.054e-03 0.000e+00
790 4.780e-03 8.991e-03 -3.642e-03 0.000e+00
791 3.407e-03 -1.925e-03 3.797e-03 0.000e+00
792 -2.156e-03 1.435e-02 5.796e-03 -9.043e-01
793 2.217e-03 -2.843e-03 1.271e-03 0.000e+00
794 7.855e-03 -2.579e-03 5.655e-03 0.000e+00
795 2.027e-03 2.893e-03 6.587e-03 0.000e+00
796 7.638e-03 1.283e-02 -4.489e-03 7.345e+00
797 8.060e-03 -2.015e-03 6.584e-03 0.000e+00
798 8.747e-04 -3.335e-05 -3.170e-04 0.000e+00
799 -7.218e-03 5.608e-03 4.997e-03 0.000e+00
800 1.512e-03 -1.562e-03 3.550e-03 0.000e+00
801 -2.822e-03 1.324e-02 3.019e-04 1.977e+01
802 -2.245e-03 1.034e-02 2.053e-03 0.000e+00
803 1.354e-02 8.532e-03 -5.186e-03 0.000e+00
804 6.095e-03 -2.621e-03 2.791e-03 0.000e+00
805 9.661e-03 -9.658e-05 -2.230e-03 0.000e+00
806 6.107e-03 1.211e-02 1.396e-03 0.000e+00
807 -3.298e-03 -9.487e-04 2.621e-03 0.000e+00
808 -9.990e-05 -2.001e-03 1.933e-03 0.000e+00
809 3.579e-03 5.461e-03 4.992e-04 0.000e+00
810 -2.157e-03 -1.933e-03 -2.607e-05 0.000e+00
811 -5.117e-04 1.539e-02 9.739e-03 5.183e+00
812 -2.673e-03 4.206e-03 1.203e-03 0.000e+00
813 -6.654e-03 -2.467e-03 7.074e-03 0.000e+00
814 -1.377e-03 -1.885e-03 2.554e-03 0.000e+00
815 -4.074e-04 8.699e-03 4.899e-04 0.000e+00
816 -7.750e-03 2.017e-03 2.198e-03 0.000e+00
817 -2.138e-03 -2.290e-03 1.370e-03 0.000e+00
818 7.335e-03 1.869e-03 -3.481e-03 0.000e+00
819 3.274e-03 1.946e-03 2.768e-03 0.000e+00
820 -4.122e-03 1.207e-04 -3.920e-03 0.000e+00
821 -2.595e-03 7.265e-03 -3.680e-03 0.000e+00
822 5.143e-03 1.160e-03 2.056e-04 0.000e+00
823 -1.260e-03 8.976e-04 3.062e-03 0.000e+00
824 -5.285e-03 -9.518e-04 6.187e-04 0.000e+00
825 2.418e-03 -5.073e-04 -1.761e-03 0.000e+00
826 -2.878e-03 -1.426e-03 1.003e-02 0.000e+00
827 4.545e-03 -1.433e-03 -8.602e-03 0.000e+00
828 5.683e-03 8.132e-03 -5.875e-03 0.000e+00
829 4.833e-03 6.495e-03 8.546e-04 0.000e+00
830 5.535e-03 8.348e-03 -2.847e-03 0.000e+00
831 2.583e-03 -2.534e-03 -7.020e-03 0.000e+00
832 -3.542e-03 -6.515e-04 -5.208e-03 0.000e+00
833 -2.990e-04 1.489e-02 3.968e-03 -2.521e+01
834 -1.001e-03 9.068e-03 5.311e-04 0.000e+00
835 -3.027e-03 -2.744e-03 -3.267e-04 0.000e+00
836 8.521e-03 1.340e-02 1.253e-02 8.065e+01
837 1.723e-03 1.904e-02 -6.246e-03 2.417e+01
838 5.681e-04 1.991e-03 1.394e-04 0.000e+00
839 1.950e-03 -6.380e-04 5.994e-03 0.000e+00
840 2.056e-03 1.109e-02 7.005e-03 0.000e+00
841 1.951e-03 1.254e-02 2.855e-03 0.000e+00
842 -3.337e-03 1.042e-02 2.758e-03 0.000e+00
843 -4.004e-03 1.333e-02 6.664e-03 -4.295e+01
844 -5.210e-03 9.344e-03 3.237e-03 0.000e+00
845 4.860e-03 -7.758e-04 3.587e-03 0.000e+00
846 4.096e-03 1.433e-03 1.328e-02 0.000e+00
847 -8.866e-03 9.000e-05 -7.313e-03 0.000e+00
848 -8.478e-03 1.171e-02 -3.313e-03 0.000e+00
849 5.250e-03 -1.762e-03 -2.874e-03 0.000e+00
850 1.232e-02 1.168e-02 5.846e-03 0.000e+00
851 1.644e-03 1.729e-02 7.427e-03 3.129e+01
852 1.582e-03 1.101e-03 0.000e+00 0.000e+00
853 -4.161e-03 -2.283e-03 -2.262e-03 0.000e+00
854 -4.176e-03 8.852e-03 6.781e-03 0.000e+00
855 4.136e-03 1.177e-02 9.449e-04 0.000e+00
856 7.261e-04 1.734e-02 -7.871e-03 -2.247e+01
857 1.109e-03 3.634e-04 1.202e-03 0.000e+00
858 -5.766e-03 3.023e-03 8.848e-03 0.000e+00
859 -7.710e-03 -1.200e-03 4.527e-03 0.000e+00
860 -3.137e-03 -1.567e-03 -3.481e-03 0.000e+00
861 -2.567e-03 4.680e-04 3.051e-03 0.000e+00
862 5.102e-04 9.296e-05 6.579e-03 0.000e+00
863 7.161e-03 -2.537e-03 1.044e-02 0.000e+00
864 -3.747e-03 -2.373e-03 1.867e-03 0.000e+00
865 -4.230e-03 -2.285e-03 5.500e-04 0.000e+00
866 -5.753e-03 1.536e-02 -1.523e-03 3.618e+00
867 -4.504e-03 -2.599e-03 -3.011e-05 0.000e+00
868 5.375e-03 -1.432e-03 -1.524e-03 0.000e+00
869 3.723e-03 -2.272e-03 -1.214e-02 0.000e+00
870 -6.699e-03 3.690e-03 -4.784e-04 0.000e+00
871 3.562e-03 8.394e-04 1.547e-03 0.000e+00
872 -1.135e-03 -1.850e-03 8.492e-04 0.000e+00
873 9.704e-03 9.571e-03 1.722e-03 0.000e+00
874 -6.286e-03 -2.197e-03 -1.009e-03 0.000e+00
875 7.290e-04 4.448e-04 -7.306e-04 0.000e+00
876 2.853e-03 -2.528e-03 7.626e-05 0.000e+00
877 4.512e-04 -8.110e-04 2.383e-03 0.000e+00
878 -5.627e-04 -2.399e-03 -6.567e-03 0.000e+00
879 -1.353e-03 2.300e-03 1.012e-03 0.000e+00
880 3.166e-03 -2.770e-03 -1.159e-02 0.000e+00
881 7.138e-03 -2.375e-03 4.964e-03 0.000e+00
882 -7.688e-03 -2.698e-03 6.406e-03 0.000e+00
883 3.052e-03 -2.140e-05 1.032e-02 0.000e+00
884 -2.169e-03 -1.636e-03 3.666e-03 0.000e+00
885 4.076e-03 -1.012e-04 -5.871e-04 0.000e+00
886 -6.279e-03 1.279e-03 5.108e-03 0.000e+00
887 4.456e-03 2.661e-03 4.911e-04 0.000e+00
888 -1.109e-02 -1.475e-03 -1.105e-02 0.000e+00
889 -1.295e-03 5.145e-04 3.668e-03 0.000e+00
890 -2.257e-03 -7.627e-05 -6.138e-03 0.000e+00
891 -5.659e-03 -1.512e-03 3.732e-03 0.000e+00
892 3.539e-03 1.615e-02 5.376e-03 1.027e+02
893 3.790e-03 1.331e-02 -9.898e-03 6.125e+01
894 -2.097e-03 8.694e-03 -4.884e-03 0.000e+00
895 -3.121e-03 1.045e-02 -1.217e-03 0.000e+00
896 -2.710e-03 -1.631e-03 -7.932e-03 0.000e+00
897 4.817e-03 1.489e-02 1.128e-03 7.356e+01
898 4.074e-03 -2.287e-03 -3.144e-05 0.000e+00
899 4.501e-03 8.515e-03 2.019e-03 0.000e+00
900 1.275e-02 8.406e-03 3.946e-03 0.000e+00
901 -1.107e-02 -2.412e-03 -1.142e-04 0.000e+00
902 -2.910e-03 1.618e-02 -1.792e-04 1.648e+01
903 -9.766e-03 -2.318e-03 -8.183e-03 0.000e+00
904 3.931e-03 -2.770e-03 3.295e-03 0.000e+00
905 2.628e-03 -3.070e-04 9.653e-04 0.000e+00
906 -5.928e-03 1.387e-02 -9.428e-03 6.468e+01
907 -3.756e-03 -2.284e-03 -1.043e-02 0.000e+00
908 7.322e-03 -2.550e-03 -2.268e-03 0.000e+00
909 -9.451e-04 -6.038e-04 8.397e-03 0.000e+00
910 8.912e-04 -1.990e-03 2.237e-03 0.000e+00
911 4.433e-03 -1.112e-03 -1.713e-03 0.000e+00
912 -1.012e-02 -2.240e-03 6.379e-03 0.000e+00
913 1.014e-02 9.555e-04 -1.206e-03 0.000e+00
914 -6.488e-03 2.739e-03 3.623e-03 0.000e+00
915 4.179e-03 1.480e-02 -1.636e-03 8.396e+01
916 7.599e-03 1.278e-02 -3.804e-03 2.266e+01
917 -1.275e-02 -1.682e-03 1.841e-03 0.000e+00
918 -1.372e-03 -1.983e-03 4.548e-03 0.000e+00
919 -1.274e-02 -1.260e-03 2.530e-03 0.000e+00
920 6.495e-03 5.975e-03 -1.389e-03 0.000e+00
921 -3.567e-03 -2.782e-03 9.336e-03 0.000e+00
922 -5.523e-03 1.098e-02 -6.280e-04 0.000e+00
923 -1.540e-02 1.282e-02 1.134e-02 1.076e+02
924 5.711e-03 2.288e-02 -5.794e-03 8.756e+01
925 -3.772e-03 -2.899e-05 2.378e-03 0.000e+00
926 -2.133e-03 1.655e-03 7.343e-03 0.000e+00
927 -8.401e-03 1.148e-02 -4.500e-03 0.000e+00
928 6.586e-04 -2.239e-03 3.211e-03 0.000e+00
929 2.959e-03 1.030e-02 9.344e-04 0.000e+00
930 -7.135e-03 -1.590e-03 -3.137e-03 0.000e+00
931 1.771e-03 -2.102e-03 -6.926e-04 0.000e+00
932 -1.162e-02 1.308e-02 -4.099e-04 2.029e+01
933 -1.406e-02 -1.851e-03 3.316e-03 0.000e+00
934 -5.853e-03 -2.240e-03 1.911e-03 0.000e+00
935 -4.973e-03 8.450e-03 3.823e-03 0.000e+00
936 -1.472e-03 1.341e-02 -7.110e-03 6.804e+01
937 -3.394e-03 1.184e-02 -5.173e-03 0.000e+00
938 -2.062e-03 -2.273e-03 -1.384e-02 0.000e+00
939 -7.038e-03 1.213e-03 -4.150e-03 0.000e+00
940 -4.661e-03 -7.943e-04 2.454e-03 0.000e+00
941 -1.026e-02 1.498e-02 -1.162e-03 -3.902e+01
942 -3.709e-03 -9.746e-04 -3.845e-03 0.000e+00
943 2.684e-03 1.024e-03 2.356e-03 0.000e+00
944 -1.162e-02 -1.926e-04 -7.245e-03 0.000e+00
945 -3.138e-03 -1.284e-04 -1.966e-03 0.000e+00
946 3.125e-03 -1.915e-04 1.103e-02 0.000e+00
947 -4.646e-03 -1.593e-03 1.130e-03 0.000e+00
948 -6.137e-03 1.105e-02 -5.038e-03 0.000e+00
949 -1.450e-03 -1.644e-03 -6.073e-03 0.000e+00
950 -6.693e-03 1.959e-03 -2.422e-04 0.000e+00
951 -1.194e-02 3.262e-04 4.706e-03 0.000e+00
952 -3.616e-04 -1.271e-03 -1.258e-02 0.000e+00
953 3.182e-05 1.949e-03 -5.557e-03 0.000e+00
954 -3.214e-03 1.083e-02 -5.349e-03 0.000e+00
955 3.402e-03 2.987e-03 -3.765e-03 0.000e+00
956 -5.973e-03 1.749e-02 2.620e-03 7.236e+01
957 -6.309e-03 9.423e-03 -9.000e-03 0.000e+00
958 -5.672e-03 -2.175e-03 3.435e-03 0.000e+00
959 1.712e-03 -1.297e-03 6.756e-03 0.000e+00
960 -1.074e-02 -2.430e-03 4.136e-03 0.000e+00
961 -4.283e-03 -2.548e-03 -5.771e-03 0.000e+00
962 -2.044e-04 -1.688e-03 -2.546e-03 0.000e+00
963 -2.195e-03 -9.225e-04 -7.445e-03 0.000e+00
964 -2.340e-03 3.690e-04 6.745e-03 0.000e+00
965 -9.778e-03 2.695e-03 1.077e-03 0.000e+00
966 -3.624e-03 -3.063e-05 -4.957e-03 0.000e+00
967 -5.686e-03 9.478e-03 -9.132e-03 0.000e+00
968 4.770e-03 -1.815e-03 1.734e-03 0.000e+00
969 1.028e-03 1.677e-02 8.039e-03 -4.288e+01
970 -4.938e-03 2.914e-03 5.180e-03 0.000e+00
971 2.219e-03 -1.205e-03 -1.444e-03 0.000e+00
972 -5.770e-03 1.429e-02 -2.034e-03 5.426e+01
973 6.556e-04 -2.822e-03 -2.045e-04 0.000e+00
974 1.810e-03 1.699e-03 1.801e-03 0.000e+00
975 -4.974e-03 -2.395e-03 7.337e-04 0.000e+00
976 -4.621e-03 6.563e-03 2.823e-03 0.000e+00
977 -3.170e-03 4.891e-04 9.803e-03 0.000e+00
978 -4.204e-03 -2.165e-03 -7.662e-03 0.000e+00
979 -4.670e-03 9.008e-03 -5.432e-03 0.000e+00
980 -7.419e-04 7.992e-03 -2.348e-03 0.000e+00
981 -1.467e-03 1.498e-02 4.500e-03 1.033e+02
982 -2.547e-03 -1.601e-03 -8.990e-03 0.000e+00
983 -2.112e-03 -1.780e-03 2.535e-03 0.000e+00
984 4.320e-03 1.490e-02 6.167e-03 8.971e+01
985 -3.675e-03 -2.329e-03 -5.678e-03 0.000e+00
986 -2.483e-03 -2.529e-03 8.119e-03 0.000e+00
987 -1.175e-03 1.447e-02 -2.858e-03 1.226e+02
988 -1.130e-04 -2.003e-03 -5.086e-03 0.000e+00
989 -5.022e-03 3.729e-04 -4.339e-03 0.000e+00
990 1.929e-03 -4.806e-04 1.361e-02 0.000e+00
991 4.122e-03 -2.374e-03 -3.785e-03 0.000e+00
992 1.288e-03 -2.742e-03 3.167e-03 0.000e+00
993 5.943e-03 1.701e-02 3.496e-03 1.133e+02
994 -1.354e-02 -1.076e-03 9.320e-03 0.000e+00
995 -1.686e-03 7.151e-03 -1.988e-03 0.000e+00
996 8.130e-03 1.372e-02 -1.133e-03 9.595e+01
997 -6.396e-03 -7.293e-04 -3.351e-03 0.000e+00
998 -1.512e-04 -2.607e-03 6.077e-03 0.000e+00
999 -1.069e-02 -9.318e-04 -7.003e-03 0.000e+00
1000 -7.422e-03 1.284e-03 6.567e-03 0.000e+00
1001 -3.097e-03 4.255e-03 -9.231e-03 0.000e+00
1002 -7.151e-03 3.664e-03 -1.990e-03 0.000e+00
1003 -3.012e-03 -1.112e-03 5.473e-03 0.000e+00
1004 3.800e-03 8.240e-03 -9.942e-03 0.000e+00
1005 -5.133e-03 1.724e-02 -5.495e-03 6.315e+01
1006 1.443e-03 7.070e-03 -7.949e-03 0.000e+00
1007 -6.381e-03 1.228e-02 1.059e-02 0.000e+00
1008 2.023e-03 1.173e-02 -1.971e-03 0.000e+00
1009 -1.276e-03 -2.201e-03 -6.081e-03 0.000e+00
1010 3.471e-03 -2.216e-03 -5.177e-03 0.000e+00
1011 4.967e-03 2.203e-03 -1.014e-02 0.000e+00
1012 -1.014e-02 3.377e-03 3.683e-03 0.000e+00
1013 -1.109e-03 -2.204e-03 -1.278e-03 0.000e+00
1014 -5.446e-03 1.417e-04 -2.336e-03 0.000e+00
1015 -3.455e-03 -7.061e-04 -5.540e-03 0.000e+00
1016 -8.365e-03 8.599e-03 2.983e-03 0.000e+00
1017 5.655e-03 6.485e-03 2.176e-03 0.000e+00
1018 -1.050e-02 -1.914e-03 1.421e-03 0.000e+00
1019 -4.784e-03 -1.084e-03 -2.802e-03 0.000e+00
1020 -4.883e-03 1.300e-02 1.490e-03 6.822e+00
1021 -8.326e-04 -4.957e-04 -9.067e-04 0.000e+00
1022 -1.804e-03 -2.564e-03 -1.720e-03 0.000e+00
1023 -4.866e-03 -2.714e-03 1.055e-03 0.000e+00
