Bin I L V PA
0 -4.766e-03 8.827e-03 2.820e-03 0.000e+00
1 1.519e-02 -1.768e-02 -1.883e-02 0.000e+00
2 -1.009e-02 -1.225e-02 -2.364e-02 0.000e+00
3 1.490e-03 -1.781e-02 -2.953e-03 0.000e+00
4 -1.380e-02 2.921e-02 1.647e-02 -9.064e+01
5 -1.358e-02 2.594e-03 2.264e-02 0.000e+00
6 5.668e-03 -2.240e-03 -9.446e-03 0.000e+00
7 2.960e-03 -9.894e-03 4.710e-03 0.000e+00
8 -7.237e-03 4.005e-04 -7.888e-03 0.000e+00
9 -1.142e-02 -1.388e-02 -2.668e-02 0.000e+00
10 1.551e-02 -1.625e-03 -1.255e-02 0.000e+00
11 8.800e-03 -1.648e-02 -1.877e-02 0.000e+00
12 -1.692e-02 7.154e-03 -6.800e-03 0.000e+00
13 2.740e-02 8.995e-04 -6.517e-04 0.000e+00
14 -6.013e-03 -1.873e-02 -1.458e-02 0.000e+00
15 -1.447e-02 2.718e-02 -1.141e-02 -4.377e+01
16 -9.485e-03 -1.878e-02 2.855e-03 0.000e+00
17 -8.467e-03 -1.644e-02 1.424e-02 0.000e+00
18 1.788e-02 9.944e-03 -1.233e-03 0.000e+00
19 -2.342e-03 8.280e-03 -2.257e-02 0.000e+00
20 -8.156e-03 1.272e-02 1.597e-03 0.000e+00
21 5.301e-03 1.364e-02 2.140e-02 0.000e+00
22 3.715e-03 6.618e-03 1.461e-02 0.000e+00
23 -2.325e-02 1.275e-02 -1.507e-02 0.000e+00
24 -2.028e-02 8.055e-03 -1.568e-03 0.000e+00
25 1.967e-02 9.496e-03 -1.924e-03 0.000e+00
26 1.915e-02 -1.889e-02 1.950e-03 0.000e+00
27 -4.869e-04 3.184e-03 1.396e-02 0.000e+00
28 -1.781e-02 2.177e-02 2.714e-02 -5.940e+01
29 -3.858e-03 3.307e-03 2.506e-02 0.000e+00
30 1.728e-02 2.556e-02 -1.089e-02 -9.110e+01
31 -9.715e-04 4.246e-03 -2.590e-02 0.000e+00
32 -1.722e-02 -4.304e-03 1.559e-03 0.000e+00
33 1.661e-03 -1.390e-02 -1.660e-02 0.000e+00
34 -8.095e-03 8.062e-03 -9.123e-03 0.000e+00
35 8.481e-04 -1.931e-02 -1.504e-03 0.000e+00
36 -1.216e-02 2.105e-02 -1.766e-02 -4.669e+01
37 -2.210e-02 5.808e-03 -1.599e-02 0.000e+00
38 7.024e-03 9.952e-03 1.142e-02 0.000e+00
39 -3.082e-03 -1.895e-02 -5.601e-03 0.000e+00
40 -1.674e-02 1.504e-02 2.749e-03 0.000e+00
41 -8.571e-03 -8.484e-03 7.232e-03 0.000e+00
42 2.006e-03 -1.540e-02 -6.590e-03 0.000e+00
43 5.361e-03 -1.995e-02 2.367e-02 0.000e+00
44 4.477e-04 -1.124e-02 -2.780e-04 0.000e+00
45 -8.498e-03 -1.953e-02 2.392e-02 0.000e+00
46 1.723e-03 -1.243e-02 6.049e-03 0.000e+00
47 -2.067e-02 2.376e-03 -1.901e-02 0.000e+00
48 -2.090e-02 -2.708e-03 -1.441e-03 0.000e+00
49 -2.247e-02 2.031e-04 -7.407e-03 0.000e+00
50 -2.415e-02 -1.830e-02 1.833e-02 0.000e+00
51 -2.436e-04 1.269e-02 4.348e-03 0.000e+00
52 1.527e-02 -1.534e-02 1.631e-03 0.000e+00
53 -1.303e-02 9.703e-03 -1.047e-03 0.000e+00
54 -1.472e-02 -1.752e-02 7.588e-03 0.000e+00
55 -3.014e-02 3.112e-03 -7.694e-03 0.000e+00
56 -2.286e-02 1.317e-02 1.439e-02 0.000e+00
57 -2.360e-04 1.287e-02 -1.377e-03 0.000e+00
58 1.189e-03 1.913e-02 -1.116e-02 0.000e+00
59 -1.693e-02 4.440e-02 1.572e-02 -7.901e+01
60 4.623e-03 -1.899e-02 1.643e-02 0.000e+00
61 -1.443e-04 -1.875e-02 3.313e-04 0.000e+00
62 2.019e-02 -1.417e-02 7.671e-03 0.000e+00
63 8.017e-04 2.002e-02 5.963e-04 0.000e+00
64 -3.398e-03 2.506e-03 -7.314e-03 0.000e+00
65 6.090e-03 -1.468e-02 1.875e-02 0.000e+00
66 -1.794e-02 -3.439e-03 -9.229e-05 0.000e+00
67 8.901e-03 6.645e-03 1.530e-03 0.000e+00
68 1.356e-02 -1.113e-02 -1.860e-02 0.000e+00
69 8.756e-03 -1.120e-02 5.222e-03 0.000e+00
70 1.690e-03 -1.878e-02 -7.791e-03 0.000e+00
71 1.077e-02 8.839e-03 -4.355e-03 0.000e+00
72 -3.774e-04 1.935e-02 -1.408e-02 0.000e+00
73 -1.822e-02 7.393e-03 -2.458e-03 0.000e+00
74 -1.177e-02 -1.228e-02 -1.235e-02 0.000e+00
75 3.962e-03 1.218e-02 -1.544e-02 0.000e+00
76 -6.260e-03 2.666e-02 8.256e-03 2.644e+01
77 -1.307e-03 2.407e-03 2.831e-03 0.000e+00
78 -1.617e-02 2.019e-02 3.303e-03 0.000e+00
79 -1.881e-02 -1.756e-02 1.854e-02 0.000e+00
80 -1.077e-02 -9.326e-04 5.754e-03 0.000e+00
81 -1.906e-03 1.877e-02 -1.540e-02 0.000e+00
82 -6.542e-04 -1.526e-02 -7.399e-03 0.000e+00
83 1.716e-02 -1.905e-02 7.025e-03 0.000e+00
84 -1.539e-02 2.416e-02 -4.290e-03 3.341e+01
85 -6.119e-03 7.711e-03 2.215e-02 0.000e+00
86 -5.616e-03 -9.511e-03 -6.649e-03 0.000e+00
87 2.927e-02 1.321e-03 -1.684e-02 0.000e+00
88 -1.243e-03 -1.864e-02 4.732e-03 0.000e+00
89 6.083e-03 -9.264e-03 -7.630e-03 0.000e+00
90 -4.367e-03 -2.374e-03 -5.973e-03 0.000e+00
91 2.093e-02 1.341e-02 -2.204e-03 0.000e+00
92 -7.750e-03 -1.205e-02 -3.804e-03 0.000e+00
93 -8.746e-03 1.159e-02 7.350e-03 0.000e+00
94 5.817e-04 -1.832e-02 -3.325e-03 0.000e+00
95 1.904e-03 -1.520e-02 -5.012e-03 0.000e+00
96 -9.183e-03 7.403e-03 -1.281e-02 0.000e+00
97 -2.355e-02 -1.968e-02 -1.646e-03 0.000e+00
98 1.006e-02 -1.887e-02 -1.126e-02 0.000e+00
99 2.039e-02 1.736e-02 -2.248e-02 0.000e+00
100 3.450e-03 6.626e-03 -1.045e-02 0.000e+00
101 -2.383e-02 1.339e-02 -7.802e-03 0.000e+00
102 1.195e-02 5.076e-03 -3.263e-03 0.000e+00
103 1.795e-02 2.501e-02 1.692e-02 -4.154e+00
104 2.348e-03 -1.922e-02 4.038e-03 0.000e+00
105 5.891e-03 4.572e-03 1.523e-02 0.000e+00
106 -1.334e-02 1.836e-02 1.054e-03 0.000e+00
107 -6.025e-03 1.708e-02 7.051e-03 0.000e+00
108 1.668e-02 1.990e-02 -9.099e-03 0.000e+00
109 9.294e-03 -2.190e-04 -3.191e-03 0.000e+00
110 -7.411e-04 2.176e-02 -1.364e-02 -3.624e+01
111 8.164e-04 1.358e-02 -8.383e-03 0.000e+00
112 -3.998e-03 1.813e-02 3.200e-03 0.000e+00
113 1.488e-02 8.001e-03 3.987e-03 0.000e+00
114 4.713e-03 -1.990e-02 -1.259e-02 0.000e+00
115 -2.091e-02 7.226e-03 -1.187e-02 0.000e+00
116 -1.834e-02 -1.491e-02 1.889e-02 0.000e+00
117 -6.664e-04 -1.160e-03 -9.158e-03 0.000e+00
118 -8.543e-03 -1.798e-02 8.106e-03 0.000e+00
119 -1.281e-02 -1.794e-02 -9.648e-03 0.000e+00
120 4.378e-03 -1.719e-02 1.440e-02 0.000e+00
121 1.181e-03 -1.808e-02 -1.696e-02 0.000e+00
122 4.884e-03 1.056e-02 9.728e-03 0.000e+00
123 3.463e-03 -1.073e-02 -1.721e-02 0.000e+00
124 -1.103e-02 7.277e-03 -4.104e-03 0.000e+00
125 6.962e-03 1.154e-02 1.443e-03 0.000e+00
126 -6.911e-03 -1.769e-02 -8.968e-03 0.000e+00
127 -5.137e-03 -1.593e-02 1.730e-02 0.000e+00
128 7.941e-03 3.700e-03 -4.940e-03 0.000e+00
129 -1.280e-02 1.361e-02 -2.329e-02 0.000e+00
130 1.571e-03 -1.615e-03 -1.354e-04 0.000e+00
131 -3.023e-03 -1.951e-02 -5.399e-03 0.000e+00
132 -8.768e-05 -1.995e-02 -8.147e-03 0.000e+00
133 6.405e-03 -1.542e-02 -2.021e-02 0.000e+00
134 -3.817e-04 -1.492e-02 1.384e-02 0.000e+00
135 -2.238e-02 -1.989e-02 3.091e-03 0.000e+00
136 3.666e-03 -1.505e-02 -4.723e-03 0.000e+00
137 2.404e-03 -2.812e-03 3.196e-03 0.000e+00
138 -1.859e-02 1.343e-02 9.169e-03 0.000e+00
139 2.121e-02 1.213e-02 -1.632e-02 0.000e+00
140 2.061e-02 -1.750e-02 2.552e-03 0.000e+00
141 1.625e-02 2.095e-03 1.613e-02 0.000e+00
142 7.146e-03 -9.723e-03 7.444e-03 0.000e+00
143 -2.057e-02 -1.979e-02 -1.561e-02 0.000e+00
144 1.314e-02 8.942e-03 -7.639e-05 0.000e+00
145 2.061e-02 -1.597e-02 -3.876e-03 0.000e+00
146 1.463e-03 -2.043e-03 -9.465e-03 0.000e+00
147 5.830e-03 5.830e-03 3.402e-04 0.000e+00
148 -2.587e-02 -1.450e-02 -1.214e-02 0.000e+00
149 -1.594e-02 8.748e-03 -5.631e-03 0.000e+00
150 -6.507e-03 -1.319e-02 2.655e-04 0.000e+00
151 -1.614e-02 2.186e-02 -1.835e-03 -4.534e+01
152 -1.328e-02 1.333e-02 3.854e-02 0.000e+00
153 -1.865e-02 1.508e-02 -1.401e-02 0.000e+00
154 8.646e-03 -1.268e-02 -2.213e-02 0.000e+00
155 3.568e-03 2.035e-02 -8.977e-03 0.000e+00
156 -1.769e-03 -1.736e-02 1.445e-02 0.000e+00
157 2.025e-02 9.875e-03 2.682e-02 0.000e+00
158 1.286e-02 2.789e-03 -1.911e-02 0.000e+00
159 9.177e-03 -1.948e-02 3.821e-03 0.000e+00
160 1.160e-02 -1.651e-02 -1.218e-02 0.000e+00
161 -1.106e-02 1.954e-02 -3.812e-03 0.000e+00
162 1.503e-02 1.822e-02 1.241e-02 0.000e+00
163 1.588e-02 -1.705e-03 -9.920e-03 0.000e+00
164 -2.429e-02 -1.769e-02 4.821e-03 0.000e+00
165 -1.577e-03 1.460e-02 -1.489e-02 0.000e+00
166 1.355e-02 -2.559e-03 1.386e-02 0.000e+00
167 7.352e-03 8.772e-03 -6.769e-03 0.000e+00
168 -1.020e-02 1.386e-02 1.638e-03 0.000e+00
169 1.204e-02 1.154e-02 1.470e-02 0.000e+00
170 2.449e-02 1.021e-02 -8.019e-04 0.000e+00
171 -4.930e-03 -1.856e-02 1.575e-02 0.000e+00
172 4.212e-04 -1.619e-02 -3.016e-02 0.000e+00
173 2.140e-02 2.330e-03 6.742e-03 0.000e+00
174 7.318e-03 1.216e-02 1.464e-03 0.000e+00
175 4.826e-03 4.434e-06 -1.670e-02 0.000e+00
176 9.196e-03 1.829e-03 3.250e-03 0.000e+00
177 1.610e-02 1.220e-02 5.737e-03 0.000e+00
178 -3.132e-02 -1.202e-02 3.701e-03 0.000e+00
179 -1.249e-02 -1.452e-02 -1.177e-02 0.000e+00
180 3.512e-03 7.463e-03 1.082e-02 0.000e+00
181 2.192e-02 2.942e-02 -1.438e-02 -6.388e+01
182 -9.058e-03 -4.303e-03 1.332e-02 0.000e+00
183 -2.108e-02 1.052e-02 2.194e-02 0.000e+00
184 8.799e-03 -1.285e-02 2.208e-02 0.000e+00
185 -5.403e-03 8.932e-04 -1.507e-03 0.000e+00
186 -1.994e-02 9.734e-03 1.084e-02 0.000e+00
187 -4.501e-03 -1.667e-02 -1.231e-02 0.000e+00
188 -1.256e-02 -1.986e-02 3.475e-03 0.000e+00
189 2.014e-02 -1.546e-02 -2.472e-04 0.000e+00
190 5.481e-03 -4.602e-03 2.705e-02 0.000e+00
191 -4.052e-04 -1.739e-02 1.501e-03 0.000e+00
192 5.683e-03 9.320e-03 3.202e-03 0.000e+00
193 -3.262e-02 5.043e-03 6.242e-03 0.000e+00
194 1.728e-02 -1.603e-02 1.152e-03 0.000e+00
195 -8.149e-03 2.805e-03 5.041e-03 0.000e+00
196 1.414e-02 7.294e-03 9.535e-03 0.000e+00
197 1.186e-03 2.710e-02 2.344e-03 -1.674e+01
198 -3.742e-03 -1.131e-02 9.647e-03 0.000e+00
199 8.963e-03 2.219e-03 8.895e-03 0.000e+00
200 -3.893e-03 9.627e-03 -3.950e-03 0.000e+00
201 -8.137e-03 8.280e-03 -1.937e-03 0.000e+00
202 -1.694e-02 1.146e-02 -1.699e-02 0.000e+00
203 1.293e-03 9.629e-03 -8.422e-05 0.000e+00
204 1.493e-02 -1.888e-02 3.531e-03 0.000e+00
205 -9.955e-03 3.729e-02 8.059e-03 1.100e+01
206 -2.262e-02 -1.778e-03 9.268e-03 0.000e+00
207 -9.436e-03 2.157e-03 3.217e-02 0.000e+00
208 -7.653e-03 4.160e-03 3.736e-02 0.000e+00
209 1.698e-02 -5.234e-03 3.550e-02 0.000e+00
210 8.515e-03 1.546e-02 4.784e-03 0.000e+00
211 2.224e-03 -1.205e-03 -1.687e-02 0.000e+00
212 -1.963e-02 2.042e-02 -1.184e-02 0.000e+00
213 -3.442e-03 4.600e-03 1.611e-02 0.000e+00
214 -1.330e-02 -1.720e-03 2.695e-02 0.000e+00
215 1.833e-02 -1.831e-02 -5.052e-03 0.000e+00
216 -8.263e-03 -1.788e-02 -1.894e-02 0.000e+00
217 4.439e-02 3.447e-03 -6.306e-03 0.000e+00
218 4.715e-03 -2.000e-02 -2.151e-03 0.000e+00
219 -1.106e-02 -1.928e-02 3.511e-03 0.000e+00
220 -6.252e-03 1.875e-02 1.170e-02 0.000e+00
221 2.271e-04 -1.243e-02 -1.637e-02 0.000e+00
222 5.950e-03 -1.821e-03 -3.485e-03 0.000e+00
223 -6.017e-04 -1.740e-02 1.113e-03 0.000e+00
224 1.428e-02 2.087e-02 -2.867e-03 2.032e+01
225 -2.954e-03 -1.617e-02 -1.330e-02 0.000e+00
226 -1.596e-02 -1.587e-02 8.617e-03 0.000e+00
227 -9.718e-03 -1.811e-02 -4.393e-03 0.000e+00
228 -8.690e-03 1.769e-03 -8.392e-03 0.000e+00
229 1.645e-02 -1.804e-02 1.566e-02 0.000e+00
230 1.870e-02 -1.371e-02 3.797e-02 0.000e+00
231 9.465e-03 -1.499e-02 -1.117e-02 0.000e+00
232 -4.314e-03 -4.623e-03 5.606e-03 0.000e+00
233 8.676e-03 -2.915e-03 -2.392e-04 0.000e+00
234 5.466e-03 -1.976e-02 1.487e-02 0.000e+00
235 1.487e-02 -1.899e-02 -2.149e-04 0.000e+00
236 1.661e-02 -1.779e-02 -5.239e-03 0.000e+00
237 1.872e-02 2.957e-03 -3.018e-03 0.000e+00
238 -1.254e-02 -6.579e-03 -1.091e-05 0.000e+00
239 -1.557e-02 1.045e-04 -1.445e-02 0.000e+00
240 4.245e-04 1.186e-02 1.763e-03 0.000e+00
241 2.063e-02 -1.934e-02 4.421e-03 0.000e+00
242 6.334e-03 1.409e-02 -3.296e-03 0.000e+00
243 2.556e-02 -1.719e-02 1.023e-02 0.000e+00
244 -4.909e-03 -1.985e-02 1.097e-02 0.000e+00
245 -2.643e-02 -5.782e-04 -4.993e-03 0.000e+00
246 -6.370e-03 -1.885e-02 -4.787e-05 0.000e+00
247 -2.238e-02 6.184e-03 -9.550e-03 0.000e+00
248 -2.134e-02 -1.645e-02 1.728e-02 0.000e+00
249 -2.167e-02 1.616e-02 7.108e-03 0.000e+00
250 -2.180e-02 7.838e-04 -1.691e-02 0.000e+00
251 6.388e-03 3.465e-03 3.194e-03 0.000e+00
252 7.844e-03 3.703e-03 -2.648e-03 0.000e+00
253 7.385e-03 -1.944e-02 -3.452e-03 0.000e+00
254 1.191e-02 8.309e-03 7.167e-03 0.000e+00
255 -1.631e-02 9.414e-04 -3.075e-03 0.000e+00
256 -3.307e-03 -5.984e-05 -2.230e-02 0.000e+00
257 -1.501e-02 1.279e-02 -1.741e-02 0.000e+00
258 6.751e-04 -1.488e-02 4.520e-03 0.000e+00
259 -8.291e-03 1.811e-02 6.098e-03 0.000e+00
260 1.835e-02 -1.876e-02 7.783e-03 0.000e+00
261 -3.038e-02 1.702e-03 -2.225e-02 0.000e+00
262 2.032e-03 -1.881e-02 2.056e-03 0.000e+00
263 -2.225e-03 1.532e-02 3.266e-02 0.000e+00
264 -1.114e-02 -7.802e-03 -1.414e-02 0.000e+00
265 -1.149e-02 -1.089e-02 -1.542e-02 0.000e+00
266 5.206e-03 -1.883e-02 -1.396e-02 0.000e+00
267 -1.802e-03 7.776e-04 -2.514e-03 0.000e+00
268 -6.435e-04 -1.672e-02 -2.633e-02 0.000e+00
269 -9.291e-03 -1.659e-02 1.537e-02 0.000e+00
270 5.449e-03 -1.384e-02 5.901e-05 0.000e+00
271 -1.029e-02 1.616e-02 -4.599e-03 0.000e+00
272 -2.286e-02 1.058e-02 -8.056e-03 0.000e+00
273 -1.694e-02 -1.294e-02 2.285e-02 0.000e+00
274 -2.013e-02 -1.789e-02 1.535e-02 0.000e+00
275 -1.018e-02 -7.419e-03 -8.756e-03 0.000e+00
276 4.861e-03 1.938e-02 3.287e-02 0.000e+00
277 -4.795e-03 6.593e-03 -1.919e-02 0.000e+00
278 -7.305e-03 1.909e-03 3.600e-03 0.000e+00
279 -8.276e-04 -1.444e-02 5.889e-03 0.000e+00
280 6.070e-03 6.894e-03 1.946e-02 0.000e+00
281 2.337e-03 1.224e-02 6.529e-03 0.000e+00
282 -1.132e-02 1.933e-03 1.905e-02 0.000e+00
283 -5.759e-03 -2.564e-03 -1.078e-02 0.000e+00
284 -1.285e-02 -1.579e-02 2.326e-02 0.000e+00
285 5.522e-03 -1.867e-02 1.076e-02 0.000e+00
286 5.100e-03 3.338e-02 1.279e-03 -1.632e+01
287 8.218e-03 1.541e-02 -4.202e-03 0.000e+00
288 -1.649e-03 -1.800e-02 1.327e-02 0.000e+00
289 -2.304e-02 8.521e-03 1.644e-02 0.000e+00
290 1.435e-03 -1.884e-02 2.294e-02 0.000e+00
291 -9.307e-03 -1.565e-02 2.030e-02 0.000e+00
292 -1.864e-02 6.018e-03 -2.560e-03 0.000e+00
293 -2.590e-03 1.965e-02 5.999e-03 0.000e+00
294 -6.576e-03 5.521e-03 -1.376e-02 0.000e+00
295 -1.346e-02 1.417e-02 1.514e-02 0.000e+00
296 -1.022e-02 -1.830e-02 5.712e-03 0.000e+00
297 -1.767e-02 -1.470e-02 1.247e-02 0.000e+00
298 -1.142e-02 1.332e-03 -1.441e-03 0.000e+00
299 -1.903e-02 -2.078e-03 5.728e-03 0.000e+00
300 -9.550e-03 -1.200e-02 1.100e-02 0.000e+00
301 -2.891e-02 1.373e-03 1.107e-03 0.000e+00
302 2.178e-02 5.961e-03 2.197e-04 0.000e+00
303 -1.746e-02 -1.588e-02 9.161e-03 0.000e+00
304 -4.087e-03 6.440e-03 7.878e-03 0.000e+00
305 -7.302e-04 -4.200e-03 -1.867e-02 0.000e+00
306 1.494e-02 1.014e-02 1.043e-02 0.000e+00
307 1.546e-02 -1.993e-02 -3.301e-03 0.000e+00
308 1.066e-02 -1.862e-02 -1.083e-02 0.000e+00
309 1.925e-02 -1.080e-02 9.744e-03 0.000e+00
310 5.981e-03 4.520e-03 -1.672e-02 0.000e+00
311 -1.509e-02 1.949e-02 2.822e-02 0.000e+00
312 2.136e-03 -1.858e-02 2.686e-02 0.000e+00
313 -8.802e-03 2.355e-03 -5.344e-03 0.000e+00
314 -1.244e-02 1.274e-02 8.982e-03 0.000e+00
315 3.800e-03 -1.497e-02 -5.955e-04 0.000e+00
316 7.060e-04 -1.536e-04 1.203e-02 0.000e+00
317 -2.844e-02 9.649e-04 1.812e-02 0.000e+00
318 1.689e-02 1.962e-02 1.091e-05 0.000e+00
319 1.141e-02 8.293e-03 1.841e-03 0.000e+00
320 2.334e-02 3.555e-02 -2.268e-02 6.457e+01
321 2.046e-02 8.502e-03 -2.619e-02 0.000e+00
322 2.246e-02 -1.394e-02 4.850e-03 0.000e+00
323 -2.151e-05 -9.470e-03 -2.610e-02 0.000e+00
324 -9.820e-03 1.213e-02 2.145e-02 0.000e+00
325 -2.063e-03 -1.892e-02 1.880e-02 0.000e+00
326 1.159e-02 -1.878e-02 -8.824e-03 0.000e+00
327 2.400e-02 3.613e-03 1.118e-02 0.000e+00
328 2.041e-02 -1.331e-02 -1.287e-02 0.000e+00
329 -1.184e-02 9.549e-03 -1.392e-03 0.000e+00
330 -2.597e-02 -1.539e-02 -1.064e-03 0.000e+00
331 -5.329e-03 3.788e-03 -1.375e-02 0.000e+00
332 3.114e-03 -1.850e-02 1.176e-02 0.000e+00
333 -1.644e-02 7.991e-03 -2.566e-02 0.000e+00
334 -5.887e-03 -7.848e-04 1.385e-02 0.000e+00
335 -2.347e-02 1.265e-02 1.876e-02 0.000e+00
336 1.564e-02 -1.441e-02 -1.465e-02 0.000e+00
337 1.133e-02 -1.909e-02 8.682e-03 0.000e+00
338 -1.642e-03 8.636e-03 -9.993e-03 0.000e+00
339 1.826e-02 1.556e-02 -6.111e-03 0.000e+00
340 1.805e-02 -1.804e-02 2.041e-02 0.000e+00
341 -8.777e-04 -1.787e-02 2.306e-02 0.000e+00
342 2.773e-02 -1.195e-02 6.241e-03 0.000e+00
343 -3.068e-03 6.478e-03 -5.722e-04 0.000e+00
344 1.224e-02 -1.555e-02 -1.317e-02 0.000e+00
345 -2.496e-03 8.263e-03 -1.954e-02 0.000e+00
346 1.652e-02 -1.595e-02 -1.022e-02 0.000e+00
347 1.172e-02 -1.760e-02 1.095e-02 0.000e+00
348 1.490e-02 5.954e-03 2.605e-04 0.000e+00
349 -1.388e-02 4.017e-03 9.469e-03 0.000e+00
350 -9.561e-03 1.390e-02 6.874e-03 0.000e+00
351 2.281e-02 -1.518e-02 -1.093e-02 0.000e+00
352 1.932e-02 -1.146e-02 -1.419e-02 0.000e+00
353 -1.614e-03 -2.104e-03 -1.556e-02 0.000e+00
354 -9.305e-03 -1.237e-02 -3.336e-03 0.000e+00
355 8.169e-03 9.294e-03 -2.801e-03 0.000e+00
356 1.183e-02 -1.656e-02 -1.675e-02 0.000e+00
357 -1.285e-04 7.980e-03 1.696e-03 0.000e+00
358 8.482e-03 3.712e-03 -1.623e-02 0.000e+00
359 2.299e-03 2.192e-02 -2.296e-02 -1.757e+01
360 9.550e-03 -3.088e-04 6.946e-03 0.000e+00
361 9.752e-03 -1.914e-02 -2.767e-02 0.000e+00
362 2.700e-02 5.821e-03 6.652e-03 0.000e+00
363 6.322e-03 2.000e-02 2.599e-02 0.000e+00
364 -4.456e-03 -1.859e-02 8.087e-03 0.000e+00
365 2.708e-02 -2.370e-03 1.401e-02 0.000e+00
366 -1.057e-02 -1.849e-02 -4.743e-04 0.000e+00
367 1.604e-02 -1.043e-02 -1.367e-02 0.000e+00
368 1.577e-02 -1.955e-04 -1.770e-02 0.000e+00
369 -4.918e-03 2.835e-03 -2.222e-02 0.000e+00
370 -2.131e-03 -1.388e-02 7.907e-03 0.000e+00
371 -1.294e-03 -1.799e-02 -1.110e-02 0.000e+00
372 1.489e-02 7.095e-03 2.860e-03 0.000e+00
373 1.891e-02 1.483e-02 -9.958e-03 0.000e+00
374 -3.473e-03 9.204e-03 5.354e-03 0.000e+00
375 1.293e-02 2.146e-02 -1.241e-02 3.940e+01
376 6.202e-03 -1.554e-02 -2.411e-03 0.000e+00
377 5.556e-03 -1.718e-02 -3.562e-03 0.000e+00
378 -8.910e-03 5.072e-03 -1.087e-02 0.000e+00
379 1.309e-02 1.715e-02 -1.018e-02 0.000e+00
380 -1.163e-02 1.775e-02 4.644e-03 0.000e+00
381 -1.428e-02 3.133e-02 1.856e-02 -1.060e+02
382 5.410e-03 7.230e-03 2.692e-02 0.000e+00
383 2.347e-02 1.087e-02 2.446e-03 0.000e+00
384 1.376e-02 -1.609e-02 -2.572e-02 0.000e+00
385 2.882e-03 -3.383e-03 9.782e-03 0.000e+00
386 1.985e-02 -1.363e-02 -1.614e-02 0.000e+00
387 5.513e-03 2.514e-02 -8.416e-03 1.042e+01
388 1.323e-02 1.000e-02 -1.289e-03 0.000e+00
389 1.492e-03 3.006e-02 -1.743e-02 -7.395e+01
390 -5.519e-03 1.240e-02 3.126e-02 0.000e+00
391 2.334e-02 1.703e-03 4.879e-03 0.000e+00
392 1.325e-02 -1.009e-02 2.930e-03 0.000e+00
393 -1.321e-02 -1.487e-02 6.361e-03 0.000e+00
394 -2.792e-03 -2.331e-03 -1.179e-02 0.000e+00
395 3.657e-03 -1.497e-02 4.795e-03 0.000e+00
396 -4.810e-03 6.796e-03 3.938e-03 0.000e+00
397 -1.947e-02 -2.464e-03 6.260e-03 0.000e+00
398 -8.931e-03 4.580e-03 -1.544e-02 0.000e+00
399 5.120e-03 1.734e-02 1.875e-03 0.000e+00
400 3.000e-03 -1.951e-02 -1.431e-02 0.000e+00
401 -9.418e-03 1.280e-02 -1.248e-03 0.000e+00
402 4.584e-03 -6.186e-03 -3.486e-03 0.000e+00
403 2.729e-02 3.267e-02 -1.020e-02 -1.068e+02
404 -4.755e-03 -1.923e-02 -1.045e-02 0.000e+00
405 6.538e-03 -1.884e-02 -5.013e-03 0.000e+00
406 5.497e-03 -1.803e-03 2.336e-02 0.000e+00
407 5.566e-03 -1.535e-02 4.250e-03 0.000e+00
408 5.239e-03 2.501e-02 5.877e-03 1.486e+01
409 9.335e-03 -1.312e-02 7.271e-03 0.000e+00
410 -1.225e-02 -1.765e-02 -9.597e-03 0.000e+00
411 1.180e-02 2.843e-02 2.397e-03 4.064e+01
412 3.348e-03 -1.980e-03 -9.057e-03 0.000e+00
413 -9.223e-04 1.027e-02 -6.719e-03 0.000e+00
414 8.154e-03 1.593e-02 -5.484e-03 0.000e+00
415 -1.455e-02 6.607e-03 1.170e-02 0.000e+00
416 3.994e-03 1.128e-03 4.668e-03 0.000e+00
417 1.282e-02 5.749e-03 -2.820e-03 0.000e+00
418 -4.499e-03 -1.727e-02 -1.644e-02 0.000e+00
419 2.099e-02 -1.256e-02 -1.798e-02 0.000e+00
420 2.261e-02 -1.498e-02 2.139e-02 0.000e+00
421 7.794e-03 -1.563e-02 1.425e-03 0.000e+00
422 2.050e-02 3.667e-02 -2.093e-04 -9.999e+01
423 -4.789e-03 -1.957e-02 -1.278e-02 0.000e+00
424 1.047e-02 -1.975e-02 -1.302e-02 0.000e+00
425 -5.532e-03 -1.807e-02 -3.684e-03 0.000e+00
426 -3.244e-04 1.370e-02 4.111e-03 0.000e+00
427 1.048e-03 1.410e-02 7.190e-03 0.000e+00
428 1.514e-02 1.805e-02 1.113e-02 0.000e+00
429 -5.428e-03 7.409e-03 -6.139e-04 0.000e+00
430 2.000e-02 2.272e-02 9.933e-03 6.548e+01
431 1.370e-02 9.546e-03 1.316e-02 0.000e+00
432 2.054e-02 -1.613e-02 -9.161e-03 0.000e+00
433 1.095e-02 -1.139e-03 1.399e-03 0.000e+00
434 1.519e-02 9.372e-03 -1.583e-03 0.000e+00
435 1.115e-02 1.544e-02 -1.244e-02 0.000e+00
436 2.650e-02 -1.832e-02 -4.371e-03 0.000e+00
437 1.325e-02 -1.140e-02 5.814e-03 0.000e+00
438 -9.898e-03 -1.746e-02 9.690e-03 0.000e+00
439 2.615e-03 3.046e-02 -1.093e-02 4.314e+01
440 1.699e-02 1.406e-02 -1.480e-02 0.000e+00
441 1.410e-02 -9.954e-03 4.715e-03 0.000e+00
442 6.925e-03 1.223e-02 6.886e-03 0.000e+00
443 2.838e-02 1.164e-02 2.730e-02 0.000e+00
444 2.569e-02 -1.499e-03 -1.069e-02 0.000e+00
445 -3.890e-03 1.570e-02 1.752e-02 0.000e+00
446 -2.037e-04 7.503e-03 -6.200e-03 0.000e+00
447 2.127e-02 6.641e-03 -1.453e-02 0.000e+00
448 4.956e-03 -1.917e-02 2.269e-02 0.000e+00
449 2.463e-02 -1.182e-02 1.287e-02 0.000e+00
450 7.036e-03 1.725e-02 1.966e-02 0.000e+00
451 1.386e-02 -1.664e-02 -4.513e-03 0.000e+00
452 -1.612e-02 -1.337e-02 -1.657e-02 0.000e+00
453 1.071e-02 2.490e-02 -8.595e-03 -6.276e+01
454 2.394e-02 -4.404e-03 1.350e-02 0.000e+00
455 1.401e-02 -1.559e-02 3.694e-03 0.000e+00
456 4.312e-03 1.245e-03 1.153e-02 0.000e+00
457 1.553e-02 -1.948e-02 8.802e-03 0.000e+00
458 2.616e-02 8.908e-03 1.210e-02 0.000e+00
459 1.540e-02 4.146e-03 1.972e-03 0.000e+00
460 1.662e-02 2.071e-02 1.859e-02 0.000e+00
461 -4.665e-03 -1.252e-02 8.740e-03 0.000e+00
462 1.529e-02 -1.813e-02 -2.610e-02 0.000e+00
463 -1.067e-02 -1.436e-02 1.635e-02 0.000e+00
464 -1.206e-02 -1.190e-02 -1.793e-02 0.000e+00
465 1.919e-02 1.071e-02 -7.946e-03 0.000e+00
466 6.898e-03 4.598e-03 8.955e-04 0.000e+00
467 9.247e-03 -4.571e-04 -9.982e-03 0.000e+00
468 1.843e-02 2.599e-02 1.168e-02 5.523e+01
469 -4.344e-03 -1.552e-02 1.019e-02 0.000e+00
470 4.682e-03 4.422e-03 3.040e-03 0.000e+00
471 -1.762e-02 -1.764e-02 2.824e-02 0.000e+00
472 -9.010e-04 -1.521e-02 1.331e-02 0.000e+00
473 1.314e-02 4.803e-03 1.714e-02 0.000e+00
474 -1.035e-02 -1.080e-03 4.601e-03 0.000e+00
475 8.686e-03 -1.583e-02 -2.700e-03 0.000e+00
476 5.655e-03 1.418e-02 -4.879e-03 0.000e+00
477 -1.436e-02 -1.875e-02 -7.656e-03 0.000e+00
478 2.100e-02 -1.281e-02 9.746e-03 0.000e+00
479 -1.316e-03 -1.280e-02 -1.970e-02 0.000e+00
480 -2.483e-03 4.998e-03 -3.797e-03 0.000e+00
481 -1.045e-02 4.479e-03 -4.920e-03 0.000e+00
482 2.072e-02 6.141e-03 3.072e-04 0.000e+00
483 -1.424e-02 -1.737e-02 1.258e-02 0.000e+00
484 -5.108e-03 -1.540e-02 -1.355e-03 0.000e+00
485 2.082e-02 1.581e-02 -1.219e-02 0.000e+00
486 1.643e-03 1.935e-02 -2.417e-02 0.000e+00
487 -5.720e-03 3.071e-03 -3.828e-03 0.000e+00
488 2.156e-02 2.785e-04 1.477e-03 0.000e+00
489 -2.615e-04 -1.927e-02 1.072e-02 0.000e+00
490 7.273e-03 -1.856e-02 -1.168e-03 0.000e+00
491 -8.515e-03 -1.904e-02 1.213e-02 0.000e+00
492 4.249e-03 -1.792e-02 7.604e-03 0.000e+00
493 -4.076e-03 6.514e-03 -3.046e-03 0.000e+00
494 8.263e-03 -1.895e-02 1.245e-02 0.000e+00
495 -9.808e-03 -1.932e-02 -4.532e-03 0.000e+00
496 3.882e-03 6.665e-03 -3.451e-04 0.000e+00
497 9.437e-03 7.798e-03 3.880e-03 0.000e+00
498 2.390e-03 -1.590e-02 1.648e-02 0.000e+00
499 1.333e-03 -1.762e-02 1.982e-02 0.000e+00
500 6.305e-03 -1.841e-02 -9.840e-03 0.000e+00
501 2.324e-03 -1.745e-02 -1.779e-02 0.000e+00
502 -5.843e-03 8.987e-04 -2.436e-02 0.000e+00
503 -7.752e-03 1.398e-02 4.174e-03 0.000e+00
504 3.401e-02 -4.750e-03 -2.548e-03 0.000e+00
505 7.753e-04 -1.200e-03 -2.331e-03 0.000e+00
506 -1.415e-02 -1.141e-02 2.235e-02 0.000e+00
507 3.339e-02 -1.778e-02 -2.706e-02 0.000e+00
508 4.788e-03 1.281e-02 4.974e-03 0.000e+00
509 4.443e-02 2.090e-02 -4.903e-03 6.894e+01
510 4.318e-02 2.838e-02 1.501e-02 -5.699e+01
511 3.383e-02 2.375e-02 2.459e-03 -9.076e+01
512 7.718e-02 3.735e-02 2.283e-02 -8.562e+01
513 9.909e-02 2.470e-02 -1.844e-03 -1.028e+02
514 1.980e-01 2.625e-02 8.088e-03 -1.013e+02
515 2.990e-01 2.579e-02 8.137e-03 3.681e+01
516 5.114e-01 5.364e-02 -1.432e-02 -1.048e+01
517 7.864e-01 1.003e-01 -2.586e-02 7.133e+00
518 1.000e+00 1.515e-01 1.817e-02 4.768e+00
519 9.715e-01 1.489e-01 5.876e-03 -3.613e+00
520 9.571e-01 1.004e-01 -3.759e-02 -2.876e+00
521 9.352e-01 7.690e-02 -3.753e-02 8.675e+00
522 7.364e-01 7.619e-02 -2.253e-02 1.155e+01
523 5.662e-01 4.596e-02 -2.387e-02 1.670e+01
524 4.132e-01 2.574e-02 -1.158e-02 2.455e+01
525 3.297e-01 1.178e-02 -8.882e-03 0.000e+00
526 3.094e-01 -1.451e-02 -5.462e-03 0.000e+00
527 2.286e-01 1.026e-02 1.610e-02 0.000e+00
528 2.130e-01 -1.427e-02 -1.430e-03 0.000e+00
529 1.935e-01 -7.622e-03 1.930e-02 0.000e+00
530 1.648e-01 2.120e-02 -1.517e-02 1.158e+01
531 1.514e-01 -1.275e-02 -1.039e-03 0.000e+00
532 1.594e-01 2.414e-02 -2.896e-02 -2.173e+01
533 1.371e-01 -3.743e-03 6.604e-03 0.000e+00
534 1.458e-01 -1.038e-02 -3.241e-03 0.000e+00
535 1.348e-01 -1.887e-02 -1.071e-02 0.000e+00
536 1.108e-01 1.276e-02 -1.481e-02 0.000e+00
537 1.305e-01 2.034e-02 9.670e-04 0.000e+00
538 1.388e-01 -1.268e-02 -1.093e-02 0.000e+00
539 1.532e-01 3.676e-02 6.051e-03 8.664e+00
540 1.264e-01 4.459e-02 -6.586e-03 1.230e+01
541 1.621e-01 4.259e-02 -5.579e-03 2.466e+01
542 1.622e-01 2.801e-02 3.233e-03 -1.432e+00
543 1.787e-01 3.266e-02 1.248e-02 6.018e+00
544 1.636e-01 2.785e-02 9.195e-04 -1.360e+01
545 1.925e-01 2.678e-02 2.222e-02 4.584e+00
546 2.247e-01 5.493e-02 -1.678e-02 5.888e+00
547 2.530e-01 5.490e-02 3.541e-02 -1.329e+00
548 2.859e-01 7.688e-02 4.835e-02 1.607e-01
549 2.806e-01 8.144e-02 2.773e-02 -2.267e+00
550 2.769e-01 1.006e-01 2.902e-02 2.816e+00
551 3.005e-01 7.258e-02 2.989e-02 -2.934e+00
552 2.939e-01 1.149e-01 1.841e-03 -6.697e+00
553 3.103e-01 9.604e-02 5.737e-03 -4.424e-01
554 2.771e-01 1.059e-01 4.842e-02 -8.606e+00
555 2.339e-01 9.010e-02 -1.278e-02 -4.949e+00
556 1.953e-01 9.470e-02 1.528e-02 -1.208e+00
557 1.640e-01 6.667e-02 -9.282e-03 -1.132e+01
558 1.481e-01 5.060e-02 -2.122e-02 -6.070e+00
559 9.419e-02 5.113e-02 3.453e-02 -1.926e+00
560 6.231e-02 2.141e-02 1.393e-02 -2.954e+01
561 7.144e-02 1.015e-02 -6.459e-03 0.000e+00
562 2.815e-02 -1.864e-02 1.624e-03 0.000e+00
563 2.430e-02 2.387e-02 2.622e-02 -9.470e-01
564 3.179e-02 3.441e-03 -7.726e-04 0.000e+00
565 8.319e-03 2.785e-02 -8.573e-04 6.128e+01
566 1.056e-02 4.451e-03 6.051e-03 0.000e+00
567 1.039e-02 -1.307e-02 1.333e-02 0.000e+00
568 -1.939e-02 -9.626e-03 -2.865e-02 0.000e+00
569 -5.947e-03 -1.554e-02 -9.177e-03 0.000e+00
570 1.352e-02 -1.966e-02 -1.209e-02 0.000e+00
571 -1.017e-02 -1.456e-02 2.844e-02 0.000e+00
572 1.843e-03 -2.399e-03 4.103e-03 0.000e+00
573 9.767e-04 1.840e-02 1.737e-02 0.000e+00
574 -1.044e-02 1.264e-02 2.029e-02 0.000e+00
575 1.141e-02 -1.218e-02 -8.984e-03 0.000e+00
576 9.484e-03 4.378e-03 -9.661e-03 0.000e+00
577 -6.222e-04 1.345e-02 -1.343e-03 0.000e+00
578 4.540e-03 1.031e-02 -5.535e-03 0.000e+00
579 1.975e-02 -1.298e-02 1.436e-02 0.000e+00
580 2.381e-03 2.342e-02 -4.541e-03 -5.010e+01
581 2.862e-02 -1.882e-02 -1.098e-02 0.000e+00
582 1.259e-03 8.995e-03 -2.281e-02 0.000e+00
583 -8.084e-03 -1.347e-02 2.902e-02 0.000e+00
584 4.155e-04 -1.794e-02 2.152e-03 0.000e+00
585 3.361e-03 3.388e-02 1.882e-02 -9.592e+01
586 2.212e-02 4.375e-03 -3.354e-03 0.000e+00
587 -1.040e-02 2.380e-02 9.408e-03 -7.299e+01
588 1.607e-02 -1.470e-02 -1.428e-02 0.000e+00
589 8.259e-03 -1.680e-02 -8.875e-05 0.000e+00
590 -6.176e-03 -3.731e-03 -8.805e-03 0.000e+00
591 -9.969e-04 -1.846e-02 2.252e-03 0.000e+00
592 2.151e-05 6.152e-03 2.357e-03 0.000e+00
593 4.445e-03 3.250e-02 1.270e-02 -1.313e+01
594 -6.507e-04 -1.978e-03 -2.110e-02 0.000e+00
595 8.735e-03 1.438e-02 -5.719e-03 0.000e+00
596 1.202e-02 1.822e-03 -3.431e-03 0.000e+00
597 -1.417e-02 -1.527e-02 1.443e-02 0.000e+00
598 1.554e-02 2.022e-02 1.237e-02 0.000e+00
599 1.501e-02 5.089e-03 9.104e-03 0.000e+00
600 -5.850e-03 -1.195e-02 1.312e-02 0.000e+00
601 2.539e-02 -1.889e-02 2.805e-02 0.000e+00
602 2.989e-02 -1.678e-02 1.849e-02 0.000e+00
603 1.013e-02 -1.388e-02 -3.991e-03 0.000e+00
604 9.883e-03 -1.590e-02 -8.548e-03 0.000e+00
605 1.558e-03 1.818e-02 -6.477e-03 0.000e+00
606 1.992e-02 3.244e-03 1.833e-02 0.000e+00
607 9.878e-03 -1.541e-02 6.758e-03 0.000e+00
608 -1.094e-02 1.399e-02 -6.886e-03 0.000e+00
609 -4.996e-03 -1.579e-02 -5.504e-03 0.000e+00
610 1.463e-02 -3.371e-04 1.194e-02 0.000e+00
611 -1.241e-04 -1.439e-02 -1.733e-02 0.000e+00
612 1.271e-02 -1.670e-02 3.616e-03 0.000e+00
613 1.785e-02 -1.749e-02 2.732e-03 0.000e+00
614 1.628e-02 2.586e-02 6.901e-03 4.687e+01
615 -7.043e-03 1.172e-02 -2.837e-02 0.000e+00
616 -1.178e-02 4.460e-03 1.909e-02 0.000e+00
617 -1.730e-02 -1.265e-02 -1.402e-03 0.000e+00
618 2.032e-02 2.293e-02 -5.511e-03 -4.784e+01
619 -1.530e-02 -1.148e-02 -2.350e-03 0.000e+00
620 -1.247e-02 -1.754e-02 2.418e-02 0.000e+00
621 -3.099e-03 -9.100e-03 5.724e-03 0.000e+00
622 2.352e-02 1.198e-02 -2.579e-02 0.000e+00
623 -9.567e-03 2.001e-03 -1.746e-02 0.000e+00
624 1.633e-02 8.832e-03 1.085e-02 0.000e+00
625 -1.250e-02 -2.478e-03 2.715e-03 0.000e+00
626 5.082e-03 -1.756e-02 3.020e-02 0.000e+00
627 2.464e-03 2.185e-02 -3.750e-03 -9.149e+01
628 5.336e-03 1.817e-03 -1.663e-03 0.000e+00
629 1.153e-03 -1.654e-02 -1.067e-02 0.000e+00
630 1.586e-02 -1.401e-02 -1.466e-02 0.000e+00
631 4.076e-02 1.076e-02 1.612e-02 0.000e+00
632 2.983e-03 9.266e-03 -6.419e-03 0.000e+00
633 7.536e-03 -9.891e-03 7.853e-03 0.000e+00
634 1.127e-02 1.979e-02 1.171e-02 0.000e+00
635 6.184e-03 1.116e-04 -1.881e-02 0.000e+00
636 9.340e-03 2.932e-03 2.273e-04 0.000e+00
637 3.260e-03 1.026e-02 -3.767e-03 0.000e+00
638 2.704e-02 2.623e-03 7.139e-03 0.000e+00
639 -1.648e-03 2.329e-02 1.321e-02 6.485e+01
640 4.081e-03 5.916e-03 1.398e-02 0.000e+00
641 6.399e-03 2.027e-02 -4.209e-03 0.000e+00
642 3.330e-03 1.483e-02 -3.500e-03 0.000e+00
643 7.831e-03 -1.984e-02 2.670e-02 0.000e+00
644 2.497e-02 -1.568e-02 -2.511e-03 0.000e+00
645 2.689e-02 -9.546e-03 1.353e-03 0.000e+00
646 -7.089e-03 -3.355e-03 -3.511e-03 0.000e+00
647 1.514e-02 5.682e-04 -1.280e-02 0.000e+00
648 -8.013e-03 -1.509e-02 6.930e-03 0.000e+00
649 -1.274e-02 1.750e-02 -1.056e-02 0.000e+00
650 2.125e-02 1.222e-02 -2.199e-02 0.000e+00
651 1.680e-02 1.137e-02 9.668e-03 0.000e+00
652 -7.784e-03 1.878e-02 -6.348e-03 0.000e+00
653 1.247e-02 5.638e-03 -7.144e-03 0.000e+00
654 1.550e-02 2.339e-03 -4.974e-03 0.000e+00
655 -5.223e-03 -1.827e-02 -6.510e-03 0.000e+00
656 -1.844e-03 8.684e-03 2.016e-02 0.000e+00
657 1.579e-02 -1.058e-02 8.869e-03 0.000e+00
658 7.878e-03 1.625e-02 -5.706e-03 0.000e+00
659 1.388e-02 -1.492e-02 3.946e-03 0.000e+00
660 1.731e-03 4.653e-03 -5.768e-03 0.000e+00
661 -5.422e-03 1.513e-02 -2.741e-02 0.000e+00
662 7.719e-03 3.480e-03 -1.795e-02 0.000e+00
663 1.865e-02 4.841e-03 4.528e-05 0.000e+00
664 -1.258e-03 -1.820e-02 7.117e-03 0.000e+00
665 1.086e-03 4.757e-03 1.682e-02 0.000e+00
666 -4.385e-04 1.400e-02 -1.517e-02 0.000e+00
667 1.011e-02 4.932e-03 -4.774e-03 0.000e+00
668 -1.774e-02 -1.901e-02 7.259e-03 0.000e+00
669 -1.258e-02 1.225e-02 1.095e-02 0.000e+00
670 3.486e-03 -1.129e-04 1.795e-02 0.000e+00
671 1.267e-02 -1.835e-02 -1.734e-02 0.000e+00
672 1.248e-02 -1.187e-02 2.086e-02 0.000e+00
673 1.054e-02 -1.858e-02 -2.594e-03 0.000e+00
674 -1.169e-02 -1.927e-02 3.135e-03 0.000e+00
675 1.065e-02 3.993e-03 2.232e-02 0.000e+00
676 1.549e-02 -1.916e-02 -3.655e-03 0.000e+00
677 -1.195e-02 2.886e-02 1.015e-02 6.465e+01
678 -3.522e-03 -1.925e-02 1.334e-02 0.000e+00
679 6.771e-04 -1.510e-02 -1.028e-02 0.000e+00
680 -1.782e-02 9.001e-03 7.423e-03 0.000e+00
681 3.309e-04 -1.710e-02 -1.595e-02 0.000e+00
682 2.068e-02 -9.415e-04 -7.557e-03 0.000e+00
683 -4.611e-06 1.703e-03 1.557e-02 0.000e+00
684 1.365e-02 -1.694e-02 3.171e-02 0.000e+00
685 5.277e-03 -1.790e-02 2.987e-02 0.000e+00
686 -8.824e-04 -1.243e-02 -2.620e-03 0.000e+00
687 7.238e-03 2.098e-02 3.911e-03 -6.759e+01
688 -5.668e-03 5.534e-03 4.804e-04 0.000e+00
689 1.859e-02 -1.865e-02 -1.975e-02 0.000e+00
690 1.996e-02 1.662e-02 -1.740e-03 0.000e+00
691 -3.537e-05 -1.924e-02 3.123e-02 0.000e+00
692 -1.612e-02 2.893e-03 7.718e-04 0.000e+00
693 -2.989e-03 1.521e-03 8.566e-03 0.000e+00
694 1.559e-02 -1.110e-02 7.983e-03 0.000e+00
695 1.280e-02 1.115e-02 5.501e-03 0.000e+00
696 1.577e-02 -5.673e-04 1.385e-02 0.000e+00
697 -7.486e-03 5.698e-03 -2.612e-03 0.000e+00
698 1.523e-03 -1.927e-02 2.327e-04 0.000e+00
699 1.787e-03 1.514e-02 -3.002e-03 0.000e+00
700 -8.896e-04 -1.530e-02 -1.150e-02 0.000e+00
701 5.127e-03 -1.193e-02 3.137e-03 0.000e+00
702 -1.167e-03 1.305e-02 -4.172e-03 0.000e+00
703 -1.576e-02 4.478e-03 2.535e-02 0.000e+00
704 -8.339e-03 1.328e-02 -9.488e-03 0.000e+00
705 2.518e-02 1.561e-02 -6.731e-03 0.000e+00
706 2.315e-02 1.705e-02 -1.405e-02 0.000e+00
707 -4.277e-03 6.823e-03 -1.244e-03 0.000e+00
708 -6.097e-03 1.266e-03 -9.544e-03 0.000e+00
709 1.404e-02 -1.074e-02 -4.234e-04 0.000e+00
710 2.790e-02 3.415e-03 1.307e-03 0.000e+00
711 -8.687e-03 -1.690e-02 4.666e-03 0.000e+00
712 2.963e-02 1.877e-02 -3.934e-03 0.000e+00
713 4.077e-03 -2.000e-02 2.660e-03 0.000e+00
714 -9.969e-04 1.743e-02 5.060e-04 0.000e+00
715 1.033e-02 4.309e-02 -5.611e-03 1.200e+01
716 4.604e-03 1.195e-02 1.733e-02 0.000e+00
717 8.059e-03 6.783e-03 6.759e-03 0.000e+00
718 3.494e-03 2.282e-03 -2.330e-03 0.000e+00
719 -9.837e-03 1.946e-03 -1.169e-02 0.000e+00
720 1.054e-02 3.184e-02 6.020e-03 -6.021e+01
721 2.295e-03 -2.133e-03 -9.214e-04 0.000e+00
722 2.074e-02 -1.913e-02 -5.507e-03 0.000e+00
723 2.113e-02 2.530e-02 1.023e-02 8.869e+00
724 8.336e-03 -1.169e-03 -1.808e-02 0.000e+00
725 -8.480e-03 3.197e-03 -8.884e-03 0.000e+00
726 4.271e-03 1.402e-02 -6.292e-03 0.000e+00
727 -1.765e-03 -1.210e-02 1.977e-03 0.000e+00
728 -6.202e-03 1.276e-02 -7.472e-03 0.000e+00
729 -6.346e-03 -1.623e-02 -2.443e-02 0.000e+00
730 5.986e-03 -1.825e-02 -7.809e-03 0.000e+00
731 7.927e-03 8.668e-03 2.669e-02 0.000e+00
732 -1.565e-03 -8.724e-03 -1.021e-02 0.000e+00
733 -4.066e-03 -1.379e-02 4.759e-04 0.000e+00
734 2.250e-03 3.576e-02 3.196e-02 -9.899e+01
735 -8.070e-03 -8.344e-03 -1.769e-03 0.000e+00
736 1.209e-02 1.571e-02 -1.103e-02 0.000e+00
737 -2.065e-02 -1.604e-02 1.082e-02 0.000e+00
738 3.194e-03 -1.308e-02 -1.553e-02 0.000e+00
739 8.082e-03 -1.805e-02 -1.070e-02 0.000e+00
740 -1.246e-02 1.937e-02 -1.983e-02 0.000e+00
741 1.084e-02 4.584e-03 9.844e-03 0.000e+00
742 -2.086e-02 1.305e-03 1.056e-02 0.000e+00
743 1.821e-02 -1.718e-02 -1.622e-02 0.000e+00
744 -1.690e-03 -1.936e-02 1.091e-02 0.000e+00
745 1.148e-02 3.074e-02 -6.375e-03 2.859e+01
746 -2.373e-03 -1.141e-02 -3.649e-04 0.000e+00
747 -1.719e-03 -1.834e-02 1.139e-02 0.000e+00
748 -7.697e-03 -1.670e-02 2.527e-03 0.000e+00
749 2.153e-02 -1.792e-02 2.206e-02 0.000e+00
750 1.955e-02 3.709e-03 -1.046e-02 0.000e+00
751 -3.087e-03 -1.310e-02 -1.321e-03 0.000e+00
752 -1.399e-03 -1.917e-02 -9.332e-04 0.000e+00
753 1.982e-02 -1.969e-03 6.737e-03 0.000e+00
754 8.627e-04 -1.260e-02 -5.564e-03 0.000e+00
755 -8.937e-03 1.886e-03 -1.679e-02 0.000e+00
756 5.989e-03 1.733e-02 -1.553e-02 0.000e+00
757 -5.414e-03 -6.247e-04 -7.732e-03 0.000e+00
758 1.739e-02 4.682e-03 -2.092e-02 0.000e+00
759 1.425e-02 -1.861e-02 9.820e-03 0.000e+00
760 2.723e-02 4.371e-03 -1.221e-02 0.000e+00
761 6.543e-03 -1.974e-02 -8.463e-03 0.000e+00
762 -7.897e-03 4.565e-03 -1.068e-02 0.000e+00
763 1.685e-02 2.344e-02 -1.952e-02 -9.037e+01
764 8.017e-03 -3.953e-03 -1.824e-02 0.000e+00
765 5.535e-03 -1.990e-02 9.649e-04 0.000e+00
766 -1.136e-02 -3.888e-03 3.558e-03 0.000e+00
767 -5.795e-03 2.708e-02 2.443e-02 -1.013e+02
768 -1.297e-03 9.902e-03 -2.038e-02 0.000e+00
769 4.632e-03 7.635e-03 1.249e-02 0.000e+00
770 1.489e-02 -1.539e-02 8.177e-03 0.000e+00
771 -1.834e-02 4.135e-04 -6.331e-03 0.000e+00
772 -8.751e-03 -1.725e-02 -1.672e-02 0.000e+00
773 1.886e-02 -1.999e-02 9.525e-04 0.000e+00
774 1.667e-03 -1.293e-02 8.648e-03 0.000e+00
775 9.418e-03 2.720e-03 2.467e-03 0.000e+00
776 2.635e-03 1.878e-03 -2.376e-03 0.000e+00
777 8.465e-03 -8.807e-03 -8.887e-03 0.000e+00
778 -7.672e-03 -1.175e-03 -1.542e-02 0.000e+00
779 2.371e-03 -1.160e-02 -2.958e-02 0.000e+00
780 4.658e-03 1.276e-02 -1.569e-02 0.000e+00
781 -1.707e-02 1.630e-02 -6.675e-03 0.000e+00
782 -7.731e-04 -1.472e-02 -2.930e-03 0.000e+00
783 8.188e-03 -1.658e-02 -1.034e-02 0.000e+00
784 1.486e-02 -1.670e-02 -3.130e-03 0.000e+00
785 1.185e-02 2.951e-03 -2.058e-02 0.000e+00
786 -2.609e-02 -5.712e-03 -1.488e-02 0.000e+00
787 2.253e-02 -1.058e-03 -1.657e-03 0.000e+00
788 -1.956e-04 -1.741e-02 3.963e-03 0.000e+00
789 3.309e-03 -1.516e-02 6.240e-03 0.000e+00
790 3.468e-02 -1.958e-02 5.806e-03 0.000e+00
791 -1.199e-02 8.409e-03 3.754e-02 0.000e+00
792 -5.162e-04 -3.600e-03 -1.138e-02 0.000e+00
793 2.351e-02 2.017e-02 3.557e-03 0.000e+00
794 -6.996e-03 9.458e-03 -1.873e-02 0.000e+00
795 9.137e-03 -1.980e-02 2.641e-02 0.000e+00
796 1.413e-02 -2.031e-03 6.647e-04 0.000e+00
797 -1.178e-02 7.908e-03 1.861e-02 0.000e+00
798 -1.427e-02 -1.909e-02 -8.424e-04 0.000e+00
799 2.305e-03 -1.556e-02 2.382e-03 0.000e+00
800 -8.756e-03 -1.763e-02 -3.543e-03 0.000e+00
801 -1.091e-02 -1.693e-02 -5.284e-04 0.000e+00
802 3.191e-02 2.672e-02 -6.890e-03 -2.256e+01
803 -2.700e-03 1.211e-02 -5.871e-03 0.000e+00
804 2.305e-02 -1.874e-02 1.011e-02 0.000e+00
805 2.570e-02 -1.736e-02 -3.078e-02 0.000e+00
806 5.576e-03 -1.793e-02 1.973e-02 0.000e+00
807 -1.146e-02 2.150e-03 1.046e-03 0.000e+00
808 1.266e-02 -2.629e-03 3.469e-04 0.000e+00
809 -4.930e-05 -1.424e-02 -5.512e-03 0.000e+00
810 2.673e-03 -1.013e-02 -3.671e-02 0.000e+00
811 9.084e-04 1.792e-03 -1.269e-02 0.000e+00
812 -2.254e-03 1.971e-02 2.133e-02 0.000e+00
813 -3.250e-03 -2.144e-03 -9.887e-03 0.000e+00
814 -3.006e-04 4.640e-03 6.914e-03 0.000e+00
815 3.691e-02 -1.915e-02 1.702e-02 0.000e+00
816 -1.136e-02 -1.897e-02 1.977e-03 0.000e+00
817 -6.797e-03 1.455e-02 3.590e-02 0.000e+00
818 -2.507e-02 -1.053e-02 1.724e-02 0.000e+00
819 1.679e-02 1.752e-02 2.339e-02 0.000e+00
820 1.352e-02 2.538e-02 1.278e-02 -1.636e+00
821 -3.864e-03 -1.394e-02 1.643e-02 0.000e+00
822 -1.540e-02 7.869e-03 5.933e-03 0.000e+00
823 2.662e-02 8.483e-03 1.719e-02 0.000e+00
824 -2.981e-02 -1.917e-02 1.554e-03 0.000e+00
825 1.019e-03 -3.268e-03 -2.933e-03 0.000e+00
826 5.879e-03 1.272e-02 2.017e-02 0.000e+00
827 -2.491e-02 5.017e-03 4.456e-03 0.000e+00
828 7.334e-03 -1.276e-02 2.003e-02 0.000e+00
829 3.428e-03 2.452e-02 1.077e-02 1.917e+01
830 2.089e-02 -1.912e-02 5.541e-03 0.000e+00
831 1.172e-02 2.093e-02 4.645e-03 -8.534e+01
832 5.266e-03 5.554e-03 4.235e-03 0.000e+00
833 -5.977e-03 6.581e-03 -4.635e-03 0.000e+00
834 3.475e-03 -1.751e-02 1.306e-02 0.000e+00
835 -5.013e-03 1.151e-02 1.098e-02 0.000e+00
836 1.809e-03 -1.762e-02 -1.503e-02 0.000e+00
837 -2.619e-02 -1.925e-02 -6.253e-03 0.000e+00
838 1.004e-02 2.160e-02 3.979e-03 3.002e+01
839 6.670e-03 -1.419e-02 1.428e-02 0.000e+00
840 -4.034e-03 -1.760e-02 -1.080e-02 0.000e+00
841 3.551e-03 1.571e-02 -7.922e-04 0.000e+00
842 -8.370e-03 -1.823e-02 -1.495e-02 0.000e+00
843 -2.284e-02 -1.892e-02 3.037e-02 0.000e+00
844 1.173e-02 -1.627e-02 1.429e-02 0.000e+00
845 -1.698e-02 7.623e-03 1.087e-02 0.000e+00
846 4.611e-06 8.325e-03 7.698e-03 0.000e+00
847 -1.237e-02 9.622e-03 6.291e-04 0.000e+00
848 8.847e-03 -1.106e-02 1.305e-02 0.000e+00
849 -1.273e-02 -1.857e-02 -4.016e-04 0.000e+00
850 9.798e-03 -1.107e-02 5.092e-03 0.000e+00
851 1.464e-04 -1.962e-03 -1.616e-02 0.000e+00
852 -6.551e-03 -1.853e-02 -5.805e-03 0.000e+00
853 2.478e-02 -1.356e-02 -1.084e-02 0.000e+00
854 -3.521e-04 6.381e-04 1.409e-02 0.000e+00
855 -6.393e-03 1.876e-02 5.990e-03 0.000e+00
856 3.668e-03 -5.678e-04 3.105e-03 0.000e+00
857 5.795e-03 3.768e-03 4.893e-03 0.000e+00
858 9.420e-03 1.840e-02 5.170e-03 0.000e+00
859 -1.479e-02 -1.543e-02 1.762e-03 0.000e+00
860 2.270e-02 2.319e-03 1.409e-02 0.000e+00
861 6.305e-03 -1.786e-02 3.963e-03 0.000e+00
862 1.600e-02 -1.502e-02 -1.871e-02 0.000e+00
863 -1.315e-02 1.334e-02 -1.033e-02 0.000e+00
864 -1.981e-02 -1.156e-03 1.735e-02 0.000e+00
865 1.205e-02 1.645e-03 4.225e-03 0.000e+00
866 1.058e-02 2.189e-03 6.398e-04 0.000e+00
867 -6.769e-03 -1.172e-02 2.146e-02 0.000e+00
868 -1.795e-03 1.259e-02 -2.037e-02 0.000e+00
869 3.165e-02 -1.903e-02 -5.335e-03 0.000e+00
870 7.470e-03 5.848e-03 6.407e-03 0.000e+00
871 -1.003e-02 1.195e-02 7.614e-03 0.000e+00
872 -2.056e-02 -1.637e-02 8.598e-03 0.000e+00
873 -1.179e-02 -1.899e-02 -2.313e-02 0.000e+00
874 -1.562e-02 -1.651e-02 4.338e-03 0.000e+00
875 9.159e-04 -9.296e-03 1.481e-02 0.000e+00
876 -1.065e-02 -1.883e-02 6.820e-04 0.000e+00
877 1.488e-03 -1.181e-02 -5.391e-03 0.000e+00
878 2.021e-02 1.302e-02 8.518e-03 0.000e+00
879 -1.465e-02 2.632e-02 2.279e-04 -6.064e+00
880 -6.356e-03 4.884e-03 9.964e-04 0.000e+00
881 -1.635e-02 -1.214e-02 3.742e-02 0.000e+00
882 -1.983e-02 1.618e-02 1.261e-02 0.000e+00
883 -4.408e-03 4.146e-03 -1.218e-02 0.000e+00
884 -2.093e-03 -1.537e-02 7.623e-03 0.000e+00
885 -6.355e-03 -1.578e-02 -9.262e-03 0.000e+00
886 -3.350e-03 -1.577e-02 5.648e-03 0.000e+00
887 -1.531e-02 2.217e-03 -6.964e-03 0.000e+00
888 -2.867e-02 1.608e-03 8.267e-03 0.000e+00
889 -1.327e-02 1.778e-03 -7.188e-03 0.000e+00
890 1.297e-02 7.808e-03 -3.144e-03 0.000e+00
891 9.517e-03 -1.532e-02 3.542e-03 0.000e+00
892 3.849e-03 -1.847e-02 -1.848e-03 0.000e+00
893 2.211e-03 -1.410e-02 -3.994e-03 0.000e+00
894 1.742e-02 -1.954e-02 9.370e-03 0.000e+00
895 1.225e-03 -1.903e-02 2.465e-03 0.000e+00
896 1.714e-02 -1.490e-02 -1.817e-02 0.000e+00
897 4.785e-04 1.069e-02 -4.757e-03 0.000e+00
898 -1.329e-02 1.818e-03 1.790e-02 0.000e+00
899 -4.921e-03 1.349e-02 -3.613e-03 0.000e+00
900 -1.364e-02 -9.144e-03 -2.245e-02 0.000e+00
901 -1.822e-02 2.520e-03 3.530e-03 0.000e+00
902 1.655e-02 1.471e-02 -1.062e-02 0.000e+00
903 -3.319e-02 1.258e-02 1.574e-02 0.000e+00
904 7.360e-03 -1.835e-02 -3.279e-03 0.000e+00
905 -2.207e-02 -1.005e-02 2.891e-03 0.000e+00
906 2.816e-03 1.214e-02 9.412e-03 0.000e+00
907 3.754e-03 2.312e-03 -7.912e-03 0.000e+00
908 -2.815e-03 6.806e-03 1.090e-02 0.000e+00
909 -2.548e-03 -1.479e-02 1.685e-02 0.000e+00
910 1.360e-02 3.123e-03 -1.702e-02 0.000e+00
911 -9.013e-03 1.161e-02 2.039e-02 0.000e+00
912 -4.750e-03 2.620e-02 -3.114e-03 3.895e+01
913 -1.426e-02 5.493e-03 -1.026e-02 0.000e+00
914 4.942e-03 -1.891e-02 1.947e-02 0.000e+00
915 4.919e-03 4.086e-03 1.036e-02 0.000e+00
916 -2.581e-02 6.017e-04 -4.780e-03 0.000e+00
917 -1.268e-02 -1.014e-02 5.279e-03 0.000e+00
918 5.826e-03 -1.875e-02 4.545e-03 0.000e+00
919 -2.487e-04 -1.155e-02 -1.066e-02 0.000e+00
920 -1.742e-02 -1.028e-02 -1.356e-02 0.000e+00
921 3.082e-02 2.372e-03 -7.220e-04 0.000e+00
922 1.126e-02 -1.961e-02 7.518e-03 0.000e+00
923 1.579e-02 -1.629e-02 -3.749e-03 0.000e+00
924 1.241e-02 3.565e-03 -1.418e-02 0.000e+00
925 -2.456e-03 -1.352e-03 -3.101e-03 0.000e+00
926 2.855e-03 -1.631e-02 1.446e-02 0.000e+00
927 -1.139e-02 -7.485e-04 6.830e-03 0.000e+00
928 -3.742e-03 1.569e-02 -2.985e-02 0.000e+00
929 -1.143e-02 -3.355e-04 -1.409e-02 0.000e+00
930 6.606e-03 -2.335e-03 1.140e-02 0.000e+00
931 1.749e-02 -1.716e-02 3.853e-03 0.000e+00
932 -1.132e-02 6.905e-03 -1.076e-02 0.000e+00
933 -2.329e-03 1.419e-02 -1.995e-02 0.000e+00
934 8.041e-03 2.019e-02 -5.448e-03 0.000e+00
935 -2.476e-03 -1.882e-02 1.049e-02 0.000e+00
936 -3.669e-03 -1.653e-02 1.486e-03 0.000e+00
937 -9.653e-03 -1.131e-02 -8.632e-03 0.000e+00
938 -1.038e-02 1.926e-02 8.206e-03 0.000e+00
939 -2.958e-02 -1.687e-02 -2.498e-03 0.000e+00
940 6.418e-03 -2.503e-03 -1.773e-02 0.000e+00
941 2.820e-03 4.155e-04 2.411e-03 0.000e+00
942 -1.250e-02 -1.979e-02 2.676e-03 0.000e+00
943 1.645e-03 -1.084e-02 -2.101e-02 0.000e+00
944 1.316e-03 3.724e-03 1.086e-02 0.000e+00
945 -6.602e-03 2.776e-02 -4.842e-03 -5.385e+01
946 -1.604e-02 -1.599e-02 1.349e-02 0.000e+00
947 -1.092e-02 -1.806e-02 6.895e-03 0.000e+00
948 -1.613e-02 -4.350e-03 8.887e-03 0.000e+00
949 5.271e-03 -1.476e-02 6.227e-03 0.000e+00
950 -2.374e-02 -1.330e-02 -6.061e-03 0.000e+00
951 -5.010e-03 1.845e-03 -1.668e-02 0.000e+00
952 -1.099e-02 8.919e-03 1.022e-02 0.000e+00
953 -3.818e-03 8.558e-03 2.190e-03 0.000e+00
954 2.723e-03 6.724e-03 7.251e-03 0.000e+00
955 -1.404e-02 1.610e-02 -1.865e-03 0.000e+00
956 3.229e-04 4.402e-03 1.016e-02 0.000e+00
957 -5.096e-03 1.821e-02 -4.506e-04 0.000e+00
958 1.315e-03 4.818e-03 -1.858e-03 0.000e+00
959 4.686e-03 9.285e-03 -5.376e-03 0.000e+00
960 6.564e-04 -1.414e-02 -1.662e-02 0.000e+00
961 5.293e-03 -1.414e-02 1.144e-02 0.000e+00
962 -2.804e-02 -1.714e-02 -1.515e-02 0.000e+00
963 5.245e-03 8.280e-03 -2.064e-02 0.000e+00
964 -4.738e-04 2.469e-02 1.219e-02 -2.314e+01
965 -9.960e-03 1.753e-03 -9.907e-03 0.000e+00
966 -5.398e-03 -1.700e-02 -2.622e-02 0.000e+00
967 1.270e-03 -9.579e-03 -3.369e-02 0.000e+00
968 -6.718e-03 -1.877e-02 -1.775e-02 0.000e+00
969 -1.439e-02 -1.737e-02 7.055e-03 0.000e+00
970 5.586e-03 1.599e-03 1.402e-02 0.000e+00
971 7.329e-03 1.426e-03 1.706e-03 0.000e+00
972 1.719e-04 -3.358e-03 6.159e-03 0.000e+00
973 6.748e-04 8.712e-03 2.052e-02 0.000e+00
974 1.583e-03 -1.958e-02 -1.789e-02 0.000e+00
975 -3.002e-03 3.208e-03 -1.663e-02 0.000e+00
976 -1.676e-02 -1.576e-02 3.883e-03 0.000e+00
977 -6.084e-03 1.737e-02 1.649e-02 0.000e+00
978 -8.443e-04 1.110e-03 -3.516e-03 0.000e+00
979 5.288e-03 -1.157e-02 1.280e-02 0.000e+00
980 -1.348e-02 -1.749e-02 -5.509e-03 0.000e+00
981 -2.599e-02 -4.434e-06 1.512e-02 0.000e+00
982 -3.437e-02 1.390e-02 2.890e-03 0.000e+00
983 -2.715e-02 1.179e-03 -1.490e-02 0.000e+00
984 -1.671e-02 4.945e-03 1.452e-02 0.000e+00
985 -3.114e-02 7.971e-03 2.043e-02 0.000e+00
986 -1.826e-02 -1.435e-02 1.095e-02 0.000e+00
987 2.868e-03 -1.271e-02 7.184e-03 0.000e+00
988 -3.924e-03 -8.483e-03 -7.031e-03 0.000e+00
989 1.487e-02 -1.282e-02 8.758e-03 0.000e+00
990 -1.134e-02 -1.745e-02 4.616e-03 0.000e+00
991 -2.027e-02 1.271e-02 -5.615e-04 0.000e+00
992 3.697e-03 4.266e-03 -8.358e-03 0.000e+00
993 4.081e-03 1.988e-02 7.456e-03 0.000e+00
994 1.007e-02 3.391e-03 -2.254e-02 0.000e+00
995 -1.892e-02 1.391e-02 -5.235e-03 0.000e+00
996 -2.003e-02 2.100e-02 -1.506e-02 1.673e+01
997 -1.284e-02 6.456e-03 7.388e-03 0.000e+00
998 7.534e-03 3.474e-03 -2.697e-03 0.000e+00
999 -4.372e-03 9.886e-04 -1.734e-02 0.000e+00
1000 -8.311e-03 -1.917e-02 -9.010e-03 0.000e+00
1001 1.747e-02 1.961e-02 -4.228e-03 0.000e+00
1002 -1.419e-02 2.717e-03 -1.361e-02 0.000e+00
1003 -2.149e-02 2.165e-02 -1.882e-03 -4.219e+01
1004 4.579e-03 7.619e-04 -1.525e-02 0.000e+00
1005 -5.084e-03 8.944e-03 -1.701e-03 0.000e+00
1006 -7.427e-03 8.026e-03 8.199e-04 0.000e+00
1007 -5.592e-03 7.791e-03 -1.007e-02 0.000e+00
1008 -6.973e-03 5.824e-03 6.861e-03 0.000e+00
1009 -1.734e-02 -5.436e-03 6.603e-03 0.000e+00
1010 -1.086e-03 2.983e-02 6.883e-03 4.338e+01
1011 1.071e-02 1.455e-02 8.174e-05 0.000e+00
1012 1.154e-03 3.553e-04 -2.074e-02 0.000e+00
1013 -2.551e-02 -1.875e-02 3.953e-03 0.000e+00
1014 1.290e-04 -5.555e-03 1.894e-03 0.000e+00
1015 -1.563e-02 -1.741e-02 -9.017e-03 0.000e+00
1016 -5.507e-04 -1.307e-02 -1.748e-02 0.000e+00
1017 -1.081e-02 2.061e-02 2.090e-02 0.000e+00
1018 1.571e-02 -1.853e-02 8.792e-03 0.000e+00
1019 4.355e-03 7.158e-04 9.344e-04 0.000e+00
1020 4.864e-03 4.195e-03 3.454e-03 0.000e+00
1021 2.730e-02 2.570e-02 -9.886e-03 -1.650e+01
1022 4.583e-04 -1.066e-03 -1.961e-03 0.000e+00
1023 -1.319e-04 -1.884e-02 -3.131e-03 0.000e+00
