Bin I L V PA
0 -1.595e-02 8.768e-03 -1.723e-04 0.000e+00
1 -6.846e-03 4.629e-03 2.422e-03 0.000e+00
2 -6.807e-03 4.353e-04 -4.985e-03 0.000e+00
3 -1.650e-02 -1.225e-03 8.700e-03 0.000e+00
4 -6.962e-03 2.422e-03 -1.098e-03 0.000e+00
5 -2.940e-03 4.212e-04 1.123e-02 0.000e+00
6 -1.904e-02 6.012e-03 -2.488e-03 0.000e+00
7 -6.386e-03 2.955e-03 1.739e-03 0.000e+00
8 -5.412e-03 -1.004e-02 6.163e-03 0.000e+00
9 1.249e-03 4.603e-03 -2.274e-03 0.000e+00
10 -5.170e-03 7.539e-04 -3.145e-03 0.000e+00
11 -3.072e-03 5.462e-03 1.271e-03 0.000e+00
12 -1.853e-03 -5.934e-03 7.822e-03 0.000e+00
13 -7.916e-03 -9.331e-03 9.023e-03 0.000e+00
14 -2.730e-03 8.122e-03 -2.287e-04 0.000e+00
15 -7.671e-03 -8.078e-03 -2.124e-03 0.000e+00
16 8.713e-03 -6.048e-03 -2.574e-03 0.000e+00
17 7.522e-04 5.784e-03 1.812e-03 0.000e+00
18 1.182e-03 -1.028e-02 -1.082e-02 0.000e+00
19 -2.372e-03 -8.528e-03 3.320e-03 0.000e+00
20 -1.761e-04 7.799e-03 8.742e-03 0.000e+00
21 1.892e-03 -9.604e-03 -4.529e-03 0.000e+00
22 3.267e-04 -5.793e-03 -5.291e-04 0.000e+00
23 -1.377e-02 4.806e-03 -7.578e-03 0.000e+00
24 -1.109e-03 -6.845e-03 -8.078e-03 0.000e+00
25 -2.603e-03 -1.000e-02 -5.122e-03 0.000e+00
26 -1.688e-04 7.404e-03 -2.139e-03 0.000e+00
27 -9.173e-03 -8.256e-03 -2.007e-03 0.000e+00
28 -3.478e-03 -1.004e-02 -1.091e-02 0.000e+00
29 1.790e-03 1.227e-02 1.961e-03 9.424e+00
30 -8.849e-03 1.773e-03 7.782e-03 0.000e+00
31 5.040e-03 -9.866e-03 -1.309e-03 0.000e+00
32 -1.062e-03 5.530e-05 1.732e-04 0.000e+00
33 8.309e-03 -2.456e-03 -8.397e-03 0.000e+00
34 -2.727e-03 3.877e-03 -8.557e-04 0.000e+00
35 -7.836e-03 -1.003e-02 -5.974e-04 0.000e+00
36 5.774e-03 3.348e-03 8.039e-03 0.000e+00
37 -6.194e-03 -6.004e-03 5.972e-04 0.000e+00
38 -3.856e-03 -9.078e-03 1.480e-02 0.000e+00
39 -4.150e-03 -7.947e-03 -3.878e-03 0.000e+00
40 1.099e-03 -2.021e-04 2.216e-03 0.000e+00
41 1.307e-03 1.364e-03 3.146e-03 0.000e+00
42 -1.816e-02 -1.023e-02 2.083e-03 0.000e+00
43 -1.152e-02 -8.824e-03 -1.049e-02 0.000e+00
44 -1.977e-02 -9.904e-03 -1.173e-03 0.000e+00
45 -5.721e-03 -6.400e-03 3.214e-03 0.000e+00
46 4.360e-05 7.033e-03 1.638e-03 0.000e+00
47 -4.634e-03 1.130e-03 3.564e-03 0.000e+00
48 -8.603e-03 -6.248e-04 3.339e-04 0.000e+00
49 -1.072e-02 9.756e-04 3.756e-04 0.000e+00
50 -8.320e-03 4.335e-03 -9.207e-03 0.000e+00
51 -6.467e-03 -1.026e-04 -4.137e-03 0.000e+00
52 -2.672e-03 2.968e-04 4.801e-04 0.000e+00
53 -6.302e-03 2.967e-03 3.673e-03 0.000e+00
54 -1.108e-02 7.427e-03 -2.564e-03 0.000e+00
55 -3.944e-03 1.037e-02 4.786e-03 4.585e+01
56 -8.623e-04 -9.178e-03 -2.627e-03 0.000e+00
57 -1.108e-02 -1.025e-02 -3.308e-03 0.000e+00
58 7.852e-03 -9.904e-03 -4.313e-03 0.000e+00
59 7.982e-03 -6.780e-03 -2.063e-03 0.000e+00
60 -7.866e-03 -6.854e-03 1.145e-02 0.000e+00
61 6.883e-03 -9.117e-03 -7.346e-03 0.000e+00
62 -2.687e-03 2.725e-03 -2.161e-04 0.000e+00
63 4.651e-03 -1.158e-03 9.355e-04 0.000e+00
64 3.682e-03 1.611e-03 2.517e-03 0.000e+00
65 8.322e-04 2.731e-03 5.564e-03 0.000e+00
66 -4.399e-03 -1.036e-03 3.860e-04 0.000e+00
67 -8.209e-03 4.150e-03 -2.619e-03 0.000e+00
68 1.164e-03 -3.062e-03 2.097e-03 0.000e+00
69 -4.566e-03 4.457e-03 3.319e-04 0.000e+00
70 8.021e-03 3.977e-03 1.761e-03 0.000e+00
71 -8.074e-03 -5.163e-03 2.341e-03 0.000e+00
72 -4.506e-03 8.623e-03 4.812e-03 0.000e+00
73 -1.007e-02 6.209e-03 -3.740e-03 0.000e+00
74 -1.776e-04 7.814e-03 -4.030e-03 0.000e+00
75 8.200e-03 1.405e-03 -2.286e-03 0.000e+00
76 7.851e-03 8.696e-03 -6.222e-03 0.000e+00
77 -2.049e-03 -1.029e-02 1.420e-03 0.000e+00
78 7.819e-04 2.946e-03 1.040e-03 0.000e+00
79 -6.797e-03 1.057e-02 -3.826e-03 -8.763e+01
80 -8.313e-03 6.801e-03 1.426e-03 0.000e+00
81 2.978e-03 -7.137e-05 -1.654e-03 0.000e+00
82 -5.378e-03 -7.902e-04 1.218e-02 0.000e+00
83 -5.454e-03 3.897e-03 4.959e-04 0.000e+00
84 1.347e-03 -6.830e-03 -7.156e-03 0.000e+00
85 -6.032e-03 -1.008e-02 9.265e-03 0.000e+00
86 2.035e-03 1.114e-04 1.595e-03 0.000e+00
87 -2.761e-03 1.076e-03 -5.305e-03 0.000e+00
88 -1.086e-02 8.241e-03 -1.147e-02 0.000e+00
89 -2.689e-03 7.189e-03 -6.629e-03 0.000e+00
90 1.571e-03 -7.773e-03 -1.204e-03 0.000e+00
91 1.141e-02 -8.113e-03 1.270e-03 0.000e+00
92 -1.799e-03 -8.211e-03 -4.186e-03 0.000e+00
93 -7.714e-03 -7.611e-03 -4.315e-03 0.000e+00
94 8.211e-03 1.643e-02 -3.515e-03 -8.172e+01
95 -2.447e-04 -5.536e-03 -5.058e-04 0.000e+00
96 -8.672e-04 -6.958e-03 1.121e-02 0.000e+00
97 4.063e-03 3.727e-03 4.033e-03 0.000e+00
98 -1.387e-03 -5.701e-03 -1.639e-03 0.000e+00
99 -9.563e-03 7.940e-03 -4.496e-04 0.000e+00
100 4.893e-03 6.400e-03 -1.527e-03 0.000e+00
101 7.297e-03 -1.017e-02 -2.622e-03 0.000e+00
102 -4.423e-03 1.014e-02 -8.294e-03 0.000e+00
103 3.439e-03 2.517e-03 4.322e-03 0.000e+00
104 -8.534e-03 -8.504e-03 -3.315e-03 0.000e+00
105 3.831e-03 3.745e-03 -2.448e-03 0.000e+00
106 1.095e-03 6.149e-03 8.600e-03 0.000e+00
107 -1.030e-03 8.500e-03 5.318e-03 0.000e+00
108 -9.058e-03 -6.501e-03 6.038e-03 0.000e+00
109 -9.001e-03 5.641e-03 4.994e-03 0.000e+00
110 9.263e-03 7.135e-03 -6.004e-03 0.000e+00
111 -3.403e-04 8.881e-03 3.129e-03 0.000e+00
112 1.823e-03 -8.300e-03 -5.631e-04 0.000e+00
113 1.195e-03 4.719e-03 -2.709e-03 0.000e+00
114 9.442e-04 -7.975e-03 8.237e-03 0.000e+00
115 3.396e-03 2.068e-03 -4.355e-04 0.000e+00
116 -1.488e-02 4.388e-03 6.672e-03 0.000e+00
117 -1.632e-03 3.974e-03 -1.505e-03 0.000e+00
118 -4.884e-03 -9.045e-03 -1.368e-07 0.000e+00
119 4.702e-03 -8.789e-03 6.579e-03 0.000e+00
120 2.091e-03 5.986e-03 -4.962e-03 0.000e+00
121 -4.064e-03 2.458e-03 -1.290e-04 0.000e+00
122 -1.470e-03 -1.004e-02 3.761e-03 0.000e+00
123 4.009e-04 -6.485e-04 -1.092e-02 0.000e+00
124 -8.623e-03 -6.307e-03 -1.383e-03 0.000e+00
125 9.258e-03 6.966e-03 1.034e-02 0.000e+00
126 -3.872e-03 -7.728e-03 1.418e-03 0.000e+00
127 4.683e-03 -7.642e-04 -5.587e-03 0.000e+00
128 -2.305e-03 1.073e-02 4.242e-04 -9.678e+01
129 -9.878e-03 1.274e-02 -1.471e-03 -9.463e+01
130 1.329e-03 -9.598e-03 5.472e-03 0.000e+00
131 4.993e-04 4.804e-03 3.404e-03 0.000e+00
132 2.916e-03 6.255e-04 -6.053e-04 0.000e+00
133 4.302e-03 -9.477e-03 1.578e-03 0.000e+00
134 5.656e-03 -9.543e-03 -7.708e-03 0.000e+00
135 1.260e-02 4.605e-03 1.527e-03 0.000e+00
136 -8.382e-04 7.311e-03 -4.208e-03 0.000e+00
137 -1.497e-03 7.193e-03 -4.993e-03 0.000e+00
138 -4.593e-03 3.841e-03 8.909e-03 0.000e+00
139 -1.324e-02 6.717e-05 -1.766e-03 0.000e+00
140 1.557e-02 -5.283e-03 -6.009e-03 0.000e+00
141 -3.153e-03 -6.883e-03 2.081e-03 0.000e+00
142 3.490e-03 -8.479e-04 8.123e-03 0.000e+00
143 -7.131e-03 -9.123e-03 -5.712e-03 0.000e+00
144 -1.707e-04 -8.027e-03 3.303e-03 0.000e+00
145 5.675e-04 4.045e-03 3.044e-03 0.000e+00
146 -1.097e-02 -4.370e-04 1.016e-02 0.000e+00
147 4.105e-03 -8.206e-04 2.221e-03 0.000e+00
148 1.643e-03 9.065e-03 -7.478e-03 0.000e+00
149 -6.821e-03 8.500e-03 -2.654e-03 0.000e+00
150 -1.533e-04 1.073e-02 -3.572e-03 3.420e+01
151 6.283e-03 8.522e-04 1.826e-02 0.000e+00
152 -2.525e-03 -7.829e-03 3.285e-03 0.000e+00
153 7.675e-03 -8.784e-03 9.248e-03 0.000e+00
154 2.699e-03 8.902e-04 7.210e-03 0.000e+00
155 2.935e-03 6.728e-04 3.901e-03 0.000e+00
156 -6.596e-03 2.196e-03 -8.385e-03 0.000e+00
157 -1.166e-02 -8.761e-03 4.674e-03 0.000e+00
158 1.287e-02 4.449e-03 -1.784e-03 0.000e+00
159 3.443e-05 4.739e-03 -3.559e-03 0.000e+00
160 -2.980e-03 5.803e-03 3.646e-03 0.000e+00
161 -2.678e-04 3.096e-03 7.087e-03 0.000e+00
162 -4.461e-03 -9.286e-03 -1.489e-03 0.000e+00
163 7.498e-03 1.853e-04 -4.772e-03 0.000e+00
164 -5.242e-03 5.148e-03 1.150e-02 0.000e+00
165 -1.177e-03 -6.356e-03 -1.248e-02 0.000e+00
166 -9.078e-04 2.936e-03 2.525e-03 0.000e+00
167 -3.176e-03 7.586e-03 8.854e-03 0.000e+00
168 9.237e-03 4.675e-04 3.034e-03 0.000e+00
169 -6.872e-03 8.058e-03 -2.263e-03 0.000e+00
170 -1.209e-04 1.196e-03 4.267e-03 0.000e+00
171 -2.262e-03 3.715e-03 -1.241e-02 0.000e+00
172 2.518e-04 -1.000e-02 -9.731e-03 0.000e+00
173 1.086e-03 4.601e-03 8.775e-03 0.000e+00
174 -4.578e-03 -3.256e-04 -1.217e-03 0.000e+00
175 -3.102e-03 -9.306e-03 -5.989e-03 0.000e+00
176 -1.727e-03 4.597e-03 -1.955e-03 0.000e+00
177 -4.108e-04 -4.567e-03 1.327e-03 0.000e+00
178 -3.013e-03 -7.219e-03 -6.406e-03 0.000e+00
179 -8.252e-03 -2.168e-03 -8.527e-03 0.000e+00
180 4.148e-03 -1.021e-02 5.182e-03 0.000e+00
181 -4.256e-03 1.883e-03 -8.761e-03 0.000e+00
182 1.282e-04 -9.489e-04 1.058e-03 0.000e+00
183 -1.394e-02 2.026e-03 -4.330e-03 0.000e+00
184 -2.050e-03 -7.386e-03 -2.503e-03 0.000e+00
185 -1.588e-03 1.120e-02 -1.461e-02 -2.355e+01
186 2.743e-03 -9.672e-03 5.036e-03 0.000e+00
187 -4.001e-03 -1.787e-03 -7.904e-04 0.000e+00
188 6.223e-04 7.018e-03 1.304e-03 0.000e+00
189 -2.326e-04 -1.343e-03 9.595e-03 0.000e+00
190 -2.169e-03 -8.386e-03 1.434e-03 0.000e+00
191 -1.940e-04 1.536e-03 -2.321e-03 0.000e+00
192 4.789e-04 -6.082e-03 3.554e-03 0.000e+00
193 6.110e-03 7.095e-03 -7.653e-03 0.000e+00
194 -4.126e-03 6.565e-03 -5.408e-03 0.000e+00
195 3.505e-03 -4.604e-03 7.194e-03 0.000e+00
196 1.095e-02 -8.162e-03 1.426e-02 0.000e+00
197 -4.743e-03 8.174e-03 -5.728e-03 0.000e+00
198 -8.349e-03 1.085e-02 -7.623e-03 -6.918e+01
199 6.025e-03 3.011e-03 -7.586e-05 0.000e+00
200 5.758e-03 1.176e-02 5.307e-03 -3.055e+01
201 -5.147e-03 3.871e-04 -7.488e-04 0.000e+00
202 -1.768e-03 1.388e-03 4.547e-03 0.000e+00
203 1.103e-02 -7.520e-03 2.255e-04 0.000e+00
204 -1.003e-05 -7.250e-03 9.791e-04 0.000e+00
205 7.004e-03 -1.560e-03 -1.157e-03 0.000e+00
206 1.295e-03 3.595e-03 -1.546e-03 0.000e+00
207 4.055e-03 9.076e-03 -7.253e-03 0.000e+00
208 6.552e-03 6.222e-03 -4.503e-03 0.000e+00
209 -4.011e-04 -9.062e-03 2.918e-03 0.000e+00
210 1.461e-03 3.815e-03 -7.793e-03 0.000e+00
211 5.135e-03 2.115e-04 1.361e-02 0.000e+00
212 5.221e-03 1.064e-02 5.412e-03 -7.675e+01
213 -2.065e-03 -3.723e-04 1.019e-02 0.000e+00
214 1.440e-04 8.654e-03 3.633e-03 0.000e+00
215 1.317e-02 2.040e-03 -5.521e-03 0.000e+00
216 2.541e-03 7.113e-03 2.441e-03 0.000e+00
217 3.292e-03 -9.902e-03 8.385e-03 0.000e+00
218 1.041e-02 -9.067e-03 -1.300e-04 0.000e+00
219 -5.386e-03 6.177e-03 7.618e-03 0.000e+00
220 -5.658e-03 7.602e-03 -5.060e-03 0.000e+00
221 4.893e-03 1.358e-03 5.493e-03 0.000e+00
222 4.754e-03 3.732e-03 7.636e-03 0.000e+00
223 -1.635e-03 -1.018e-02 9.822e-04 0.000e+00
224 -2.642e-03 5.075e-03 3.939e-04 0.000e+00
225 3.870e-03 1.240e-02 -1.500e-02 -5.743e+00
226 -2.565e-03 5.449e-03 9.442e-03 0.000e+00
227 -6.844e-03 -1.024e-02 9.799e-03 0.000e+00
228 -5.330e-03 -3.156e-03 -4.309e-03 0.000e+00
229 9.730e-03 5.131e-03 -1.038e-02 0.000e+00
230 2.211e-03 -9.956e-03 6.567e-03 0.000e+00
231 -1.673e-03 -5.714e-04 -6.179e-03 0.000e+00
232 -8.018e-04 -7.065e-03 3.023e-03 0.000e+00
233 -1.272e-03 1.275e-03 -5.632e-03 0.000e+00
234 3.603e-03 -2.210e-04 8.970e-03 0.000e+00
235 6.183e-04 9.025e-03 7.373e-03 0.000e+00
236 9.961e-03 -7.961e-03 -4.590e-03 0.000e+00
237 3.982e-03 1.991e-03 2.802e-03 0.000e+00
238 -6.047e-04 1.183e-03 -1.039e-02 0.000e+00
239 -2.627e-03 5.100e-03 -8.218e-03 0.000e+00
240 -1.753e-05 -1.015e-02 1.005e-02 0.000e+00
241 -7.293e-03 4.042e-03 -1.288e-02 0.000e+00
242 4.869e-04 -9.502e-03 4.996e-04 0.000e+00
243 6.088e-03 -9.540e-03 -9.409e-03 0.000e+00
244 4.551e-03 -1.017e-02 1.712e-03 0.000e+00
245 -8.861e-04 -7.928e-03 2.333e-03 0.000e+00
246 3.418e-03 -9.242e-03 -2.637e-03 0.000e+00
247 -9.381e-03 7.251e-03 9.143e-03 0.000e+00
248 -2.434e-03 -1.627e-03 -1.232e-03 0.000e+00
249 1.207e-02 3.890e-03 -4.147e-04 0.000e+00
250 9.461e-03 7.269e-03 3.812e-03 0.000e+00
251 1.385e-02 -9.356e-03 5.284e-03 0.000e+00
252 6.490e-03 -5.127e-03 4.186e-03 0.000e+00
253 1.038e-02 2.661e-04 1.268e-03 0.000e+00
254 2.720e-03 -9.957e-03 -1.110e-02 0.000e+00
255 5.844e-03 -9.033e-03 1.205e-02 0.000e+00
256 3.363e-03 -6.446e-04 -5.462e-03 0.000e+00
257 1.772e-03 -9.970e-03 -6.642e-03 0.000e+00
258 8.390e-03 -8.505e-03 7.120e-03 0.000e+00
259 1.129e-02 2.478e-03 -9.769e-04 0.000e+00
260 -2.314e-03 1.473e-04 7.199e-03 0.000e+00
261 6.602e-03 -6.688e-03 1.048e-02 0.000e+00
262 8.025e-03 -1.005e-02 3.706e-03 0.000e+00
263 1.019e-02 -6.404e-04 3.179e-03 0.000e+00
264 5.680e-03 -8.706e-03 9.631e-03 0.000e+00
265 4.888e-03 5.652e-03 9.811e-03 0.000e+00
266 -3.316e-03 1.220e-03 -8.574e-04 0.000e+00
267 2.043e-03 4.507e-03 -3.590e-03 0.000e+00
268 3.327e-03 -7.376e-03 7.826e-03 0.000e+00
269 5.576e-03 -2.819e-03 2.561e-05 0.000e+00
270 -1.198e-03 -8.471e-03 3.029e-03 0.000e+00
271 -1.035e-03 2.362e-03 3.091e-03 0.000e+00
272 4.763e-03 -1.011e-02 -1.260e-02 0.000e+00
273 -7.428e-03 1.003e-03 -1.112e-03 0.000e+00
274 -1.014e-02 -7.908e-03 -4.311e-04 0.000e+00
275 7.682e-03 3.070e-03 9.497e-03 0.000e+00
276 1.109e-02 7.085e-03 5.394e-03 0.000e+00
277 1.324e-03 -9.845e-03 5.558e-04 0.000e+00
278 6.611e-03 8.268e-03 -5.185e-03 0.000e+00
279 7.316e-03 -8.157e-03 3.398e-03 0.000e+00
280 4.136e-03 5.343e-03 -2.189e-03 0.000e+00
281 7.454e-03 -9.739e-03 -1.660e-03 0.000e+00
282 8.290e-03 -1.029e-02 6.784e-03 0.000e+00
283 2.245e-03 3.401e-03 -1.154e-02 0.000e+00
284 7.869e-03 -5.954e-03 -6.095e-03 0.000e+00
285 1.114e-02 4.437e-03 4.636e-03 0.000e+00
286 -2.214e-04 -8.383e-03 -4.996e-03 0.000e+00
287 5.335e-03 -7.033e-03 2.548e-03 0.000e+00
288 8.878e-03 4.398e-03 2.142e-03 0.000e+00
289 8.139e-03 4.281e-03 -3.219e-03 0.000e+00
290 8.064e-03 4.883e-03 1.298e-03 0.000e+00
291 3.615e-03 -8.085e-03 -9.967e-03 0.000e+00
292 1.230e-03 2.413e-03 3.065e-04 0.000e+00
293 8.994e-03 -2.048e-03 -4.591e-03 0.000e+00
294 1.544e-02 7.858e-03 7.921e-03 0.000e+00
295 -2.506e-03 -9.637e-03 1.771e-03 0.000e+00
296 5.054e-03 2.522e-03 5.585e-04 0.000e+00
297 -1.152e-03 3.533e-03 -2.606e-03 0.000e+00
298 2.362e-03 -8.906e-03 -4.872e-03 0.000e+00
299 6.990e-03 2.376e-03 -5.345e-03 0.000e+00
300 5.608e-03 -7.106e-03 2.237e-03 0.000e+00
301 7.860e-03 -9.161e-03 4.775e-03 0.000e+00
302 -1.693e-03 8.035e-03 -3.379e-03 0.000e+00
303 7.052e-04 -1.007e-02 -1.346e-02 0.000e+00
304 1.179e-02 1.344e-02 4.509e-04 -5.194e+01
305 8.594e-03 -1.009e-02 3.306e-03 0.000e+00
306 1.745e-03 2.711e-03 -4.829e-03 0.000e+00
307 3.058e-03 -8.880e-03 4.448e-03 0.000e+00
308 9.769e-03 1.271e-03 -6.883e-03 0.000e+00
309 1.775e-03 -9.065e-03 -6.126e-03 0.000e+00
310 1.045e-02 1.820e-03 -7.005e-04 0.000e+00
311 1.218e-02 1.755e-03 1.285e-02 0.000e+00
312 5.754e-03 7.255e-03 -2.082e-03 0.000e+00
313 1.046e-02 5.346e-03 -3.843e-03 0.000e+00
314 4.704e-03 -1.025e-02 -1.223e-02 0.000e+00
315 8.055e-03 8.454e-03 -3.305e-03 0.000e+00
316 6.869e-03 5.139e-03 -5.491e-03 0.000e+00
317 -1.458e-02 9.233e-03 -5.524e-03 0.000e+00
318 -1.325e-03 7.700e-03 6.963e-03 0.000e+00
319 -3.333e-03 2.877e-03 -1.706e-03 0.000e+00
320 6.461e-03 -3.292e-03 5.140e-03 0.000e+00
321 1.817e-03 -9.991e-03 2.583e-03 0.000e+00
322 -3.369e-03 8.505e-03 -9.361e-03 0.000e+00
323 1.084e-02 3.240e-03 4.026e-03 0.000e+00
324 6.028e-03 3.751e-04 -1.106e-03 0.000e+00
325 1.264e-02 5.201e-03 3.702e-03 0.000e+00
326 2.165e-03 -6.948e-03 1.661e-03 0.000e+00
327 7.745e-03 -1.014e-02 2.910e-03 0.000e+00
328 2.328e-03 6.373e-03 -6.432e-04 0.000e+00
329 -3.539e-03 2.470e-03 -1.053e-02 0.000e+00
330 1.226e-02 -8.779e-03 1.145e-02 0.000e+00
331 4.122e-03 -8.712e-03 -5.004e-03 0.000e+00
332 6.287e-03 2.164e-03 -4.997e-03 0.000e+00
333 9.293e-03 -7.867e-03 4.011e-03 0.000e+00
334 7.957e-04 -3.225e-03 5.395e-03 0.000e+00
335 -3.387e-03 -7.648e-03 1.991e-03 0.000e+00
336 6.208e-03 -1.283e-03 8.838e-03 0.000e+00
337 1.443e-02 -9.530e-03 4.766e-03 0.000e+00
338 1.744e-03 4.724e-03 -1.001e-03 0.000e+00
339 6.514e-03 -9.685e-03 9.447e-04 0.000e+00
340 6.910e-03 -1.028e-02 2.363e-03 0.000e+00
341 1.410e-03 3.947e-03 3.828e-03 0.000e+00
342 4.719e-03 -7.864e-03 -1.040e-02 0.000e+00
343 3.403e-04 7.810e-03 1.251e-02 0.000e+00
344 5.154e-03 2.276e-03 -1.544e-03 0.000e+00
345 3.030e-03 3.140e-03 1.239e-02 0.000e+00
346 -7.995e-05 -9.524e-03 -1.551e-03 0.000e+00
347 1.715e-03 4.874e-03 -9.403e-04 0.000e+00
348 1.571e-03 -9.046e-03 -5.406e-03 0.000e+00
349 -4.969e-04 7.770e-03 4.836e-03 0.000e+00
350 1.303e-02 9.738e-03 4.903e-03 0.000e+00
351 3.484e-03 -1.011e-02 -6.650e-03 0.000e+00
352 5.275e-03 6.575e-03 -6.948e-03 0.000e+00
353 8.335e-03 -6.024e-03 8.999e-03 0.000e+00
354 3.635e-03 -7.478e-03 -3.708e-03 0.000e+00
355 2.618e-03 1.980e-03 -3.427e-03 0.000e+00
356 1.361e-02 5.075e-03 9.121e-03 0.000e+00
357 7.580e-04 2.225e-03 -1.022e-02 0.000e+00
358 2.290e-03 -7.166e-03 -6.944e-03 0.000e+00
359 1.035e-02 -8.069e-03 -6.269e-03 0.000e+00
360 7.710e-03 -1.216e-03 -5.318e-03 0.000e+00
361 4.946e-03 6.263e-03 1.242e-02 0.000e+00
362 4.627e-03 8.633e-04 -4.820e-03 0.000e+00
363 6.437e-03 -1.010e-02 -1.497e-04 0.000e+00
364 -6.060e-03 7.994e-03 3.824e-04 0.000e+00
365 -1.946e-03 -8.225e-03 -4.358e-03 0.000e+00
366 2.016e-03 7.123e-03 -4.793e-03 0.000e+00
367 -1.498e-02 -9.067e-03 -6.399e-03 0.000e+00
368 7.460e-03 8.535e-04 -4.173e-03 0.000e+00
369 8.251e-03 1.940e-03 5.470e-03 0.000e+00
370 -1.143e-02 -7.652e-03 1.567e-03 0.000e+00
371 1.099e-02 -7.057e-03 2.449e-03 0.000e+00
372 8.270e-03 7.470e-04 6.277e-03 0.000e+00
373 5.884e-03 5.916e-03 -5.663e-03 0.000e+00
374 7.054e-04 -7.917e-04 -1.213e-02 0.000e+00
375 -1.548e-03 -7.399e-03 2.963e-03 0.000e+00
376 1.070e-02 5.481e-03 -4.441e-03 0.000e+00
377 1.078e-02 5.273e-03 -8.255e-03 0.000e+00
378 1.509e-04 -9.647e-03 -3.989e-03 0.000e+00
379 1.263e-02 -1.911e-03 2.069e-03 0.000e+00
380 3.684e-03 -1.026e-02 1.071e-02 0.000e+00
381 3.564e-03 -8.745e-05 -5.488e-03 0.000e+00
382 7.937e-03 6.665e-03 -5.390e-03 0.000e+00
383 2.346e-03 -7.519e-03 4.097e-03 0.000e+00
384 9.256e-04 2.187e-03 2.388e-03 0.000e+00
385 4.666e-03 -1.783e-03 5.153e-03 0.000e+00
386 5.243e-03 -8.424e-03 -3.700e-03 0.000e+00
387 1.531e-03 -1.023e-02 5.240e-03 0.000e+00
388 5.358e-03 -1.014e-02 1.421e-02 0.000e+00
389 6.328e-03 -4.980e-03 6.541e-03 0.000e+00
390 1.177e-03 3.702e-03 -5.560e-03 0.000e+00
391 4.858e-03 4.669e-03 8.841e-03 0.000e+00
392 3.298e-03 -9.739e-03 9.485e-03 0.000e+00
393 2.545e-03 1.517e-03 -1.962e-03 0.000e+00
394 2.891e-03 6.127e-03 -1.785e-03 0.000e+00
395 2.005e-03 -6.838e-03 -6.049e-03 0.000e+00
396 -1.874e-03 4.622e-03 -1.248e-03 0.000e+00
397 2.860e-03 -9.508e-03 -4.449e-03 0.000e+00
398 7.718e-04 3.413e-03 2.156e-03 0.000e+00
399 8.349e-03 -5.348e-03 6.724e-04 0.000e+00
400 7.628e-03 6.164e-03 -5.822e-04 0.000e+00
401 2.259e-04 -7.049e-03 2.502e-03 0.000e+00
402 -1.127e-03 -7.290e-03 3.251e-03 0.000e+00
403 -6.341e-03 1.348e-02 1.409e-03 -2.138e+01
404 -4.962e-04 -8.160e-03 1.448e-03 0.000e+00
405 -3.107e-03 -9.922e-03 -8.318e-03 0.000e+00
406 8.083e-03 1.080e-02 -4.326e-03 -6.132e+01
407 3.843e-03 2.571e-03 -7.336e-03 0.000e+00
408 -2.805e-03 -1.030e-02 1.852e-03 0.000e+00
409 5.876e-04 -1.021e-02 -1.432e-03 0.000e+00
410 2.809e-03 -8.486e-03 -9.758e-03 0.000e+00
411 -1.962e-04 -5.440e-03 -1.088e-02 0.000e+00
412 3.611e-03 1.324e-03 -8.231e-03 0.000e+00
413 -5.463e-03 -7.249e-03 1.622e-04 0.000e+00
414 1.296e-02 4.370e-03 2.626e-05 0.000e+00
415 3.620e-03 6.508e-03 4.914e-03 0.000e+00
416 -3.178e-03 -8.395e-03 -3.027e-03 0.000e+00
417 9.754e-03 1.075e-02 -2.506e-03 -2.430e+01
418 2.738e-03 1.509e-03 1.258e-03 0.000e+00
419 -1.326e-02 -8.853e-03 -3.918e-03 0.000e+00
420 1.134e-02 -2.184e-03 -9.568e-03 0.000e+00
421 3.925e-03 -1.023e-02 9.958e-03 0.000e+00
422 -2.551e-03 2.644e-03 5.191e-03 0.000e+00
423 2.114e-03 -7.815e-03 -3.047e-04 0.000e+00
424 4.175e-03 -6.896e-03 -1.393e-03 0.000e+00
425 5.283e-03 -7.729e-03 -2.198e-03 0.000e+00
426 5.485e-04 2.266e-03 1.321e-02 0.000e+00
427 -3.540e-03 1.326e-02 6.824e-04 -4.605e+01
428 -2.941e-03 2.002e-03 -9.047e-03 0.000e+00
429 7.477e-03 4.554e-03 -4.990e-03 0.000e+00
430 5.985e-03 2.252e-03 5.679e-05 0.000e+00
431 -6.420e-03 3.460e-03 7.506e-03 0.000e+00
432 -3.692e-03 -9.420e-03 2.911e-04 0.000e+00
433 4.359e-03 7.499e-04 -4.987e-03 0.000e+00
434 4.693e-03 3.326e-03 3.751e-03 0.000e+00
435 4.389e-03 -8.130e-03 5.302e-04 0.000e+00
436 3.440e-03 -1.650e-04 -3.466e-03 0.000e+00
437 5.928e-03 -8.025e-03 -1.054e-02 0.000e+00
438 -3.291e-03 -5.512e-03 -2.261e-03 0.000e+00
439 1.048e-03 5.098e-04 1.010e-02 0.000e+00
440 -6.885e-03 -9.708e-03 -4.193e-03 0.000e+00
441 4.750e-03 -4.763e-03 -1.082e-03 0.000e+00
442 2.946e-03 5.957e-03 1.491e-03 0.000e+00
443 -8.146e-03 4.904e-04 5.271e-03 0.000e+00
444 -9.029e-05 4.606e-03 3.523e-03 0.000e+00
445 1.218e-02 -8.739e-03 1.811e-03 0.000e+00
446 -6.154e-03 -6.961e-03 5.025e-03 0.000e+00
447 -7.502e-03 -7.299e-03 -1.971e-03 0.000e+00
448 -1.910e-04 -7.701e-03 2.050e-03 0.000e+00
449 3.807e-04 4.188e-03 -9.109e-04 0.000e+00
450 2.548e-03 2.252e-03 -3.207e-03 0.000e+00
451 -1.132e-02 -1.718e-03 9.894e-03 0.000e+00
452 -7.823e-03 1.141e-02 -5.984e-04 -3.899e+01
453 8.432e-03 4.008e-04 2.853e-03 0.000e+00
454 -3.973e-03 -1.005e-02 6.010e-03 0.000e+00
455 -7.990e-03 -9.923e-03 -3.105e-03 0.000e+00
456 9.756e-03 -8.267e-03 2.254e-03 0.000e+00
457 -6.339e-03 -8.812e-03 -3.877e-03 0.000e+00
458 4.756e-03 8.262e-03 -1.166e-02 0.000e+00
459 -2.111e-03 2.132e-03 -3.331e-03 0.000e+00
460 1.265e-02 5.788e-03 -1.899e-03 0.000e+00
461 1.543e-03 9.314e-03 1.270e-03 0.000e+00
462 -4.318e-03 2.550e-03 6.462e-03 0.000e+00
463 2.958e-03 4.267e-03 -1.507e-03 0.000e+00
464 5.576e-03 -5.453e-03 -1.957e-03 0.000e+00
465 -1.767e-03 -8.717e-03 -7.821e-03 0.000e+00
466 -1.021e-03 8.796e-03 -5.690e-03 0.000e+00
467 9.028e-03 2.389e-03 -1.040e-03 0.000e+00
468 5.455e-04 2.942e-03 2.319e-03 0.000e+00
469 8.631e-03 -9.577e-03 -1.098e-02 0.000e+00
470 9.766e-03 -8.726e-03 2.870e-03 0.000e+00
471 -6.891e-04 1.924e-02 -6.114e-03 -3.041e+01
472 -3.392e-03 -9.633e-03 2.034e-03 0.000e+00
473 1.240e-03 1.266e-02 6.202e-03 -1.297e+01
474 -2.258e-04 -9.408e-03 1.198e-03 0.000e+00
475 8.759e-03 -6.182e-03 -3.503e-03 0.000e+00
476 -7.778e-04 5.554e-03 4.176e-03 0.000e+00
477 -2.350e-03 7.208e-03 -1.212e-02 0.000e+00
478 6.631e-03 9.870e-03 -1.421e-02 0.000e+00
479 2.509e-03 8.821e-04 8.424e-03 0.000e+00
480 -5.117e-03 2.540e-03 -9.510e-04 0.000e+00
481 -4.947e-03 -4.591e-03 1.834e-03 0.000e+00
482 -6.667e-03 9.014e-03 6.029e-03 0.000e+00
483 2.376e-03 -9.696e-03 3.749e-03 0.000e+00
484 3.228e-03 -7.624e-03 -1.381e-03 0.000e+00
485 5.359e-03 5.310e-03 8.275e-03 0.000e+00
486 -1.910e-02 9.063e-03 3.663e-03 0.000e+00
487 -4.230e-03 -3.472e-03 1.178e-02 0.000e+00
488 4.811e-03 -1.018e-02 -6.843e-03 0.000e+00
489 1.421e-02 -7.976e-03 1.484e-02 0.000e+00
490 2.445e-03 -4.596e-06 -1.829e-03 0.000e+00
491 3.041e-03 3.198e-03 2.514e-03 0.000e+00
492 3.911e-04 5.936e-03 2.904e-03 0.000e+00
493 -5.084e-04 4.669e-03 5.476e-03 0.000e+00
494 -9.608e-04 -9.998e-03 -1.974e-03 0.000e+00
495 -7.681e-03 -7.887e-03 8.665e-04 0.000e+00
496 -2.894e-03 9.294e-03 5.407e-03 0.000e+00
497 3.266e-03 -6.149e-03 -4.964e-04 0.000e+00
498 5.341e-03 7.029e-03 -5.646e-05 0.000e+00
499 4.573e-04 -7.785e-03 7.055e-03 0.000e+00
500 -1.052e-03 3.963e-03 1.066e-03 0.000e+00
501 -3.696e-03 1.049e-02 1.995e-03 -9.205e+01
502 -6.986e-03 -9.526e-03 1.725e-03 0.000e+00
503 1.673e-02 2.808e-03 -3.954e-03 0.000e+00
504 4.020e-04 3.457e-03 2.027e-03 0.000e+00
505 -6.353e-03 7.326e-03 -5.861e-03 0.000e+00
506 -4.546e-03 -7.738e-03 -1.557e-03 0.000e+00
507 6.348e-03 1.210e-02 7.743e-03 -9.910e+00
508 -3.667e-03 -6.767e-03 -1.216e-04 0.000e+00
509 7.612e-03 3.124e-03 -6.967e-03 0.000e+00
510 1.985e-03 -1.055e-03 3.883e-03 0.000e+00
511 6.042e-04 3.959e-03 -2.225e-03 0.000e+00
512 8.679e-03 3.713e-03 -1.935e-03 0.000e+00
513 -8.623e-03 -9.681e-03 3.185e-04 0.000e+00
514 -9.931e-03 1.688e-03 3.948e-03 0.000e+00
515 -8.428e-03 4.549e-03 2.692e-03 0.000e+00
516 -6.575e-04 -4.640e-03 6.191e-03 0.000e+00
517 -5.255e-04 -9.954e-03 -8.137e-03 0.000e+00
518 4.871e-04 -1.712e-03 -3.778e-03 0.000e+00
519 -7.094e-04 4.104e-03 -4.886e-03 0.000e+00
520 4.960e-03 -7.951e-03 -8.474e-03 0.000e+00
521 -4.730e-05 1.159e-02 -3.499e-03 -5.753e+01
522 -1.421e-02 -7.133e-03 1.983e-03 0.000e+00
523 -1.399e-03 -9.344e-03 -3.436e-03 0.000e+00
524 3.912e-03 4.878e-03 -3.872e-03 0.000e+00
525 1.623e-02 2.500e-03 8.067e-03 0.000e+00
526 -2.517e-03 -9.557e-03 -1.519e-02 0.000e+00
527 -2.538e-03 9.385e-03 -3.290e-03 0.000e+00
528 -2.853e-03 2.992e-03 7.768e-03 0.000e+00
529 8.332e-03 -3.958e-04 2.914e-03 0.000e+00
530 1.142e-02 -9.612e-03 -3.680e-04 0.000e+00
531 -5.738e-03 -8.965e-03 -4.905e-03 0.000e+00
532 -2.619e-03 7.681e-03 7.450e-03 0.000e+00
533 9.039e-04 -7.734e-03 -3.417e-03 0.000e+00
534 -4.444e-03 1.141e-02 1.808e-03 -7.389e+01
535 -1.549e-02 -1.283e-03 3.764e-03 0.000e+00
536 4.821e-03 -9.838e-03 -1.186e-02 0.000e+00
537 5.050e-03 3.353e-03 -1.107e-02 0.000e+00
538 3.399e-03 1.678e-03 1.181e-03 0.000e+00
539 3.086e-04 2.625e-03 2.526e-03 0.000e+00
540 1.198e-03 1.189e-03 -3.413e-03 0.000e+00
541 2.253e-03 -9.590e-03 3.043e-03 0.000e+00
542 3.481e-03 -6.290e-03 1.365e-03 0.000e+00
543 -4.451e-03 3.901e-03 -5.918e-04 0.000e+00
544 -2.982e-03 6.677e-03 -1.595e-03 0.000e+00
545 -1.316e-02 3.602e-03 -1.069e-02 0.000e+00
546 -1.416e-02 -1.011e-02 8.756e-04 0.000e+00
547 -1.268e-02 -9.810e-03 1.850e-03 0.000e+00
548 5.799e-03 4.666e-03 -1.877e-03 0.000e+00
549 4.323e-03 -9.338e-03 4.772e-04 0.000e+00
550 -7.983e-04 5.056e-03 -6.529e-03 0.000e+00
551 7.624e-03 -9.474e-03 -1.016e-02 0.000e+00
552 1.053e-02 -1.021e-02 8.431e-04 0.000e+00
553 2.485e-03 4.211e-03 -2.329e-03 0.000e+00
554 -1.714e-02 -9.488e-03 -1.159e-02 0.000e+00
555 -5.830e-03 7.328e-03 2.878e-03 0.000e+00
556 -4.656e-03 5.043e-03 3.776e-03 0.000e+00
557 1.694e-03 -7.823e-03 1.091e-02 0.000e+00
558 -8.534e-03 7.407e-03 -7.112e-03 0.000e+00
559 4.656e-03 5.475e-03 -2.860e-03 0.000e+00
560 2.550e-03 -9.990e-03 -2.598e-04 0.000e+00
561 3.178e-04 8.425e-03 -7.310e-03 0.000e+00
562 -7.069e-04 -8.983e-03 -1.165e-02 0.000e+00
563 -1.072e-02 -1.618e-03 -9.083e-03 0.000e+00
564 -2.819e-03 7.548e-03 -3.419e-03 0.000e+00
565 -1.166e-02 -1.793e-03 4.282e-03 0.000e+00
566 5.835e-03 3.837e-04 5.297e-03 0.000e+00
567 -1.057e-02 5.309e-03 -2.416e-03 0.000e+00
568 6.935e-03 5.977e-03 1.638e-03 0.000e+00
569 -3.988e-03 -9.080e-03 2.901e-03 0.000e+00
570 -1.331e-02 -1.449e-03 -9.309e-03 0.000e+00
571 5.223e-03 1.015e-02 -1.113e-03 0.000e+00
572 -1.019e-02 -1.028e-02 -4.854e-03 0.000e+00
573 4.143e-03 -7.754e-03 3.021e-04 0.000e+00
574 -1.873e-03 -1.027e-02 -8.326e-04 0.000e+00
575 1.077e-02 4.548e-03 3.005e-03 0.000e+00
576 -1.737e-03 -8.012e-04 4.633e-03 0.000e+00
577 -4.851e-03 1.030e-02 -1.531e-02 0.000e+00
578 -5.453e-03 -8.833e-03 -4.677e-03 0.000e+00
579 -1.431e-03 -6.862e-03 5.455e-03 0.000e+00
580 -8.901e-03 -8.216e-03 2.379e-03 0.000e+00
581 -1.260e-02 -9.931e-05 3.442e-03 0.000e+00
582 -2.674e-03 -8.654e-03 -9.652e-04 0.000e+00
583 -1.138e-02 3.041e-03 -9.175e-04 0.000e+00
584 -1.191e-03 -9.142e-03 -2.361e-03 0.000e+00
585 -8.105e-03 -4.089e-04 1.688e-02 0.000e+00
586 -1.918e-03 -1.014e-02 -7.777e-03 0.000e+00
587 -4.206e-03 1.456e-03 4.443e-04 0.000e+00
588 -4.060e-03 -1.003e-02 8.321e-04 0.000e+00
589 -1.256e-02 3.835e-03 4.955e-03 0.000e+00
590 -6.318e-03 -6.707e-03 3.211e-04 0.000e+00
591 7.098e-03 -8.233e-03 -2.372e-03 0.000e+00
592 -7.951e-03 -3.526e-05 -1.935e-03 0.000e+00
593 4.712e-03 -6.250e-03 1.920e-03 0.000e+00
594 -3.012e-03 -8.850e-03 4.173e-03 0.000e+00
595 2.362e-04 2.205e-03 9.932e-03 0.000e+00
596 -8.179e-03 1.060e-04 3.460e-04 0.000e+00
597 -1.018e-02 -5.430e-03 -4.590e-03 0.000e+00
598 -9.894e-03 4.723e-03 -4.462e-03 0.000e+00
599 -4.645e-03 -2.687e-03 5.656e-03 0.000e+00
600 -6.354e-03 6.829e-03 7.676e-03 0.000e+00
601 -8.658e-03 -6.964e-03 3.962e-03 0.000e+00
602 2.409e-03 -8.533e-03 -1.593e-03 0.000e+00
603 7.492e-03 5.543e-03 4.156e-03 0.000e+00
604 -7.579e-03 -2.401e-03 7.575e-03 0.000e+00
605 -6.956e-03 1.677e-03 -4.826e-03 0.000e+00
606 -2.693e-03 2.516e-03 1.356e-03 0.000e+00
607 -1.448e-02 -9.425e-03 -7.017e-03 0.000e+00
608 -5.333e-03 -8.698e-03 -1.370e-05 0.000e+00
609 2.845e-03 -9.859e-03 -2.181e-03 0.000e+00
610 -6.986e-03 2.528e-03 2.564e-03 0.000e+00
611 3.253e-03 2.124e-03 5.668e-03 0.000e+00
612 -5.565e-03 9.609e-03 1.085e-02 0.000e+00
613 1.889e-03 -7.500e-03 1.145e-02 0.000e+00
614 -3.926e-03 -6.058e-03 -7.697e-03 0.000e+00
615 2.370e-03 1.618e-03 3.336e-03 0.000e+00
616 -3.222e-04 -5.614e-03 1.327e-03 0.000e+00
617 1.859e-03 -6.585e-03 -7.966e-03 0.000e+00
618 -5.469e-03 -7.323e-03 6.531e-03 0.000e+00
619 -8.924e-03 2.404e-03 -4.019e-03 0.000e+00
620 -6.623e-03 -1.000e-02 -4.408e-03 0.000e+00
621 -5.168e-03 -9.800e-03 -4.489e-03 0.000e+00
622 6.623e-04 1.135e-03 -1.555e-03 0.000e+00
623 -4.237e-03 5.607e-03 -8.779e-03 0.000e+00
624 -1.625e-03 1.314e-02 8.065e-05 5.737e+00
625 4.767e-04 8.549e-03 3.058e-03 0.000e+00
626 -1.197e-02 1.215e-02 -4.868e-03 1.559e+01
627 2.732e-03 -8.131e-03 2.100e-03 0.000e+00
628 5.400e-04 -6.273e-03 -5.604e-03 0.000e+00
629 -3.870e-03 3.187e-03 2.759e-03 0.000e+00
630 -1.522e-02 -9.823e-03 -1.682e-03 0.000e+00
631 -5.302e-03 8.390e-03 1.179e-02 0.000e+00
632 -6.714e-03 1.819e-03 7.989e-03 0.000e+00
633 -1.176e-02 5.322e-04 6.063e-04 0.000e+00
634 2.464e-03 -9.153e-03 4.448e-03 0.000e+00
635 6.068e-03 -9.851e-03 -2.122e-03 0.000e+00
636 -4.580e-03 6.101e-04 -8.276e-04 0.000e+00
637 -1.520e-03 -7.090e-03 -5.249e-03 0.000e+00
638 -8.198e-03 4.433e-03 8.349e-03 0.000e+00
639 8.976e-05 1.360e-03 5.881e-03 0.000e+00
640 -4.508e-05 -7.230e-03 9.491e-04 0.000e+00
641 5.774e-04 -9.487e-03 5.290e-03 0.000e+00
642 -2.702e-03 1.011e-03 -7.079e-03 0.000e+00
643 5.140e-03 -8.738e-03 -7.281e-03 0.000e+00
644 -3.845e-03 -8.456e-03 3.857e-04 0.000e+00
645 -7.582e-03 -7.150e-03 -2.377e-03 0.000e+00
646 5.948e-04 -8.506e-03 3.241e-03 0.000e+00
647 -4.969e-03 2.791e-03 -9.960e-04 0.000e+00
648 -7.816e-03 2.896e-03 -6.635e-03 0.000e+00
649 -4.495e-03 -1.008e-02 5.416e-03 0.000e+00
650 -8.055e-03 5.880e-03 -6.155e-04 0.000e+00
651 1.302e-03 -3.037e-04 -8.494e-04 0.000e+00
652 -7.467e-03 -7.700e-03 -3.032e-03 0.000e+00
653 -3.765e-03 1.684e-03 4.999e-03 0.000e+00
654 -2.002e-03 -2.761e-03 -4.550e-03 0.000e+00
655 -2.126e-03 -9.762e-03 -5.442e-03 0.000e+00
656 5.824e-04 -3.800e-04 1.736e-03 0.000e+00
657 -3.168e-03 1.091e-02 -5.459e-03 -4.649e+01
658 -3.754e-03 -8.025e-03 -4.279e-03 0.000e+00
659 7.708e-04 -6.996e-03 4.374e-04 0.000e+00
660 -3.325e-03 2.156e-03 -1.144e-02 0.000e+00
661 -1.105e-03 3.533e-03 1.450e-03 0.000e+00
662 3.634e-03 -7.513e-03 1.004e-02 0.000e+00
663 1.698e-02 -8.297e-03 -1.033e-02 0.000e+00
664 -4.817e-03 9.491e-04 -3.789e-03 0.000e+00
665 -1.255e-02 -8.301e-03 -1.039e-02 0.000e+00
666 -3.521e-03 1.098e-03 -1.100e-03 0.000e+00
667 -5.491e-04 3.861e-03 -5.217e-03 0.000e+00
668 -7.669e-04 1.079e-02 -1.615e-04 -7.281e+01
669 -5.458e-03 -9.334e-03 -1.214e-02 0.000e+00
670 3.387e-03 3.636e-03 -3.069e-03 0.000e+00
671 -1.160e-03 5.089e-03 -5.435e-03 0.000e+00
672 -1.496e-03 8.142e-04 5.129e-04 0.000e+00
673 -3.331e-03 -7.005e-03 -1.050e-02 0.000e+00
674 -8.338e-03 2.176e-03 6.315e-03 0.000e+00
675 2.591e-03 8.516e-03 2.722e-03 0.000e+00
676 6.820e-03 1.217e-02 8.175e-03 2.411e+01
677 -1.381e-03 2.245e-03 -6.489e-03 0.000e+00
678 -5.719e-03 1.166e-02 1.313e-03 6.511e+01
679 -1.469e-02 1.110e-03 -4.520e-03 0.000e+00
680 -9.212e-03 -7.772e-04 -7.906e-03 0.000e+00
681 -7.857e-03 2.056e-03 -1.734e-03 0.000e+00
682 -7.472e-03 1.677e-02 4.912e-04 2.679e+01
683 -1.981e-03 -7.152e-03 4.714e-03 0.000e+00
684 1.760e-04 -1.015e-04 -5.915e-03 0.000e+00
685 5.660e-03 -2.519e-04 -1.065e-02 0.000e+00
686 -6.657e-03 3.171e-03 -7.285e-03 0.000e+00
687 -6.612e-03 -6.897e-03 2.553e-03 0.000e+00
688 -9.301e-03 2.667e-03 2.224e-03 0.000e+00
689 -6.044e-03 7.438e-03 3.254e-03 0.000e+00
690 -1.545e-02 1.228e-04 1.272e-03 0.000e+00
691 -1.373e-03 -8.196e-03 -9.772e-03 0.000e+00
692 -4.021e-03 -7.969e-03 -4.660e-05 0.000e+00
693 -7.444e-03 5.544e-03 2.871e-03 0.000e+00
694 -1.010e-02 -1.022e-02 1.670e-03 0.000e+00
695 -1.322e-02 -9.916e-03 -3.111e-03 0.000e+00
696 -3.633e-03 4.203e-03 -6.494e-03 0.000e+00
697 -8.642e-03 3.460e-03 -8.379e-03 0.000e+00
698 -4.305e-03 -5.336e-03 -2.820e-03 0.000e+00
699 -4.492e-03 -1.874e-04 -5.790e-04 0.000e+00
700 -1.172e-02 -5.910e-03 4.379e-03 0.000e+00
701 -7.262e-03 -5.936e-04 2.023e-03 0.000e+00
702 -4.527e-03 3.846e-03 8.517e-03 0.000e+00
703 4.827e-03 -1.222e-03 2.564e-03 0.000e+00
704 -7.592e-04 7.374e-03 -1.252e-02 0.000e+00
705 -8.900e-03 2.862e-03 5.631e-04 0.000e+00
706 3.407e-03 7.003e-03 -1.035e-02 0.000e+00
707 5.609e-03 -9.430e-03 -8.204e-03 0.000e+00
708 -8.301e-03 -9.485e-03 4.581e-03 0.000e+00
709 1.239e-03 7.199e-03 7.191e-03 0.000e+00
710 -2.053e-04 -7.394e-03 -3.341e-03 0.000e+00
711 -5.477e-03 -5.326e-03 6.127e-03 0.000e+00
712 -3.942e-03 -7.412e-03 3.764e-03 0.000e+00
713 9.062e-03 4.530e-03 1.164e-05 0.000e+00
714 9.312e-05 -7.909e-03 1.570e-03 0.000e+00
715 -4.620e-03 7.317e-03 -2.111e-03 0.000e+00
716 -1.105e-02 -2.031e-03 -5.375e-03 0.000e+00
717 -2.174e-04 -9.810e-03 1.617e-03 0.000e+00
718 -1.781e-03 -9.298e-03 -2.123e-03 0.000e+00
719 -1.018e-02 9.606e-03 -1.150e-02 0.000e+00
720 -5.336e-03 -6.472e-03 -1.164e-02 0.000e+00
721 1.394e-03 9.348e-03 1.102e-02 0.000e+00
722 -3.583e-03 -8.924e-03 -3.881e-03 0.000e+00
723 -1.464e-02 -6.019e-03 7.254e-03 0.000e+00
724 1.900e-03 1.314e-03 -7.372e-03 0.000e+00
725 -5.652e-03 -1.003e-02 1.530e-02 0.000e+00
726 -6.633e-05 1.176e-03 1.355e-02 0.000e+00
727 -6.984e-03 6.362e-04 6.995e-03 0.000e+00
728 -9.788e-03 -5.421e-03 -6.387e-03 0.000e+00
729 -3.669e-03 4.955e-03 -6.337e-03 0.000e+00
730 -9.224e-04 1.901e-03 -2.074e-03 0.000e+00
731 -8.993e-03 5.056e-04 -1.150e-02 0.000e+00
732 -1.934e-03 3.647e-03 -3.589e-03 0.000e+00
733 -1.832e-05 1.213e-03 -1.063e-04 0.000e+00
734 -4.330e-03 -7.741e-03 4.040e-03 0.000e+00
735 -1.399e-02 -9.632e-03 -4.247e-03 0.000e+00
736 -7.251e-03 -1.950e-03 5.818e-03 0.000e+00
737 -1.276e-02 -6.209e-03 3.555e-03 0.000e+00
738 -3.550e-03 6.397e-03 1.331e-03 0.000e+00
739 -2.642e-03 -7.221e-03 1.179e-02 0.000e+00
740 6.279e-03 2.468e-03 -1.383e-03 0.000e+00
741 2.791e-03 -1.028e-02 -3.831e-04 0.000e+00
742 -2.739e-03 7.451e-03 8.069e-03 0.000e+00
743 -5.865e-03 -1.956e-03 -5.056e-03 0.000e+00
744 -5.230e-05 -2.925e-03 -7.064e-04 0.000e+00
745 -5.101e-03 3.639e-03 7.915e-03 0.000e+00
746 9.374e-03 -7.273e-03 1.015e-03 0.000e+00
747 -2.881e-03 1.168e-02 -4.023e-03 -5.247e+00
748 -2.513e-03 5.490e-03 5.870e-03 0.000e+00
749 -5.552e-03 -9.910e-03 -8.859e-03 0.000e+00
750 -6.226e-03 -8.190e-03 -2.022e-03 0.000e+00
751 -1.110e-02 -3.372e-03 8.215e-03 0.000e+00
752 5.888e-03 -9.237e-03 4.148e-03 0.000e+00
753 -4.776e-03 -8.679e-03 -1.094e-02 0.000e+00
754 7.386e-03 -9.677e-05 3.263e-03 0.000e+00
755 -3.767e-03 -7.363e-03 2.987e-03 0.000e+00
756 -1.047e-02 6.230e-03 -3.801e-03 0.000e+00
757 -4.932e-03 -8.851e-03 4.271e-03 0.000e+00
758 5.328e-04 5.461e-03 6.479e-03 0.000e+00
759 -1.064e-02 6.776e-03 -6.588e-03 0.000e+00
760 -9.625e-03 -6.421e-03 1.169e-03 0.000e+00
761 -1.512e-02 4.838e-03 3.435e-03 0.000e+00
762 -4.639e-03 4.237e-03 -2.093e-04 0.000e+00
763 1.790e-03 5.042e-03 3.758e-03 0.000e+00
764 -6.528e-03 2.108e-03 -9.614e-03 0.000e+00
765 2.403e-03 -1.017e-02 6.210e-03 0.000e+00
766 -2.384e-03 7.573e-03 -8.234e-03 0.000e+00
767 2.336e-03 -6.818e-04 -5.694e-03 0.000e+00
768 -1.148e-02 4.101e-03 8.006e-03 0.000e+00
769 -1.720e-02 -6.809e-03 -5.870e-03 0.000e+00
770 -3.375e-03 8.774e-04 1.359e-03 0.000e+00
771 -4.804e-03 1.091e-02 2.050e-03 3.556e+01
772 -5.699e-03 2.948e-03 3.112e-03 0.000e+00
773 -1.600e-02 -9.319e-03 -8.954e-03 0.000e+00
774 8.311e-03 -1.831e-03 8.488e-05 0.000e+00
775 -2.177e-03 1.787e-03 -1.897e-03 0.000e+00
776 -1.292e-02 6.567e-03 -3.695e-03 0.000e+00
777 -2.660e-03 -1.316e-03 2.550e-03 0.000e+00
778 -4.578e-03 9.842e-03 -7.082e-04 0.000e+00
779 -1.302e-03 -1.565e-03 -1.520e-03 0.000e+00
780 8.071e-03 6.330e-03 1.662e-03 0.000e+00
781 5.788e-03 4.444e-03 1.390e-03 0.000e+00
782 -5.216e-03 -6.261e-03 -7.535e-03 0.000e+00
783 2.302e-03 4.596e-06 -5.265e-03 0.000e+00
784 9.667e-04 8.725e-03 -2.500e-04 0.000e+00
785 3.378e-03 6.804e-03 4.484e-03 0.000e+00
786 2.248e-03 -7.598e-03 -1.988e-03 0.000e+00
787 9.873e-03 -9.066e-03 6.471e-03 0.000e+00
788 -1.338e-02 3.699e-03 -2.756e-03 0.000e+00
789 -1.060e-02 -9.275e-03 1.030e-02 0.000e+00
790 -2.326e-03 2.014e-03 -2.944e-03 0.000e+00
791 6.086e-03 -9.813e-03 3.618e-03 0.000e+00
792 -3.892e-03 -9.464e-03 5.485e-03 0.000e+00
793 5.177e-03 2.216e-03 1.133e-02 0.000e+00
794 -6.695e-03 2.447e-03 -2.229e-03 0.000e+00
795 -7.111e-03 -1.003e-02 -1.009e-02 0.000e+00
796 -1.026e-02 -6.458e-03 9.430e-03 0.000e+00
797 -3.522e-03 -2.123e-03 5.510e-03 0.000e+00
798 -5.652e-03 -8.501e-03 2.807e-03 0.000e+00
799 -9.296e-03 -7.943e-03 -2.751e-03 0.000e+00
800 -3.377e-03 7.807e-03 -4.717e-03 0.000e+00
801 3.283e-03 -9.824e-03 2.441e-03 0.000e+00
802 4.501e-03 6.047e-03 5.849e-03 0.000e+00
803 -3.536e-03 5.860e-03 -1.889e-02 0.000e+00
804 -2.695e-05 -5.306e-03 2.246e-03 0.000e+00
805 -3.335e-03 -7.455e-04 7.225e-03 0.000e+00
806 -6.177e-03 -3.895e-04 -3.813e-03 0.000e+00
807 -1.870e-03 -9.580e-03 6.950e-03 0.000e+00
808 -8.578e-03 1.513e-03 -2.231e-03 0.000e+00
809 3.934e-03 -6.800e-03 -5.713e-03 0.000e+00
810 1.045e-03 7.508e-03 -1.402e-03 0.000e+00
811 -1.086e-02 -7.404e-03 6.107e-03 0.000e+00
812 -2.798e-03 1.321e-02 -6.551e-03 3.635e+01
813 5.546e-05 -8.788e-03 -5.433e-03 0.000e+00
814 -9.908e-04 3.849e-03 -3.404e-03 0.000e+00
815 4.945e-03 8.232e-03 8.017e-03 0.000e+00
816 5.403e-03 -7.186e-03 9.618e-03 0.000e+00
817 2.973e-03 3.895e-03 2.015e-03 0.000e+00
818 3.704e-03 4.833e-03 -1.428e-03 0.000e+00
819 4.429e-03 -9.806e-03 -2.823e-03 0.000e+00
820 -3.180e-03 3.353e-03 5.680e-03 0.000e+00
821 -1.054e-02 -1.026e-02 -5.967e-04 0.000e+00
822 1.594e-03 3.184e-03 -2.892e-03 0.000e+00
823 -4.122e-03 -9.290e-03 -1.874e-03 0.000e+00
824 -5.299e-03 -1.019e-03 -5.835e-03 0.000e+00
825 -1.417e-02 -9.968e-03 6.673e-03 0.000e+00
826 1.157e-02 1.385e-02 -1.346e-02 -9.474e+01
827 -1.300e-02 3.678e-03 4.563e-03 0.000e+00
828 -1.514e-03 -1.832e-04 6.168e-03 0.000e+00
829 -3.363e-03 4.460e-03 2.138e-03 0.000e+00
830 3.486e-03 7.707e-03 4.360e-03 0.000e+00
831 7.008e-03 -1.627e-03 -4.055e-03 0.000e+00
832 3.504e-04 -6.584e-03 1.870e-03 0.000e+00
833 1.575e-02 -9.824e-03 -3.159e-03 0.000e+00
834 5.612e-03 9.460e-03 1.009e-03 0.000e+00
835 -1.389e-02 -7.541e-04 -3.075e-04 0.000e+00
836 2.551e-03 3.555e-03 -7.638e-03 0.000e+00
837 4.574e-04 5.452e-03 -6.344e-03 0.000e+00
838 4.193e-03 5.664e-03 -3.456e-03 0.000e+00
839 -4.904e-03 8.345e-03 -7.827e-03 0.000e+00
840 8.797e-03 3.819e-03 9.914e-05 0.000e+00
841 -1.119e-02 3.751e-03 -7.704e-04 0.000e+00
842 -9.348e-03 -7.671e-03 -5.005e-03 0.000e+00
843 4.751e-03 -9.779e-03 -1.294e-03 0.000e+00
844 -3.144e-03 1.846e-03 -2.059e-03 0.000e+00
845 1.500e-03 -8.735e-03 -6.871e-03 0.000e+00
846 -8.505e-03 -9.089e-04 -1.757e-02 0.000e+00
847 -8.660e-03 1.379e-02 1.417e-02 4.902e+01
848 -5.059e-03 -7.224e-03 -3.561e-03 0.000e+00
849 1.644e-03 -9.658e-03 5.185e-03 0.000e+00
850 -5.220e-03 -7.564e-03 1.189e-02 0.000e+00
851 -9.797e-03 -7.093e-03 4.755e-03 0.000e+00
852 -5.563e-03 -2.442e-03 -4.775e-03 0.000e+00
853 -4.285e-03 1.021e-02 -2.000e-03 0.000e+00
854 6.272e-03 -9.619e-03 -1.993e-03 0.000e+00
855 -4.846e-04 5.584e-03 3.969e-04 0.000e+00
856 -8.456e-03 -1.022e-02 5.768e-03 0.000e+00
857 7.410e-03 1.055e-02 6.767e-05 3.040e+01
858 2.657e-03 -8.909e-03 1.479e-02 0.000e+00
859 -1.357e-05 -9.831e-03 -2.216e-03 0.000e+00
860 -4.699e-03 8.032e-04 3.813e-03 0.000e+00
861 8.428e-03 7.154e-03 7.209e-03 0.000e+00
862 4.057e-03 5.990e-03 -7.439e-03 0.000e+00
863 5.162e-03 -9.997e-03 -8.083e-03 0.000e+00
864 4.056e-03 -8.473e-03 -1.610e-02 0.000e+00
865 7.238e-03 -9.380e-03 5.286e-04 0.000e+00
866 -3.504e-04 -9.327e-03 8.767e-03 0.000e+00
867 -2.468e-03 7.229e-04 -1.286e-02 0.000e+00
868 5.992e-03 -8.782e-03 1.715e-03 0.000e+00
869 3.768e-03 1.954e-03 7.646e-03 0.000e+00
870 -9.358e-04 1.366e-02 -4.587e-03 -5.984e+00
871 4.263e-03 5.320e-03 4.765e-04 0.000e+00
872 6.246e-03 -6.217e-04 7.515e-03 0.000e+00
873 3.763e-03 3.795e-03 -2.330e-03 0.000e+00
874 6.428e-03 -9.890e-04 -5.005e-03 0.000e+00
875 2.603e-03 -6.574e-03 -3.276e-03 0.000e+00
876 1.667e-03 1.102e-02 -2.940e-03 -1.189e+01
877 5.848e-03 6.621e-03 -4.708e-03 0.000e+00
878 1.536e-03 -7.970e-03 4.043e-03 0.000e+00
879 -7.595e-03 -8.494e-03 -1.010e-02 0.000e+00
880 -2.837e-03 -9.906e-03 -2.379e-03 0.000e+00
881 5.496e-03 2.161e-03 4.351e-03 0.000e+00
882 5.337e-03 -7.556e-03 -4.578e-03 0.000e+00
883 -1.061e-02 3.071e-03 -1.252e-03 0.000e+00
884 -1.510e-02 -2.141e-03 5.117e-04 0.000e+00
885 -9.185e-03 -4.350e-04 1.711e-03 0.000e+00
886 2.651e-03 8.953e-04 -9.010e-03 0.000e+00
887 4.752e-03 -8.701e-03 2.666e-03 0.000e+00
888 -5.345e-03 4.100e-03 7.407e-03 0.000e+00
889 -1.426e-02 5.355e-03 5.940e-03 0.000e+00
890 -7.870e-04 -5.981e-03 6.398e-03 0.000e+00
891 -8.377e-03 5.975e-04 -1.077e-03 0.000e+00
892 -1.574e-02 -8.391e-03 8.003e-03 0.000e+00
893 8.220e-04 2.013e-03 -3.078e-03 0.000e+00
894 1.325e-03 2.029e-03 6.245e-03 0.000e+00
895 2.340e-03 8.783e-03 -3.627e-03 0.000e+00
896 5.896e-03 1.166e-04 2.125e-03 0.000e+00
897 -2.960e-04 -1.058e-03 5.985e-04 0.000e+00
898 -4.840e-03 1.517e-03 7.947e-03 0.000e+00
899 -1.004e-03 5.431e-03 3.138e-03 0.000e+00
900 7.157e-06 -7.357e-03 1.426e-02 0.000e+00
901 -5.563e-03 1.423e-03 -3.799e-03 0.000e+00
902 -2.885e-03 -7.625e-03 -8.297e-03 0.000e+00
903 -9.077e-03 -9.714e-03 4.097e-03 0.000e+00
904 -2.306e-04 -9.656e-04 3.927e-03 0.000e+00
905 -1.101e-03 -4.125e-04 5.461e-03 0.000e+00
906 -2.743e-03 5.293e-03 7.928e-03 0.000e+00
907 -4.780e-04 -5.817e-03 -9.034e-03 0.000e+00
908 6.993e-03 -9.307e-03 6.476e-03 0.000e+00
909 2.061e-03 -7.816e-03 1.174e-02 0.000e+00
910 2.848e-03 -8.854e-03 5.670e-03 0.000e+00
911 -4.997e-03 -3.195e-03 2.270e-03 0.000e+00
912 -1.705e-04 2.983e-03 -1.131e-03 0.000e+00
913 -1.137e-04 -1.026e-02 -3.376e-04 0.000e+00
914 1.192e-02 -1.726e-03 1.018e-02 0.000e+00
915 1.417e-02 -6.985e-03 2.599e-04 0.000e+00
916 -8.092e-03 -8.177e-03 -3.147e-03 0.000e+00
917 1.355e-03 -9.542e-03 -2.183e-03 0.000e+00
918 3.016e-03 -9.698e-03 -9.160e-03 0.000e+00
919 -3.485e-03 -5.476e-03 -7.131e-03 0.000e+00
920 -1.459e-03 6.494e-03 -1.861e-03 0.000e+00
921 5.522e-03 1.012e-03 -8.333e-03 0.000e+00
922 3.201e-03 -8.210e-04 3.369e-03 0.000e+00
923 7.695e-03 2.683e-03 -7.159e-03 0.000e+00
924 7.066e-04 -9.869e-03 -1.794e-03 0.000e+00
925 2.118e-03 9.176e-04 1.216e-02 0.000e+00
926 -3.890e-03 -9.961e-03 -3.319e-03 0.000e+00
927 1.562e-04 2.513e-03 1.017e-02 0.000e+00
928 5.839e-03 5.191e-03 -1.165e-02 0.000e+00
929 1.311e-03 -9.175e-03 -3.974e-03 0.000e+00
930 6.474e-04 8.508e-03 -6.886e-03 0.000e+00
931 -3.435e-03 -8.161e-03 1.392e-03 0.000e+00
932 -1.481e-02 -1.213e-04 -5.873e-03 0.000e+00
933 -1.998e-04 4.093e-04 -4.765e-03 0.000e+00
934 8.814e-03 -8.813e-03 -1.900e-02 0.000e+00
935 -1.729e-03 8.830e-03 -2.858e-03 0.000e+00
936 -9.983e-03 -6.490e-03 -4.400e-03 0.000e+00
937 1.256e-04 6.668e-03 5.088e-04 0.000e+00
938 -1.765e-02 6.429e-03 -1.333e-02 0.000e+00
939 -5.222e-03 8.211e-03 4.353e-03 0.000e+00
940 -3.822e-03 -1.006e-02 -1.943e-03 0.000e+00
941 4.908e-03 -2.454e-03 -3.149e-03 0.000e+00
942 6.575e-03 -9.882e-03 -2.782e-03 0.000e+00
943 4.959e-03 -1.171e-03 -9.384e-04 0.000e+00
944 8.774e-03 8.916e-04 2.995e-04 0.000e+00
945 1.810e-03 6.737e-03 -7.561e-04 0.000e+00
946 1.050e-03 9.384e-03 -1.790e-03 0.000e+00
947 5.160e-03 -9.720e-03 4.564e-03 0.000e+00
948 1.520e-02 2.792e-03 -1.681e-03 0.000e+00
949 1.941e-03 2.216e-03 -5.728e-03 0.000e+00
950 3.094e-03 -7.864e-03 2.411e-03 0.000e+00
951 -1.348e-02 -1.022e-02 4.659e-03 0.000e+00
952 -5.310e-03 -8.335e-03 -1.121e-03 0.000e+00
953 -2.821e-04 5.859e-03 6.510e-03 0.000e+00
954 -6.193e-03 1.090e-02 -8.417e-03 2.222e+01
955 1.126e-04 1.518e-03 3.257e-03 0.000e+00
956 4.349e-03 -9.774e-03 4.435e-03 0.000e+00
957 -6.398e-03 4.464e-03 -6.934e-03 0.000e+00
958 -2.377e-03 -2.083e-03 3.272e-03 0.000e+00
959 -5.605e-03 -4.343e-04 8.069e-04 0.000e+00
960 2.388e-03 2.904e-03 -1.165e-02 0.000e+00
961 1.214e-02 -8.304e-03 8.158e-03 0.000e+00
962 5.600e-03 -9.136e-03 1.449e-02 0.000e+00
963 7.641e-03 7.347e-03 2.184e-04 0.000e+00
964 5.265e-03 -9.085e-03 -2.402e-03 0.000e+00
965 -8.005e-03 -6.608e-04 5.616e-04 0.000e+00
966 6.556e-03 7.356e-03 -1.138e-02 0.000e+00
967 -6.228e-03 -7.830e-03 6.469e-03 0.000e+00
968 3.171e-03 1.079e-03 1.007e-02 0.000e+00
969 8.262e-04 -9.985e-03 6.190e-03 0.000e+00
970 8.380e-03 -9.842e-03 -2.125e-03 0.000e+00
971 1.348e-02 3.129e-04 -1.528e-03 0.000e+00
972 1.467e-03 4.276e-04 -2.061e-03 0.000e+00
973 9.586e-03 2.530e-03 1.166e-02 0.000e+00
974 3.115e-03 -8.095e-03 -1.131e-02 0.000e+00
975 -4.600e-03 -9.225e-03 8.439e-05 0.000e+00
976 5.606e-03 -7.435e-03 -2.023e-03 0.000e+00
977 1.140e-02 -1.728e-03 -8.612e-03 0.000e+00
978 8.930e-03 6.712e-04 3.000e-03 0.000e+00
979 8.847e-03 6.320e-03 -1.191e-03 0.000e+00
980 9.849e-03 -6.280e-04 2.001e-03 0.000e+00
981 1.867e-02 3.449e-03 1.308e-03 0.000e+00
982 1.740e-02 -9.076e-03 6.492e-04 0.000e+00
983 2.526e-02 -7.200e-03 7.781e-03 0.000e+00
984 1.686e-02 9.248e-03 -2.441e-03 0.000e+00
985 3.828e-02 4.067e-03 1.566e-02 0.000e+00
986 4.345e-02 6.623e-03 3.652e-03 0.000e+00
987 5.180e-02 1.257e-02 7.923e-03 -5.195e-01
988 5.628e-02 7.282e-03 8.429e-03 0.000e+00
989 7.485e-02 1.898e-02 5.740e-03 1.774e+00
990 8.422e-02 -7.400e-03 1.856e-03 0.000e+00
991 1.045e-01 1.437e-02 6.095e-03 -4.751e+00
992 1.286e-01 4.381e-03 2.020e-03 0.000e+00
993 1.467e-01 5.943e-03 1.114e-02 0.000e+00
994 1.782e-01 2.119e-02 2.632e-02 -5.535e+00
995 1.894e-01 2.970e-02 6.874e-03 8.424e-01
996 2.356e-01 3.067e-02 2.953e-02 -3.293e+00
997 2.679e-01 4.308e-02 2.746e-02 -1.097e+01
998 3.120e-01 5.492e-02 2.888e-02 -1.013e+01
999 3.554e-01 5.423e-02 2.612e-02 -1.649e+01
1000 4.065e-01 8.294e-02 1.970e-02 -1.983e+01
1001 4.445e-01 1.030e-01 2.311e-02 -1.555e+01
1002 4.752e-01 9.854e-02 3.181e-02 -1.695e+01
1003 5.179e-01 1.084e-01 4.513e-02 -1.514e+01
1004 5.409e-01 1.187e-01 3.932e-02 -1.529e+01
1005 5.854e-01 1.181e-01 4.524e-02 -1.814e+01
1006 6.408e-01 1.212e-01 4.712e-02 -1.766e+01
1007 6.961e-01 1.367e-01 4.860e-02 -1.736e+01
1008 7.317e-01 1.527e-01 7.118e-02 -2.513e+01
1009 7.777e-01 1.608e-01 6.118e-02 -2.603e+01
1010 7.948e-01 1.852e-01 7.524e-02 -2.868e+01
1011 8.098e-01 1.808e-01 5.584e-02 -3.078e+01
1012 8.244e-01 2.097e-01 5.981e-02 -3.134e+01
1013 8.318e-01 1.923e-01 6.032e-02 -3.423e+01
1014 8.451e-01 2.051e-01 3.845e-02 -3.318e+01
1015 8.800e-01 2.202e-01 5.892e-02 -3.166e+01
1016 9.282e-01 2.395e-01 7.296e-02 -3.385e+01
1017 9.644e-01 2.581e-01 8.160e-02 -3.787e+01
1018 9.934e-01 2.397e-01 1.024e-01 -4.080e+01
1019 1.000e+00 2.296e-01 9.616e-02 -4.699e+01
1020 9.965e-01 2.124e-01 8.694e-02 -4.966e+01
1021 9.816e-01 2.023e-01 6.307e-02 -5.089e+01
1022 9.822e-01 2.039e-01 4.675e-02 -4.901e+01
1023 9.872e-01 2.251e-01 5.326e-02 -4.635e+01
1024 9.833e-01 2.477e-01 3.351e-02 -5.005e+01
1025 9.377e-01 2.544e-01 2.248e-02 -5.366e+01
1026 8.895e-01 2.129e-01 1.105e-02 -5.812e+01
1027 8.081e-01 1.776e-01 2.532e-02 -5.913e+01
1028 7.273e-01 1.405e-01 1.509e-02 -6.145e+01
1029 6.998e-01 1.206e-01 3.406e-02 -6.212e+01
1030 6.802e-01 1.090e-01 2.854e-02 -6.358e+01
1031 6.643e-01 1.087e-01 1.914e-02 -6.617e+01
1032 6.672e-01 1.280e-01 1.766e-02 -6.994e+01
1033 6.421e-01 1.239e-01 -7.018e-03 -6.777e+01
1034 6.161e-01 9.879e-02 -1.870e-03 -6.706e+01
1035 5.791e-01 9.626e-02 1.645e-02 -6.843e+01
1036 5.408e-01 8.229e-02 2.943e-02 -6.917e+01
1037 4.929e-01 6.903e-02 1.138e-02 -7.019e+01
1038 4.383e-01 6.888e-02 1.704e-02 -7.644e+01
1039 3.876e-01 6.258e-02 1.773e-02 -7.356e+01
1040 3.337e-01 5.229e-02 5.662e-03 -7.787e+01
1041 3.196e-01 4.414e-02 2.392e-02 -8.232e+01
1042 2.721e-01 5.435e-02 1.596e-02 -6.869e+01
1043 2.619e-01 4.983e-02 2.703e-02 -7.084e+01
1044 2.295e-01 4.569e-02 2.274e-02 -7.615e+01
1045 2.147e-01 3.394e-02 1.351e-02 -7.454e+01
1046 1.779e-01 4.598e-02 4.966e-03 -7.768e+01
1047 1.609e-01 3.038e-02 1.649e-02 -8.484e+01
1048 1.500e-01 3.429e-02 2.737e-03 -8.161e+01
1049 1.280e-01 2.067e-02 1.138e-02 -9.409e+01
1050 1.098e-01 2.319e-02 2.873e-03 -9.720e+01
1051 1.010e-01 1.009e-02 6.375e-03 0.000e+00
1052 7.874e-02 8.183e-03 2.014e-03 0.000e+00
1053 4.725e-02 3.163e-03 1.696e-04 0.000e+00
1054 5.224e-02 4.349e-03 1.163e-04 0.000e+00
1055 3.606e-02 9.827e-03 -6.843e-04 0.000e+00
1056 4.003e-02 4.392e-03 -1.375e-02 0.000e+00
1057 3.890e-02 9.639e-04 6.721e-03 0.000e+00
1058 1.899e-02 3.071e-03 -4.995e-03 0.000e+00
1059 1.472e-02 -9.540e-03 7.245e-03 0.000e+00
1060 1.065e-02 -9.723e-03 -2.560e-03 0.000e+00
1061 1.172e-02 -9.929e-03 -1.113e-02 0.000e+00
1062 -9.439e-03 1.054e-02 1.225e-02 -1.854e+00
1063 -1.857e-03 9.993e-03 -2.160e-03 0.000e+00
1064 1.723e-03 -9.257e-03 3.118e-03 0.000e+00
1065 3.149e-03 -6.185e-03 -6.778e-04 0.000e+00
1066 -2.215e-03 4.471e-03 -1.366e-02 0.000e+00
1067 2.502e-03 -7.796e-03 8.246e-03 0.000e+00
1068 2.071e-03 -9.545e-03 6.189e-03 0.000e+00
1069 -2.002e-03 -2.380e-03 3.511e-03 0.000e+00
1070 -9.927e-04 -7.202e-03 -4.356e-03 0.000e+00
1071 1.070e-03 -9.730e-03 -2.245e-03 0.000e+00
1072 -6.494e-03 -9.811e-03 -4.609e-03 0.000e+00
1073 4.169e-03 -1.009e-02 3.586e-03 0.000e+00
1074 9.275e-04 -8.296e-03 3.647e-03 0.000e+00
1075 6.016e-04 5.049e-03 -5.716e-03 0.000e+00
1076 4.280e-03 -8.635e-03 6.664e-04 0.000e+00
1077 -8.547e-03 -6.462e-03 -3.139e-04 0.000e+00
1078 -3.565e-03 -8.687e-03 -4.021e-03 0.000e+00
1079 -1.041e-02 1.278e-02 -7.289e-03 -3.084e+01
1080 8.958e-03 -1.005e-03 1.527e-03 0.000e+00
1081 -2.713e-03 -9.078e-03 -4.463e-03 0.000e+00
1082 3.347e-03 -8.834e-03 1.084e-03 0.000e+00
1083 7.870e-05 -8.405e-03 4.892e-04 0.000e+00
1084 1.570e-03 -9.280e-03 -1.235e-03 0.000e+00
1085 3.869e-03 -1.010e-02 -7.014e-04 0.000e+00
1086 -8.123e-03 1.579e-02 5.007e-03 -6.780e+00
1087 1.156e-03 -6.370e-03 -1.162e-02 0.000e+00
1088 1.140e-02 -1.046e-03 3.301e-03 0.000e+00
1089 -4.930e-04 4.013e-03 -5.172e-03 0.000e+00
1090 6.930e-04 -8.499e-03 -3.260e-03 0.000e+00
1091 -3.686e-03 1.440e-03 1.155e-02 0.000e+00
1092 3.109e-03 -1.831e-03 -3.657e-03 0.000e+00
1093 6.847e-03 9.225e-03 -2.642e-03 0.000e+00
1094 3.257e-03 -8.607e-03 3.943e-03 0.000e+00
1095 1.093e-02 -8.241e-03 -7.368e-03 0.000e+00
1096 1.519e-03 7.411e-03 6.763e-03 0.000e+00
1097 1.103e-02 -8.093e-03 -4.316e-03 0.000e+00
1098 7.110e-03 -9.436e-03 4.228e-03 0.000e+00
1099 -7.394e-03 1.244e-03 2.515e-03 0.000e+00
1100 1.703e-03 3.570e-03 1.379e-03 0.000e+00
1101 -1.090e-02 1.108e-03 -7.731e-03 0.000e+00
1102 -5.113e-03 3.159e-03 6.322e-03 0.000e+00
1103 5.428e-03 -9.934e-03 3.134e-03 0.000e+00
1104 -9.880e-04 4.748e-03 3.863e-03 0.000e+00
1105 -5.117e-03 -9.312e-03 -3.209e-03 0.000e+00
1106 -7.773e-03 -8.736e-03 -2.995e-04 0.000e+00
1107 9.704e-03 5.877e-03 3.616e-03 0.000e+00
1108 5.223e-04 -9.345e-03 5.664e-03 0.000e+00
1109 1.130e-02 5.085e-03 -6.881e-04 0.000e+00
1110 -4.170e-04 -9.365e-03 4.679e-03 0.000e+00
1111 5.765e-03 -8.344e-03 1.525e-03 0.000e+00
1112 -3.030e-03 4.223e-03 3.736e-03 0.000e+00
1113 2.289e-03 2.938e-03 -9.997e-04 0.000e+00
1114 -1.246e-02 -9.607e-03 6.009e-03 0.000e+00
1115 3.964e-03 -9.676e-03 -1.066e-03 0.000e+00
1116 -2.260e-03 -5.212e-03 -1.347e-02 0.000e+00
1117 -1.710e-03 -9.811e-03 1.014e-02 0.000e+00
1118 8.053e-03 1.144e-03 4.306e-03 0.000e+00
1119 -5.771e-03 9.036e-04 -1.138e-03 0.000e+00
1120 -4.495e-03 -6.947e-03 4.571e-03 0.000e+00
1121 7.052e-04 9.166e-03 3.690e-04 0.000e+00
1122 -5.297e-03 -7.780e-03 2.386e-03 0.000e+00
1123 8.509e-03 7.254e-03 5.827e-03 0.000e+00
1124 1.737e-03 5.624e-03 -1.776e-03 0.000e+00
1125 -1.903e-03 -9.884e-03 -3.534e-03 0.000e+00
1126 3.702e-03 8.429e-03 4.290e-03 0.000e+00
1127 -4.768e-04 8.280e-03 -8.516e-03 0.000e+00
1128 -6.905e-04 -7.893e-03 3.715e-03 0.000e+00
1129 -6.867e-03 9.363e-03 -5.509e-03 0.000e+00
1130 -1.357e-03 -5.419e-03 -9.260e-03 0.000e+00
1131 -4.271e-03 -8.574e-03 5.225e-05 0.000e+00
1132 3.332e-03 -5.711e-03 1.012e-02 0.000e+00
1133 2.196e-04 -8.667e-03 7.161e-04 0.000e+00
1134 1.767e-03 5.114e-03 -8.344e-04 0.000e+00
1135 3.240e-03 3.400e-04 6.719e-03 0.000e+00
1136 -7.936e-03 -2.076e-03 -1.595e-02 0.000e+00
1137 1.062e-04 -9.953e-03 -2.467e-03 0.000e+00
1138 -3.712e-03 1.913e-03 -5.065e-03 0.000e+00
1139 -8.263e-03 -1.635e-03 7.436e-03 0.000e+00
1140 5.694e-03 -7.445e-03 -6.676e-03 0.000e+00
1141 -2.625e-03 3.779e-03 4.022e-03 0.000e+00
1142 -1.997e-05 9.200e-03 9.632e-04 0.000e+00
1143 -6.747e-03 -9.320e-03 -5.093e-03 0.000e+00
1144 -8.577e-03 1.348e-03 8.349e-04 0.000e+00
1145 -1.328e-02 -5.700e-03 5.086e-03 0.000e+00
1146 -3.784e-03 -9.981e-03 -7.592e-03 0.000e+00
1147 -3.369e-04 -1.158e-03 4.255e-03 0.000e+00
1148 2.113e-03 -7.750e-03 7.439e-03 0.000e+00
1149 -7.215e-03 7.588e-03 -5.842e-03 0.000e+00
1150 -2.300e-03 7.934e-03 3.219e-06 0.000e+00
1151 -2.618e-03 5.994e-03 -5.381e-03 0.000e+00
1152 3.891e-04 -1.023e-02 4.534e-03 0.000e+00
1153 -5.314e-03 4.884e-03 1.963e-03 0.000e+00
1154 1.130e-02 1.066e-02 5.508e-03 3.831e+01
1155 4.054e-03 -8.065e-03 -3.925e-03 0.000e+00
1156 1.192e-03 -7.511e-03 9.579e-04 0.000e+00
1157 -1.095e-02 2.495e-03 5.447e-03 0.000e+00
1158 -4.331e-03 -9.105e-03 -1.033e-02 0.000e+00
1159 5.146e-04 6.799e-03 5.729e-03 0.000e+00
1160 -8.584e-03 -1.863e-04 -1.950e-03 0.000e+00
1161 2.806e-03 -9.901e-03 -3.625e-03 0.000e+00
1162 -7.713e-03 -8.515e-03 -1.122e-03 0.000e+00
1163 -3.608e-03 -2.058e-04 4.564e-03 0.000e+00
1164 1.045e-02 6.044e-03 -1.563e-02 0.000e+00
1165 -5.725e-03 8.194e-03 -1.269e-02 0.000e+00
1166 1.236e-02 -9.672e-03 2.432e-03 0.000e+00
1167 4.640e-03 9.963e-03 9.323e-03 0.000e+00
1168 -6.078e-05 2.153e-03 -1.591e-02 0.000e+00
1169 -5.968e-03 1.033e-02 -5.292e-03 0.000e+00
1170 -5.593e-04 3.094e-03 -4.095e-03 0.000e+00
1171 -2.220e-03 8.731e-03 7.791e-03 0.000e+00
1172 7.396e-03 4.839e-03 3.249e-03 0.000e+00
1173 -2.357e-03 7.941e-03 9.116e-03 0.000e+00
1174 2.204e-03 -1.127e-03 -1.932e-04 0.000e+00
1175 -3.250e-03 -9.937e-03 2.742e-03 0.000e+00
1176 6.378e-03 -8.323e-03 1.730e-03 0.000e+00
1177 -2.249e-03 -8.977e-03 -8.126e-03 0.000e+00
1178 -9.874e-04 -9.570e-03 9.000e-03 0.000e+00
1179 3.660e-03 -9.002e-03 5.515e-03 0.000e+00
1180 3.055e-04 3.801e-03 6.837e-03 0.000e+00
1181 7.634e-03 2.794e-03 -7.989e-03 0.000e+00
1182 -5.001e-03 -5.892e-03 -6.578e-03 0.000e+00
1183 -2.289e-03 -3.452e-04 -6.297e-03 0.000e+00
1184 4.040e-04 -7.778e-03 -2.551e-03 0.000e+00
1185 -1.230e-02 -7.482e-03 6.918e-04 0.000e+00
1186 -6.975e-03 -7.544e-03 -1.371e-02 0.000e+00
1187 5.710e-03 -5.630e-03 2.836e-03 0.000e+00
1188 -2.267e-03 -9.856e-03 -5.617e-03 0.000e+00
1189 1.245e-03 4.080e-03 4.939e-03 0.000e+00
1190 1.993e-04 -8.455e-03 3.269e-03 0.000e+00
1191 -4.514e-03 6.389e-03 9.444e-04 0.000e+00
1192 1.423e-03 1.535e-03 4.756e-03 0.000e+00
1193 2.461e-04 -7.977e-03 4.440e-03 0.000e+00
1194 -6.264e-03 -7.350e-03 -2.280e-03 0.000e+00
1195 -5.743e-03 5.605e-03 -5.011e-03 0.000e+00
1196 1.137e-02 4.474e-03 -5.397e-04 0.000e+00
1197 -9.323e-03 6.829e-03 1.196e-02 0.000e+00
1198 6.541e-03 -8.260e-03 -2.121e-03 0.000e+00
1199 -2.792e-03 -7.752e-03 -2.722e-03 0.000e+00
1200 2.517e-03 3.853e-03 -7.692e-03 0.000e+00
1201 4.857e-03 -5.142e-03 -2.873e-03 0.000e+00
1202 -7.326e-03 1.360e-03 9.271e-03 0.000e+00
1203 6.805e-03 9.102e-03 -4.501e-04 0.000e+00
1204 1.178e-03 1.113e-03 5.965e-03 0.000e+00
1205 -4.788e-03 4.144e-03 -3.336e-03 0.000e+00
1206 -5.840e-03 -9.385e-03 9.037e-03 0.000e+00
1207 4.802e-04 1.717e-03 9.584e-03 0.000e+00
1208 2.552e-03 6.661e-03 -8.290e-03 0.000e+00
1209 -1.096e-02 3.322e-03 -4.656e-04 0.000e+00
1210 3.116e-03 1.048e-02 -3.927e-03 2.104e+01
1211 -1.868e-03 -9.037e-03 8.321e-03 0.000e+00
1212 5.522e-03 -7.589e-03 1.383e-03 0.000e+00
1213 2.103e-03 3.811e-03 3.200e-03 0.000e+00
1214 2.674e-03 9.060e-03 4.565e-03 0.000e+00
1215 9.560e-03 5.173e-03 -3.124e-03 0.000e+00
1216 -6.046e-04 -5.565e-03 -6.943e-04 0.000e+00
1217 4.095e-03 -4.079e-03 2.622e-03 0.000e+00
1218 -3.775e-04 3.270e-03 2.299e-03 0.000e+00
1219 1.975e-03 -9.512e-03 -7.889e-04 0.000e+00
1220 -2.307e-03 -9.129e-03 6.496e-03 0.000e+00
1221 1.313e-03 5.108e-03 -1.216e-03 0.000e+00
1222 2.133e-03 -1.013e-02 -1.300e-02 0.000e+00
1223 7.038e-04 -6.227e-03 1.149e-03 0.000e+00
1224 5.391e-03 -7.551e-05 9.122e-04 0.000e+00
1225 -3.612e-03 8.606e-05 2.507e-03 0.000e+00
1226 -1.749e-03 4.024e-04 -2.501e-03 0.000e+00
1227 8.778e-03 -7.030e-03 -4.823e-03 0.000e+00
1228 -3.973e-03 6.794e-03 -8.895e-04 0.000e+00
1229 -5.255e-03 -2.438e-04 -6.092e-03 0.000e+00
1230 -4.525e-03 3.773e-03 5.793e-04 0.000e+00
1231 5.500e-04 5.159e-03 -5.670e-03 0.000e+00
1232 6.594e-03 -9.693e-03 -1.057e-02 0.000e+00
1233 -1.019e-02 -6.306e-03 -1.082e-03 0.000e+00
1234 7.268e-03 -1.021e-02 5.365e-03 0.000e+00
1235 -3.353e-04 -6.739e-04 -2.175e-03 0.000e+00
1236 -1.965e-03 -7.962e-03 8.321e-03 0.000e+00
1237 1.882e-03 -8.855e-03 4.070e-03 0.000e+00
1238 -9.121e-03 -8.972e-03 -3.207e-03 0.000e+00
1239 1.427e-03 -8.911e-03 6.450e-03 0.000e+00
1240 -2.193e-03 1.583e-02 -1.577e-03 -6.905e+01
1241 -5.784e-03 2.431e-03 -3.624e-03 0.000e+00
1242 6.423e-03 1.756e-03 1.809e-03 0.000e+00
1243 4.736e-03 1.122e-02 3.385e-03 -3.463e+01
1244 -3.479e-03 2.906e-03 -1.294e-02 0.000e+00
1245 -8.908e-03 -4.885e-03 3.572e-03 0.000e+00
1246 -3.612e-03 -7.506e-03 -7.755e-03 0.000e+00
1247 -2.582e-03 1.533e-02 -1.367e-02 -7.824e+01
1248 -1.142e-02 5.387e-03 6.547e-03 0.000e+00
1249 2.071e-03 8.365e-03 2.998e-03 0.000e+00
1250 -5.710e-03 -7.494e-03 -8.815e-04 0.000e+00
1251 4.485e-03 -1.014e-02 -8.682e-03 0.000e+00
1252 4.740e-03 8.407e-03 8.759e-03 0.000e+00
1253 -1.124e-03 1.381e-02 3.641e-03 -3.549e+01
1254 -1.118e-02 7.327e-04 5.003e-03 0.000e+00
1255 8.916e-03 -8.898e-03 -1.540e-03 0.000e+00
1256 -2.872e-04 -8.055e-03 -4.382e-03 0.000e+00
1257 1.015e-02 5.926e-03 -4.006e-03 0.000e+00
1258 1.816e-03 -8.360e-03 3.210e-03 0.000e+00
1259 -6.468e-03 3.231e-03 -2.281e-03 0.000e+00
1260 4.715e-03 1.062e-03 4.625e-03 0.000e+00
1261 5.195e-03 2.049e-04 3.153e-03 0.000e+00
1262 -7.533e-04 3.360e-03 1.007e-02 0.000e+00
1263 -3.448e-03 -8.647e-03 5.913e-03 0.000e+00
1264 3.561e-03 4.018e-03 2.965e-04 0.000e+00
1265 -7.022e-03 7.204e-03 -1.632e-03 0.000e+00
1266 -8.061e-03 4.009e-03 -3.511e-03 0.000e+00
1267 -3.370e-03 -7.350e-03 -9.597e-04 0.000e+00
1268 -5.776e-04 -9.585e-03 -7.179e-05 0.000e+00
1269 2.297e-03 4.747e-03 8.107e-03 0.000e+00
1270 -5.699e-03 -2.032e-03 -1.672e-03 0.000e+00
1271 -5.093e-04 4.455e-03 -6.497e-03 0.000e+00
1272 2.612e-03 -1.677e-03 9.067e-03 0.000e+00
1273 9.509e-03 9.816e-03 7.754e-03 0.000e+00
1274 -2.498e-03 -9.587e-03 1.196e-04 0.000e+00
1275 3.925e-03 7.110e-03 -4.788e-03 0.000e+00
1276 9.313e-03 7.540e-04 -4.124e-04 0.000e+00
1277 1.089e-02 9.680e-03 -3.857e-03 0.000e+00
1278 -9.451e-03 3.322e-03 -1.970e-03 0.000e+00
1279 5.581e-04 1.095e-02 -5.366e-04 9.477e-01
1280 4.473e-03 1.232e-02 -3.490e-03 -9.645e+00
1281 7.925e-03 3.342e-04 4.231e-03 0.000e+00
1282 -3.032e-03 3.452e-03 6.192e-03 0.000e+00
1283 8.013e-03 -5.982e-03 8.339e-03 0.000e+00
1284 4.973e-04 -3.162e-03 7.731e-03 0.000e+00
1285 6.505e-03 -7.565e-03 -4.958e-03 0.000e+00
1286 2.800e-03 -9.465e-03 -2.766e-03 0.000e+00
1287 4.760e-03 9.428e-03 1.238e-02 0.000e+00
1288 6.579e-03 -8.514e-03 -1.887e-03 0.000e+00
1289 5.899e-03 -6.072e-03 8.462e-03 0.000e+00
1290 4.400e-04 8.513e-03 1.061e-03 0.000e+00
1291 7.025e-03 -8.097e-03 2.757e-03 0.000e+00
1292 -6.969e-04 -9.254e-03 4.230e-03 0.000e+00
1293 -7.714e-04 -3.184e-05 2.817e-03 0.000e+00
1294 4.698e-03 -8.198e-03 -6.305e-04 0.000e+00
1295 -8.699e-03 6.399e-03 6.919e-03 0.000e+00
1296 8.514e-04 -7.875e-03 -3.279e-03 0.000e+00
1297 6.623e-03 -7.689e-03 3.515e-03 0.000e+00
1298 8.985e-04 -6.387e-03 7.635e-04 0.000e+00
1299 -3.279e-03 -1.016e-02 -9.238e-03 0.000e+00
1300 8.447e-03 6.697e-03 5.367e-03 0.000e+00
1301 3.829e-04 -4.928e-03 -3.636e-03 0.000e+00
1302 2.029e-03 -7.429e-03 6.798e-03 0.000e+00
1303 1.347e-02 -9.856e-03 9.949e-03 0.000e+00
1304 3.159e-03 8.008e-03 -1.881e-03 0.000e+00
1305 1.113e-02 -1.029e-03 9.292e-03 0.000e+00
1306 -4.247e-04 5.981e-03 -2.810e-03 0.000e+00
1307 1.887e-02 1.071e-02 -4.420e-04 -8.211e-01
1308 4.647e-03 -7.994e-03 -1.195e-02 0.000e+00
1309 3.885e-03 -8.793e-04 -2.650e-03 0.000e+00
1310 1.192e-02 4.117e-03 2.457e-03 0.000e+00
1311 7.846e-03 9.889e-03 -3.377e-03 0.000e+00
1312 2.582e-03 4.554e-03 -3.933e-03 0.000e+00
1313 -3.366e-03 -9.917e-03 7.707e-03 0.000e+00
1314 6.722e-06 4.826e-03 1.117e-03 0.000e+00
1315 3.394e-03 8.188e-03 6.461e-03 0.000e+00
1316 8.202e-03 -9.016e-03 2.857e-03 0.000e+00
1317 6.127e-03 1.563e-03 8.344e-03 0.000e+00
1318 1.489e-03 -9.166e-03 -3.029e-03 0.000e+00
1319 1.455e-03 4.819e-03 -2.904e-03 0.000e+00
1320 7.223e-03 -9.551e-03 5.069e-03 0.000e+00
1321 5.129e-03 3.451e-04 9.309e-03 0.000e+00
1322 1.167e-02 -6.975e-04 -5.593e-03 0.000e+00
1323 1.536e-03 -6.877e-03 -7.570e-03 0.000e+00
1324 1.088e-03 7.919e-03 8.703e-04 0.000e+00
1325 9.897e-04 -5.837e-03 -5.700e-04 0.000e+00
1326 1.673e-02 7.541e-04 -3.262e-03 0.000e+00
1327 -4.149e-04 -7.213e-03 -6.512e-03 0.000e+00
1328 1.543e-03 -9.554e-03 -8.649e-03 0.000e+00
1329 1.347e-02 -8.316e-03 8.218e-03 0.000e+00
1330 -3.541e-03 2.554e-03 8.301e-04 0.000e+00
1331 -1.282e-03 -7.916e-03 3.208e-03 0.000e+00
1332 1.400e-02 -8.916e-03 -6.482e-03 0.000e+00
1333 3.997e-03 3.011e-03 9.559e-04 0.000e+00
1334 8.833e-04 -6.160e-03 -1.890e-03 0.000e+00
1335 -1.075e-03 9.377e-04 6.141e-04 0.000e+00
1336 1.592e-02 6.691e-03 2.802e-03 0.000e+00
1337 3.345e-03 2.379e-03 5.312e-03 0.000e+00
1338 1.275e-02 1.371e-02 2.495e-03 -4.597e+01
1339 4.733e-03 -1.006e-02 2.974e-03 0.000e+00
1340 5.090e-03 -6.288e-03 1.499e-02 0.000e+00
1341 -2.826e-03 -1.768e-03 1.091e-02 0.000e+00
1342 1.146e-02 -9.618e-03 -2.721e-03 0.000e+00
1343 7.322e-04 -7.217e-03 -1.552e-03 0.000e+00
1344 6.289e-03 5.174e-03 4.909e-03 0.000e+00
1345 6.401e-03 5.393e-03 -1.351e-03 0.000e+00
1346 6.055e-03 -9.443e-03 4.772e-03 0.000e+00
1347 -2.657e-03 -9.443e-03 1.498e-02 0.000e+00
1348 1.148e-02 -6.625e-03 -6.274e-03 0.000e+00
1349 5.434e-03 2.021e-03 7.265e-03 0.000e+00
1350 -2.538e-03 -8.713e-03 1.001e-03 0.000e+00
1351 3.486e-03 4.539e-03 6.427e-03 0.000e+00
1352 -6.699e-03 2.026e-02 -9.362e-04 -2.785e+01
1353 8.914e-03 3.525e-03 2.098e-03 0.000e+00
1354 -1.419e-03 -9.540e-03 2.940e-03 0.000e+00
1355 -7.406e-03 -9.412e-03 6.379e-03 0.000e+00
1356 3.971e-03 2.100e-03 -8.299e-04 0.000e+00
1357 1.053e-02 3.157e-03 2.163e-03 0.000e+00
1358 6.670e-03 6.886e-03 4.535e-03 0.000e+00
1359 4.143e-03 -8.720e-03 5.597e-03 0.000e+00
1360 7.829e-05 3.478e-03 7.150e-03 0.000e+00
1361 9.658e-03 -1.017e-02 1.621e-04 0.000e+00
1362 1.122e-02 -4.053e-03 6.822e-03 0.000e+00
1363 1.040e-02 5.335e-03 2.513e-03 0.000e+00
1364 1.426e-02 3.244e-03 1.259e-04 0.000e+00
1365 3.255e-03 -8.131e-03 2.660e-03 0.000e+00
1366 1.775e-03 -8.794e-03 1.368e-07 0.000e+00
1367 1.399e-02 -9.181e-03 -4.238e-03 0.000e+00
1368 -2.462e-03 7.426e-03 3.674e-03 0.000e+00
1369 1.187e-02 3.156e-03 7.894e-03 0.000e+00
1370 6.543e-03 -2.359e-03 -5.595e-03 0.000e+00
1371 -3.561e-03 9.623e-03 7.318e-03 0.000e+00
1372 2.027e-03 -2.102e-04 4.479e-03 0.000e+00
1373 -5.866e-03 -7.675e-03 6.948e-03 0.000e+00
1374 -1.760e-03 4.930e-03 -8.620e-04 0.000e+00
1375 -9.010e-03 3.850e-03 7.400e-03 0.000e+00
1376 5.264e-03 8.941e-03 -6.067e-03 0.000e+00
1377 5.996e-03 -3.444e-03 -9.651e-04 0.000e+00
1378 4.341e-03 8.163e-03 -4.679e-03 0.000e+00
1379 9.942e-03 -7.492e-03 -3.902e-03 0.000e+00
1380 2.026e-02 7.743e-03 -1.824e-03 0.000e+00
1381 -2.149e-04 -1.671e-03 -1.228e-02 0.000e+00
1382 2.144e-02 -6.563e-03 -4.733e-03 0.000e+00
1383 -7.362e-04 -8.168e-03 9.493e-03 0.000e+00
1384 4.780e-03 6.072e-03 7.478e-03 0.000e+00
1385 5.845e-03 4.809e-03 2.557e-03 0.000e+00
1386 -8.138e-03 -1.010e-02 2.542e-04 0.000e+00
1387 3.570e-03 -1.007e-02 -2.680e-03 0.000e+00
1388 -6.695e-03 5.553e-04 -8.152e-03 0.000e+00
1389 1.141e-02 -8.160e-03 -7.707e-03 0.000e+00
1390 -1.130e-02 2.896e-04 -5.648e-03 0.000e+00
1391 -3.917e-03 4.532e-03 2.243e-03 0.000e+00
1392 1.622e-02 -9.631e-03 -9.828e-04 0.000e+00
1393 1.113e-03 -5.301e-04 -1.088e-02 0.000e+00
1394 2.072e-03 -9.460e-03 3.004e-04 0.000e+00
1395 1.184e-02 -2.678e-03 -3.594e-03 0.000e+00
1396 -9.782e-04 3.692e-03 -4.604e-03 0.000e+00
1397 7.705e-03 -6.106e-03 -4.362e-03 0.000e+00
1398 1.107e-02 5.917e-03 2.009e-03 0.000e+00
1399 1.022e-02 -7.727e-03 3.240e-03 0.000e+00
1400 1.232e-02 -3.041e-04 -1.152e-03 0.000e+00
1401 1.391e-02 -9.137e-03 3.273e-03 0.000e+00
1402 1.842e-03 5.530e-03 2.838e-03 0.000e+00
1403 8.776e-03 8.451e-03 2.421e-03 0.000e+00
1404 5.421e-03 -7.597e-03 2.175e-03 0.000e+00
1405 1.024e-02 -5.335e-03 -5.218e-03 0.000e+00
1406 -2.244e-05 -8.803e-03 2.375e-03 0.000e+00
1407 9.440e-03 -2.428e-03 5.291e-03 0.000e+00
1408 7.873e-03 2.193e-03 4.846e-03 0.000e+00
1409 3.982e-03 -5.529e-03 -5.247e-03 0.000e+00
1410 9.765e-04 1.774e-02 2.311e-03 5.870e+01
1411 5.408e-03 6.239e-03 5.772e-03 0.000e+00
1412 6.744e-03 7.769e-03 8.116e-03 0.000e+00
1413 -2.724e-03 6.984e-03 -1.920e-03 0.000e+00
1414 8.305e-03 -6.042e-03 -2.699e-03 0.000e+00
1415 9.006e-03 -9.927e-03 -6.226e-03 0.000e+00
1416 4.047e-03 -1.016e-02 -2.429e-03 0.000e+00
1417 4.882e-03 -2.416e-03 -5.064e-03 0.000e+00
1418 -1.020e-03 -2.788e-03 3.725e-03 0.000e+00
1419 8.782e-03 -9.744e-05 1.244e-02 0.000e+00
1420 1.102e-02 -7.435e-03 -6.265e-03 0.000e+00
1421 1.687e-03 -1.859e-03 -7.760e-03 0.000e+00
1422 5.307e-03 -8.200e-04 2.207e-03 0.000e+00
1423 -5.021e-03 -2.955e-03 1.560e-03 0.000e+00
1424 6.396e-03 9.281e-03 -6.051e-03 0.000e+00
1425 -4.373e-03 2.023e-03 1.556e-03 0.000e+00
1426 -1.994e-03 -8.184e-03 8.060e-03 0.000e+00
1427 9.962e-03 -9.958e-03 5.351e-03 0.000e+00
1428 1.536e-03 3.518e-03 -5.142e-03 0.000e+00
1429 9.489e-03 2.874e-03 -5.585e-03 0.000e+00
1430 -4.626e-03 -9.973e-03 4.919e-03 0.000e+00
1431 2.255e-03 1.297e-02 -3.603e-03 4.117e+01
1432 -3.659e-03 -9.435e-03 -4.084e-03 0.000e+00
1433 3.509e-03 -5.253e-03 -4.044e-03 0.000e+00
1434 -1.159e-03 -8.610e-03 3.527e-03 0.000e+00
1435 1.008e-02 -9.091e-03 -8.841e-03 0.000e+00
1436 1.517e-02 -7.830e-03 -9.238e-03 0.000e+00
1437 2.490e-03 1.462e-03 1.751e-03 0.000e+00
1438 6.403e-03 8.126e-05 2.539e-03 0.000e+00
1439 1.085e-02 7.942e-03 1.087e-03 0.000e+00
1440 -3.181e-03 5.445e-03 -6.744e-03 0.000e+00
1441 1.655e-03 1.171e-02 -6.157e-05 5.959e+01
1442 -3.922e-03 -9.177e-03 5.511e-03 0.000e+00
1443 5.745e-03 2.593e-03 9.532e-03 0.000e+00
1444 3.889e-03 -7.928e-03 2.401e-03 0.000e+00
1445 6.112e-04 4.670e-03 -1.425e-03 0.000e+00
1446 1.452e-02 1.044e-02 -3.618e-03 -1.031e+02
1447 -3.794e-03 -9.502e-03 -5.608e-03 0.000e+00
1448 5.700e-03 7.662e-03 -1.128e-02 0.000e+00
1449 7.467e-03 2.274e-03 7.891e-03 0.000e+00
1450 5.734e-03 -1.677e-03 3.387e-03 0.000e+00
1451 2.747e-03 -1.030e-02 1.208e-02 0.000e+00
1452 6.387e-03 -9.935e-03 1.334e-03 0.000e+00
1453 -4.672e-03 7.414e-03 1.598e-03 0.000e+00
1454 -1.399e-02 -8.329e-03 -4.014e-03 0.000e+00
1455 5.731e-04 4.820e-03 -6.353e-03 0.000e+00
1456 6.396e-03 -8.644e-03 1.172e-02 0.000e+00
1457 -6.149e-04 1.060e-03 1.552e-03 0.000e+00
1458 1.612e-02 8.176e-04 3.624e-03 0.000e+00
1459 7.842e-03 -8.040e-03 -2.741e-03 0.000e+00
1460 9.444e-03 -7.116e-03 1.167e-02 0.000e+00
1461 1.536e-03 -7.859e-03 -4.984e-03 0.000e+00
1462 6.360e-04 1.009e-02 1.218e-02 0.000e+00
1463 8.380e-03 5.202e-03 4.874e-03 0.000e+00
1464 6.726e-04 -8.156e-03 1.830e-04 0.000e+00
1465 -1.002e-04 1.399e-03 -1.217e-03 0.000e+00
1466 5.496e-03 3.694e-03 -1.155e-02 0.000e+00
1467 4.618e-03 -8.514e-03 -1.943e-03 0.000e+00
1468 5.391e-03 4.486e-03 -6.825e-03 0.000e+00
1469 2.999e-03 9.795e-03 -8.853e-03 0.000e+00
1470 1.254e-02 5.882e-04 7.598e-04 0.000e+00
1471 -1.275e-02 4.461e-03 -6.333e-03 0.000e+00
1472 -5.075e-03 8.055e-03 2.657e-03 0.000e+00
1473 -4.272e-03 4.935e-03 -4.705e-03 0.000e+00
1474 5.943e-03 -4.994e-03 6.692e-03 0.000e+00
1475 6.987e-03 -9.491e-03 -2.538e-03 0.000e+00
1476 -5.950e-03 -1.022e-02 -7.015e-03 0.000e+00
1477 2.771e-03 -4.901e-03 -2.853e-04 0.000e+00
1478 -2.217e-03 6.803e-03 -4.307e-03 0.000e+00
1479 -4.375e-04 -9.074e-03 1.112e-03 0.000e+00
1480 -1.604e-03 2.758e-03 4.978e-03 0.000e+00
1481 7.002e-04 -1.463e-03 4.700e-03 0.000e+00
1482 9.290e-03 5.912e-03 -4.534e-03 0.000e+00
1483 2.326e-03 -9.892e-03 -1.345e-02 0.000e+00
1484 1.067e-02 1.656e-04 -5.798e-03 0.000e+00
1485 1.267e-02 -2.795e-03 -1.294e-02 0.000e+00
1486 7.048e-03 -9.842e-03 3.200e-03 0.000e+00
1487 7.210e-03 3.278e-03 5.302e-03 0.000e+00
1488 -9.591e-04 -8.202e-03 -4.466e-03 0.000e+00
1489 2.729e-03 5.394e-03 1.293e-03 0.000e+00
1490 1.037e-02 1.056e-02 -6.729e-03 -6.905e+01
1491 4.677e-04 2.400e-03 1.580e-03 0.000e+00
1492 1.113e-02 1.690e-03 3.561e-03 0.000e+00
1493 -1.320e-03 -1.830e-03 -4.502e-03 0.000e+00
1494 3.678e-04 -7.947e-03 1.925e-04 0.000e+00
1495 1.406e-03 3.572e-03 5.530e-05 0.000e+00
1496 1.412e-02 -7.186e-03 -2.003e-03 0.000e+00
1497 6.113e-03 8.427e-03 9.180e-03 0.000e+00
1498 -3.298e-04 4.878e-03 -5.701e-04 0.000e+00
1499 1.076e-03 -8.924e-03 -8.804e-03 0.000e+00
1500 -1.059e-02 2.788e-03 5.239e-03 0.000e+00
1501 5.430e-03 -6.946e-03 2.326e-03 0.000e+00
1502 -7.238e-03 9.498e-04 -2.878e-03 0.000e+00
1503 4.450e-03 3.427e-04 -9.702e-03 0.000e+00
1504 7.809e-03 4.089e-03 -1.287e-03 0.000e+00
1505 -3.652e-03 -5.696e-03 -7.312e-03 0.000e+00
1506 9.374e-03 -9.593e-03 2.486e-03 0.000e+00
1507 1.844e-04 -9.710e-03 -2.819e-03 0.000e+00
1508 -4.746e-03 8.777e-03 -4.004e-03 0.000e+00
1509 2.743e-05 -1.009e-02 1.104e-02 0.000e+00
1510 1.750e-03 -7.975e-03 3.832e-04 0.000e+00
1511 -2.784e-03 -8.301e-03 -4.828e-03 0.000e+00
1512 1.043e-02 -9.835e-03 9.971e-03 0.000e+00
1513 -3.928e-03 -2.798e-03 -1.355e-03 0.000e+00
1514 1.157e-02 -8.783e-03 -1.780e-03 0.000e+00
1515 9.269e-03 -9.853e-03 -1.977e-03 0.000e+00
1516 -3.825e-03 7.392e-03 -4.932e-03 0.000e+00
1517 1.149e-02 6.016e-03 3.242e-03 0.000e+00
1518 3.129e-03 5.893e-03 -2.412e-03 0.000e+00
1519 -2.642e-03 -9.236e-03 5.224e-03 0.000e+00
1520 8.016e-03 5.532e-03 -1.784e-03 0.000e+00
1521 -3.989e-03 -7.035e-03 -1.058e-02 0.000e+00
1522 1.137e-02 -8.853e-03 4.560e-03 0.000e+00
1523 4.343e-03 4.920e-03 -1.172e-03 0.000e+00
1524 8.546e-03 -9.927e-03 -3.757e-03 0.000e+00
1525 -4.016e-03 -2.584e-03 5.643e-03 0.000e+00
1526 6.441e-03 -7.718e-03 2.174e-03 0.000e+00
1527 6.413e-03 4.168e-03 -3.715e-03 0.000e+00
1528 -3.908e-04 7.141e-03 -2.911e-04 0.000e+00
1529 6.801e-03 -9.182e-03 -6.507e-03 0.000e+00
1530 3.983e-03 -2.637e-03 -1.162e-02 0.000e+00
1531 -4.745e-03 -5.827e-03 -4.050e-03 0.000e+00
1532 3.440e-03 1.011e-04 -6.638e-03 0.000e+00
1533 1.036e-03 -5.638e-03 -2.199e-03 0.000e+00
1534 3.124e-03 4.533e-03 7.749e-03 0.000e+00
1535 5.371e-03 -8.765e-03 2.164e-04 0.000e+00
1536 1.683e-02 7.861e-04 -6.894e-03 0.000e+00
1537 1.197e-02 8.500e-03 -6.664e-03 0.000e+00
1538 1.341e-02 -9.496e-03 -1.515e-03 0.000e+00
1539 3.786e-03 2.544e-04 5.908e-03 0.000e+00
1540 7.655e-04 2.022e-03 -1.439e-02 0.000e+00
1541 1.098e-02 6.000e-03 -2.525e-03 0.000e+00
1542 -3.514e-03 3.812e-05 7.329e-03 0.000e+00
1543 -3.725e-03 -8.020e-03 -3.829e-03 0.000e+00
1544 8.142e-03 3.958e-03 1.616e-03 0.000e+00
1545 2.972e-03 2.175e-03 5.305e-03 0.000e+00
1546 -5.448e-03 -8.486e-03 1.086e-02 0.000e+00
1547 7.270e-03 8.588e-03 1.215e-02 0.000e+00
1548 3.460e-03 1.588e-03 -6.105e-03 0.000e+00
1549 -1.512e-03 7.782e-03 2.842e-03 0.000e+00
1550 -3.710e-03 -8.515e-03 -3.335e-03 0.000e+00
1551 -7.254e-03 9.971e-04 9.112e-04 0.000e+00
1552 -2.793e-03 -7.870e-03 1.350e-03 0.000e+00
1553 -7.595e-03 1.101e-02 -3.596e-03 -2.311e+01
1554 5.590e-03 -1.002e-02 -2.561e-03 0.000e+00
1555 3.076e-03 1.436e-03 1.848e-04 0.000e+00
1556 3.523e-03 3.234e-03 -1.343e-03 0.000e+00
1557 1.693e-03 -1.905e-03 1.035e-03 0.000e+00
1558 5.484e-03 3.147e-03 -2.893e-03 0.000e+00
1559 5.993e-03 -7.055e-03 5.623e-04 0.000e+00
1560 -8.680e-03 -7.519e-03 1.119e-02 0.000e+00
1561 2.583e-03 -9.099e-03 -5.455e-03 0.000e+00
1562 8.598e-03 -9.448e-03 -1.079e-02 0.000e+00
1563 2.016e-03 -8.015e-03 3.751e-03 0.000e+00
1564 -7.680e-04 -8.770e-03 -1.733e-03 0.000e+00
1565 1.617e-03 6.626e-03 -1.383e-03 0.000e+00
1566 -2.320e-03 1.390e-02 -4.058e-04 -5.989e+01
1567 2.704e-03 -9.845e-03 2.836e-03 0.000e+00
1568 7.936e-03 6.716e-04 3.006e-03 0.000e+00
1569 1.211e-02 2.532e-04 3.528e-04 0.000e+00
1570 -1.364e-03 -1.015e-02 -3.061e-03 0.000e+00
1571 -6.368e-03 3.183e-03 -2.754e-03 0.000e+00
1572 7.082e-03 5.001e-04 8.456e-04 0.000e+00
1573 4.650e-03 -7.496e-03 1.237e-03 0.000e+00
1574 -2.328e-03 -9.652e-03 -1.631e-03 0.000e+00
1575 2.292e-03 2.407e-03 9.907e-04 0.000e+00
1576 -3.386e-03 -8.864e-03 9.925e-05 0.000e+00
1577 3.373e-03 -9.138e-04 6.622e-04 0.000e+00
1578 3.629e-03 -8.819e-03 -5.853e-04 0.000e+00
1579 5.760e-03 6.578e-03 2.676e-03 0.000e+00
1580 1.855e-03 -2.537e-03 -5.385e-03 0.000e+00
1581 7.382e-03 3.707e-03 4.292e-04 0.000e+00
1582 6.534e-03 -1.029e-02 -3.046e-03 0.000e+00
1583 -2.988e-03 1.214e-03 3.594e-03 0.000e+00
1584 -2.730e-03 3.232e-03 1.259e-02 0.000e+00
1585 -6.661e-04 -7.623e-03 -1.048e-03 0.000e+00
1586 -2.882e-05 -6.399e-03 -3.976e-03 0.000e+00
1587 -3.548e-03 -7.967e-03 5.788e-04 0.000e+00
1588 5.375e-03 -7.256e-03 1.698e-03 0.000e+00
1589 -1.275e-02 1.214e-02 -7.907e-04 2.489e+01
1590 -4.427e-03 9.922e-03 -6.574e-03 0.000e+00
1591 3.291e-03 4.324e-03 3.153e-03 0.000e+00
1592 4.616e-03 1.151e-02 2.735e-03 -5.394e+01
1593 1.439e-02 5.282e-03 -4.645e-03 0.000e+00
1594 -1.445e-03 -7.228e-03 -7.995e-03 0.000e+00
1595 4.173e-03 -9.540e-03 -4.878e-03 0.000e+00
1596 -6.037e-03 -8.643e-03 3.658e-03 0.000e+00
1597 9.446e-03 1.056e-02 3.502e-03 -5.657e+01
1598 5.923e-03 -1.987e-04 2.202e-03 0.000e+00
1599 2.526e-03 -9.053e-03 -4.153e-03 0.000e+00
1600 -7.247e-03 -7.222e-04 -3.594e-03 0.000e+00
1601 1.377e-02 4.028e-03 1.231e-02 0.000e+00
1602 -3.877e-03 3.723e-03 -5.893e-03 0.000e+00
1603 9.630e-03 -1.007e-02 -7.609e-03 0.000e+00
1604 6.134e-03 -1.761e-03 -1.134e-02 0.000e+00
1605 6.315e-03 -8.695e-03 9.663e-04 0.000e+00
1606 -8.093e-03 7.662e-03 5.854e-03 0.000e+00
1607 1.180e-02 -7.874e-03 -1.184e-03 0.000e+00
1608 2.779e-03 6.974e-03 9.276e-03 0.000e+00
1609 4.625e-03 -6.011e-03 -4.666e-03 0.000e+00
1610 -6.446e-03 -5.322e-03 -3.946e-03 0.000e+00
1611 -8.848e-03 7.535e-03 -6.193e-03 0.000e+00
1612 -8.050e-03 -9.743e-03 -1.186e-03 0.000e+00
1613 -1.987e-03 -8.672e-03 3.019e-04 0.000e+00
1614 2.504e-04 -6.590e-03 -1.858e-03 0.000e+00
1615 -5.984e-03 6.737e-04 5.671e-03 0.000e+00
1616 -1.562e-02 3.943e-03 -7.384e-04 0.000e+00
1617 1.327e-03 -9.188e-03 -1.009e-02 0.000e+00
1618 -7.791e-04 -8.063e-04 5.228e-03 0.000e+00
1619 7.055e-03 2.782e-03 -4.993e-03 0.000e+00
1620 3.265e-03 -8.478e-03 -3.765e-03 0.000e+00
1621 -3.253e-03 -6.612e-03 1.055e-02 0.000e+00
1622 9.267e-03 1.094e-02 4.625e-03 -9.753e+00
1623 -1.237e-02 6.833e-04 6.780e-03 0.000e+00
1624 -9.269e-03 3.553e-03 -5.935e-03 0.000e+00
1625 1.066e-02 7.436e-03 -1.977e-03 0.000e+00
1626 -5.686e-03 -4.504e-03 -7.541e-03 0.000e+00
1627 1.229e-04 3.677e-03 -3.784e-03 0.000e+00
1628 1.166e-02 6.811e-03 -1.939e-03 0.000e+00
1629 -5.125e-03 2.920e-03 7.619e-03 0.000e+00
1630 1.031e-02 9.877e-03 -5.097e-03 0.000e+00
1631 9.694e-03 3.594e-03 -1.017e-02 0.000e+00
1632 -2.289e-03 4.309e-03 2.372e-03 0.000e+00
1633 -1.049e-02 1.441e-03 5.100e-03 0.000e+00
1634 -6.244e-04 -3.313e-03 4.815e-03 0.000e+00
1635 3.007e-04 1.061e-03 8.543e-03 0.000e+00
1636 -1.725e-03 -6.712e-03 4.544e-03 0.000e+00
1637 -4.131e-03 8.628e-03 2.569e-03 0.000e+00
1638 -9.422e-03 -6.229e-03 -6.326e-03 0.000e+00
1639 6.007e-03 -7.066e-03 -2.139e-03 0.000e+00
1640 -6.801e-03 -4.802e-04 -5.907e-03 0.000e+00
1641 2.542e-04 -1.825e-03 -6.468e-03 0.000e+00
1642 5.069e-04 6.613e-03 3.106e-03 0.000e+00
1643 2.990e-03 2.385e-03 7.873e-04 0.000e+00
1644 -3.121e-03 9.513e-04 -3.080e-03 0.000e+00
1645 -1.018e-02 6.643e-03 1.475e-03 0.000e+00
1646 -6.199e-03 -7.685e-03 -2.738e-03 0.000e+00
1647 -3.381e-03 -6.981e-03 -1.691e-03 0.000e+00
1648 1.068e-03 1.827e-03 1.788e-03 0.000e+00
1649 1.896e-03 1.137e-02 2.745e-03 6.906e+01
1650 6.018e-04 -6.867e-03 5.008e-03 0.000e+00
1651 -3.279e-03 9.547e-04 1.086e-03 0.000e+00
1652 -8.480e-03 3.672e-03 2.364e-03 0.000e+00
1653 -2.314e-03 -9.799e-03 2.734e-03 0.000e+00
1654 -8.478e-03 4.163e-03 4.793e-03 0.000e+00
1655 7.323e-03 1.343e-03 -9.365e-03 0.000e+00
1656 3.964e-03 4.212e-03 -1.944e-04 0.000e+00
1657 -1.056e-02 -6.488e-04 6.354e-03 0.000e+00
1658 3.725e-03 9.714e-04 9.002e-03 0.000e+00
1659 -7.131e-03 5.630e-03 1.053e-02 0.000e+00
1660 1.272e-02 -9.363e-03 -1.408e-03 0.000e+00
1661 7.047e-03 1.946e-03 3.680e-03 0.000e+00
1662 -2.481e-03 2.537e-03 -2.854e-03 0.000e+00
1663 1.967e-03 1.280e-02 2.785e-03 5.477e+00
1664 1.154e-02 3.046e-03 5.015e-03 0.000e+00
1665 7.244e-03 -8.847e-03 5.728e-03 0.000e+00
1666 -4.056e-03 -1.010e-02 -1.565e-03 0.000e+00
1667 -5.982e-04 -8.873e-03 -6.957e-03 0.000e+00
1668 -8.585e-03 -9.989e-03 4.527e-03 0.000e+00
1669 -1.122e-03 -9.312e-03 -1.977e-03 0.000e+00
1670 -2.847e-03 -6.638e-03 6.053e-03 0.000e+00
1671 1.329e-03 -7.220e-03 -4.424e-03 0.000e+00
1672 -6.818e-03 -8.325e-03 -1.835e-02 0.000e+00
1673 -1.350e-03 -9.220e-03 -1.126e-02 0.000e+00
1674 -1.035e-02 -7.540e-03 2.150e-04 0.000e+00
1675 -4.077e-04 -2.760e-03 -6.663e-03 0.000e+00
1676 -4.363e-03 -1.027e-02 6.487e-03 0.000e+00
1677 1.555e-03 -8.891e-03 -3.197e-03 0.000e+00
1678 -6.634e-03 5.487e-04 -5.515e-03 0.000e+00
1679 -1.246e-03 6.580e-03 -3.756e-04 0.000e+00
1680 -5.115e-03 -7.794e-03 -5.720e-04 0.000e+00
1681 1.776e-03 5.867e-03 -6.270e-03 0.000e+00
1682 8.124e-03 -6.926e-03 -9.855e-03 0.000e+00
1683 3.228e-03 -4.902e-03 -1.246e-02 0.000e+00
1684 -5.143e-03 5.476e-03 -8.791e-03 0.000e+00
1685 -1.014e-02 2.291e-03 1.421e-02 0.000e+00
1686 3.523e-03 7.139e-03 -1.836e-03 0.000e+00
1687 -2.166e-03 -5.631e-03 8.481e-03 0.000e+00
1688 -3.163e-04 4.435e-03 -1.122e-02 0.000e+00
1689 -5.404e-03 -5.619e-03 -6.005e-03 0.000e+00
1690 -4.054e-03 -9.529e-03 -3.685e-03 0.000e+00
1691 -2.708e-03 8.835e-04 3.172e-03 0.000e+00
1692 -9.936e-03 4.501e-03 3.834e-04 0.000e+00
1693 -2.224e-03 -1.321e-03 -9.652e-03 0.000e+00
1694 -3.699e-03 -7.528e-03 -5.840e-04 0.000e+00
1695 -1.879e-03 2.588e-03 -1.564e-03 0.000e+00
1696 4.725e-03 -1.478e-03 4.724e-04 0.000e+00
1697 -1.939e-03 -7.659e-03 4.890e-03 0.000e+00
1698 -2.423e-03 -1.890e-03 1.808e-03 0.000e+00
1699 -6.126e-03 4.823e-03 6.075e-03 0.000e+00
1700 -4.559e-03 -8.025e-03 4.011e-03 0.000e+00
1701 -1.079e-02 3.424e-03 -1.888e-03 0.000e+00
1702 -2.285e-03 8.576e-03 -5.020e-03 0.000e+00
1703 -3.533e-03 -9.848e-03 -4.817e-03 0.000e+00
1704 1.877e-03 -9.978e-03 -2.787e-03 0.000e+00
1705 -4.776e-03 7.363e-03 -2.229e-03 0.000e+00
1706 3.554e-03 -6.880e-03 -3.880e-03 0.000e+00
1707 -2.814e-04 -9.291e-03 5.579e-03 0.000e+00
1708 -5.086e-03 -9.872e-03 3.688e-03 0.000e+00
1709 -5.510e-03 2.753e-03 -1.645e-03 0.000e+00
1710 4.302e-03 2.411e-03 2.363e-03 0.000e+00
1711 -3.439e-03 -9.710e-04 -3.392e-03 0.000e+00
1712 -3.972e-03 -8.824e-03 1.092e-02 0.000e+00
1713 4.799e-03 3.857e-03 4.833e-03 0.000e+00
1714 -5.776e-03 -7.520e-03 3.677e-03 0.000e+00
1715 3.604e-03 -1.028e-02 -2.369e-04 0.000e+00
1716 -1.563e-02 -1.010e-02 1.945e-03 0.000e+00
1717 -5.742e-03 8.349e-03 7.678e-04 0.000e+00
1718 -2.462e-03 9.494e-03 1.461e-03 0.000e+00
1719 2.828e-04 -4.863e-03 -2.099e-03 0.000e+00
1720 6.166e-03 4.251e-03 -2.298e-03 0.000e+00
1721 4.175e-03 -9.320e-03 -1.437e-03 0.000e+00
1722 -7.781e-04 -7.968e-03 -4.082e-03 0.000e+00
1723 -3.475e-04 5.334e-03 4.509e-03 0.000e+00
1724 6.212e-03 -8.528e-03 -7.268e-03 0.000e+00
1725 -3.790e-03 6.017e-03 6.033e-04 0.000e+00
1726 -5.712e-04 6.982e-03 -4.144e-04 0.000e+00
1727 -6.644e-04 -5.859e-03 1.471e-03 0.000e+00
1728 3.233e-03 3.725e-03 4.101e-03 0.000e+00
1729 -2.693e-03 4.055e-03 6.959e-03 0.000e+00
1730 -9.777e-03 1.442e-03 -4.047e-03 0.000e+00
1731 -3.506e-03 2.752e-03 7.664e-03 0.000e+00
1732 -3.919e-03 3.588e-03 3.966e-03 0.000e+00
1733 6.630e-03 5.143e-03 4.873e-03 0.000e+00
1734 -2.119e-03 3.031e-03 4.916e-04 0.000e+00
1735 -8.035e-03 -1.956e-03 -4.889e-04 0.000e+00
1736 -2.939e-03 -9.478e-03 -1.098e-02 0.000e+00
1737 -4.819e-03 5.011e-03 3.303e-03 0.000e+00
1738 -9.823e-04 -7.854e-03 6.815e-03 0.000e+00
1739 -1.021e-02 -7.346e-03 5.775e-03 0.000e+00
1740 -1.762e-03 4.095e-03 -5.384e-03 0.000e+00
1741 -3.219e-03 5.382e-03 9.933e-05 0.000e+00
1742 -2.710e-03 -3.067e-03 -1.443e-02 0.000e+00
1743 -1.191e-02 6.733e-03 -4.645e-03 0.000e+00
1744 3.677e-04 6.894e-03 -6.516e-03 0.000e+00
1745 -4.782e-03 -9.596e-03 -1.630e-03 0.000e+00
1746 8.157e-03 -3.196e-03 -8.405e-03 0.000e+00
1747 -6.248e-03 2.023e-03 4.929e-03 0.000e+00
1748 -2.830e-03 -1.226e-03 -7.827e-03 0.000e+00
1749 -1.256e-02 -6.576e-03 1.114e-02 0.000e+00
1750 -8.245e-03 1.758e-03 1.551e-03 0.000e+00
1751 -1.457e-02 8.443e-03 -8.728e-03 0.000e+00
1752 6.296e-04 3.964e-03 -8.201e-04 0.000e+00
1753 6.931e-03 9.060e-03 3.132e-04 0.000e+00
1754 3.423e-04 5.856e-03 -3.204e-03 0.000e+00
1755 1.617e-04 7.071e-03 8.843e-03 0.000e+00
1756 -5.564e-03 5.430e-03 1.979e-03 0.000e+00
1757 -2.047e-03 -9.144e-03 -7.786e-03 0.000e+00
1758 -9.027e-03 1.529e-02 -1.921e-03 1.482e+00
1759 -7.774e-03 5.000e-03 5.865e-03 0.000e+00
1760 1.230e-03 5.537e-04 -1.273e-03 0.000e+00
1761 2.699e-03 -8.849e-03 3.560e-04 0.000e+00
1762 -1.221e-03 8.991e-03 3.384e-03 0.000e+00
1763 -5.189e-04 1.126e-03 -1.336e-03 0.000e+00
1764 -3.405e-03 -8.272e-03 -2.177e-03 0.000e+00
1765 2.511e-03 4.041e-03 3.567e-03 0.000e+00
1766 2.269e-03 4.359e-03 -7.524e-03 0.000e+00
1767 3.438e-03 7.994e-03 6.511e-03 0.000e+00
1768 -8.729e-03 -9.237e-03 -1.534e-03 0.000e+00
1769 -1.740e-03 -7.885e-03 7.432e-03 0.000e+00
1770 -3.301e-03 8.407e-03 9.433e-03 0.000e+00
1771 -6.253e-03 -1.029e-02 -2.784e-03 0.000e+00
1772 -6.393e-03 3.332e-03 -2.919e-03 0.000e+00
1773 -5.225e-03 6.692e-03 1.684e-03 0.000e+00
1774 -8.984e-03 -7.176e-03 -1.294e-02 0.000e+00
1775 -1.900e-03 2.045e-04 -1.540e-02 0.000e+00
1776 2.827e-03 4.391e-03 2.787e-03 0.000e+00
1777 2.399e-03 -9.914e-03 -1.668e-03 0.000e+00
1778 -5.641e-03 6.649e-03 -2.226e-03 0.000e+00
1779 -4.645e-03 -1.916e-03 -1.346e-02 0.000e+00
1780 -1.165e-02 -4.162e-03 -3.110e-03 0.000e+00
1781 5.501e-04 9.988e-04 -1.106e-02 0.000e+00
1782 -5.181e-03 -8.722e-03 3.499e-03 0.000e+00
1783 1.769e-03 -9.180e-03 -3.959e-03 0.000e+00
1784 -1.012e-02 3.531e-04 -1.097e-03 0.000e+00
1785 4.050e-03 -6.891e-03 1.708e-03 0.000e+00
1786 -6.385e-04 5.199e-03 -1.034e-02 0.000e+00
1787 -5.547e-03 2.108e-03 6.228e-03 0.000e+00
1788 1.798e-03 -9.299e-03 -1.411e-02 0.000e+00
1789 -1.939e-03 -9.201e-03 -1.112e-03 0.000e+00
1790 -1.829e-03 9.199e-03 1.050e-02 0.000e+00
1791 -7.881e-03 3.873e-03 3.031e-03 0.000e+00
1792 -5.623e-03 -9.216e-03 -4.964e-03 0.000e+00
1793 -1.041e-02 3.222e-03 1.008e-03 0.000e+00
1794 4.669e-03 1.097e-03 -8.635e-03 0.000e+00
1795 -5.543e-03 -8.740e-03 -4.382e-03 0.000e+00
1796 3.704e-03 -9.251e-03 -2.176e-04 0.000e+00
1797 -2.592e-03 9.236e-03 1.584e-03 0.000e+00
1798 3.219e-04 -9.913e-03 2.815e-03 0.000e+00
1799 3.930e-04 1.654e-03 1.392e-02 0.000e+00
1800 2.942e-03 -6.371e-04 -1.273e-03 0.000e+00
1801 1.443e-03 -9.513e-03 3.154e-05 0.000e+00
1802 -3.701e-03 4.793e-03 8.183e-03 0.000e+00
1803 1.392e-03 -8.841e-03 1.132e-02 0.000e+00
1804 3.919e-03 -6.824e-03 2.089e-03 0.000e+00
1805 -3.632e-03 -8.704e-04 4.561e-03 0.000e+00
1806 -5.180e-03 6.406e-03 9.261e-04 0.000e+00
1807 5.545e-03 -9.196e-03 3.883e-03 0.000e+00
1808 6.747e-03 -8.178e-03 6.698e-03 0.000e+00
1809 -4.333e-03 8.379e-03 1.152e-02 0.000e+00
1810 -1.745e-03 -8.893e-03 8.730e-03 0.000e+00
1811 -7.207e-03 2.450e-03 -5.282e-05 0.000e+00
1812 -2.581e-03 -1.023e-02 7.504e-03 0.000e+00
1813 -4.057e-03 1.340e-04 1.266e-02 0.000e+00
1814 -5.670e-03 -6.317e-03 8.571e-03 0.000e+00
1815 -3.856e-03 -8.676e-03 3.972e-03 0.000e+00
1816 -7.318e-03 -1.029e-02 5.937e-03 0.000e+00
1817 -2.721e-03 -8.149e-03 3.272e-03 0.000e+00
1818 -1.702e-02 -5.219e-03 -2.387e-04 0.000e+00
1819 2.483e-03 4.014e-03 -8.157e-03 0.000e+00
1820 9.667e-03 5.431e-03 -3.922e-03 0.000e+00
1821 8.802e-03 3.618e-03 6.821e-03 0.000e+00
1822 -1.937e-02 -6.626e-03 -9.098e-03 0.000e+00
1823 -7.460e-03 1.870e-03 -1.321e-05 0.000e+00
1824 -2.006e-03 -8.403e-04 1.595e-03 0.000e+00
1825 9.129e-03 8.191e-03 5.153e-04 0.000e+00
1826 -1.104e-02 -9.129e-03 -8.174e-04 0.000e+00
1827 -1.834e-03 -7.993e-03 -1.117e-02 0.000e+00
1828 -9.037e-03 -9.840e-03 -1.057e-03 0.000e+00
1829 -7.242e-03 1.888e-03 -1.176e-02 0.000e+00
1830 -2.914e-03 -8.814e-03 1.454e-03 0.000e+00
1831 5.056e-03 -9.742e-03 -5.904e-03 0.000e+00
1832 -3.383e-03 -9.230e-03 5.178e-03 0.000e+00
1833 -4.124e-03 -1.739e-03 -3.352e-03 0.000e+00
1834 -5.858e-03 1.672e-04 -7.229e-03 0.000e+00
1835 1.389e-03 9.417e-03 -8.651e-03 0.000e+00
1836 -1.118e-03 -8.769e-03 1.235e-02 0.000e+00
1837 -7.524e-03 5.686e-03 -2.151e-03 0.000e+00
1838 -1.492e-02 -2.454e-03 1.058e-03 0.000e+00
1839 4.128e-03 2.356e-03 8.644e-04 0.000e+00
1840 -9.580e-03 -9.184e-03 5.223e-03 0.000e+00
1841 -4.278e-03 -8.761e-03 -1.699e-03 0.000e+00
1842 -8.859e-03 1.730e-03 -5.923e-03 0.000e+00
1843 -9.904e-04 -9.968e-03 -4.452e-03 0.000e+00
1844 -2.149e-03 8.882e-03 6.711e-03 0.000e+00
1845 2.002e-03 9.181e-03 -2.468e-03 0.000e+00
1846 -1.448e-02 -9.278e-03 7.037e-03 0.000e+00
1847 1.513e-04 1.151e-02 -4.829e-03 -3.847e+01
1848 3.175e-03 -8.177e-03 1.237e-02 0.000e+00
1849 5.978e-04 5.078e-03 4.436e-03 0.000e+00
1850 -1.068e-04 -7.941e-03 -3.563e-03 0.000e+00
1851 -9.330e-03 -8.122e-03 -6.090e-03 0.000e+00
1852 -5.954e-03 -9.014e-03 -3.132e-03 0.000e+00
1853 -1.603e-02 -8.809e-03 1.269e-02 0.000e+00
1854 -1.438e-02 -3.266e-04 -7.773e-04 0.000e+00
1855 -1.167e-02 4.891e-03 5.219e-03 0.000e+00
1856 -4.197e-03 -6.592e-03 3.656e-03 0.000e+00
1857 1.208e-03 1.161e-03 -4.111e-03 0.000e+00
1858 -1.410e-03 4.879e-03 -1.137e-03 0.000e+00
1859 -1.225e-02 -7.421e-03 -8.540e-04 0.000e+00
1860 -4.299e-03 -9.303e-03 -9.017e-03 0.000e+00
1861 -2.146e-03 8.016e-03 9.193e-04 0.000e+00
1862 -2.275e-03 8.995e-04 2.264e-03 0.000e+00
1863 3.749e-04 -2.495e-03 7.023e-03 0.000e+00
1864 -2.911e-03 5.478e-03 -8.356e-03 0.000e+00
1865 -8.577e-03 -1.589e-03 4.987e-03 0.000e+00
1866 -9.358e-03 2.443e-03 -8.580e-03 0.000e+00
1867 -1.372e-03 4.581e-03 5.958e-03 0.000e+00
1868 -1.443e-02 7.261e-03 -9.885e-04 0.000e+00
1869 -1.533e-03 5.621e-03 2.184e-03 0.000e+00
1870 -8.484e-03 -7.978e-03 3.116e-03 0.000e+00
1871 -8.382e-03 3.185e-03 -8.161e-03 0.000e+00
1872 3.348e-03 5.776e-03 3.217e-03 0.000e+00
1873 -7.768e-03 -9.124e-03 9.187e-03 0.000e+00
1874 -7.744e-03 -3.997e-04 -3.657e-03 0.000e+00
1875 -5.507e-03 3.922e-03 4.740e-03 0.000e+00
1876 -4.929e-03 1.257e-02 7.848e-03 6.188e+01
1877 6.436e-03 -9.147e-03 -2.736e-03 0.000e+00
1878 4.552e-03 5.456e-03 -7.641e-03 0.000e+00
1879 1.384e-02 1.204e-03 2.036e-03 0.000e+00
1880 -2.330e-04 2.195e-03 -9.986e-03 0.000e+00
1881 -1.733e-02 1.373e-02 -7.160e-03 -4.825e+01
1882 -1.128e-02 -7.289e-03 -9.820e-03 0.000e+00
1883 1.655e-03 -6.790e-03 -8.799e-03 0.000e+00
1884 -8.543e-03 4.402e-03 -3.874e-03 0.000e+00
1885 -5.661e-03 7.445e-03 -1.258e-02 0.000e+00
1886 -9.484e-03 5.508e-03 1.912e-03 0.000e+00
1887 -9.762e-03 -7.839e-03 -6.213e-03 0.000e+00
1888 3.238e-03 6.691e-03 5.734e-03 0.000e+00
1889 9.207e-04 1.013e-02 1.004e-03 0.000e+00
1890 -2.205e-03 -9.929e-03 8.154e-03 0.000e+00
1891 -2.660e-03 2.719e-03 9.022e-03 0.000e+00
1892 1.396e-02 8.638e-03 -4.479e-03 0.000e+00
1893 -1.346e-03 3.333e-03 -1.634e-03 0.000e+00
1894 -1.804e-03 7.220e-03 -6.030e-03 0.000e+00
1895 -1.626e-03 2.717e-03 9.162e-03 0.000e+00
1896 -7.385e-03 -8.952e-03 8.504e-03 0.000e+00
1897 -8.535e-03 -9.715e-03 1.100e-02 0.000e+00
1898 -9.287e-03 -9.720e-03 3.352e-03 0.000e+00
1899 -4.127e-03 2.653e-03 -3.072e-03 0.000e+00
1900 -1.286e-03 5.613e-03 -2.731e-03 0.000e+00
1901 -6.079e-03 9.580e-03 -1.059e-06 0.000e+00
1902 -8.017e-03 -8.752e-03 -6.128e-03 0.000e+00
1903 -2.816e-03 -8.092e-03 -7.556e-04 0.000e+00
1904 -5.808e-04 -9.386e-03 -4.377e-04 0.000e+00
1905 -5.353e-03 4.282e-03 -4.244e-03 0.000e+00
1906 -4.271e-03 1.075e-03 6.579e-03 0.000e+00
1907 -1.681e-02 -1.757e-03 -3.326e-03 0.000e+00
1908 -1.324e-02 7.316e-03 -1.982e-03 0.000e+00
1909 -8.797e-03 -8.934e-03 -7.951e-03 0.000e+00
1910 -9.787e-03 -5.075e-04 -1.220e-03 0.000e+00
1911 -1.068e-03 1.450e-04 5.906e-03 0.000e+00
1912 2.144e-03 -9.807e-03 -4.425e-03 0.000e+00
1913 -5.152e-04 8.024e-03 -5.638e-03 0.000e+00
1914 5.266e-03 4.652e-03 3.954e-03 0.000e+00
1915 -6.152e-03 -7.518e-03 3.314e-04 0.000e+00
1916 -1.812e-03 -6.052e-03 -5.447e-03 0.000e+00
1917 -5.952e-03 4.707e-03 -8.019e-03 0.000e+00
1918 8.137e-04 5.509e-04 3.569e-03 0.000e+00
1919 2.073e-03 4.530e-03 4.243e-03 0.000e+00
1920 1.574e-03 -1.025e-02 9.333e-04 0.000e+00
1921 6.920e-04 -7.710e-03 1.530e-02 0.000e+00
1922 -1.230e-02 4.941e-03 1.117e-02 0.000e+00
1923 9.409e-04 -9.938e-03 -1.709e-03 0.000e+00
1924 -3.574e-03 5.400e-03 -6.847e-04 0.000e+00
1925 -5.025e-03 4.253e-04 -1.872e-03 0.000e+00
1926 -8.661e-03 -1.028e-02 6.609e-03 0.000e+00
1927 1.253e-05 -1.005e-02 2.331e-03 0.000e+00
1928 -1.098e-03 2.794e-03 3.282e-03 0.000e+00
1929 5.036e-03 -3.155e-04 4.717e-03 0.000e+00
1930 7.366e-03 9.550e-03 5.972e-03 0.000e+00
1931 -5.989e-03 3.583e-03 1.125e-02 0.000e+00
1932 2.453e-03 4.722e-04 -9.100e-03 0.000e+00
1933 -1.792e-03 3.681e-04 8.005e-04 0.000e+00
1934 -1.145e-02 -8.607e-03 -4.105e-03 0.000e+00
1935 -6.361e-04 1.043e-02 -1.748e-03 4.979e+01
1936 2.250e-03 3.368e-03 2.373e-03 0.000e+00
1937 2.057e-03 7.669e-04 -4.096e-03 0.000e+00
1938 8.384e-03 -6.169e-03 3.341e-03 0.000e+00
1939 -1.446e-02 4.055e-03 -2.780e-03 0.000e+00
1940 1.151e-03 1.191e-03 -1.304e-03 0.000e+00
1941 4.358e-03 6.328e-03 -5.361e-03 0.000e+00
1942 1.332e-03 8.671e-03 -2.804e-03 0.000e+00
1943 -1.397e-03 -1.460e-03 1.706e-03 0.000e+00
1944 -7.722e-03 -6.024e-03 2.269e-03 0.000e+00
1945 -6.079e-03 4.676e-03 4.595e-03 0.000e+00
1946 -1.536e-02 -6.780e-03 -1.959e-03 0.000e+00
1947 5.160e-03 -9.905e-03 5.798e-04 0.000e+00
1948 4.001e-03 -8.068e-03 -2.672e-03 0.000e+00
1949 -2.599e-03 -9.611e-03 -4.337e-03 0.000e+00
1950 -4.173e-03 6.998e-03 -1.801e-04 0.000e+00
1951 1.741e-03 1.519e-04 7.893e-03 0.000e+00
1952 -1.013e-02 -9.968e-03 -1.451e-03 0.000e+00
1953 8.480e-03 1.054e-02 -2.288e-03 -1.492e+01
1954 -2.213e-03 -8.796e-03 -2.465e-03 0.000e+00
1955 2.121e-03 -9.011e-04 4.207e-03 0.000e+00
1956 2.264e-03 8.442e-04 -5.270e-03 0.000e+00
1957 -6.039e-03 -9.841e-03 -9.225e-03 0.000e+00
1958 -3.125e-03 -7.544e-03 8.198e-03 0.000e+00
1959 4.837e-03 4.024e-03 9.740e-03 0.000e+00
1960 1.168e-03 7.840e-03 -1.212e-03 0.000e+00
1961 -3.241e-03 3.865e-03 -3.857e-03 0.000e+00
1962 1.657e-03 -9.838e-03 7.902e-03 0.000e+00
1963 1.691e-04 -3.564e-03 1.842e-03 0.000e+00
1964 9.085e-03 -9.723e-03 -7.994e-03 0.000e+00
1965 4.907e-03 9.272e-03 6.436e-03 0.000e+00
1966 5.167e-03 -9.615e-03 2.208e-03 0.000e+00
1967 -5.547e-03 -4.723e-03 1.926e-03 0.000e+00
1968 8.302e-04 -7.298e-03 -2.241e-03 0.000e+00
1969 -2.577e-03 2.439e-03 2.207e-03 0.000e+00
1970 9.552e-03 -1.027e-02 1.312e-03 0.000e+00
1971 1.934e-03 -6.310e-04 3.552e-03 0.000e+00
1972 8.790e-03 -9.701e-03 -6.723e-03 0.000e+00
1973 -2.551e-03 4.988e-03 9.862e-04 0.000e+00
1974 5.457e-03 -8.744e-03 -1.014e-02 0.000e+00
1975 -1.259e-03 7.055e-03 -2.917e-03 0.000e+00
1976 2.918e-03 -3.900e-03 -8.068e-03 0.000e+00
1977 6.474e-03 -9.560e-03 1.548e-03 0.000e+00
1978 -2.899e-03 -8.291e-03 1.143e-02 0.000e+00
1979 -4.673e-03 -9.061e-04 3.048e-04 0.000e+00
1980 1.158e-03 4.180e-03 1.054e-03 0.000e+00
1981 -7.297e-03 2.288e-03 -4.018e-03 0.000e+00
1982 1.392e-02 -5.829e-03 -1.004e-03 0.000e+00
1983 -5.698e-03 -6.715e-03 -7.422e-03 0.000e+00
1984 -3.155e-03 -5.642e-03 -5.365e-04 0.000e+00
1985 3.135e-03 6.418e-03 4.823e-03 0.000e+00
1986 7.003e-03 4.699e-03 6.416e-03 0.000e+00
1987 -3.891e-04 -8.207e-03 -1.778e-03 0.000e+00
1988 7.260e-03 3.962e-03 -1.790e-03 0.000e+00
1989 4.262e-04 -6.341e-03 4.090e-03 0.000e+00
1990 1.123e-02 1.756e-03 8.543e-03 0.000e+00
1991 1.374e-03 -5.944e-03 -7.862e-03 0.000e+00
1992 4.127e-03 -7.677e-03 -8.057e-03 0.000e+00
1993 7.395e-03 1.022e-02 -9.943e-04 0.000e+00
1994 -2.228e-03 1.102e-02 3.386e-03 -1.306e+01
1995 9.926e-03 4.230e-03 1.115e-03 0.000e+00
1996 2.237e-03 5.071e-05 6.391e-03 0.000e+00
1997 2.210e-03 -5.936e-03 -3.869e-03 0.000e+00
1998 2.787e-04 -7.188e-04 6.692e-03 0.000e+00
1999 4.442e-03 5.737e-03 -5.595e-03 0.000e+00
2000 4.770e-03 -1.456e-04 -1.285e-03 0.000e+00
2001 -1.318e-03 1.202e-03 5.986e-03 0.000e+00
2002 -4.071e-03 1.051e-02 9.807e-04 -9.236e+01
2003 7.759e-04 2.894e-03 -1.731e-03 0.000e+00
2004 1.018e-02 -1.012e-02 1.039e-02 0.000e+00
2005 7.875e-03 4.138e-03 -1.720e-03 0.000e+00
2006 -8.425e-03 2.273e-03 1.027e-02 0.000e+00
2007 3.879e-03 -8.798e-03 9.737e-04 0.000e+00
2008 8.923e-03 8.084e-03 6.987e-04 0.000e+00
2009 2.419e-03 -1.022e-02 -2.763e-03 0.000e+00
2010 6.984e-03 4.602e-04 -5.544e-03 0.000e+00
2011 1.186e-02 -1.974e-03 3.482e-03 0.000e+00
2012 -7.101e-03 -7.569e-03 6.197e-03 0.000e+00
2013 -4.019e-03 4.383e-03 -3.575e-03 0.000e+00
2014 5.828e-04 -6.420e-03 -2.576e-03 0.000e+00
2015 -4.888e-03 1.883e-03 3.915e-03 0.000e+00
2016 2.258e-03 9.000e-04 3.139e-03 0.000e+00
2017 3.952e-03 2.889e-03 5.919e-03 0.000e+00
2018 5.141e-03 9.387e-03 9.272e-03 0.000e+00
2019 -5.748e-03 -4.831e-03 2.387e-03 0.000e+00
2020 -4.067e-04 -8.883e-03 9.437e-03 0.000e+00
2021 4.554e-03 3.490e-04 -1.374e-04 0.000e+00
2022 -1.171e-04 7.045e-03 -4.411e-03 0.000e+00
2023 -1.190e-03 1.173e-03 -9.122e-03 0.000e+00
2024 3.715e-03 -1.022e-02 -2.156e-03 0.000e+00
2025 2.390e-03 -9.584e-03 9.991e-04 0.000e+00
2026 -1.125e-03 6.576e-04 -3.625e-03 0.000e+00
2027 1.133e-03 7.488e-03 6.456e-04 0.000e+00
2028 1.094e-02 2.995e-03 4.331e-03 0.000e+00
2029 2.328e-03 1.709e-03 2.646e-03 0.000e+00
2030 -1.885e-03 4.254e-04 1.305e-02 0.000e+00
2031 1.141e-02 5.681e-03 3.329e-03 0.000e+00
2032 7.948e-03 -7.823e-03 1.813e-03 0.000e+00
2033 -9.342e-04 -6.998e-03 5.060e-03 0.000e+00
2034 1.575e-02 -8.964e-03 4.868e-03 0.000e+00
2035 3.897e-03 -6.698e-03 5.143e-04 0.000e+00
2036 -7.278e-03 7.061e-03 2.768e-03 0.000e+00
2037 7.492e-03 -2.193e-03 -8.429e-04 0.000e+00
2038 -5.137e-03 -8.073e-03 6.315e-03 0.000e+00
2039 2.340e-03 6.091e-03 8.303e-04 0.000e+00
2040 6.264e-03 -9.268e-03 -1.518e-03 0.000e+00
2041 -4.049e-03 -8.035e-03 6.459e-03 0.000e+00
2042 1.163e-02 -2.020e-03 -1.696e-02 0.000e+00
2043 -3.309e-03 6.902e-04 4.658e-03 0.000e+00
2044 -3.966e-03 2.400e-03 1.484e-03 0.000e+00
2045 -6.722e-06 6.788e-03 -6.673e-03 0.000e+00
2046 4.711e-03 -9.794e-03 1.096e-02 0.000e+00
2047 -4.862e-03 -9.056e-03 -7.702e-03 0.000e+00
