Bin I L V PA
0 -1.675e-02 -3.159e-02 3.659e-02 0.000e+00
1 -9.598e-03 -5.400e-02 -8.007e-03 0.000e+00
2 5.427e-02 1.662e-02 5.004e-02 0.000e+00
3 8.289e-02 -1.954e-02 3.545e-02 0.000e+00
4 2.641e-02 8.322e-03 2.183e-02 0.000e+00
5 2.425e-02 1.280e-01 2.035e-03 1.006e+02
6 4.561e-02 -5.872e-02 -5.945e-03 0.000e+00
7 -4.208e-02 -5.090e-02 -3.035e-02 0.000e+00
8 8.990e-02 8.618e-02 -3.185e-02 8.133e+01
9 2.133e-03 -6.028e-02 -4.884e-03 0.000e+00
10 -4.280e-03 -4.668e-02 -4.013e-02 0.000e+00
11 2.734e-02 -4.329e-02 1.072e-02 0.000e+00
12 -1.519e-02 4.515e-03 2.957e-02 0.000e+00
13 6.233e-02 5.532e-02 -5.051e-04 0.000e+00
14 -9.907e-04 -1.105e-02 -2.487e-02 0.000e+00
15 9.604e-03 2.497e-03 -5.168e-02 0.000e+00
16 5.751e-03 -6.088e-02 -2.611e-02 0.000e+00
17 3.257e-02 1.256e-02 7.479e-02 0.000e+00
18 1.656e-02 5.261e-02 -2.012e-02 0.000e+00
19 -3.226e-02 -5.706e-02 2.765e-02 0.000e+00
20 4.580e-02 4.665e-02 -7.329e-02 0.000e+00
21 8.786e-02 2.030e-02 -6.228e-03 0.000e+00
22 3.540e-02 3.334e-04 1.068e-02 0.000e+00
23 4.475e-02 -6.060e-02 -2.798e-03 0.000e+00
24 -2.290e-02 -5.609e-02 1.010e-03 0.000e+00
25 2.888e-02 -6.144e-02 -5.724e-03 0.000e+00
26 -5.971e-02 3.793e-03 4.906e-02 0.000e+00
27 -1.048e-01 -6.171e-02 -3.315e-02 0.000e+00
28 -1.126e-02 -5.228e-02 3.949e-02 0.000e+00
29 -8.861e-02 -2.809e-02 -2.195e-02 0.000e+00
30 6.311e-02 6.462e-03 -2.264e-02 0.000e+00
31 -1.573e-02 3.040e-02 5.595e-02 0.000e+00
32 -2.450e-02 1.287e-02 4.891e-02 0.000e+00
33 6.653e-02 1.523e-04 -3.274e-02 0.000e+00
34 -7.249e-03 -5.448e-02 3.105e-02 0.000e+00
35 -2.320e-02 -6.126e-02 1.944e-02 0.000e+00
36 9.907e-04 -5.343e-02 -5.109e-02 0.000e+00
37 -5.292e-02 -5.741e-02 -1.414e-02 0.000e+00
38 1.554e-02 3.654e-03 -1.281e-02 0.000e+00
39 -1.231e-02 2.334e-02 -3.814e-03 0.000e+00
40 -4.166e-02 -5.752e-02 4.603e-02 0.000e+00
41 -6.175e-02 -5.408e-02 1.542e-02 0.000e+00
42 7.985e-02 -8.577e-03 -2.455e-03 0.000e+00
43 -7.588e-02 -5.966e-02 -3.179e-02 0.000e+00
44 3.935e-02 1.517e-03 -3.810e-02 0.000e+00
45 4.544e-02 -6.093e-02 -4.143e-03 0.000e+00
46 -1.894e-02 -6.048e-02 8.702e-03 0.000e+00
47 1.445e-02 5.891e-02 1.346e-02 0.000e+00
48 -2.205e-02 6.820e-02 4.356e-03 0.000e+00
49 9.500e-03 -6.183e-02 -4.281e-02 0.000e+00
50 1.337e-03 -3.505e-02 -2.398e-02 0.000e+00
51 -6.498e-03 -5.659e-02 7.888e-03 0.000e+00
52 -3.538e-02 -5.743e-02 -5.384e-03 0.000e+00
53 7.178e-03 -4.730e-02 9.662e-02 0.000e+00
54 -3.546e-02 -5.108e-02 4.863e-03 0.000e+00
55 -6.366e-02 7.443e-04 6.902e-02 0.000e+00
56 2.717e-02 -5.843e-02 -1.382e-02 0.000e+00
57 6.100e-02 2.823e-02 1.167e-03 0.000e+00
58 -5.031e-02 -4.040e-02 1.327e-02 0.000e+00
59 -5.335e-02 -4.118e-02 8.078e-03 0.000e+00
60 1.904e-02 9.628e-02 -8.732e-02 9.282e+01
61 -1.068e-01 3.528e-02 -4.195e-02 0.000e+00
62 1.115e-02 5.850e-06 4.666e-02 0.000e+00
63 1.296e-02 -4.331e-02 5.566e-03 0.000e+00
64 3.038e-02 3.707e-02 -6.455e-02 0.000e+00
65 -5.178e-03 -4.101e-02 1.233e-03 0.000e+00
66 1.257e-02 1.718e-02 1.762e-02 0.000e+00
67 -3.545e-02 6.875e-02 -2.405e-02 0.000e+00
68 8.763e-02 3.208e-02 8.137e-03 0.000e+00
69 -1.102e-02 -1.152e-02 2.019e-02 0.000e+00
70 -4.865e-02 -4.491e-02 -3.240e-02 0.000e+00
71 -1.077e-02 -6.181e-02 2.179e-02 0.000e+00
72 -8.987e-03 -5.680e-02 -4.872e-03 0.000e+00
73 1.111e-02 -5.793e-02 6.767e-03 0.000e+00
74 -5.926e-02 4.701e-03 -2.118e-02 0.000e+00
75 -4.655e-02 1.258e-02 -1.921e-02 0.000e+00
76 8.562e-02 2.342e-02 -5.755e-03 0.000e+00
77 -1.665e-03 2.715e-02 4.336e-02 0.000e+00
78 -6.371e-03 -5.944e-02 -2.030e-02 0.000e+00
79 6.122e-02 -4.852e-02 5.529e-02 0.000e+00
80 -1.341e-02 -5.694e-02 1.613e-02 0.000e+00
81 4.212e-02 3.017e-02 -1.087e-02 0.000e+00
82 4.223e-02 8.976e-02 -6.332e-02 1.252e+02
83 1.658e-02 9.370e-03 6.699e-02 0.000e+00
84 -5.272e-02 8.255e-02 4.556e-02 9.206e+00
85 3.010e-02 4.124e-02 -8.899e-02 0.000e+00
86 1.303e-02 -3.923e-02 -2.501e-03 0.000e+00
87 1.385e-02 2.246e-02 -5.026e-02 0.000e+00
88 -6.346e-02 -4.761e-02 -8.446e-02 0.000e+00
89 8.690e-02 -5.695e-03 2.324e-03 0.000e+00
90 5.368e-03 -2.514e-02 3.937e-02 0.000e+00
91 4.949e-03 1.992e-03 -4.262e-03 0.000e+00
92 2.969e-02 4.333e-02 3.347e-02 0.000e+00
93 -8.674e-02 3.365e-02 6.717e-02 0.000e+00
94 -2.852e-02 -6.295e-02 -3.271e-02 0.000e+00
95 -2.884e-02 3.217e-02 -1.196e-02 0.000e+00
96 -2.742e-02 1.720e-02 -2.941e-03 0.000e+00
97 2.636e-02 -5.321e-02 8.569e-02 0.000e+00
98 5.388e-02 1.846e-03 2.247e-02 0.000e+00
99 -5.495e-02 -5.598e-02 5.171e-02 0.000e+00
100 2.026e-02 2.557e-03 -1.034e-02 0.000e+00
101 -2.772e-02 -4.926e-02 -5.115e-02 0.000e+00
102 -6.584e-03 -6.148e-02 -2.095e-03 0.000e+00
103 9.059e-02 4.474e-02 -2.772e-02 0.000e+00
104 2.943e-02 -4.377e-03 -2.140e-03 0.000e+00
105 2.644e-02 6.133e-02 -3.658e-02 0.000e+00
106 6.073e-02 3.069e-02 -1.142e-02 0.000e+00
107 -1.872e-02 -1.009e-02 -8.776e-03 0.000e+00
108 2.538e-02 5.283e-02 5.418e-02 0.000e+00
109 8.213e-02 8.001e-03 -1.336e-02 0.000e+00
110 1.068e-02 6.116e-02 3.539e-02 0.000e+00
111 1.189e-01 -6.110e-02 -5.832e-02 0.000e+00
112 1.064e-01 -6.263e-02 7.620e-02 0.000e+00
113 2.346e-01 1.246e-01 1.331e-02 1.058e+02
114 3.405e-01 1.980e-01 -6.208e-02 1.170e+02
115 3.916e-01 1.768e-01 -1.918e-02 1.146e+02
116 4.678e-01 2.407e-01 -7.154e-02 1.092e+02
117 5.696e-01 2.147e-01 -1.009e-01 1.073e+02
118 5.342e-01 3.158e-01 -1.083e-01 9.984e+01
119 6.756e-01 1.789e-01 -5.357e-02 1.007e+02
120 7.450e-01 1.025e-01 7.173e-03 1.016e+02
121 9.315e-01 4.311e-02 6.801e-02 0.000e+00
122 1.000e+00 7.254e-02 6.643e-02 -1.867e+01
123 9.985e-01 1.021e-01 1.638e-01 -1.347e+01
124 9.040e-01 6.236e-02 2.765e-02 0.000e+00
125 6.781e-01 3.855e-02 9.153e-02 0.000e+00
126 4.715e-01 1.121e-01 5.456e-02 -2.758e+01
127 3.225e-01 -3.765e-02 9.361e-03 0.000e+00
128 1.499e-01 3.157e-02 -2.594e-02 0.000e+00
129 8.255e-02 3.483e-02 2.705e-02 0.000e+00
130 1.012e-01 -5.966e-02 4.813e-02 0.000e+00
131 -2.188e-03 5.540e-02 1.210e-03 0.000e+00
132 5.425e-02 3.761e-02 7.723e-02 0.000e+00
133 6.333e-02 -2.734e-02 5.106e-03 0.000e+00
134 -2.285e-03 1.608e-02 3.913e-02 0.000e+00
135 -2.708e-02 -5.653e-02 2.753e-02 0.000e+00
136 1.886e-02 -5.056e-03 2.942e-02 0.000e+00
137 -6.371e-02 2.753e-02 -1.914e-02 0.000e+00
138 -2.158e-02 7.579e-02 -2.174e-03 3.964e+01
139 -1.405e-02 -5.850e-06 1.235e-02 0.000e+00
140 -4.520e-02 3.581e-03 -1.704e-02 0.000e+00
141 1.311e-02 6.032e-02 -5.742e-02 0.000e+00
142 -2.926e-02 -6.103e-02 5.468e-02 0.000e+00
143 -1.073e-01 6.396e-02 5.186e-02 0.000e+00
144 2.955e-02 -5.538e-02 -2.082e-02 0.000e+00
145 -9.957e-03 1.521e-02 -1.940e-03 0.000e+00
146 -2.391e-02 -4.065e-02 -7.794e-02 0.000e+00
147 2.953e-02 -4.447e-02 -1.097e-02 0.000e+00
148 7.722e-02 8.392e-03 1.534e-02 0.000e+00
149 2.359e-02 -5.279e-02 -1.073e-02 0.000e+00
150 5.918e-02 1.609e-02 -2.556e-02 0.000e+00
151 -6.959e-03 -2.111e-03 1.216e-02 0.000e+00
152 -3.002e-02 -6.161e-02 -5.196e-02 0.000e+00
153 2.405e-02 3.926e-02 9.245e-02 0.000e+00
154 -4.159e-02 5.222e-02 -2.827e-03 0.000e+00
155 1.770e-02 4.186e-02 -8.370e-03 0.000e+00
156 -5.110e-02 2.868e-02 -4.434e-02 0.000e+00
157 -1.488e-02 4.791e-02 5.111e-02 0.000e+00
158 4.461e-02 -3.924e-02 6.153e-03 0.000e+00
159 -1.441e-03 5.067e-02 -1.667e-02 0.000e+00
160 -1.250e-02 5.745e-02 3.532e-02 0.000e+00
161 -1.590e-03 -6.340e-02 -6.782e-02 0.000e+00
162 4.943e-02 7.894e-02 1.741e-03 1.146e+01
163 7.084e-02 1.842e-02 -6.293e-02 0.000e+00
164 9.535e-03 -6.810e-04 6.634e-03 0.000e+00
165 -6.983e-02 2.211e-03 -1.737e-02 0.000e+00
166 5.387e-02 -6.033e-02 1.043e-02 0.000e+00
167 -4.041e-02 3.252e-02 7.152e-02 0.000e+00
168 5.702e-02 -3.926e-02 -6.922e-02 0.000e+00
169 6.124e-02 -5.997e-02 2.106e-02 0.000e+00
170 -5.647e-02 5.711e-02 4.872e-03 0.000e+00
171 -2.463e-02 3.115e-02 1.874e-02 0.000e+00
172 -4.377e-02 -4.538e-02 9.798e-03 0.000e+00
173 9.989e-02 3.340e-02 -7.339e-02 0.000e+00
174 -3.930e-02 4.984e-02 3.271e-03 0.000e+00
175 -1.285e-02 4.814e-02 -5.044e-02 0.000e+00
176 -2.212e-02 -4.940e-02 4.623e-02 0.000e+00
177 2.332e-02 1.400e-02 1.019e-02 0.000e+00
178 -3.027e-02 -5.677e-03 -1.343e-02 0.000e+00
179 3.536e-02 2.501e-02 3.757e-02 0.000e+00
180 -1.550e-02 3.527e-02 4.061e-02 0.000e+00
181 2.433e-03 -3.340e-02 1.237e-02 0.000e+00
182 -5.448e-02 -5.625e-02 -4.707e-02 0.000e+00
183 1.172e-02 -3.542e-02 -5.692e-02 0.000e+00
184 7.588e-02 1.023e-02 1.984e-02 0.000e+00
185 -1.232e-02 5.292e-02 -9.720e-03 0.000e+00
186 -4.399e-02 -5.960e-02 1.073e-01 0.000e+00
187 -4.798e-02 -3.517e-02 4.338e-02 0.000e+00
188 -6.090e-02 -5.537e-02 3.589e-02 0.000e+00
189 -4.073e-02 9.143e-02 1.250e-01 -2.119e+01
190 2.445e-02 3.839e-02 7.475e-02 0.000e+00
191 -8.573e-02 -4.086e-04 -3.829e-02 0.000e+00
192 -1.151e-02 -1.739e-04 9.412e-03 0.000e+00
193 1.285e-02 -6.241e-02 5.863e-02 0.000e+00
194 1.333e-02 3.919e-02 -1.168e-03 0.000e+00
195 -5.698e-02 -6.330e-02 8.993e-04 0.000e+00
196 -4.148e-03 1.083e-02 -7.268e-03 0.000e+00
197 -1.921e-02 1.265e-02 -6.817e-02 0.000e+00
198 1.749e-02 4.272e-03 -2.365e-02 0.000e+00
199 -4.506e-02 5.939e-02 2.094e-02 0.000e+00
200 -1.603e-02 -4.163e-02 2.190e-02 0.000e+00
201 -4.881e-02 -5.444e-02 -7.558e-03 0.000e+00
202 -8.945e-02 -5.922e-02 2.971e-02 0.000e+00
203 -4.578e-02 -5.947e-02 2.712e-03 0.000e+00
204 -2.068e-02 2.315e-02 -2.575e-02 0.000e+00
205 8.583e-02 -1.018e-02 6.213e-03 0.000e+00
206 6.378e-02 -5.816e-02 -5.532e-02 0.000e+00
207 1.188e-02 -5.513e-02 -6.990e-03 0.000e+00
208 3.274e-02 7.588e-02 -5.782e-02 9.961e+01
209 -4.220e-02 4.193e-02 -7.838e-02 0.000e+00
210 -3.976e-02 4.673e-02 2.169e-02 0.000e+00
211 8.335e-03 4.168e-02 2.817e-02 0.000e+00
212 2.999e-02 2.132e-02 5.727e-02 0.000e+00
213 -6.418e-02 5.444e-02 2.942e-02 0.000e+00
214 5.398e-02 -5.866e-02 5.803e-02 0.000e+00
215 3.896e-02 -6.125e-02 3.996e-02 0.000e+00
216 7.257e-02 4.877e-03 1.997e-02 0.000e+00
217 1.483e-02 7.486e-02 -1.056e-03 5.288e+00
218 -8.642e-03 -5.589e-02 -7.941e-02 0.000e+00
219 4.196e-02 -1.581e-03 9.868e-03 0.000e+00
220 2.665e-02 -1.366e-02 -4.074e-02 0.000e+00
221 -6.749e-02 2.551e-02 5.051e-04 0.000e+00
222 -3.836e-02 -4.881e-02 8.150e-02 0.000e+00
223 3.252e-03 7.057e-02 1.290e-02 0.000e+00
224 4.308e-02 5.035e-02 -1.087e-02 0.000e+00
225 -1.504e-02 -3.565e-02 3.948e-03 0.000e+00
226 -1.278e-02 2.251e-02 -8.135e-03 0.000e+00
227 8.887e-02 3.380e-02 4.495e-02 0.000e+00
228 -4.784e-02 -5.540e-02 1.332e-02 0.000e+00
229 -1.083e-02 3.412e-02 4.201e-02 0.000e+00
230 -8.229e-02 -5.473e-02 1.303e-02 0.000e+00
231 -8.467e-03 -4.892e-02 5.973e-03 0.000e+00
232 9.802e-02 4.233e-02 -3.723e-02 0.000e+00
233 9.015e-03 2.400e-02 -2.678e-02 0.000e+00
234 1.108e-01 4.027e-02 -6.179e-03 0.000e+00
235 2.861e-03 2.482e-02 -5.265e-02 0.000e+00
236 5.888e-02 -3.515e-02 3.272e-02 0.000e+00
237 5.283e-02 2.155e-02 -9.077e-03 0.000e+00
238 -1.819e-03 1.186e-02 -8.739e-03 0.000e+00
239 1.535e-03 9.005e-02 -7.962e-02 -3.405e+01
240 -5.674e-02 -3.658e-02 4.139e-02 0.000e+00
241 -4.605e-02 -6.255e-02 6.498e-02 0.000e+00
242 3.224e-02 3.750e-02 -1.199e-02 0.000e+00
243 3.455e-02 -2.606e-02 -1.472e-02 0.000e+00
244 2.091e-02 -4.478e-02 2.233e-02 0.000e+00
245 -5.395e-02 -2.764e-02 5.541e-02 0.000e+00
246 3.759e-02 1.841e-02 -2.428e-02 0.000e+00
247 5.312e-02 5.566e-02 -2.209e-02 0.000e+00
248 -4.740e-02 -3.119e-03 2.349e-02 0.000e+00
249 1.015e-01 -5.938e-02 -1.920e-02 0.000e+00
250 -1.630e-02 -6.316e-02 1.891e-03 0.000e+00
251 -3.788e-02 -5.851e-02 -2.081e-02 0.000e+00
252 1.558e-02 -6.277e-02 -2.103e-02 0.000e+00
253 1.480e-02 8.243e-03 -1.520e-02 0.000e+00
254 4.408e-02 -3.158e-02 -3.585e-02 0.000e+00
255 1.208e-02 6.792e-02 -1.342e-03 0.000e+00
