Bin I L V PA
0 -1.402e-02 1.456e-02 4.090e-02 0.000e+00
1 3.594e-02 -6.450e-02 -1.282e-02 0.000e+00
2 -2.133e-02 -5.488e-02 8.140e-03 0.000e+00
3 8.407e-02 5.071e-02 -5.076e-02 0.000e+00
4 9.532e-02 7.194e-02 1.150e-02 2.417e+01
5 -1.513e-02 2.834e-02 2.919e-02 0.000e+00
6 4.456e-02 -6.963e-02 4.712e-02 0.000e+00
7 -4.355e-02 -6.343e-02 1.383e-03 0.000e+00
8 2.148e-02 1.611e-02 5.431e-02 0.000e+00
9 8.304e-02 -4.775e-02 4.348e-02 0.000e+00
10 3.848e-02 5.126e-02 6.976e-02 0.000e+00
11 -1.407e-02 -5.766e-02 -2.627e-02 0.000e+00
12 3.183e-02 -5.729e-02 -3.744e-02 0.000e+00
13 1.558e-02 7.937e-03 9.363e-02 0.000e+00
14 3.613e-02 4.339e-02 5.523e-03 0.000e+00
15 1.780e-02 6.697e-02 -1.005e-01 0.000e+00
16 -1.343e-02 1.054e-02 8.731e-02 0.000e+00
17 1.824e-02 -6.833e-02 2.881e-02 0.000e+00
18 4.598e-02 4.975e-02 5.966e-02 0.000e+00
19 1.309e-02 1.870e-02 7.303e-02 0.000e+00
20 -7.886e-03 -6.110e-02 -2.565e-02 0.000e+00
21 -6.770e-02 2.332e-02 5.322e-02 0.000e+00
22 -2.262e-02 -1.214e-02 -4.159e-02 0.000e+00
23 6.267e-02 -5.654e-02 6.025e-02 0.000e+00
24 4.868e-02 -6.145e-02 3.609e-02 0.000e+00
25 -1.596e-02 -7.057e-02 -4.524e-02 0.000e+00
26 6.436e-02 -1.430e-02 4.234e-02 0.000e+00
27 -5.361e-02 2.751e-02 8.077e-02 0.000e+00
28 -7.723e-03 -6.874e-02 -1.149e-02 0.000e+00
29 -1.940e-02 -4.914e-02 -7.543e-03 0.000e+00
30 -9.117e-03 -6.967e-02 1.048e-02 0.000e+00
31 -1.256e-03 -6.236e-02 9.379e-03 0.000e+00
32 1.167e-01 -5.652e-02 1.678e-02 0.000e+00
33 4.329e-02 2.058e-02 5.586e-02 0.000e+00
34 2.502e-02 1.984e-02 -1.034e-02 0.000e+00
35 -1.454e-02 1.069e-01 -1.433e-02 1.216e+01
36 -1.877e-03 -5.759e-02 -3.104e-02 0.000e+00
37 1.893e-02 -6.195e-02 3.463e-02 0.000e+00
38 2.832e-03 2.769e-02 3.068e-02 0.000e+00
39 3.082e-02 -6.817e-02 -6.984e-02 0.000e+00
40 1.390e-01 -6.142e-02 3.905e-03 0.000e+00
41 -5.230e-02 1.267e-02 -3.554e-02 0.000e+00
42 3.655e-02 -1.654e-02 -1.021e-02 0.000e+00
43 -4.695e-02 7.078e-02 -1.606e-02 -9.674e+01
44 4.758e-02 -7.118e-02 -7.749e-03 0.000e+00
45 -8.651e-02 -6.520e-02 1.756e-02 0.000e+00
46 3.713e-02 1.595e-02 -5.756e-02 0.000e+00
47 -2.512e-02 4.598e-02 3.583e-02 0.000e+00
48 -2.850e-02 3.608e-02 -2.155e-02 0.000e+00
49 2.491e-02 -6.985e-02 -4.707e-02 0.000e+00
50 -4.308e-02 -5.688e-02 -2.713e-02 0.000e+00
51 4.753e-02 3.981e-02 -5.503e-02 0.000e+00
52 -6.219e-02 5.578e-02 -1.189e-02 0.000e+00
53 4.930e-02 4.719e-02 -1.606e-02 0.000e+00
54 -2.008e-02 6.869e-02 1.306e-02 0.000e+00
55 3.569e-02 -6.691e-02 1.569e-02 0.000e+00
56 -4.985e-02 -5.502e-02 7.892e-03 0.000e+00
57 -4.386e-02 5.170e-02 -4.894e-02 0.000e+00
58 -7.052e-02 1.045e-01 -3.071e-02 7.647e+00
59 -2.892e-02 -1.171e-02 5.177e-02 0.000e+00
60 4.124e-02 1.941e-02 1.382e-02 0.000e+00
61 -3.408e-02 -5.946e-02 -5.037e-02 0.000e+00
62 5.416e-02 4.198e-02 -3.479e-02 0.000e+00
63 -3.008e-02 5.587e-02 -6.223e-02 0.000e+00
64 -4.473e-02 4.693e-02 -3.947e-03 0.000e+00
65 -3.753e-03 2.304e-02 3.093e-02 0.000e+00
66 -2.426e-02 -1.352e-02 -3.814e-02 0.000e+00
67 1.818e-02 -2.886e-03 1.187e-02 0.000e+00
68 -2.740e-02 9.546e-03 9.232e-03 0.000e+00
69 2.656e-02 -1.862e-02 -2.040e-02 0.000e+00
70 -4.360e-02 -3.204e-02 -3.771e-02 0.000e+00
71 -4.858e-02 2.254e-02 -2.963e-02 0.000e+00
72 6.225e-02 -6.474e-02 -3.349e-02 0.000e+00
73 -5.954e-03 2.052e-02 3.237e-02 0.000e+00
74 -1.381e-03 2.154e-02 -1.218e-02 0.000e+00
75 2.045e-02 -5.264e-02 -1.325e-02 0.000e+00
76 -3.275e-02 -6.532e-02 -4.094e-02 0.000e+00
77 -4.397e-02 1.032e-02 -1.380e-02 0.000e+00
78 3.628e-02 6.577e-02 7.614e-02 0.000e+00
79 -7.937e-02 5.387e-03 -2.778e-02 0.000e+00
80 -9.440e-03 4.961e-02 -4.091e-02 0.000e+00
81 -8.576e-03 -5.983e-02 -5.162e-02 0.000e+00
82 -3.189e-02 2.763e-02 3.953e-02 0.000e+00
83 -2.961e-03 -1.286e-02 8.966e-03 0.000e+00
84 8.517e-02 -6.507e-02 -3.724e-02 0.000e+00
85 1.001e-01 -3.876e-02 -3.270e-02 0.000e+00
86 1.772e-02 -6.731e-02 -2.031e-02 0.000e+00
87 1.128e-02 2.010e-02 -7.216e-02 0.000e+00
88 2.269e-02 4.802e-02 -1.090e-01 0.000e+00
89 -2.047e-02 8.646e-03 6.653e-03 0.000e+00
90 5.837e-02 -6.379e-02 2.097e-02 0.000e+00
91 5.445e-02 -3.565e-02 4.239e-02 0.000e+00
92 -1.409e-02 -3.225e-02 -2.160e-02 0.000e+00
93 5.230e-02 1.678e-02 -2.922e-03 0.000e+00
94 -3.452e-02 1.615e-02 -3.859e-02 0.000e+00
95 1.756e-02 -6.832e-02 6.136e-02 0.000e+00
96 -3.778e-02 -5.164e-03 -2.850e-03 0.000e+00
97 -5.065e-02 -6.141e-02 -1.779e-02 0.000e+00
98 -2.972e-02 8.375e-03 -3.172e-02 0.000e+00
99 1.611e-02 3.991e-02 -4.293e-02 0.000e+00
100 -6.285e-02 -4.918e-02 -3.196e-02 0.000e+00
101 -8.339e-02 9.727e-03 -4.668e-02 0.000e+00
102 -5.468e-02 5.576e-02 -2.477e-02 0.000e+00
103 -1.731e-02 -5.537e-02 3.129e-02 0.000e+00
104 -4.439e-03 -1.822e-02 7.330e-02 0.000e+00
105 -4.175e-02 2.095e-02 6.397e-02 0.000e+00
106 1.383e-01 9.693e-02 -1.792e-02 4.046e+01
107 3.576e-01 1.843e-03 3.239e-03 0.000e+00
108 5.451e-01 -6.566e-02 2.342e-02 0.000e+00
109 8.353e-01 1.695e-01 9.127e-03 5.647e+01
110 1.000e+00 3.206e-01 -3.607e-02 6.057e+01
111 9.762e-01 4.949e-01 -5.900e-02 6.079e+01
112 8.044e-01 4.394e-01 2.759e-02 5.868e+01
113 4.947e-01 2.281e-01 -7.005e-04 5.597e+01
114 3.529e-01 1.708e-01 -3.338e-02 6.008e+01
115 1.695e-01 -4.977e-02 -2.927e-02 0.000e+00
116 1.671e-01 1.358e-01 -8.109e-02 5.231e+01
117 1.308e-01 8.035e-02 2.905e-02 4.406e+01
118 1.475e-01 1.003e-01 3.341e-02 2.072e+01
119 1.224e-01 9.317e-03 -5.367e-02 0.000e+00
120 3.235e-02 -5.911e-02 5.577e-02 0.000e+00
121 4.124e-02 -4.174e-02 1.259e-01 0.000e+00
122 2.879e-02 2.790e-02 -2.633e-02 0.000e+00
123 6.670e-02 -6.874e-02 -3.361e-02 0.000e+00
124 -6.601e-02 -3.885e-02 -8.440e-02 0.000e+00
125 3.803e-02 -6.018e-02 1.039e-02 0.000e+00
126 8.559e-02 3.551e-03 9.697e-03 0.000e+00
127 -3.173e-04 3.390e-02 -3.247e-02 0.000e+00
128 4.706e-02 4.261e-02 5.817e-02 0.000e+00
129 -3.683e-02 -6.830e-02 3.328e-02 0.000e+00
130 -6.957e-02 1.547e-02 4.314e-02 0.000e+00
131 8.282e-02 -6.911e-02 1.983e-02 0.000e+00
132 6.207e-02 -1.015e-02 5.253e-02 0.000e+00
133 5.638e-03 -6.652e-02 2.888e-03 0.000e+00
134 -6.321e-02 7.167e-02 -4.688e-02 3.905e+01
135 -7.003e-02 -6.992e-02 1.915e-02 0.000e+00
136 4.124e-02 2.505e-02 -1.537e-02 0.000e+00
137 1.296e-02 1.610e-02 4.608e-02 0.000e+00
138 -1.637e-02 -2.161e-04 -3.035e-02 0.000e+00
139 -4.494e-02 -1.147e-02 -7.465e-02 0.000e+00
140 2.678e-02 0.000e+00 5.303e-02 0.000e+00
141 -2.098e-02 -4.103e-02 6.553e-03 0.000e+00
142 -2.868e-02 -5.372e-02 8.990e-03 0.000e+00
143 -1.146e-02 -4.278e-02 1.156e-02 0.000e+00
144 1.772e-02 -5.433e-02 -3.473e-02 0.000e+00
145 -1.060e-02 1.247e-02 5.001e-02 0.000e+00
146 6.159e-02 3.818e-02 3.700e-02 0.000e+00
147 -8.458e-02 6.228e-02 4.236e-02 0.000e+00
148 -8.957e-02 2.991e-02 4.659e-02 0.000e+00
149 -3.757e-02 -5.436e-02 5.302e-02 0.000e+00
150 6.096e-02 -5.122e-02 -5.380e-03 0.000e+00
151 -2.498e-02 6.146e-02 2.168e-02 0.000e+00
152 1.507e-02 9.022e-03 -2.806e-03 0.000e+00
153 1.732e-03 -6.616e-02 -6.560e-02 0.000e+00
154 4.934e-03 1.501e-02 -1.757e-02 0.000e+00
155 -6.684e-02 4.874e-03 8.825e-04 0.000e+00
156 8.809e-03 1.140e-02 -1.243e-02 0.000e+00
157 -7.150e-02 3.544e-02 5.145e-02 0.000e+00
158 -4.161e-02 1.706e-02 6.701e-03 0.000e+00
159 4.005e-02 -6.538e-02 -3.811e-03 0.000e+00
160 -5.962e-02 -1.651e-02 3.978e-02 0.000e+00
161 4.557e-02 9.856e-03 -7.908e-03 0.000e+00
162 -1.997e-02 -7.067e-02 -4.220e-02 0.000e+00
163 4.320e-02 3.283e-03 3.563e-02 0.000e+00
164 -3.063e-04 1.780e-02 5.847e-02 0.000e+00
165 -6.376e-03 2.140e-02 1.646e-03 0.000e+00
166 1.815e-02 3.449e-02 2.101e-03 0.000e+00
167 -2.787e-02 -6.147e-02 -5.282e-02 0.000e+00
168 7.981e-02 -1.272e-02 5.487e-02 0.000e+00
169 -1.008e-02 -1.340e-02 -1.643e-02 0.000e+00
170 -3.243e-02 2.936e-05 3.012e-02 0.000e+00
171 3.793e-02 -1.667e-02 1.137e-01 0.000e+00
172 5.092e-03 7.968e-03 9.968e-03 0.000e+00
173 -1.659e-03 -5.788e-02 4.081e-02 0.000e+00
174 5.899e-03 1.075e-02 -1.533e-02 0.000e+00
175 -1.068e-03 4.684e-03 6.713e-02 0.000e+00
176 3.129e-02 -5.857e-02 -1.248e-02 0.000e+00
177 -2.460e-02 4.678e-02 3.719e-02 0.000e+00
178 -8.179e-04 -4.682e-02 -2.596e-02 0.000e+00
179 5.039e-03 9.424e-02 -1.919e-02 5.390e+01
180 2.398e-02 -1.144e-02 0.000e+00 0.000e+00
181 5.115e-03 -5.203e-02 1.033e-01 0.000e+00
182 -2.207e-02 5.431e-02 2.711e-02 0.000e+00
183 6.900e-02 1.927e-02 6.897e-02 0.000e+00
184 -9.668e-03 7.119e-02 1.093e-01 4.591e+01
185 -3.132e-02 -6.616e-03 -4.909e-02 0.000e+00
186 -2.455e-02 2.544e-02 9.938e-02 0.000e+00
187 -1.108e-02 -8.185e-03 5.103e-02 0.000e+00
188 4.319e-02 4.648e-02 8.119e-02 0.000e+00
189 6.775e-02 -6.590e-02 4.553e-02 0.000e+00
190 -2.377e-02 -3.968e-02 -5.585e-02 0.000e+00
191 -8.195e-03 2.541e-02 8.329e-03 0.000e+00
192 2.296e-02 -1.677e-03 -8.103e-02 0.000e+00
193 6.060e-02 1.263e-02 -2.514e-02 0.000e+00
194 -1.191e-02 1.162e-02 -3.466e-02 0.000e+00
195 -4.464e-02 -1.661e-02 -4.248e-02 0.000e+00
196 -2.420e-02 -6.072e-02 7.202e-02 0.000e+00
197 1.010e-02 -4.003e-02 1.845e-02 0.000e+00
198 5.249e-02 5.420e-02 2.015e-02 0.000e+00
199 3.096e-02 -6.136e-02 5.076e-02 0.000e+00
200 -2.148e-02 -5.959e-03 -1.532e-02 0.000e+00
201 4.743e-02 4.500e-02 -1.459e-02 0.000e+00
202 2.135e-02 7.499e-02 2.935e-02 -5.702e+01
203 6.243e-02 -6.768e-02 -1.060e-01 0.000e+00
204 4.110e-02 -6.679e-03 -1.636e-02 0.000e+00
205 -1.937e-02 1.756e-02 -1.134e-02 0.000e+00
206 2.114e-02 9.225e-02 -9.229e-02 -4.962e+00
207 -8.240e-03 2.695e-02 -5.205e-02 0.000e+00
208 -2.054e-02 4.879e-02 5.018e-02 0.000e+00
209 -1.921e-02 7.441e-03 -6.725e-02 0.000e+00
210 -2.959e-02 -7.149e-02 -7.471e-03 0.000e+00
211 -5.709e-03 2.301e-02 2.251e-02 0.000e+00
212 -1.235e-02 -5.866e-02 -3.314e-02 0.000e+00
213 2.645e-03 6.981e-03 5.028e-02 0.000e+00
214 -7.391e-02 -5.609e-02 7.088e-02 0.000e+00
215 -3.890e-02 2.460e-02 -4.805e-02 0.000e+00
216 1.469e-02 -9.166e-03 -2.509e-02 0.000e+00
217 -1.184e-02 6.823e-02 2.368e-02 0.000e+00
218 0.000e+00 -5.994e-02 -1.075e-02 0.000e+00
219 -2.003e-02 1.668e-02 6.425e-02 0.000e+00
220 -4.579e-02 -6.835e-02 2.441e-02 0.000e+00
221 5.088e-03 6.550e-03 -1.980e-02 0.000e+00
222 3.658e-02 -1.142e-02 -3.191e-02 0.000e+00
223 4.620e-02 -5.442e-02 3.428e-02 0.000e+00
224 -5.855e-02 -6.180e-02 1.460e-02 0.000e+00
225 7.866e-02 -6.006e-02 -5.475e-02 0.000e+00
226 1.076e-01 -5.629e-02 -6.240e-03 0.000e+00
227 1.173e-02 1.630e-02 -7.066e-02 0.000e+00
228 5.730e-02 6.075e-02 1.286e-02 0.000e+00
229 8.616e-02 -5.493e-02 -1.124e-02 0.000e+00
230 2.934e-02 -2.395e-03 -4.463e-02 0.000e+00
231 3.936e-03 1.765e-02 5.070e-02 0.000e+00
232 -2.125e-02 -6.185e-02 7.087e-02 0.000e+00
233 4.227e-02 -1.418e-02 -3.774e-03 0.000e+00
234 -4.217e-03 -7.046e-02 2.665e-02 0.000e+00
235 1.324e-04 4.030e-02 -4.624e-03 0.000e+00
236 2.773e-02 2.678e-02 -2.165e-02 0.000e+00
237 -7.356e-02 5.283e-02 -8.052e-02 0.000e+00
238 -1.819e-02 -5.242e-02 2.823e-02 0.000e+00
239 3.895e-02 3.043e-02 -4.572e-02 0.000e+00
240 7.426e-03 -7.111e-02 -5.840e-02 0.000e+00
241 5.084e-03 -1.660e-02 6.140e-03 0.000e+00
242 -6.242e-02 -5.967e-02 -4.260e-02 0.000e+00
243 -7.392e-02 1.546e-02 1.514e-02 0.000e+00
244 4.998e-02 -6.061e-02 -3.041e-02 0.000e+00
245 -4.268e-02 1.342e-02 -8.122e-02 0.000e+00
246 9.689e-02 6.881e-02 4.081e-02 0.000e+00
247 4.877e-02 -2.080e-02 3.757e-02 0.000e+00
248 -5.004e-04 -5.305e-02 7.412e-02 0.000e+00
249 5.611e-02 5.299e-02 7.591e-02 0.000e+00
250 1.612e-02 9.147e-03 2.468e-02 0.000e+00
251 -2.468e-02 -7.512e-03 5.218e-02 0.000e+00
252 7.551e-02 1.586e-02 -5.092e-02 0.000e+00
253 -3.767e-02 -4.443e-02 -8.025e-03 0.000e+00
254 -1.067e-02 4.285e-02 -8.512e-02 0.000e+00
255 1.946e-02 7.840e-03 3.943e-02 0.000e+00
