Bin I L V PA
0 5.298e-03 2.648e-02 8.169e-03 0.000e+00
1 5.825e-03 -3.362e-02 2.208e-02 0.000e+00
2 1.605e-03 2.083e-02 -1.690e-02 0.000e+00
3 -5.315e-02 -7.538e-03 1.300e-02 0.000e+00
4 6.884e-04 1.975e-02 4.601e-02 0.000e+00
5 -3.458e-02 -3.426e-02 2.012e-02 0.000e+00
6 -1.613e-02 1.754e-02 -5.531e-03 0.000e+00
7 3.446e-03 -3.318e-02 6.355e-03 0.000e+00
8 -7.420e-02 -5.008e-03 1.340e-02 0.000e+00
9 -1.816e-02 -3.492e-02 2.008e-02 0.000e+00
10 -2.875e-02 1.565e-02 4.344e-02 0.000e+00
11 -7.714e-03 1.079e-02 -1.134e-02 0.000e+00
12 -2.077e-02 1.621e-02 2.174e-02 0.000e+00
13 1.728e-02 -2.608e-03 9.621e-03 0.000e+00
14 4.849e-02 2.937e-03 4.717e-03 0.000e+00
15 2.067e-02 4.524e-03 -1.714e-02 0.000e+00
16 -4.807e-03 5.717e-02 -2.741e-02 4.922e+01
17 -2.084e-03 8.617e-03 -2.574e-02 0.000e+00
18 4.454e-02 2.420e-02 3.227e-02 0.000e+00
19 -2.114e-02 3.383e-03 -8.362e-03 0.000e+00
20 1.745e-02 1.393e-03 -4.189e-02 0.000e+00
21 -2.495e-02 -2.981e-02 -1.050e-03 0.000e+00
22 9.299e-03 -3.392e-02 -1.064e-02 0.000e+00
23 1.373e-02 -3.313e-02 2.749e-02 0.000e+00
24 -1.941e-02 -3.571e-02 1.862e-02 0.000e+00
25 -2.674e-02 2.212e-03 1.453e-05 0.000e+00
26 -2.951e-03 -2.902e-02 1.194e-02 0.000e+00
27 -4.458e-03 -3.741e-02 7.600e-04 0.000e+00
28 -6.816e-02 3.034e-02 6.503e-03 0.000e+00
29 -3.788e-03 -3.765e-02 8.099e-03 0.000e+00
30 -4.071e-03 -3.294e-02 -4.754e-03 0.000e+00
31 3.943e-02 1.651e-02 -1.245e-02 0.000e+00
32 1.053e-02 -3.104e-02 8.317e-03 0.000e+00
33 3.840e-02 -2.950e-03 1.901e-02 0.000e+00
34 -3.300e-02 -3.430e-02 -1.532e-03 0.000e+00
35 -1.112e-02 5.203e-03 1.678e-02 0.000e+00
36 4.275e-02 -3.866e-02 -1.091e-02 0.000e+00
37 5.099e-02 -2.801e-02 -4.763e-02 0.000e+00
38 -1.743e-02 2.871e-02 4.554e-03 0.000e+00
39 -4.266e-03 -3.902e-02 -2.116e-02 0.000e+00
40 2.477e-03 -5.376e-03 1.254e-02 0.000e+00
41 1.302e-02 -3.778e-02 1.318e-02 0.000e+00
42 3.292e-02 -2.188e-02 -2.054e-02 0.000e+00
43 2.736e-02 -3.470e-03 -1.630e-02 0.000e+00
44 -1.161e-02 4.191e-03 -1.223e-02 0.000e+00
45 -8.111e-03 -3.621e-03 1.673e-02 0.000e+00
46 -5.240e-02 -2.841e-03 9.706e-03 0.000e+00
47 -2.783e-02 2.654e-03 3.801e-03 0.000e+00
48 5.527e-03 2.875e-02 2.592e-02 0.000e+00
49 -2.361e-02 2.653e-02 1.835e-02 0.000e+00
50 1.253e-03 2.927e-02 -1.884e-02 0.000e+00
51 -5.651e-02 5.836e-03 6.723e-03 0.000e+00
52 -1.182e-02 -3.386e-02 1.451e-02 0.000e+00
53 -1.377e-02 -3.236e-02 9.922e-03 0.000e+00
54 -3.937e-03 -2.952e-02 5.322e-03 0.000e+00
55 1.198e-02 -3.865e-02 -7.336e-03 0.000e+00
56 -4.337e-02 4.351e-03 2.118e-02 0.000e+00
57 -2.204e-04 -3.746e-02 1.319e-02 0.000e+00
58 -4.378e-02 2.037e-02 4.018e-02 0.000e+00
59 5.814e-03 1.222e-02 3.929e-02 0.000e+00
60 1.111e-02 1.282e-02 -1.262e-02 0.000e+00
61 -1.570e-02 -3.026e-02 -9.062e-03 0.000e+00
62 4.905e-03 2.078e-02 1.935e-02 0.000e+00
63 4.843e-03 1.971e-02 -1.100e-02 0.000e+00
64 7.973e-04 8.339e-03 2.568e-03 0.000e+00
65 -1.319e-02 -5.220e-03 -2.210e-04 0.000e+00
66 -2.452e-02 7.772e-03 4.038e-04 0.000e+00
67 -4.514e-03 -3.253e-02 2.508e-02 0.000e+00
68 2.218e-02 2.730e-02 -3.373e-02 0.000e+00
69 1.586e-02 -5.040e-03 2.798e-03 0.000e+00
70 2.433e-02 1.428e-02 -1.486e-02 0.000e+00
71 3.943e-02 9.932e-03 5.346e-03 0.000e+00
72 -2.170e-02 -1.145e-02 1.885e-02 0.000e+00
73 -9.485e-03 -2.062e-03 1.717e-03 0.000e+00
74 -2.109e-02 6.849e-03 4.177e-02 0.000e+00
75 -4.006e-03 2.262e-02 2.129e-02 0.000e+00
76 1.992e-04 3.342e-03 1.447e-02 0.000e+00
77 1.451e-03 1.909e-02 -1.272e-02 0.000e+00
78 -3.462e-02 4.894e-02 4.090e-03 1.130e+02
79 1.782e-02 -6.189e-03 2.405e-02 0.000e+00
80 5.350e-03 2.462e-05 -1.224e-02 0.000e+00
81 -4.117e-02 4.015e-02 -7.514e-03 -1.297e+01
82 -1.695e-02 -3.572e-02 2.139e-02 0.000e+00
83 7.245e-03 2.758e-02 1.392e-02 0.000e+00
84 -4.361e-03 6.488e-03 -2.614e-03 0.000e+00
85 4.159e-02 1.341e-02 -6.103e-03 0.000e+00
86 1.997e-02 4.374e-02 -1.170e-02 3.976e+01
87 1.503e-02 4.434e-03 -3.602e-03 0.000e+00
88 -4.420e-02 -1.768e-02 -1.052e-02 0.000e+00
89 -1.176e-02 3.131e-02 6.312e-03 0.000e+00
90 9.656e-03 2.157e-02 3.775e-03 0.000e+00
91 1.031e-02 2.019e-02 7.219e-03 0.000e+00
92 -3.670e-03 2.390e-02 -9.045e-03 0.000e+00
93 2.953e-02 -3.712e-02 -4.389e-02 0.000e+00
94 8.738e-03 -2.692e-03 -2.275e-02 0.000e+00
95 3.422e-04 -3.632e-02 7.196e-03 0.000e+00
96 -2.872e-03 -6.303e-03 4.828e-03 0.000e+00
97 -1.988e-02 1.992e-02 -5.299e-03 0.000e+00
98 -7.937e-04 -3.542e-02 -4.760e-02 0.000e+00
99 -1.536e-02 -3.322e-02 1.909e-02 0.000e+00
100 -6.359e-03 1.501e-02 1.510e-02 0.000e+00
101 3.863e-02 3.546e-02 1.096e-02 0.000e+00
102 -4.079e-03 3.929e-03 -1.143e-02 0.000e+00
103 1.577e-02 -2.816e-02 -6.659e-03 0.000e+00
104 -5.416e-03 -3.628e-02 -8.972e-03 0.000e+00
105 2.645e-02 -2.846e-03 -2.414e-02 0.000e+00
106 -1.040e-02 2.911e-02 -4.933e-02 0.000e+00
107 1.109e-02 3.590e-02 -5.366e-03 0.000e+00
108 -1.977e-03 -3.288e-02 1.548e-02 0.000e+00
109 -2.782e-03 -3.347e-02 -1.723e-02 0.000e+00
110 2.369e-03 -8.466e-03 -8.986e-03 0.000e+00
111 9.245e-04 -7.600e-03 -2.966e-02 0.000e+00
112 1.464e-02 3.578e-02 -2.607e-02 0.000e+00
113 -4.530e-02 -2.711e-02 -1.887e-02 0.000e+00
114 -9.566e-03 -3.395e-02 2.546e-02 0.000e+00
115 -1.853e-02 -3.861e-02 3.374e-02 0.000e+00
116 1.196e-02 -4.360e-03 2.348e-02 0.000e+00
117 -3.678e-03 3.723e-02 2.332e-03 0.000e+00
118 2.634e-02 -2.413e-02 2.183e-02 0.000e+00
119 1.615e-02 1.771e-02 8.946e-03 0.000e+00
120 7.985e-03 9.397e-03 3.826e-02 0.000e+00
121 1.461e-02 6.565e-03 -3.561e-02 0.000e+00
122 1.871e-02 -1.933e-03 -3.683e-02 0.000e+00
123 -5.381e-03 -5.864e-03 -1.715e-02 0.000e+00
124 9.016e-03 1.357e-02 -7.809e-04 0.000e+00
125 1.331e-02 1.616e-03 -1.017e-02 0.000e+00
126 -1.799e-02 7.783e-03 -2.081e-02 0.000e+00
127 -2.196e-03 1.652e-02 1.730e-02 0.000e+00
128 1.871e-02 -3.183e-02 1.302e-03 0.000e+00
129 2.840e-02 2.105e-02 3.981e-02 0.000e+00
130 5.884e-02 -3.735e-02 -4.416e-02 0.000e+00
131 4.833e-02 1.970e-02 3.564e-02 0.000e+00
132 6.758e-02 1.070e-02 -1.161e-02 0.000e+00
133 -5.521e-03 -3.329e-02 3.280e-03 0.000e+00
134 2.767e-02 -2.822e-02 -3.601e-03 0.000e+00
135 -7.225e-04 2.597e-02 1.247e-02 0.000e+00
136 1.228e-02 -3.651e-02 -4.258e-02 0.000e+00
137 1.185e-02 3.176e-03 -6.763e-03 0.000e+00
138 4.385e-03 1.548e-02 8.083e-03 0.000e+00
139 -6.067e-04 3.658e-03 -2.161e-02 0.000e+00
140 1.595e-02 -3.805e-02 8.968e-03 0.000e+00
141 -1.094e-02 4.355e-02 -1.373e-02 -3.726e+01
142 -4.060e-03 3.085e-02 3.491e-02 0.000e+00
143 3.942e-03 -1.644e-02 1.502e-02 0.000e+00
144 3.409e-02 1.165e-02 3.558e-02 0.000e+00
145 3.589e-03 4.364e-02 2.645e-02 2.084e+01
146 -2.640e-02 2.045e-02 -1.072e-02 0.000e+00
147 1.213e-02 7.381e-03 -9.148e-03 0.000e+00
148 -2.002e-02 2.684e-02 4.140e-02 0.000e+00
149 -1.064e-02 7.064e-03 3.798e-03 0.000e+00
150 -1.764e-02 -1.176e-04 1.883e-02 0.000e+00
151 4.854e-02 8.491e-03 -2.990e-03 0.000e+00
152 -4.128e-03 6.313e-03 -1.768e-02 0.000e+00
153 1.537e-03 -2.018e-02 -1.190e-02 0.000e+00
154 -5.667e-03 1.143e-03 1.808e-03 0.000e+00
155 -7.308e-03 2.497e-02 -5.125e-02 0.000e+00
156 -3.133e-02 1.778e-03 -1.578e-02 0.000e+00
157 -8.860e-03 2.729e-02 -8.871e-03 0.000e+00
158 -2.034e-02 -3.388e-02 2.347e-02 0.000e+00
159 3.358e-02 1.115e-02 -2.321e-02 0.000e+00
160 3.172e-02 1.991e-02 1.681e-03 0.000e+00
161 3.372e-02 -3.035e-02 -1.900e-02 0.000e+00
162 -1.243e-02 -3.906e-02 -2.623e-02 0.000e+00
163 -7.800e-03 4.061e-03 -4.610e-02 0.000e+00
164 4.976e-02 -2.915e-02 -5.393e-02 0.000e+00
165 7.517e-03 -3.509e-02 -4.499e-03 0.000e+00
166 -4.833e-03 2.667e-02 -3.962e-02 0.000e+00
167 2.284e-02 -1.820e-02 1.418e-02 0.000e+00
168 4.603e-02 2.569e-02 -1.092e-02 0.000e+00
169 -3.542e-02 -3.292e-02 4.419e-03 0.000e+00
170 2.965e-02 -2.388e-02 7.155e-04 0.000e+00
171 5.144e-02 3.592e-02 -4.214e-04 0.000e+00
172 -2.695e-03 -4.581e-03 -9.844e-03 0.000e+00
173 3.902e-03 -8.637e-03 2.691e-02 0.000e+00
174 7.875e-03 -3.739e-02 -2.345e-03 0.000e+00
175 -1.436e-02 -8.845e-05 -1.272e-02 0.000e+00
176 -3.776e-03 2.499e-02 -1.567e-02 0.000e+00
177 -6.987e-03 1.414e-02 -1.310e-02 0.000e+00
178 5.770e-03 1.538e-02 1.217e-02 0.000e+00
179 2.692e-02 3.477e-02 3.398e-02 0.000e+00
180 -1.395e-02 -3.736e-02 5.696e-03 0.000e+00
181 -3.892e-02 -3.873e-03 1.814e-03 0.000e+00
182 1.211e-02 -1.060e-02 -1.575e-02 0.000e+00
183 -1.787e-02 2.547e-03 -7.719e-05 0.000e+00
184 -2.178e-02 6.467e-03 -2.244e-02 0.000e+00
185 7.628e-03 1.434e-02 1.656e-02 0.000e+00
186 7.630e-03 4.102e-02 -8.812e-03 -3.067e+00
187 6.643e-03 2.037e-03 1.253e-02 0.000e+00
188 1.470e-02 3.960e-02 1.270e-03 3.294e+01
189 5.089e-02 1.112e-02 -1.219e-02 0.000e+00
190 -3.980e-03 1.552e-02 -2.704e-02 0.000e+00
191 7.764e-02 -3.653e-02 -8.531e-03 0.000e+00
192 3.125e-02 -3.071e-02 -1.314e-02 0.000e+00
193 -2.805e-03 2.793e-02 -1.244e-02 0.000e+00
194 -2.617e-03 1.694e-02 -1.951e-02 0.000e+00
195 4.615e-02 1.055e-02 -1.476e-02 0.000e+00
196 2.033e-02 -3.397e-02 4.494e-03 0.000e+00
197 -2.949e-02 -2.637e-04 -2.489e-02 0.000e+00
198 -3.609e-02 1.043e-02 7.933e-03 0.000e+00
199 -4.272e-02 1.975e-02 1.037e-02 0.000e+00
200 3.341e-02 -3.800e-02 -3.392e-02 0.000e+00
201 -2.487e-02 -8.060e-03 1.942e-02 0.000e+00
202 -1.646e-02 4.916e-02 -1.368e-02 2.674e+01
203 -2.591e-03 1.713e-02 2.100e-02 0.000e+00
204 4.079e-02 -3.713e-02 -3.148e-02 0.000e+00
205 -8.922e-03 2.352e-02 -2.833e-02 0.000e+00
206 -6.578e-03 1.440e-02 -9.719e-03 0.000e+00
207 -1.352e-02 5.974e-03 4.923e-02 0.000e+00
208 1.637e-02 -2.464e-02 -8.750e-03 0.000e+00
209 3.187e-02 4.378e-03 -9.678e-03 0.000e+00
210 4.529e-02 2.806e-02 1.460e-02 0.000e+00
211 2.733e-02 -3.273e-02 -3.641e-03 0.000e+00
212 -2.184e-02 1.616e-02 4.015e-02 0.000e+00
213 5.253e-02 -1.294e-02 2.547e-02 0.000e+00
214 -1.451e-02 -3.612e-02 -2.442e-02 0.000e+00
215 9.591e-03 4.265e-03 -4.556e-02 0.000e+00
216 -6.818e-03 2.625e-02 4.077e-02 0.000e+00
217 2.765e-04 2.316e-02 -1.659e-02 0.000e+00
218 -1.168e-02 -3.900e-02 -1.148e-02 0.000e+00
219 3.180e-02 1.980e-02 2.668e-02 0.000e+00
220 1.829e-02 -3.340e-02 -1.453e-05 0.000e+00
221 -1.987e-02 2.582e-03 -1.838e-02 0.000e+00
222 2.158e-02 1.134e-02 -1.960e-02 0.000e+00
223 8.058e-03 -2.233e-02 6.540e-04 0.000e+00
224 1.112e-02 1.516e-02 -1.665e-02 0.000e+00
225 -2.792e-02 8.947e-03 1.666e-02 0.000e+00
226 -3.802e-04 2.059e-02 -3.369e-02 0.000e+00
227 -1.342e-02 -3.462e-02 1.151e-02 0.000e+00
228 7.651e-03 1.873e-02 3.328e-02 0.000e+00
229 -3.969e-03 -2.462e-05 2.927e-03 0.000e+00
230 -1.215e-02 -5.859e-04 -4.018e-03 0.000e+00
231 -2.281e-02 -5.606e-03 2.196e-02 0.000e+00
232 1.350e-02 -2.974e-02 2.741e-03 0.000e+00
233 -9.571e-03 7.988e-03 -4.863e-02 0.000e+00
234 -1.043e-02 1.544e-02 -1.948e-02 0.000e+00
235 -2.090e-03 4.263e-02 -1.830e-02 1.459e+01
236 -1.060e-03 -3.381e-02 1.174e-02 0.000e+00
237 2.869e-03 -3.494e-02 1.582e-02 0.000e+00
238 -1.555e-02 3.776e-03 2.413e-02 0.000e+00
239 1.489e-02 1.130e-02 3.635e-02 0.000e+00
240 -2.432e-02 -3.841e-02 -2.472e-02 0.000e+00
241 1.500e-03 1.040e-02 -1.334e-02 0.000e+00
242 -3.061e-02 -3.413e-02 -3.042e-02 0.000e+00
243 2.806e-02 1.105e-02 -1.614e-02 0.000e+00
244 3.806e-02 -3.278e-03 -1.508e-02 0.000e+00
245 5.500e-02 6.432e-03 3.089e-03 0.000e+00
246 4.672e-02 -1.075e-02 2.361e-02 0.000e+00
247 5.910e-02 -3.409e-02 1.156e-02 0.000e+00
248 6.409e-02 1.515e-04 -9.557e-04 0.000e+00
249 9.580e-02 3.407e-02 -7.808e-03 0.000e+00
250 1.346e-01 3.157e-02 -1.283e-02 0.000e+00
251 1.985e-01 -1.790e-02 -2.117e-02 0.000e+00
252 2.576e-01 5.628e-02 -8.758e-03 -1.591e+01
253 3.248e-01 9.696e-02 4.209e-02 -1.064e+01
254 3.807e-01 9.207e-02 6.870e-02 -5.691e+00
255 4.436e-01 9.707e-02 6.752e-02 -2.929e+00
256 5.661e-01 1.730e-01 1.331e-01 5.291e+00
257 7.363e-01 2.807e-01 8.520e-02 1.226e+01
258 9.182e-01 2.989e-01 2.718e-02 1.590e+01
259 1.000e+00 3.371e-01 4.979e-02 2.054e+01
260 9.131e-01 2.280e-01 -3.217e-02 1.602e+01
261 7.814e-01 1.812e-01 -1.550e-02 7.738e+00
262 6.872e-01 1.304e-01 -1.892e-02 1.172e+01
263 6.011e-01 7.176e-02 -5.745e-02 8.523e+00
264 5.794e-01 4.458e-02 -9.736e-02 -5.551e+00
265 4.601e-01 2.445e-02 -5.081e-02 0.000e+00
266 3.515e-01 4.877e-02 -4.136e-02 4.650e+01
267 2.322e-01 7.655e-02 7.873e-03 4.242e+01
268 1.645e-01 6.801e-02 -6.184e-03 5.895e+01
269 9.848e-02 9.295e-02 2.693e-02 4.116e+01
270 6.246e-02 2.813e-02 -9.904e-06 0.000e+00
271 4.933e-02 3.177e-03 -1.035e-02 0.000e+00
272 8.228e-03 -3.855e-02 4.493e-02 0.000e+00
273 2.779e-02 3.422e-02 -1.075e-02 0.000e+00
274 6.388e-03 2.007e-02 -1.654e-02 0.000e+00
275 4.818e-02 -5.761e-05 9.391e-03 0.000e+00
276 2.516e-02 -3.238e-02 1.289e-02 0.000e+00
277 -3.461e-02 -3.655e-02 9.625e-03 0.000e+00
278 4.047e-02 1.503e-02 2.347e-02 0.000e+00
279 3.541e-02 -3.882e-02 -2.059e-02 0.000e+00
280 6.822e-02 -3.555e-02 -2.002e-02 0.000e+00
281 2.487e-02 -3.208e-02 -6.105e-03 0.000e+00
282 -1.119e-02 -3.341e-02 1.681e-03 0.000e+00
283 1.890e-02 -3.585e-02 2.652e-02 0.000e+00
284 6.009e-02 1.970e-02 8.931e-03 0.000e+00
285 1.733e-02 -3.324e-02 2.982e-02 0.000e+00
286 2.195e-02 4.456e-03 6.011e-03 0.000e+00
287 -2.165e-02 -2.385e-03 -1.064e-03 0.000e+00
288 8.835e-03 -9.978e-04 1.974e-03 0.000e+00
289 -3.836e-02 -3.335e-02 -2.311e-02 0.000e+00
290 2.485e-02 -3.629e-02 1.289e-03 0.000e+00
291 -2.996e-02 -3.871e-02 -1.433e-02 0.000e+00
292 -1.728e-02 1.499e-02 -3.693e-02 0.000e+00
293 -8.754e-03 -3.827e-02 2.163e-02 0.000e+00
294 9.085e-03 -2.487e-02 1.001e-02 0.000e+00
295 3.302e-04 1.940e-03 -1.191e-02 0.000e+00
296 -1.526e-02 -3.175e-02 -3.450e-02 0.000e+00
297 1.637e-02 -8.630e-03 -2.557e-04 0.000e+00
298 3.454e-02 -2.712e-02 6.891e-03 0.000e+00
299 4.054e-02 -2.873e-02 4.477e-02 0.000e+00
300 -9.982e-03 -2.650e-03 2.439e-02 0.000e+00
301 -5.227e-03 2.604e-02 -2.359e-04 0.000e+00
302 3.062e-03 4.234e-02 2.743e-03 -9.147e+00
303 -1.828e-02 3.686e-02 -3.954e-03 0.000e+00
304 -2.933e-02 -3.110e-02 -2.004e-02 0.000e+00
305 -1.063e-02 3.529e-02 9.034e-03 0.000e+00
306 -4.658e-03 -3.635e-02 -4.215e-03 0.000e+00
307 -1.900e-02 2.423e-02 -1.489e-02 0.000e+00
308 2.086e-02 1.246e-02 -4.658e-02 0.000e+00
309 -1.572e-03 -2.367e-02 -3.654e-02 0.000e+00
310 -3.254e-03 -4.705e-04 -9.263e-03 0.000e+00
311 -5.167e-02 -4.124e-03 8.045e-03 0.000e+00
312 6.920e-03 4.529e-03 -1.406e-02 0.000e+00
313 -1.238e-02 -3.091e-02 -1.705e-02 0.000e+00
314 -1.318e-03 3.439e-03 7.964e-03 0.000e+00
315 -2.170e-02 -3.626e-02 1.132e-02 0.000e+00
316 6.571e-03 -3.348e-02 1.327e-02 0.000e+00
317 1.330e-02 -2.798e-02 -2.208e-03 0.000e+00
318 4.837e-02 8.759e-03 -8.887e-03 0.000e+00
319 1.631e-02 -2.126e-02 -4.074e-02 0.000e+00
320 -1.217e-02 -3.018e-02 -4.172e-03 0.000e+00
321 -2.095e-03 -3.597e-02 1.776e-02 0.000e+00
322 9.326e-03 -1.392e-02 2.625e-02 0.000e+00
323 2.045e-02 3.023e-02 -3.137e-03 0.000e+00
324 -3.798e-02 -3.742e-02 3.076e-03 0.000e+00
325 -5.617e-02 1.903e-02 2.020e-02 0.000e+00
326 -1.257e-02 -3.512e-02 1.179e-02 0.000e+00
327 5.357e-03 -9.116e-03 -1.945e-02 0.000e+00
328 -3.115e-02 -3.160e-02 -9.551e-03 0.000e+00
329 -5.618e-02 -1.650e-02 1.200e-02 0.000e+00
330 3.033e-03 -3.022e-02 4.532e-02 0.000e+00
331 2.044e-02 -6.261e-03 7.562e-03 0.000e+00
332 1.182e-02 -1.128e-03 -8.677e-03 0.000e+00
333 6.119e-03 7.230e-03 -6.401e-03 0.000e+00
334 9.259e-03 -3.802e-02 -4.944e-02 0.000e+00
335 5.373e-03 -1.906e-02 -8.460e-03 0.000e+00
336 -2.295e-02 7.243e-03 1.113e-02 0.000e+00
337 1.041e-02 1.013e-03 -7.291e-03 0.000e+00
338 4.959e-03 7.576e-03 4.550e-02 0.000e+00
339 1.975e-02 -2.874e-02 -1.116e-02 0.000e+00
340 -2.466e-02 3.996e-03 1.440e-02 0.000e+00
341 1.689e-02 1.730e-02 2.434e-02 0.000e+00
342 1.964e-02 -3.820e-02 3.950e-02 0.000e+00
343 -6.640e-02 -3.836e-02 2.320e-02 0.000e+00
344 3.337e-02 1.913e-02 1.382e-02 0.000e+00
345 -5.099e-04 -3.534e-02 -8.710e-03 0.000e+00
346 -1.089e-03 -3.219e-02 1.880e-02 0.000e+00
347 4.857e-02 -5.489e-05 -8.657e-03 0.000e+00
348 -5.829e-03 1.908e-02 1.378e-02 0.000e+00
349 1.379e-02 -3.739e-02 -3.544e-02 0.000e+00
350 -5.386e-03 6.462e-03 -1.379e-02 0.000e+00
351 -2.392e-02 -3.082e-02 2.898e-02 0.000e+00
352 -8.451e-03 4.417e-02 -2.384e-02 -2.925e+01
353 2.016e-02 2.465e-02 -2.077e-02 0.000e+00
354 -1.615e-02 -2.970e-02 -2.332e-02 0.000e+00
355 -3.500e-02 -3.626e-02 1.162e-02 0.000e+00
356 2.402e-03 8.878e-03 -8.475e-03 0.000e+00
357 -2.389e-02 -9.709e-03 1.018e-02 0.000e+00
358 1.446e-02 -3.698e-02 8.788e-03 0.000e+00
359 -3.062e-02 4.019e-02 -2.932e-02 2.909e+01
360 -7.553e-03 -3.640e-02 4.731e-03 0.000e+00
361 -2.578e-02 7.911e-03 1.522e-02 0.000e+00
362 -5.096e-03 1.483e-02 3.091e-02 0.000e+00
363 -1.339e-02 -3.688e-02 1.922e-02 0.000e+00
364 2.264e-02 -3.222e-02 3.940e-02 0.000e+00
365 -6.694e-03 -2.897e-02 -3.553e-02 0.000e+00
366 1.504e-02 3.573e-02 8.545e-03 0.000e+00
367 -1.153e-02 -3.208e-02 2.641e-03 0.000e+00
368 6.214e-03 -3.764e-02 -3.728e-02 0.000e+00
369 -4.443e-05 -3.493e-02 -1.403e-02 0.000e+00
370 1.395e-03 -6.655e-03 7.762e-03 0.000e+00
371 -1.329e-03 1.845e-03 -1.702e-02 0.000e+00
372 1.697e-02 -3.443e-02 -9.722e-03 0.000e+00
373 8.386e-03 1.865e-02 -1.193e-02 0.000e+00
374 8.692e-03 -2.761e-02 1.096e-03 0.000e+00
375 8.915e-03 -2.420e-02 -3.156e-03 0.000e+00
376 3.281e-02 -3.467e-02 -4.067e-03 0.000e+00
377 8.560e-03 -2.404e-02 2.302e-02 0.000e+00
378 2.804e-02 1.470e-02 1.989e-03 0.000e+00
379 1.792e-02 -2.219e-03 -3.512e-02 0.000e+00
380 -2.260e-02 4.711e-03 2.756e-02 0.000e+00
381 -1.689e-02 6.732e-03 -3.312e-02 0.000e+00
382 2.103e-02 3.029e-02 4.558e-02 0.000e+00
383 1.642e-02 3.831e-02 -1.876e-02 9.268e+01
384 4.954e-03 5.348e-03 5.788e-03 0.000e+00
385 4.146e-02 3.084e-02 1.255e-02 0.000e+00
386 6.443e-03 -7.513e-03 3.841e-02 0.000e+00
387 -2.459e-02 -9.276e-03 3.684e-02 0.000e+00
388 -3.275e-02 -3.491e-02 -2.076e-02 0.000e+00
389 3.231e-02 1.997e-02 -2.564e-02 0.000e+00
390 4.443e-02 -3.113e-02 -2.058e-02 0.000e+00
391 -9.554e-03 -3.199e-02 -4.205e-02 0.000e+00
392 1.536e-02 1.712e-02 4.104e-04 0.000e+00
393 -5.421e-02 3.971e-02 8.685e-03 4.416e+00
394 -2.197e-02 1.574e-02 -2.773e-05 0.000e+00
395 -1.819e-02 1.673e-02 2.137e-02 0.000e+00
396 -5.496e-03 2.681e-02 2.284e-02 0.000e+00
397 -1.412e-02 -2.500e-02 2.543e-02 0.000e+00
398 2.610e-02 3.092e-02 -3.544e-02 0.000e+00
399 5.740e-02 -2.155e-02 -1.623e-03 0.000e+00
400 7.378e-03 -3.001e-02 -7.720e-03 0.000e+00
401 3.145e-02 -3.328e-02 -3.095e-02 0.000e+00
402 -1.054e-03 1.372e-02 -1.574e-03 0.000e+00
403 -7.970e-03 3.393e-02 1.595e-02 0.000e+00
404 1.837e-02 2.924e-02 4.013e-02 0.000e+00
405 -1.639e-02 -3.856e-02 -6.402e-03 0.000e+00
406 7.260e-03 -6.349e-03 -2.375e-03 0.000e+00
407 3.619e-02 4.605e-02 -7.796e-03 4.747e+01
408 -2.170e-02 -3.816e-02 -1.430e-02 0.000e+00
409 7.454e-03 4.458e-02 -2.716e-02 5.518e+00
410 1.447e-02 4.978e-02 -6.799e-03 1.165e+02
411 -1.678e-04 -6.394e-03 2.619e-03 0.000e+00
412 -9.116e-05 -3.807e-02 -5.225e-02 0.000e+00
413 -1.582e-02 2.507e-02 3.584e-02 0.000e+00
414 1.211e-02 -3.711e-02 1.124e-02 0.000e+00
415 -1.376e-02 -9.696e-03 9.795e-05 0.000e+00
416 -4.115e-02 9.272e-03 3.964e-02 0.000e+00
417 1.307e-02 3.053e-02 -2.799e-03 0.000e+00
418 -3.818e-03 5.245e-02 1.247e-03 2.100e+01
419 -1.653e-03 -3.439e-02 -3.147e-03 0.000e+00
420 1.285e-02 -5.983e-03 -1.139e-02 0.000e+00
421 -1.190e-02 -3.556e-02 -1.002e-02 0.000e+00
422 1.240e-02 -1.798e-02 -1.833e-02 0.000e+00
423 -2.173e-02 1.684e-03 1.443e-02 0.000e+00
424 -2.827e-02 1.629e-02 4.955e-02 0.000e+00
425 -2.109e-02 -3.496e-02 -3.574e-02 0.000e+00
426 2.027e-02 -3.013e-02 -2.089e-02 0.000e+00
427 6.224e-03 -2.718e-02 -2.222e-03 0.000e+00
428 1.592e-02 -2.673e-02 -2.515e-02 0.000e+00
429 -3.541e-02 7.764e-03 1.421e-02 0.000e+00
430 -1.084e-03 -3.699e-02 1.397e-02 0.000e+00
431 -1.159e-03 -3.427e-02 -1.111e-02 0.000e+00
432 2.369e-02 2.203e-02 1.084e-02 0.000e+00
433 4.864e-03 3.993e-02 -3.787e-02 -1.092e+01
434 5.975e-03 2.205e-02 4.331e-02 0.000e+00
435 6.500e-03 3.206e-02 3.603e-02 0.000e+00
436 7.785e-03 -2.738e-02 7.713e-03 0.000e+00
437 -1.297e-02 -3.820e-02 -1.717e-02 0.000e+00
438 3.591e-03 8.255e-03 -4.563e-02 0.000e+00
439 1.835e-02 5.879e-02 6.509e-02 1.180e+02
440 -1.074e-02 4.318e-03 -4.391e-02 0.000e+00
441 -2.973e-02 1.963e-03 7.696e-03 0.000e+00
442 -3.049e-04 -3.657e-02 5.941e-03 0.000e+00
443 -6.134e-03 -2.170e-02 3.263e-04 0.000e+00
444 -1.413e-02 -3.891e-02 -1.346e-02 0.000e+00
445 -4.429e-02 5.362e-04 1.572e-02 0.000e+00
446 1.651e-02 -5.675e-03 -9.066e-03 0.000e+00
447 -2.746e-02 1.464e-03 2.074e-05 0.000e+00
448 4.443e-05 1.720e-02 -5.903e-03 0.000e+00
449 1.157e-02 -7.145e-03 5.058e-02 0.000e+00
450 3.917e-02 5.787e-02 -2.437e-02 9.211e+01
451 2.003e-02 1.845e-02 -1.672e-02 0.000e+00
452 -8.431e-03 2.819e-02 2.259e-03 0.000e+00
453 1.687e-02 -3.715e-02 -9.738e-03 0.000e+00
454 -1.703e-02 -2.901e-02 2.399e-02 0.000e+00
455 -5.527e-03 9.031e-03 5.154e-02 0.000e+00
456 -8.835e-03 -3.485e-02 5.985e-03 0.000e+00
457 -3.289e-03 -3.186e-02 -7.573e-03 0.000e+00
458 -3.005e-02 -1.270e-03 -6.344e-03 0.000e+00
459 -1.710e-02 8.621e-03 2.460e-02 0.000e+00
460 3.390e-02 3.453e-03 -3.949e-02 0.000e+00
461 1.755e-02 -7.289e-03 4.579e-02 0.000e+00
462 4.643e-03 1.759e-02 -6.318e-03 0.000e+00
463 -3.087e-02 -3.899e-02 -3.727e-03 0.000e+00
464 -1.100e-02 -2.310e-02 1.635e-02 0.000e+00
465 3.706e-03 -1.133e-02 2.099e-02 0.000e+00
466 -1.688e-02 1.304e-02 1.488e-02 0.000e+00
467 3.851e-02 -2.206e-02 1.006e-02 0.000e+00
468 3.536e-02 7.679e-03 1.908e-04 0.000e+00
469 -6.829e-03 -3.538e-02 -2.315e-02 0.000e+00
470 4.352e-03 -3.610e-02 1.016e-02 0.000e+00
471 1.541e-02 2.663e-02 -1.717e-02 0.000e+00
472 8.003e-04 1.726e-02 2.069e-03 0.000e+00
473 1.232e-02 4.079e-04 -2.510e-03 0.000e+00
474 2.235e-02 1.653e-02 -1.880e-02 0.000e+00
475 -9.026e-03 1.253e-02 -1.895e-02 0.000e+00
476 -3.920e-02 -3.718e-02 -1.165e-02 0.000e+00
477 -2.640e-02 1.862e-02 3.509e-02 0.000e+00
478 4.623e-02 2.200e-02 -2.196e-02 0.000e+00
479 -2.068e-02 -3.763e-02 2.127e-02 0.000e+00
480 4.465e-02 6.678e-03 -2.810e-02 0.000e+00
481 3.536e-03 -3.287e-03 5.709e-02 0.000e+00
482 -3.836e-02 2.237e-02 5.973e-03 0.000e+00
483 -2.933e-03 1.633e-02 -4.776e-03 0.000e+00
484 -4.440e-02 1.167e-02 2.242e-02 0.000e+00
485 -3.415e-02 1.324e-02 -8.563e-03 0.000e+00
486 5.331e-02 -3.751e-02 -4.199e-02 0.000e+00
487 -1.372e-02 1.451e-02 -1.814e-02 0.000e+00
488 -1.352e-02 -3.778e-02 6.667e-02 0.000e+00
489 1.896e-02 1.540e-02 -3.935e-02 0.000e+00
490 2.013e-02 -4.358e-03 -2.037e-02 0.000e+00
491 1.456e-02 -4.284e-03 1.254e-02 0.000e+00
492 -5.738e-03 1.501e-02 -7.229e-03 0.000e+00
493 9.584e-04 -3.451e-02 -3.899e-02 0.000e+00
494 -1.674e-02 3.318e-03 -1.674e-02 0.000e+00
495 -2.324e-02 2.985e-02 1.366e-02 0.000e+00
496 4.809e-02 1.936e-02 2.297e-02 0.000e+00
497 -4.944e-02 -2.927e-02 7.263e-03 0.000e+00
498 1.184e-02 -2.421e-02 9.451e-03 0.000e+00
499 -3.000e-03 2.496e-02 3.454e-02 0.000e+00
500 4.887e-05 -2.828e-03 -3.007e-02 0.000e+00
501 -1.897e-02 -2.146e-02 4.166e-02 0.000e+00
502 -2.368e-02 -3.940e-03 1.181e-03 0.000e+00
503 4.841e-03 -3.778e-02 1.598e-03 0.000e+00
504 2.985e-02 -2.540e-03 1.678e-02 0.000e+00
505 1.422e-02 3.290e-03 3.334e-03 0.000e+00
506 2.983e-02 -2.637e-02 -1.593e-03 0.000e+00
507 -1.946e-02 4.425e-02 -9.831e-03 1.078e+02
508 -2.874e-02 2.044e-02 3.978e-02 0.000e+00
509 1.393e-02 -3.860e-02 2.195e-02 0.000e+00
510 2.212e-02 -2.777e-02 -4.439e-02 0.000e+00
511 3.169e-02 2.232e-02 -3.154e-02 0.000e+00
