Bin I L V PA
0 -1.900e-02 5.634e-03 -7.308e-03 0.000e+00
1 -4.536e-03 -6.010e-04 -1.716e-02 0.000e+00
2 -2.412e-02 1.783e-02 -6.819e-04 4.367e+01
3 -2.420e-02 -1.496e-02 1.142e-02 0.000e+00
4 -1.689e-02 2.289e-02 3.833e-03 -7.936e+01
5 1.663e-02 -1.020e-02 -1.995e-03 0.000e+00
6 -1.275e-02 -1.064e-02 7.838e-03 0.000e+00
7 4.419e-04 2.061e-03 9.102e-03 0.000e+00
8 -1.362e-02 3.031e-03 2.265e-02 0.000e+00
9 8.350e-03 -1.628e-02 7.868e-03 0.000e+00
10 3.443e-05 4.315e-03 2.141e-04 0.000e+00
11 -7.430e-03 7.874e-03 6.760e-03 0.000e+00
12 -1.114e-02 -4.390e-03 7.619e-03 0.000e+00
13 -9.201e-04 -6.449e-04 -1.380e-05 0.000e+00
14 1.488e-02 1.706e-02 -2.626e-02 7.188e+01
15 -3.883e-03 7.862e-03 1.524e-02 0.000e+00
16 3.810e-03 -1.505e-02 3.122e-03 0.000e+00
17 -9.475e-03 -1.160e-03 1.822e-03 0.000e+00
18 7.643e-03 2.891e-03 6.179e-03 0.000e+00
19 -1.293e-02 1.374e-02 -7.340e-03 0.000e+00
20 -4.726e-03 -1.526e-02 -5.829e-03 0.000e+00
21 -1.055e-02 5.154e-03 -3.355e-03 0.000e+00
22 5.589e-03 2.024e-03 1.582e-02 0.000e+00
23 -7.668e-04 4.645e-03 3.738e-03 0.000e+00
24 -4.371e-03 6.428e-03 6.711e-03 0.000e+00
25 3.592e-03 -1.491e-02 -3.827e-03 0.000e+00
26 -2.922e-02 -4.293e-03 -9.999e-04 0.000e+00
27 1.739e-03 -4.129e-03 -1.867e-03 0.000e+00
28 -1.197e-03 -1.574e-02 4.550e-03 0.000e+00
29 1.282e-03 -7.188e-03 -1.205e-02 0.000e+00
30 7.609e-03 6.292e-03 -3.102e-03 0.000e+00
31 -4.111e-03 2.988e-03 1.612e-02 0.000e+00
32 1.600e-02 1.230e-02 1.343e-02 0.000e+00
33 -5.488e-03 2.029e-02 -4.410e-03 -5.787e+01
34 3.571e-02 -1.601e-02 -5.060e-03 0.000e+00
35 1.610e-02 2.481e-03 -4.471e-04 0.000e+00
36 -4.263e-03 -1.509e-02 1.356e-02 0.000e+00
37 -4.894e-03 2.950e-03 -9.773e-03 0.000e+00
38 -3.820e-03 5.634e-03 1.510e-03 0.000e+00
39 -1.396e-02 -1.253e-02 1.751e-03 0.000e+00
40 1.963e-02 1.313e-02 7.723e-03 0.000e+00
41 5.444e-03 -1.246e-02 1.446e-02 0.000e+00
42 -4.146e-03 -1.498e-02 -7.507e-03 0.000e+00
43 1.300e-04 -1.611e-02 -7.358e-03 0.000e+00
44 7.904e-03 -1.963e-03 4.215e-03 0.000e+00
45 2.976e-03 4.352e-03 6.478e-03 0.000e+00
46 8.829e-04 -1.599e-02 -9.578e-03 0.000e+00
47 2.365e-02 -1.653e-02 -8.881e-03 0.000e+00
48 -1.233e-02 -1.404e-02 4.433e-04 0.000e+00
49 -1.104e-02 1.621e-02 4.101e-03 0.000e+00
50 -6.973e-03 1.205e-02 -5.760e-03 0.000e+00
51 -4.287e-03 2.532e-03 -1.219e-02 0.000e+00
52 -3.315e-04 3.845e-03 -1.064e-02 0.000e+00
53 -3.024e-03 4.674e-03 -1.355e-02 0.000e+00
54 4.593e-03 3.925e-03 -2.295e-03 0.000e+00
55 9.513e-03 2.498e-03 5.891e-04 0.000e+00
56 -2.376e-02 -1.256e-02 -7.226e-04 0.000e+00
57 -5.253e-03 7.181e-03 -4.757e-03 0.000e+00
58 1.891e-02 9.836e-03 -1.594e-02 0.000e+00
59 -1.061e-02 1.082e-03 7.082e-03 0.000e+00
60 4.854e-04 -1.314e-02 1.298e-02 0.000e+00
61 1.693e-02 -1.201e-03 9.830e-03 0.000e+00
62 -2.351e-03 2.184e-03 9.901e-03 0.000e+00
63 1.526e-04 -1.588e-02 1.627e-03 0.000e+00
64 -4.717e-05 -1.443e-02 1.253e-02 0.000e+00
65 -1.315e-02 5.240e-03 2.190e-03 0.000e+00
66 3.142e-04 -9.714e-03 2.201e-02 0.000e+00
67 1.540e-02 1.577e-02 -5.497e-03 0.000e+00
68 -1.999e-03 -1.377e-02 -1.487e-02 0.000e+00
69 -6.997e-03 3.380e-03 4.110e-03 0.000e+00
70 1.059e-02 -1.195e-03 -1.088e-02 0.000e+00
71 -1.475e-02 -1.518e-02 5.766e-03 0.000e+00
72 1.094e-02 5.312e-03 1.332e-02 0.000e+00
73 2.733e-03 -2.238e-03 -1.077e-02 0.000e+00
74 6.324e-03 1.121e-02 -2.926e-04 0.000e+00
75 1.741e-02 -2.070e-03 -1.447e-02 0.000e+00
76 2.016e-03 2.519e-03 -5.553e-03 0.000e+00
77 -2.766e-03 -1.017e-02 -1.686e-03 0.000e+00
78 3.508e-03 -8.813e-03 -3.822e-03 0.000e+00
79 -1.872e-03 -9.688e-03 1.861e-02 0.000e+00
80 -4.305e-03 -1.217e-02 -4.738e-04 0.000e+00
81 1.319e-02 1.071e-02 8.085e-03 0.000e+00
82 1.953e-03 -7.089e-03 -5.863e-03 0.000e+00
83 -8.745e-03 6.727e-03 -9.228e-03 0.000e+00
84 -2.013e-02 -1.203e-02 -2.187e-03 0.000e+00
85 -2.855e-02 -1.580e-02 -1.014e-02 0.000e+00
86 2.421e-02 1.730e-02 -5.265e-03 6.234e+01
87 3.023e-03 -1.168e-02 3.764e-03 0.000e+00
88 6.705e-03 1.793e-03 -1.160e-02 0.000e+00
89 -2.512e-03 1.021e-02 -2.412e-03 0.000e+00
90 -1.013e-02 -1.586e-04 9.314e-03 0.000e+00
91 1.317e-03 -1.547e-02 1.896e-02 0.000e+00
92 -1.542e-02 -1.552e-02 1.221e-02 0.000e+00
93 1.591e-02 -1.527e-02 7.075e-03 0.000e+00
94 1.476e-03 -1.267e-02 -4.005e-03 0.000e+00
95 4.745e-03 1.229e-02 -8.913e-03 0.000e+00
96 2.386e-03 -1.598e-02 1.070e-02 0.000e+00
97 2.680e-03 3.649e-03 -8.771e-03 0.000e+00
98 -9.574e-03 -1.603e-02 -2.991e-03 0.000e+00
99 -1.493e-02 -1.566e-02 1.257e-02 0.000e+00
100 5.275e-03 1.453e-02 -7.923e-03 0.000e+00
101 -3.954e-03 -1.158e-02 -1.470e-02 0.000e+00
102 -4.047e-03 7.158e-03 -4.309e-03 0.000e+00
103 -2.141e-02 6.327e-03 1.398e-02 0.000e+00
104 6.734e-03 -1.267e-02 -4.903e-03 0.000e+00
105 -1.133e-02 1.979e-02 -3.718e-03 -1.387e+01
106 -2.766e-03 1.074e-02 4.426e-03 0.000e+00
107 -5.384e-03 -9.913e-03 -1.575e-02 0.000e+00
108 -1.765e-03 3.687e-03 -5.975e-03 0.000e+00
109 1.014e-03 -1.078e-02 1.263e-02 0.000e+00
110 -1.076e-02 1.157e-04 -6.040e-03 0.000e+00
111 -9.127e-03 1.152e-02 -8.328e-03 0.000e+00
112 5.172e-03 -1.669e-02 1.237e-03 0.000e+00
113 3.920e-03 2.562e-02 -5.843e-03 -1.168e+01
114 -1.462e-03 -1.651e-02 5.045e-03 0.000e+00
115 -8.891e-03 1.028e-03 8.814e-03 0.000e+00
116 -1.537e-02 4.580e-03 -1.528e-02 0.000e+00
117 1.246e-02 -1.012e-02 2.901e-03 0.000e+00
118 1.661e-03 6.488e-04 7.800e-03 0.000e+00
119 -1.320e-02 -4.681e-03 -2.192e-04 0.000e+00
120 -4.786e-03 1.730e-02 -5.413e-03 -2.735e+01
121 3.115e-04 6.182e-03 -6.394e-04 0.000e+00
122 1.007e-02 -1.754e-03 1.464e-03 0.000e+00
123 -4.110e-03 -1.632e-02 1.577e-02 0.000e+00
124 -2.105e-03 1.041e-02 -8.008e-03 0.000e+00
125 -2.450e-02 -1.953e-03 -1.549e-03 0.000e+00
126 2.009e-02 -1.289e-02 6.946e-03 0.000e+00
127 -1.391e-03 -1.448e-02 2.033e-03 0.000e+00
128 2.985e-03 2.256e-02 8.181e-03 3.226e+01
129 2.021e-03 -1.210e-02 -1.704e-03 0.000e+00
130 -2.042e-03 -2.668e-03 7.582e-03 0.000e+00
131 -6.448e-03 -1.210e-02 5.128e-03 0.000e+00
132 -2.557e-04 -1.660e-02 4.199e-03 0.000e+00
133 -9.319e-03 1.831e-02 -1.087e-02 3.299e+01
134 -1.171e-02 9.302e-03 1.736e-03 0.000e+00
135 -1.265e-02 -1.679e-02 1.154e-02 0.000e+00
136 -6.405e-03 9.367e-03 -3.434e-03 0.000e+00
137 -5.756e-03 -1.548e-02 -1.229e-03 0.000e+00
138 4.927e-03 -5.371e-04 2.573e-03 0.000e+00
139 7.771e-03 -8.549e-03 1.082e-02 0.000e+00
140 -2.594e-02 1.014e-02 -8.280e-03 0.000e+00
141 -1.824e-02 -1.512e-02 -9.415e-03 0.000e+00
142 9.697e-03 9.264e-03 5.748e-03 0.000e+00
143 1.110e-02 1.120e-02 -3.475e-03 0.000e+00
144 -1.341e-02 1.746e-02 -4.208e-04 4.565e+01
145 -1.251e-02 -1.603e-02 3.786e-03 0.000e+00
146 -7.140e-03 8.456e-03 -6.079e-03 0.000e+00
147 -2.509e-03 -9.126e-03 7.212e-03 0.000e+00
148 -2.554e-02 6.363e-03 1.043e-02 0.000e+00
149 -1.941e-02 -1.188e-02 2.335e-03 0.000e+00
150 -8.611e-03 -1.311e-02 1.371e-03 0.000e+00
151 2.353e-03 1.882e-02 8.715e-03 -4.060e+01
152 1.050e-02 1.307e-02 -3.821e-03 0.000e+00
153 -2.214e-02 1.125e-02 2.019e-02 0.000e+00
154 -1.074e-02 -1.408e-02 1.400e-02 0.000e+00
155 -6.156e-03 1.633e-02 -2.352e-04 0.000e+00
156 -2.245e-03 9.527e-03 -2.205e-02 0.000e+00
157 -9.973e-03 5.441e-03 -5.689e-03 0.000e+00
158 -7.960e-03 -1.213e-02 -7.240e-03 0.000e+00
159 -1.522e-02 -5.086e-03 -1.457e-02 0.000e+00
160 7.596e-03 1.075e-02 1.499e-02 0.000e+00
161 -5.552e-03 -9.536e-03 -6.612e-03 0.000e+00
162 -5.397e-03 2.076e-02 -2.465e-03 -7.657e+01
163 2.622e-03 -1.582e-02 -4.019e-03 0.000e+00
164 -4.247e-03 7.646e-03 -3.303e-03 0.000e+00
165 8.125e-03 2.730e-03 -3.505e-03 0.000e+00
166 -1.350e-02 -8.727e-04 -4.168e-03 0.000e+00
167 4.166e-03 2.829e-04 -2.142e-03 0.000e+00
168 -1.156e-02 1.489e-02 1.154e-02 0.000e+00
169 -3.813e-03 -1.685e-02 2.694e-02 0.000e+00
170 -5.724e-03 -1.117e-02 6.903e-03 0.000e+00
171 1.733e-02 -1.394e-02 4.917e-03 0.000e+00
172 -5.587e-03 -1.603e-02 1.115e-02 0.000e+00
173 4.545e-03 -1.498e-02 -1.834e-02 0.000e+00
174 1.512e-03 1.899e-02 3.539e-03 3.605e+01
175 4.060e-03 1.257e-02 -4.255e-03 0.000e+00
176 -1.001e-02 -1.549e-02 -1.231e-02 0.000e+00
177 -9.801e-03 1.171e-02 -1.747e-02 0.000e+00
178 -4.023e-03 1.391e-02 -5.420e-03 0.000e+00
179 1.240e-02 9.084e-03 8.149e-04 0.000e+00
180 2.050e-02 -8.892e-03 -2.216e-03 0.000e+00
181 1.393e-03 -1.671e-02 4.819e-03 0.000e+00
182 -6.914e-03 -1.603e-02 -2.066e-02 0.000e+00
183 8.889e-03 4.311e-04 3.163e-03 0.000e+00
184 -9.727e-03 7.132e-03 5.546e-03 0.000e+00
185 -2.715e-03 4.907e-03 1.675e-02 0.000e+00
186 5.801e-03 4.220e-03 -7.178e-03 0.000e+00
187 -3.323e-03 -1.440e-02 5.479e-03 0.000e+00
188 2.993e-02 -9.881e-03 -2.802e-02 0.000e+00
189 6.230e-03 3.647e-03 4.231e-03 0.000e+00
190 -2.102e-02 2.625e-03 -3.730e-03 0.000e+00
191 1.283e-02 -9.827e-03 -1.129e-02 0.000e+00
192 -5.998e-03 1.305e-02 -1.445e-02 0.000e+00
193 4.127e-03 -1.241e-02 -1.305e-03 0.000e+00
194 1.818e-02 4.855e-03 0.000e+00 0.000e+00
195 8.877e-03 -1.298e-02 -1.681e-02 0.000e+00
196 1.141e-02 -1.452e-02 9.109e-03 0.000e+00
197 -7.938e-03 3.407e-03 2.298e-03 0.000e+00
198 8.568e-03 -1.545e-02 -1.383e-02 0.000e+00
199 3.758e-03 -9.107e-03 1.168e-03 0.000e+00
200 8.965e-03 2.043e-02 -2.138e-02 -3.517e+01
201 1.447e-02 1.171e-02 2.809e-03 0.000e+00
202 7.941e-04 9.472e-03 1.870e-02 0.000e+00
203 4.351e-03 -1.089e-02 1.149e-02 0.000e+00
204 -8.372e-03 9.041e-03 -1.402e-02 0.000e+00
205 4.414e-03 -1.453e-02 1.858e-03 0.000e+00
206 1.102e-02 -1.458e-02 1.571e-03 0.000e+00
207 7.362e-03 -1.238e-02 -3.956e-03 0.000e+00
208 7.920e-03 9.805e-03 7.752e-03 0.000e+00
209 -1.270e-02 3.218e-03 3.939e-04 0.000e+00
210 2.000e-02 7.348e-03 9.853e-03 0.000e+00
211 7.760e-03 -1.411e-02 -8.992e-03 0.000e+00
212 0.000e+00 -7.920e-03 6.759e-03 0.000e+00
213 -1.196e-03 2.177e-03 5.622e-03 0.000e+00
214 -1.516e-02 -1.679e-02 1.630e-02 0.000e+00
215 1.984e-03 -1.402e-02 -7.021e-04 0.000e+00
216 -4.705e-03 -1.654e-02 2.105e-02 0.000e+00
217 -6.796e-03 -1.374e-02 4.789e-03 0.000e+00
218 4.874e-03 9.024e-03 -2.830e-03 0.000e+00
219 6.834e-03 1.962e-02 -2.271e-03 7.139e+01
220 2.866e-03 -1.266e-02 -3.045e-03 0.000e+00
221 -4.108e-03 1.881e-02 -1.754e-03 -5.825e+00
222 2.297e-02 5.106e-03 1.005e-02 0.000e+00
223 -4.235e-04 -1.575e-02 1.235e-02 0.000e+00
224 8.749e-05 -3.163e-04 -2.331e-03 0.000e+00
225 1.316e-02 3.620e-03 2.419e-03 0.000e+00
226 -2.830e-04 -1.666e-03 -3.305e-03 0.000e+00
227 1.983e-03 7.438e-03 1.398e-02 0.000e+00
228 1.085e-02 1.533e-02 1.274e-02 0.000e+00
229 4.530e-03 1.449e-02 -9.031e-03 0.000e+00
230 1.655e-02 -1.269e-02 1.166e-03 0.000e+00
231 3.911e-03 -1.366e-02 -3.190e-02 0.000e+00
232 5.041e-03 -1.361e-02 -7.489e-03 0.000e+00
233 -8.004e-03 -1.164e-02 -3.628e-03 0.000e+00
234 2.301e-03 1.288e-02 -6.942e-03 0.000e+00
235 -4.268e-03 -1.683e-02 1.740e-02 0.000e+00
236 1.775e-02 -1.415e-02 1.004e-02 0.000e+00
237 -3.757e-03 -1.030e-03 4.680e-03 0.000e+00
238 2.218e-02 3.339e-03 -1.362e-02 0.000e+00
239 3.454e-03 6.629e-03 1.437e-02 0.000e+00
240 -1.144e-03 -1.178e-02 -1.950e-02 0.000e+00
241 -1.152e-02 4.730e-03 1.197e-02 0.000e+00
242 5.784e-03 -1.629e-02 -1.482e-02 0.000e+00
243 -4.902e-03 -1.378e-02 -7.612e-03 0.000e+00
244 -2.167e-03 1.350e-02 -8.903e-03 0.000e+00
245 1.245e-02 -1.590e-02 3.663e-03 0.000e+00
246 8.985e-03 1.145e-02 1.046e-02 0.000e+00
247 -1.447e-03 1.547e-02 -2.901e-03 0.000e+00
248 -1.937e-02 1.333e-02 5.884e-03 0.000e+00
249 1.930e-02 -1.647e-02 4.163e-04 0.000e+00
250 -1.032e-02 -1.562e-02 2.656e-02 0.000e+00
251 1.001e-02 -1.573e-02 1.965e-02 0.000e+00
252 5.915e-03 7.818e-03 6.119e-03 0.000e+00
253 8.228e-03 8.274e-03 -1.736e-02 0.000e+00
254 5.423e-03 -9.087e-03 2.756e-03 0.000e+00
255 1.854e-02 9.918e-03 8.426e-03 0.000e+00
256 -7.425e-03 -1.447e-02 -7.511e-04 0.000e+00
257 -8.320e-04 -8.232e-03 7.963e-03 0.000e+00
258 -3.195e-03 -1.209e-02 7.005e-03 0.000e+00
259 2.131e-02 -1.067e-03 -6.981e-03 0.000e+00
260 -2.455e-03 2.737e-03 -5.199e-03 0.000e+00
261 3.747e-03 1.117e-02 -4.973e-03 0.000e+00
262 3.118e-03 4.919e-03 7.135e-03 0.000e+00
263 2.741e-03 -1.549e-02 -2.039e-02 0.000e+00
264 3.899e-03 -1.323e-02 1.764e-02 0.000e+00
265 -2.165e-03 1.986e-02 8.819e-04 -9.046e+01
266 -1.178e-02 1.204e-02 2.373e-03 0.000e+00
267 1.763e-02 1.348e-02 1.195e-03 0.000e+00
268 1.172e-02 6.815e-03 -9.619e-03 0.000e+00
269 3.921e-03 -1.120e-02 2.426e-02 0.000e+00
270 -3.575e-03 1.181e-02 8.587e-03 0.000e+00
271 1.778e-02 -1.038e-02 1.215e-02 0.000e+00
272 -1.014e-02 1.350e-02 1.858e-02 0.000e+00
273 -9.385e-03 -9.447e-03 1.518e-02 0.000e+00
274 -5.237e-03 -7.786e-03 1.144e-02 0.000e+00
275 1.173e-02 -1.515e-02 -1.824e-02 0.000e+00
276 6.175e-03 -1.616e-02 1.589e-02 0.000e+00
277 -5.083e-03 7.654e-03 1.520e-02 0.000e+00
278 -5.693e-03 -9.345e-03 5.923e-03 0.000e+00
279 4.013e-03 -1.353e-02 8.866e-03 0.000e+00
280 1.318e-02 1.499e-02 -8.772e-03 0.000e+00
281 -1.163e-02 -2.813e-03 2.962e-03 0.000e+00
282 2.568e-02 -1.970e-05 -2.193e-02 0.000e+00
283 6.439e-03 1.582e-02 -8.125e-03 0.000e+00
284 2.119e-03 -3.401e-03 -1.965e-03 0.000e+00
285 4.851e-03 -1.166e-02 -4.303e-03 0.000e+00
286 2.379e-03 -3.026e-03 -7.849e-03 0.000e+00
287 -2.079e-03 3.425e-03 8.666e-03 0.000e+00
288 4.530e-03 1.175e-02 1.504e-03 0.000e+00
289 1.894e-03 6.826e-03 2.269e-03 0.000e+00
290 -3.137e-04 -1.143e-02 -3.544e-03 0.000e+00
291 -4.281e-03 9.353e-03 6.794e-03 0.000e+00
292 -4.659e-03 3.323e-03 -4.492e-03 0.000e+00
293 -2.075e-02 -1.202e-02 1.080e-02 0.000e+00
294 -1.776e-02 1.026e-02 -1.073e-02 0.000e+00
295 -5.831e-03 -2.967e-04 -1.664e-02 0.000e+00
296 -6.850e-03 -8.738e-03 3.523e-03 0.000e+00
297 1.084e-04 9.103e-03 2.010e-03 0.000e+00
298 7.231e-03 5.277e-03 -3.418e-03 0.000e+00
299 1.270e-02 -1.335e-02 -1.296e-02 0.000e+00
300 -1.126e-02 6.623e-03 2.097e-02 0.000e+00
301 3.662e-03 -7.600e-05 9.622e-03 0.000e+00
302 -1.581e-02 3.578e-03 1.222e-02 0.000e+00
303 -8.548e-03 -1.620e-02 5.384e-03 0.000e+00
304 -8.981e-03 -2.625e-04 -2.746e-03 0.000e+00
305 -1.196e-02 2.038e-02 1.240e-02 -6.788e+01
306 -1.066e-02 1.410e-02 -3.507e-03 0.000e+00
307 1.363e-02 3.992e-03 1.176e-03 0.000e+00
308 1.833e-02 1.296e-02 -1.870e-03 0.000e+00
309 2.929e-03 -1.111e-02 2.493e-02 0.000e+00
310 1.444e-02 2.784e-02 4.372e-03 -7.179e+01
311 -2.778e-03 1.824e-03 -3.706e-03 0.000e+00
312 8.343e-04 -3.235e-03 -7.442e-03 0.000e+00
313 2.071e-02 -1.572e-02 -4.500e-04 0.000e+00
314 -1.744e-03 -1.243e-02 -7.939e-03 0.000e+00
315 -1.893e-02 1.150e-02 6.408e-03 0.000e+00
316 6.338e-03 -1.060e-02 1.728e-02 0.000e+00
317 -1.017e-02 4.863e-03 -6.000e-03 0.000e+00
318 -1.393e-02 -2.496e-03 -1.182e-02 0.000e+00
319 -1.063e-02 4.711e-03 2.003e-02 0.000e+00
320 -4.729e-03 1.331e-02 7.571e-03 0.000e+00
321 -7.736e-03 1.971e-02 3.283e-04 -6.931e+01
322 -5.812e-03 1.411e-02 -7.052e-03 0.000e+00
323 1.115e-02 -1.674e-02 -4.605e-03 0.000e+00
324 -6.186e-03 -1.596e-02 1.838e-03 0.000e+00
325 4.795e-03 -1.136e-02 -1.029e-02 0.000e+00
326 -4.050e-03 8.509e-03 2.130e-02 0.000e+00
327 1.272e-02 4.283e-03 3.917e-03 0.000e+00
328 1.875e-04 -1.367e-02 7.446e-04 0.000e+00
329 -1.027e-02 -1.467e-02 2.741e-03 0.000e+00
330 -7.969e-03 6.645e-03 1.704e-02 0.000e+00
331 -9.044e-03 1.597e-05 1.155e-02 0.000e+00
332 5.474e-04 -1.290e-02 -8.751e-03 0.000e+00
333 -7.420e-03 -1.620e-02 5.055e-03 0.000e+00
334 3.031e-04 1.534e-02 -3.234e-03 0.000e+00
335 4.293e-03 -1.721e-03 7.439e-03 0.000e+00
336 5.758e-03 1.322e-02 -1.605e-02 0.000e+00
337 2.080e-03 5.962e-03 1.319e-02 0.000e+00
338 -7.574e-03 2.127e-02 4.373e-03 -1.002e+02
339 -1.229e-02 1.992e-02 -4.647e-03 -4.726e+01
340 -8.899e-03 1.569e-02 2.156e-03 0.000e+00
341 -1.065e-02 -5.376e-03 2.262e-02 0.000e+00
342 -1.325e-02 2.712e-03 -1.605e-02 0.000e+00
343 -8.772e-03 3.857e-03 4.417e-03 0.000e+00
344 1.849e-04 -1.489e-02 -1.807e-02 0.000e+00
345 -6.340e-03 1.122e-02 -4.759e-03 0.000e+00
346 -2.594e-03 3.599e-03 -4.491e-03 0.000e+00
347 1.159e-02 2.076e-02 -5.859e-03 3.544e+01
348 2.492e-02 -1.156e-02 5.898e-03 0.000e+00
349 1.880e-02 -2.330e-03 1.406e-02 0.000e+00
350 -1.455e-04 1.267e-02 -8.346e-04 0.000e+00
351 7.994e-03 -8.881e-03 1.200e-02 0.000e+00
352 -6.076e-03 -1.545e-02 1.044e-02 0.000e+00
353 -9.021e-03 -1.164e-02 -1.073e-02 0.000e+00
354 1.135e-02 1.208e-02 -8.445e-03 0.000e+00
355 1.352e-02 -9.868e-03 -2.123e-02 0.000e+00
356 -1.196e-03 -1.305e-03 2.471e-03 0.000e+00
357 1.062e-03 5.747e-03 -1.830e-02 0.000e+00
358 -1.498e-02 -1.665e-02 1.045e-02 0.000e+00
359 -8.621e-03 -1.402e-02 1.777e-03 0.000e+00
360 7.971e-03 7.025e-03 -1.657e-02 0.000e+00
361 -9.772e-03 -1.472e-02 2.001e-03 0.000e+00
362 -7.830e-03 3.752e-03 -8.282e-03 0.000e+00
363 -2.463e-03 -3.243e-03 3.959e-03 0.000e+00
364 -9.493e-03 -1.491e-02 4.308e-03 0.000e+00
365 2.112e-02 -1.301e-02 7.958e-04 0.000e+00
366 2.215e-02 -1.517e-02 9.816e-04 0.000e+00
367 1.081e-02 -1.135e-02 -6.351e-03 0.000e+00
368 2.281e-02 1.192e-02 -4.930e-03 0.000e+00
369 -3.742e-03 -1.345e-02 -7.264e-03 0.000e+00
370 -9.275e-03 -1.593e-02 -5.271e-03 0.000e+00
371 6.221e-04 -1.356e-02 1.068e-02 0.000e+00
372 2.563e-02 2.505e-02 5.136e-04 5.994e+01
373 -2.403e-03 -1.274e-02 -2.145e-03 0.000e+00
374 5.940e-03 6.978e-03 -1.596e-02 0.000e+00
375 4.385e-04 4.406e-03 -6.092e-04 0.000e+00
376 -1.133e-02 -1.326e-02 1.954e-02 0.000e+00
377 -1.125e-02 3.195e-03 4.579e-03 0.000e+00
378 -2.385e-03 3.183e-03 -5.917e-03 0.000e+00
379 -7.037e-03 2.796e-03 -5.650e-03 0.000e+00
380 -2.446e-03 -9.731e-03 3.175e-03 0.000e+00
381 -7.758e-03 6.779e-03 -7.815e-03 0.000e+00
382 -1.791e-02 -1.626e-02 -2.847e-02 0.000e+00
383 4.063e-04 1.184e-02 -1.020e-02 0.000e+00
384 1.560e-02 -1.131e-02 -1.197e-02 0.000e+00
385 1.164e-02 -9.710e-03 -7.805e-03 0.000e+00
386 -3.956e-03 2.503e-03 9.671e-03 0.000e+00
387 -2.121e-03 -1.548e-02 -8.903e-03 0.000e+00
388 1.214e-02 2.316e-02 1.255e-02 -6.216e+01
389 -4.377e-03 3.557e-03 4.074e-03 0.000e+00
390 -1.094e-02 2.479e-03 4.032e-03 0.000e+00
391 9.750e-03 -1.460e-02 1.445e-03 0.000e+00
392 6.505e-03 -1.683e-02 -1.037e-02 0.000e+00
393 -8.299e-03 1.974e-03 -1.499e-02 0.000e+00
394 3.096e-02 3.834e-03 -1.009e-02 0.000e+00
395 3.140e-03 1.059e-02 -1.706e-02 0.000e+00
396 9.029e-03 -1.645e-02 -3.569e-04 0.000e+00
397 2.856e-03 5.307e-04 7.262e-03 0.000e+00
398 -5.026e-03 -5.213e-04 -5.592e-03 0.000e+00
399 -1.181e-03 -1.076e-02 -1.102e-02 0.000e+00
400 -1.580e-03 -1.583e-02 1.744e-02 0.000e+00
401 2.620e-03 6.258e-03 3.073e-03 0.000e+00
402 5.696e-03 -1.526e-02 5.963e-03 0.000e+00
403 -3.678e-03 -1.546e-02 2.182e-03 0.000e+00
404 -8.216e-04 1.932e-02 1.584e-03 2.375e+01
405 6.404e-03 -2.719e-03 3.935e-03 0.000e+00
406 7.815e-03 -1.677e-02 7.503e-03 0.000e+00
407 8.718e-03 6.733e-03 3.177e-03 0.000e+00
408 -1.087e-02 1.478e-03 -1.535e-03 0.000e+00
409 9.408e-03 -1.038e-03 -2.961e-04 0.000e+00
410 -9.173e-03 4.296e-04 -3.345e-03 0.000e+00
411 5.465e-03 2.855e-03 4.732e-03 0.000e+00
412 1.992e-02 4.030e-03 -1.345e-02 0.000e+00
413 -1.819e-02 9.716e-03 2.488e-02 0.000e+00
414 -4.323e-03 6.829e-04 1.014e-02 0.000e+00
415 5.177e-04 -1.595e-02 -3.980e-05 0.000e+00
416 -8.571e-03 -1.627e-02 -1.998e-03 0.000e+00
417 -3.913e-04 -1.653e-02 -9.348e-03 0.000e+00
418 3.744e-03 -1.683e-02 1.390e-02 0.000e+00
419 9.303e-03 5.269e-03 5.190e-03 0.000e+00
420 1.949e-02 1.312e-02 5.579e-03 0.000e+00
421 2.598e-03 1.300e-02 1.552e-02 0.000e+00
422 -1.446e-02 -9.835e-03 -4.486e-04 0.000e+00
423 1.745e-02 1.784e-02 4.978e-03 -5.304e+01
424 -5.803e-03 4.125e-04 -6.247e-04 0.000e+00
425 -1.753e-02 -1.312e-02 6.530e-03 0.000e+00
426 3.994e-03 4.552e-03 6.050e-03 0.000e+00
427 -5.237e-03 6.058e-03 5.750e-03 0.000e+00
428 9.295e-03 1.054e-02 2.046e-03 0.000e+00
429 1.850e-03 2.962e-03 -3.256e-03 0.000e+00
430 -6.794e-03 -8.610e-03 -4.183e-04 0.000e+00
431 -6.386e-04 1.066e-03 -4.108e-03 0.000e+00
432 3.541e-03 -1.522e-02 -9.188e-04 0.000e+00
433 1.884e-02 -1.637e-02 8.654e-03 0.000e+00
434 1.431e-02 9.379e-03 1.095e-02 0.000e+00
435 7.306e-03 -1.586e-02 5.577e-03 0.000e+00
436 -7.128e-03 -1.650e-02 -1.149e-02 0.000e+00
437 3.952e-03 -1.679e-02 -4.153e-03 0.000e+00
438 -1.112e-02 1.474e-02 -1.712e-02 0.000e+00
439 -1.286e-02 7.355e-03 -2.222e-04 0.000e+00
440 -3.927e-03 -1.629e-02 8.534e-04 0.000e+00
441 9.811e-03 -1.598e-02 6.751e-03 0.000e+00
442 2.483e-02 4.260e-03 3.888e-03 0.000e+00
443 2.853e-03 9.129e-03 9.474e-04 0.000e+00
444 1.269e-02 -1.610e-02 8.224e-03 0.000e+00
445 -6.772e-06 -1.462e-02 -3.277e-03 0.000e+00
446 1.219e-02 -1.449e-02 -1.170e-04 0.000e+00
447 -3.081e-03 8.757e-03 -1.870e-02 0.000e+00
448 -8.237e-03 1.373e-02 -1.017e-02 0.000e+00
449 -1.893e-03 -1.334e-02 -1.922e-02 0.000e+00
450 2.235e-03 -2.860e-04 2.890e-03 0.000e+00
451 8.840e-03 6.389e-03 -1.157e-02 0.000e+00
452 1.372e-02 1.295e-02 7.341e-03 0.000e+00
453 3.809e-03 -1.071e-03 4.463e-03 0.000e+00
454 -1.916e-02 1.000e-02 1.716e-02 0.000e+00
455 -9.610e-03 -1.682e-02 2.455e-03 0.000e+00
456 2.611e-02 -2.945e-03 7.626e-03 0.000e+00
457 6.651e-03 -1.125e-02 -8.649e-03 0.000e+00
458 3.430e-03 -4.699e-04 2.203e-03 0.000e+00
459 1.540e-02 8.142e-03 1.083e-02 0.000e+00
460 3.981e-03 3.104e-03 8.227e-03 0.000e+00
461 -8.224e-03 7.906e-04 -5.916e-04 0.000e+00
462 -5.354e-03 -2.767e-03 -6.398e-03 0.000e+00
463 2.256e-03 6.881e-03 7.158e-04 0.000e+00
464 1.640e-02 -1.574e-02 1.962e-03 0.000e+00
465 1.160e-02 8.695e-04 -1.169e-03 0.000e+00
466 3.668e-03 1.151e-02 -8.104e-03 0.000e+00
467 1.169e-02 -1.554e-02 -1.046e-02 0.000e+00
468 3.156e-03 1.568e-02 -1.264e-02 0.000e+00
469 5.123e-03 7.833e-04 9.126e-03 0.000e+00
470 3.178e-04 2.287e-03 -5.845e-04 0.000e+00
471 9.612e-04 4.723e-03 -2.996e-03 0.000e+00
472 -8.106e-03 -1.021e-02 -1.560e-03 0.000e+00
473 -2.487e-03 1.417e-02 -5.523e-03 0.000e+00
474 7.789e-03 -1.178e-02 7.576e-03 0.000e+00
475 1.699e-02 1.332e-02 2.133e-03 0.000e+00
476 -1.589e-03 1.830e-02 1.031e-02 -1.051e+02
477 4.756e-03 8.697e-03 1.579e-03 0.000e+00
478 1.396e-02 2.064e-02 -9.211e-03 -7.713e+00
479 1.510e-03 -1.816e-03 -1.680e-02 0.000e+00
480 1.099e-02 -1.387e-02 -2.105e-03 0.000e+00
481 1.334e-02 -1.665e-02 2.058e-03 0.000e+00
482 4.513e-04 1.472e-02 -1.167e-02 0.000e+00
483 -1.506e-02 -1.623e-02 1.068e-02 0.000e+00
484 2.613e-03 2.517e-02 -3.726e-03 -2.318e+01
485 -2.708e-03 8.388e-03 2.361e-02 0.000e+00
486 -2.965e-03 -1.670e-02 -1.660e-03 0.000e+00
487 2.577e-02 -1.087e-02 1.437e-03 0.000e+00
488 1.496e-02 -1.331e-02 1.639e-02 0.000e+00
489 5.948e-03 -1.371e-02 1.664e-02 0.000e+00
490 7.178e-03 2.873e-02 -3.046e-04 -3.513e+01
491 -1.158e-02 1.021e-02 1.222e-02 0.000e+00
492 -2.044e-02 2.725e-02 -5.190e-03 -8.204e+01
493 8.981e-03 9.650e-03 -9.286e-03 0.000e+00
494 1.614e-03 -1.676e-02 -1.257e-02 0.000e+00
495 8.841e-03 1.071e-02 -7.148e-03 0.000e+00
496 4.531e-03 -7.208e-04 1.366e-02 0.000e+00
497 8.949e-03 4.334e-03 9.719e-03 0.000e+00
498 -1.713e-02 -8.768e-03 -1.094e-02 0.000e+00
499 1.052e-02 1.139e-02 -9.016e-03 0.000e+00
500 -6.293e-03 9.486e-04 2.178e-02 0.000e+00
501 -3.167e-03 1.989e-03 1.616e-03 0.000e+00
502 1.032e-02 -3.168e-03 8.826e-03 0.000e+00
503 -1.944e-02 1.568e-02 -7.062e-03 0.000e+00
504 -1.026e-03 6.583e-03 -3.318e-02 0.000e+00
505 8.648e-03 9.510e-03 -1.209e-02 0.000e+00
506 2.608e-03 -1.306e-02 1.050e-02 0.000e+00
507 -3.868e-03 -1.307e-02 -1.224e-02 0.000e+00
508 -9.567e-03 -1.283e-02 3.798e-03 0.000e+00
509 1.505e-02 1.127e-03 7.763e-04 0.000e+00
510 -1.311e-02 6.172e-03 -5.619e-03 0.000e+00
511 -7.508e-03 5.820e-04 1.414e-02 0.000e+00
512 4.496e-03 3.602e-03 -1.426e-02 0.000e+00
513 1.097e-03 2.075e-02 4.553e-03 6.736e+01
514 -4.356e-03 -2.062e-04 -5.172e-03 0.000e+00
515 -1.138e-04 1.143e-02 -1.501e-02 0.000e+00
516 -1.350e-02 -1.413e-02 -9.763e-03 0.000e+00
517 -5.249e-03 -1.643e-02 -1.668e-02 0.000e+00
518 -6.811e-03 -1.001e-02 -5.137e-04 0.000e+00
519 -1.370e-03 -1.127e-03 3.536e-04 0.000e+00
520 -8.631e-04 1.810e-02 -4.134e-03 1.488e+01
521 5.989e-03 -3.012e-03 -9.693e-03 0.000e+00
522 7.609e-03 8.152e-03 -3.323e-03 0.000e+00
523 1.056e-02 4.690e-03 -2.603e-03 0.000e+00
524 1.033e-03 6.996e-03 4.838e-03 0.000e+00
525 -2.181e-02 6.982e-03 -1.306e-02 0.000e+00
526 -4.282e-03 2.472e-03 -1.802e-03 0.000e+00
527 -4.283e-03 6.220e-03 1.634e-02 0.000e+00
528 -1.701e-02 5.732e-03 1.183e-02 0.000e+00
529 1.104e-02 -1.598e-02 -3.424e-03 0.000e+00
530 2.001e-02 4.952e-03 -1.083e-02 0.000e+00
531 1.335e-02 -1.042e-02 1.749e-02 0.000e+00
532 2.127e-02 -1.158e-04 1.649e-02 0.000e+00
533 -1.289e-03 -9.436e-04 1.016e-02 0.000e+00
534 3.803e-03 -1.684e-02 -1.560e-02 0.000e+00
535 1.637e-02 2.010e-02 8.956e-03 -6.591e+01
536 -2.140e-03 1.474e-02 -6.143e-03 0.000e+00
537 3.953e-03 1.138e-02 -2.129e-03 0.000e+00
538 3.047e-03 6.606e-03 -1.635e-02 0.000e+00
539 1.312e-02 2.848e-04 3.174e-03 0.000e+00
540 1.024e-02 -1.430e-02 -5.597e-04 0.000e+00
541 1.953e-02 -1.162e-02 3.012e-03 0.000e+00
542 1.657e-03 -1.666e-02 -1.648e-02 0.000e+00
543 -1.470e-02 -1.525e-02 -1.319e-02 0.000e+00
544 1.330e-02 -1.205e-02 -3.652e-03 0.000e+00
545 1.862e-02 -1.644e-02 2.084e-02 0.000e+00
546 -1.605e-02 7.464e-03 2.060e-02 0.000e+00
547 4.023e-03 7.198e-03 -3.098e-03 0.000e+00
548 6.074e-03 -1.613e-02 -2.391e-02 0.000e+00
549 7.052e-04 7.957e-03 -6.683e-03 0.000e+00
550 3.325e-03 9.772e-03 -3.684e-03 0.000e+00
551 -5.804e-03 -1.205e-02 4.587e-03 0.000e+00
552 -1.287e-02 1.028e-02 3.009e-03 0.000e+00
553 -4.216e-03 5.677e-03 8.100e-03 0.000e+00
554 1.023e-02 1.093e-04 1.072e-02 0.000e+00
555 5.980e-03 -1.207e-02 -1.141e-02 0.000e+00
556 -4.900e-03 -1.048e-02 1.623e-02 0.000e+00
557 1.034e-02 2.598e-02 1.086e-02 2.600e+01
558 -8.659e-03 7.133e-03 3.099e-03 0.000e+00
559 1.672e-02 7.063e-03 2.307e-03 0.000e+00
560 -7.081e-03 8.883e-03 -1.429e-02 0.000e+00
561 -7.026e-03 -1.542e-02 2.642e-03 0.000e+00
562 -1.970e-02 7.885e-03 -6.101e-03 0.000e+00
563 1.010e-03 2.144e-02 6.161e-04 2.983e+01
564 -7.906e-03 -4.010e-03 -1.076e-02 0.000e+00
565 -2.909e-04 -1.309e-02 -1.969e-05 0.000e+00
566 -3.592e-04 -1.624e-02 -1.259e-02 0.000e+00
567 -5.119e-03 1.526e-02 -2.069e-03 0.000e+00
568 3.425e-03 5.840e-03 9.242e-03 0.000e+00
569 -8.519e-03 1.198e-02 -3.271e-03 0.000e+00
570 2.263e-03 7.921e-05 -1.684e-02 0.000e+00
571 -8.474e-03 1.666e-02 -1.123e-02 -2.525e+01
572 5.971e-03 1.351e-02 4.518e-03 0.000e+00
573 -5.061e-03 -8.328e-03 -1.415e-02 0.000e+00
574 1.005e-02 -3.840e-03 -1.030e-03 0.000e+00
575 -1.381e-03 -1.430e-02 -2.753e-03 0.000e+00
576 3.590e-02 -1.061e-02 -1.616e-02 0.000e+00
577 -4.352e-03 -5.859e-03 3.248e-03 0.000e+00
578 9.956e-03 -1.257e-02 -4.157e-03 0.000e+00
579 4.055e-03 -1.679e-02 1.044e-02 0.000e+00
580 -7.742e-03 1.020e-02 5.519e-03 0.000e+00
581 1.330e-05 -1.410e-02 -3.177e-03 0.000e+00
582 -7.563e-03 9.693e-04 -1.046e-02 0.000e+00
583 -6.615e-03 4.935e-03 -4.603e-03 0.000e+00
584 -1.410e-04 -9.429e-03 4.414e-03 0.000e+00
585 -6.894e-03 1.500e-02 -1.150e-02 0.000e+00
586 -7.891e-03 7.609e-03 -1.767e-03 0.000e+00
587 -7.541e-03 -9.110e-03 1.405e-02 0.000e+00
588 -1.891e-02 -1.382e-02 -5.434e-03 0.000e+00
589 1.887e-04 -1.560e-02 5.049e-03 0.000e+00
590 5.210e-03 -1.423e-02 9.448e-03 0.000e+00
591 9.440e-03 -1.328e-02 4.168e-03 0.000e+00
592 -5.965e-03 -4.652e-03 -1.124e-02 0.000e+00
593 -2.965e-02 -1.052e-02 1.988e-02 0.000e+00
594 2.144e-02 -2.192e-03 -1.390e-03 0.000e+00
595 -4.428e-03 -4.603e-03 3.426e-03 0.000e+00
596 2.597e-04 1.898e-02 1.866e-02 -5.462e+01
597 2.824e-03 -1.666e-02 -8.087e-03 0.000e+00
598 1.286e-02 1.803e-02 1.203e-02 6.091e+01
599 5.046e-03 -1.261e-02 -1.049e-02 0.000e+00
600 -1.720e-03 3.865e-04 -1.470e-02 0.000e+00
601 4.295e-03 -1.083e-02 1.958e-03 0.000e+00
602 -9.066e-03 -1.207e-02 -1.042e-02 0.000e+00
603 3.483e-03 -1.601e-02 -3.118e-03 0.000e+00
604 6.454e-03 6.379e-03 -3.909e-03 0.000e+00
605 -7.949e-03 -8.363e-03 7.747e-03 0.000e+00
606 -7.445e-03 -1.508e-02 -5.110e-03 0.000e+00
607 -1.020e-02 -1.550e-02 6.703e-03 0.000e+00
608 1.769e-03 7.808e-03 -5.341e-03 0.000e+00
609 9.485e-03 -6.219e-04 -1.812e-03 0.000e+00
610 -5.126e-03 1.354e-03 -8.974e-03 0.000e+00
611 9.284e-03 8.289e-03 -1.050e-02 0.000e+00
612 6.138e-03 6.775e-04 7.781e-03 0.000e+00
613 1.070e-02 -1.671e-02 1.174e-02 0.000e+00
614 -3.920e-03 -9.786e-03 -5.446e-03 0.000e+00
615 -3.966e-03 3.264e-03 -5.019e-04 0.000e+00
616 -7.518e-03 -1.343e-02 -8.910e-04 0.000e+00
617 -2.185e-04 -1.603e-02 1.601e-02 0.000e+00
618 1.562e-02 1.279e-02 -7.021e-03 0.000e+00
619 -2.029e-03 -1.580e-02 9.913e-03 0.000e+00
620 -4.694e-03 -1.357e-03 -1.741e-02 0.000e+00
621 -1.035e-02 -1.436e-02 2.452e-02 0.000e+00
622 9.996e-03 -1.291e-02 9.131e-03 0.000e+00
623 -5.504e-03 -1.262e-02 -1.718e-03 0.000e+00
624 2.167e-02 9.346e-03 -1.056e-02 0.000e+00
625 1.582e-03 -1.628e-02 -5.985e-03 0.000e+00
626 9.475e-03 -2.352e-03 -2.007e-04 0.000e+00
627 1.443e-02 -1.618e-02 -1.451e-02 0.000e+00
628 9.743e-03 6.613e-03 4.926e-03 0.000e+00
629 -5.911e-03 -1.270e-02 1.198e-02 0.000e+00
630 -4.072e-03 1.171e-02 -9.977e-03 0.000e+00
631 1.127e-02 3.977e-03 -9.557e-03 0.000e+00
632 -9.584e-03 -8.733e-03 4.451e-03 0.000e+00
633 5.408e-03 7.059e-03 2.506e-03 0.000e+00
634 1.567e-03 4.054e-03 1.799e-02 0.000e+00
635 -1.019e-02 -1.852e-03 6.094e-03 0.000e+00
636 -6.938e-03 -1.450e-02 -3.326e-03 0.000e+00
637 8.003e-03 -1.596e-02 1.460e-03 0.000e+00
638 -2.380e-03 5.250e-03 -2.666e-03 0.000e+00
639 -1.627e-02 -1.237e-02 -2.785e-03 0.000e+00
640 1.172e-02 -1.640e-02 2.227e-04 0.000e+00
641 -1.965e-03 -1.236e-03 -2.068e-03 0.000e+00
642 -1.398e-02 7.557e-03 -3.535e-03 0.000e+00
643 3.043e-03 1.701e-02 -2.231e-03 6.541e+01
644 -2.170e-03 -2.040e-04 1.169e-02 0.000e+00
645 -5.342e-03 1.260e-02 1.538e-03 0.000e+00
646 -4.869e-03 -1.317e-02 -1.100e-02 0.000e+00
647 -1.148e-02 6.021e-03 3.402e-03 0.000e+00
648 -7.506e-03 -3.544e-03 3.239e-03 0.000e+00
649 4.852e-03 -1.033e-02 -3.108e-02 0.000e+00
650 8.867e-03 -1.739e-03 9.732e-03 0.000e+00
651 9.824e-03 1.434e-05 -1.366e-02 0.000e+00
652 9.447e-04 1.570e-03 1.146e-02 0.000e+00
653 1.237e-02 -1.520e-02 -1.495e-02 0.000e+00
654 -7.977e-03 -1.614e-02 -9.322e-03 0.000e+00
655 9.820e-03 2.175e-02 6.261e-03 -3.967e+01
656 -5.273e-03 9.321e-04 1.028e-02 0.000e+00
657 1.610e-03 -1.279e-02 9.871e-03 0.000e+00
658 -5.320e-03 -1.615e-02 -6.202e-03 0.000e+00
659 -1.430e-03 1.648e-02 4.921e-03 0.000e+00
660 -2.769e-03 -1.497e-02 2.013e-02 0.000e+00
661 -1.275e-02 -1.514e-02 1.278e-02 0.000e+00
662 -1.337e-02 -1.627e-02 -3.806e-03 0.000e+00
663 1.119e-02 -2.097e-03 -1.551e-02 0.000e+00
664 -3.321e-03 7.766e-03 -8.056e-04 0.000e+00
665 -5.682e-03 -1.117e-02 -7.421e-03 0.000e+00
666 -5.605e-03 1.630e-03 -1.916e-03 0.000e+00
667 -1.220e-03 -7.707e-04 -2.039e-02 0.000e+00
668 -4.178e-03 -2.784e-03 4.032e-03 0.000e+00
669 -5.571e-03 5.149e-03 -6.757e-03 0.000e+00
670 1.532e-03 -1.078e-02 8.249e-03 0.000e+00
671 -1.626e-02 5.482e-04 -5.947e-03 0.000e+00
672 -6.265e-03 -1.685e-02 -7.326e-03 0.000e+00
673 -1.195e-02 1.823e-03 1.028e-03 0.000e+00
674 -1.607e-02 6.680e-03 7.018e-03 0.000e+00
675 6.675e-03 1.221e-02 -1.546e-02 0.000e+00
676 -3.780e-03 -1.670e-02 -2.474e-03 0.000e+00
677 -4.332e-03 -9.765e-03 2.610e-04 0.000e+00
678 1.191e-02 1.885e-02 5.442e-03 -6.170e+01
679 9.854e-03 -1.280e-02 1.923e-02 0.000e+00
680 -1.368e-02 -1.582e-02 1.817e-03 0.000e+00
681 -1.081e-02 -1.452e-02 1.207e-02 0.000e+00
682 -3.950e-03 -1.130e-02 2.277e-02 0.000e+00
683 -9.752e-03 -1.657e-02 -8.002e-03 0.000e+00
684 -3.279e-03 2.322e-03 4.834e-03 0.000e+00
685 -6.589e-03 8.765e-04 -8.315e-03 0.000e+00
686 3.216e-03 2.086e-02 -5.490e-03 5.861e+01
687 -4.335e-03 -1.226e-03 -6.316e-03 0.000e+00
688 1.469e-03 -1.672e-02 -2.141e-02 0.000e+00
689 -4.401e-03 -1.577e-02 -2.737e-03 0.000e+00
690 -2.669e-03 -1.603e-02 -6.926e-03 0.000e+00
691 6.765e-03 -1.362e-02 5.949e-04 0.000e+00
692 1.586e-02 -1.615e-02 -4.912e-04 0.000e+00
693 -1.641e-02 1.197e-02 -1.306e-02 0.000e+00
694 -1.205e-02 8.757e-04 7.071e-04 0.000e+00
695 -2.017e-02 -6.469e-04 1.503e-02 0.000e+00
696 -8.427e-03 -1.089e-02 -1.188e-02 0.000e+00
697 5.873e-03 1.091e-02 5.470e-03 0.000e+00
698 4.277e-03 -1.585e-02 1.765e-03 0.000e+00
699 -3.112e-03 4.802e-03 -7.683e-03 0.000e+00
700 -2.223e-02 5.903e-03 1.687e-02 0.000e+00
701 1.122e-02 2.206e-02 2.934e-03 4.122e+01
702 -3.033e-03 -1.364e-02 2.665e-03 0.000e+00
703 -1.040e-02 7.283e-03 8.657e-03 0.000e+00
704 5.473e-03 -9.949e-03 -1.325e-02 0.000e+00
705 6.913e-03 2.727e-03 8.913e-03 0.000e+00
706 -6.116e-03 -9.353e-03 -3.285e-03 0.000e+00
707 -4.597e-03 -1.325e-02 -9.044e-03 0.000e+00
708 -7.476e-03 -1.645e-02 1.122e-02 0.000e+00
709 6.999e-04 1.543e-02 2.166e-02 0.000e+00
710 -3.628e-04 -1.476e-02 4.857e-03 0.000e+00
711 9.612e-03 7.921e-03 -2.726e-03 0.000e+00
712 2.576e-03 -1.501e-02 -7.455e-03 0.000e+00
713 7.058e-03 2.411e-02 1.084e-02 2.680e+01
714 2.352e-03 1.099e-02 1.266e-02 0.000e+00
715 3.053e-03 1.841e-03 4.656e-03 0.000e+00
716 9.016e-03 -1.128e-02 -1.431e-02 0.000e+00
717 9.859e-03 -1.045e-02 8.195e-03 0.000e+00
718 1.262e-02 6.872e-03 -1.025e-02 0.000e+00
719 -5.619e-03 -1.297e-02 9.004e-04 0.000e+00
720 4.122e-03 1.059e-02 -7.900e-03 0.000e+00
721 1.516e-02 -1.077e-02 1.266e-02 0.000e+00
722 1.522e-02 5.972e-03 -8.833e-03 0.000e+00
723 4.178e-02 9.107e-03 -8.604e-04 0.000e+00
724 5.415e-02 1.648e-03 1.862e-02 0.000e+00
725 6.433e-02 4.569e-02 1.408e-03 -2.577e+01
726 9.178e-02 5.748e-02 -1.020e-02 -3.149e+01
727 1.238e-01 9.182e-02 1.988e-03 -2.774e+01
728 1.902e-01 1.390e-01 -1.226e-02 -2.802e+01
729 2.311e-01 2.121e-01 7.975e-03 -3.068e+01
730 3.173e-01 2.492e-01 9.981e-03 -2.944e+01
731 3.820e-01 2.757e-01 -1.404e-02 -3.075e+01
732 5.059e-01 3.097e-01 -1.484e-03 -2.932e+01
733 6.351e-01 2.589e-01 -2.003e-02 -3.029e+01
734 7.731e-01 1.527e-01 -3.210e-02 -3.415e+01
735 8.970e-01 6.919e-02 -2.582e-02 -5.483e+01
736 9.250e-01 8.703e-02 -2.252e-02 6.808e+01
737 9.598e-01 1.766e-01 2.290e-02 5.867e+01
738 1.000e+00 2.775e-01 1.244e-02 5.375e+01
739 9.920e-01 3.219e-01 -1.933e-03 5.387e+01
740 8.786e-01 2.863e-01 9.488e-03 5.505e+01
741 7.635e-01 2.582e-01 -3.108e-02 5.176e+01
742 6.759e-01 1.813e-01 -4.822e-02 5.240e+01
743 6.355e-01 1.312e-01 -5.211e-02 5.574e+01
744 6.193e-01 9.610e-02 -4.509e-02 6.447e+01
745 6.318e-01 8.478e-02 -3.262e-02 6.186e+01
746 6.387e-01 5.993e-02 -3.395e-02 6.332e+01
747 6.220e-01 7.756e-02 -3.573e-02 5.184e+01
748 6.272e-01 7.565e-02 -1.875e-02 5.283e+01
749 6.276e-01 8.369e-02 -4.402e-02 4.559e+01
750 6.281e-01 9.597e-02 -4.488e-02 5.379e+01
751 6.208e-01 8.689e-02 -4.252e-02 5.440e+01
752 6.214e-01 1.035e-01 -1.921e-02 5.432e+01
753 6.026e-01 9.965e-02 -1.296e-02 6.041e+01
754 6.301e-01 1.077e-01 -1.689e-02 5.710e+01
755 6.295e-01 1.024e-01 -2.618e-02 5.787e+01
756 6.529e-01 1.067e-01 -2.338e-02 5.199e+01
757 6.084e-01 1.236e-01 -4.750e-02 5.751e+01
758 5.921e-01 1.344e-01 -3.695e-02 5.746e+01
759 6.058e-01 1.492e-01 -2.992e-02 5.333e+01
760 5.956e-01 1.030e-01 -2.256e-02 5.749e+01
761 5.954e-01 1.032e-01 -1.960e-02 5.460e+01
762 5.717e-01 1.012e-01 -1.847e-02 5.130e+01
763 5.613e-01 8.143e-02 -2.766e-03 5.288e+01
764 5.582e-01 6.920e-02 -2.458e-02 4.716e+01
765 5.290e-01 7.247e-02 -3.083e-02 5.833e+01
766 5.294e-01 7.309e-02 -3.735e-02 6.050e+01
767 5.399e-01 3.827e-02 -4.074e-02 6.102e+01
768 5.270e-01 4.728e-02 -3.347e-02 5.993e+01
769 5.107e-01 6.110e-02 -2.238e-02 5.965e+01
770 5.333e-01 7.954e-02 -2.826e-02 5.435e+01
771 5.132e-01 7.454e-02 -3.556e-02 5.363e+01
772 5.399e-01 1.097e-01 -3.346e-02 5.838e+01
773 5.538e-01 1.087e-01 -8.036e-03 6.004e+01
774 5.626e-01 1.016e-01 -2.170e-02 5.513e+01
775 5.870e-01 1.087e-01 -2.952e-02 5.333e+01
776 5.996e-01 1.065e-01 -3.380e-02 5.081e+01
777 6.082e-01 9.402e-02 -4.915e-02 5.705e+01
778 6.183e-01 7.827e-02 -6.067e-02 5.364e+01
779 6.321e-01 7.167e-02 -4.664e-02 5.836e+01
780 6.201e-01 2.061e-02 -6.766e-02 5.440e+01
781 6.121e-01 1.597e-02 -3.340e-02 0.000e+00
782 5.918e-01 2.625e-02 -2.698e-02 7.044e+01
783 5.255e-01 7.533e-03 -6.719e-03 0.000e+00
784 4.989e-01 1.464e-02 -1.861e-02 0.000e+00
785 4.419e-01 1.687e-02 8.830e-03 -1.015e+02
786 3.863e-01 3.010e-02 -7.103e-03 6.547e+01
787 3.396e-01 3.019e-02 -8.291e-03 6.271e+01
788 3.122e-01 3.861e-02 -6.157e-03 5.250e+01
789 2.755e-01 4.224e-02 1.475e-02 6.805e+01
790 2.252e-01 4.578e-02 4.067e-03 5.823e+01
791 2.166e-01 4.399e-02 -4.579e-03 5.975e+01
792 1.960e-01 3.249e-02 -3.632e-03 6.164e+01
793 1.748e-01 2.873e-02 -1.015e-02 -1.037e+02
794 1.457e-01 2.861e-02 -2.263e-03 4.633e+01
795 1.585e-01 3.056e-02 -3.372e-02 5.442e+01
796 1.411e-01 2.003e-02 -4.456e-03 4.857e+01
797 1.306e-01 2.329e-02 -1.980e-02 5.575e+01
798 1.352e-01 2.885e-02 1.332e-03 6.923e+01
799 1.297e-01 1.393e-02 1.958e-03 0.000e+00
800 1.059e-01 7.902e-03 -7.666e-03 0.000e+00
801 9.861e-02 2.312e-02 -5.782e-03 4.985e+01
802 1.203e-01 2.861e-02 -6.044e-03 3.162e+01
803 1.049e-01 1.568e-02 3.136e-03 0.000e+00
804 1.082e-01 6.164e-03 1.495e-02 0.000e+00
805 9.288e-02 2.027e-02 7.360e-03 6.970e+01
806 7.990e-02 9.605e-03 -3.071e-03 0.000e+00
807 6.603e-02 1.551e-02 2.193e-02 0.000e+00
808 7.529e-02 6.614e-03 1.692e-02 0.000e+00
809 7.408e-02 -3.120e-04 -4.593e-03 0.000e+00
810 4.818e-02 1.206e-02 -1.888e-04 0.000e+00
811 7.334e-02 6.407e-03 1.528e-02 0.000e+00
812 6.301e-02 -1.146e-03 1.868e-03 0.000e+00
813 6.136e-02 5.401e-03 -5.285e-03 0.000e+00
814 5.177e-02 1.166e-02 6.733e-03 0.000e+00
815 6.754e-02 -1.495e-02 6.576e-03 0.000e+00
816 4.588e-02 1.459e-02 -6.158e-03 0.000e+00
817 4.739e-02 1.009e-02 -1.903e-02 0.000e+00
818 4.899e-02 1.606e-02 -1.388e-02 0.000e+00
819 2.576e-02 1.007e-02 -8.139e-03 0.000e+00
820 5.265e-02 -1.539e-02 -1.905e-02 0.000e+00
821 4.239e-02 2.123e-02 -1.931e-02 3.978e+01
822 5.831e-02 5.761e-03 -2.658e-02 0.000e+00
823 3.895e-02 1.969e-02 -1.680e-02 6.080e+01
824 4.034e-02 1.530e-02 -1.074e-02 0.000e+00
825 5.230e-02 1.016e-02 -5.047e-03 0.000e+00
826 4.430e-02 -1.351e-03 -5.781e-04 0.000e+00
827 2.888e-02 8.508e-03 -1.685e-02 0.000e+00
828 3.560e-02 2.025e-02 -1.030e-02 7.053e+01
829 4.045e-02 -1.435e-02 -5.339e-03 0.000e+00
830 4.141e-02 -1.634e-02 -1.240e-02 0.000e+00
831 3.059e-02 -1.487e-02 1.877e-02 0.000e+00
832 3.065e-02 1.868e-02 -9.059e-04 -1.051e+02
833 2.782e-02 1.075e-02 -1.425e-02 0.000e+00
834 2.228e-02 -1.627e-02 -1.814e-02 0.000e+00
835 1.907e-02 -1.252e-02 -1.660e-03 0.000e+00
836 4.975e-02 -1.129e-02 -3.183e-04 0.000e+00
837 3.764e-02 -1.411e-02 -2.066e-02 0.000e+00
838 2.831e-02 7.765e-03 -1.491e-03 0.000e+00
839 2.764e-02 -1.287e-02 -2.035e-02 0.000e+00
840 3.762e-02 1.124e-02 7.069e-03 0.000e+00
841 2.328e-02 -1.627e-02 8.580e-03 0.000e+00
842 1.791e-02 2.160e-02 1.206e-02 4.328e+01
843 2.294e-02 4.329e-03 -7.577e-04 0.000e+00
844 2.063e-02 -1.220e-02 1.685e-02 0.000e+00
845 9.350e-03 1.529e-02 -8.769e-03 0.000e+00
846 1.519e-02 1.216e-02 -1.154e-02 0.000e+00
847 3.099e-02 -1.901e-03 -6.482e-04 0.000e+00
848 1.254e-02 -1.596e-02 -2.345e-02 0.000e+00
849 4.627e-02 -2.366e-03 -3.521e-03 0.000e+00
850 6.649e-04 -1.213e-02 -1.887e-02 0.000e+00
851 2.589e-02 9.083e-03 -1.583e-02 0.000e+00
852 3.842e-02 6.730e-03 3.835e-05 0.000e+00
853 4.697e-02 -1.104e-02 2.430e-03 0.000e+00
854 2.102e-02 -1.469e-03 -5.746e-03 0.000e+00
855 1.792e-03 -1.279e-02 -1.780e-02 0.000e+00
856 3.683e-02 1.682e-02 1.311e-02 5.742e+01
857 9.173e-03 2.896e-02 -1.249e-02 -2.172e+00
858 2.323e-02 -1.668e-02 9.822e-04 0.000e+00
859 1.938e-02 2.385e-02 -1.544e-03 2.395e+01
860 2.421e-02 1.437e-03 -1.959e-02 0.000e+00
861 2.654e-02 2.609e-02 1.654e-02 -7.043e+00
862 1.843e-02 8.935e-03 -6.464e-03 0.000e+00
863 3.537e-02 -1.397e-03 -6.460e-03 0.000e+00
864 2.295e-02 1.026e-03 1.844e-02 0.000e+00
865 1.147e-02 -1.638e-02 -7.841e-03 0.000e+00
866 5.415e-03 1.437e-02 6.000e-03 0.000e+00
867 2.807e-02 -2.100e-03 -5.559e-03 0.000e+00
868 3.052e-04 -1.148e-02 6.867e-03 0.000e+00
869 1.920e-02 8.522e-03 7.100e-03 0.000e+00
870 -1.597e-03 -1.545e-02 -1.224e-02 0.000e+00
871 2.620e-02 -1.499e-02 -1.912e-02 0.000e+00
872 1.169e-02 7.671e-03 -2.655e-03 0.000e+00
873 -7.685e-04 4.746e-03 1.250e-02 0.000e+00
874 1.148e-02 5.684e-03 -1.141e-02 0.000e+00
875 1.203e-02 2.133e-02 -7.542e-03 6.002e+01
876 1.848e-03 3.847e-03 -8.549e-03 0.000e+00
877 -4.210e-03 -1.218e-02 6.270e-03 0.000e+00
878 1.915e-02 1.357e-02 6.824e-03 0.000e+00
879 -6.366e-03 1.302e-02 1.234e-02 0.000e+00
880 -2.252e-03 6.083e-03 6.692e-03 0.000e+00
881 2.427e-03 -1.644e-02 9.669e-03 0.000e+00
882 2.642e-03 9.973e-03 2.378e-03 0.000e+00
883 3.641e-03 6.112e-03 1.324e-03 0.000e+00
884 -6.395e-03 3.497e-03 -5.506e-03 0.000e+00
885 1.501e-03 1.897e-03 -1.954e-02 0.000e+00
886 1.529e-02 -1.024e-02 -1.843e-03 0.000e+00
887 1.381e-02 5.582e-03 1.492e-02 0.000e+00
888 -2.277e-02 -1.479e-02 -1.063e-02 0.000e+00
889 -3.456e-03 -1.600e-02 9.606e-03 0.000e+00
890 -9.168e-03 2.436e-03 4.914e-03 0.000e+00
891 -6.332e-03 -1.365e-02 -5.960e-03 0.000e+00
892 -3.376e-04 2.624e-03 -9.776e-04 0.000e+00
893 7.786e-03 -1.221e-02 -9.718e-03 0.000e+00
894 -1.235e-03 1.088e-02 -4.570e-04 0.000e+00
895 8.361e-03 -1.523e-02 -6.668e-03 0.000e+00
896 -8.316e-03 -6.589e-03 -6.402e-03 0.000e+00
897 -3.411e-03 1.243e-02 4.536e-03 0.000e+00
898 1.309e-04 8.028e-03 1.344e-02 0.000e+00
899 9.474e-03 -1.567e-02 -2.150e-03 0.000e+00
900 -6.011e-03 -1.160e-02 4.092e-04 0.000e+00
901 9.899e-03 1.430e-02 9.173e-03 0.000e+00
902 6.370e-03 1.177e-02 5.700e-03 0.000e+00
903 5.979e-03 1.619e-02 1.425e-03 0.000e+00
904 2.938e-03 1.684e-02 1.045e-02 -6.166e+01
905 9.330e-03 1.317e-03 -3.737e-03 0.000e+00
906 -9.591e-03 -1.611e-02 -2.010e-02 0.000e+00
907 5.848e-03 6.972e-03 1.271e-02 0.000e+00
908 1.075e-02 9.840e-03 5.920e-04 0.000e+00
909 1.789e-02 -1.479e-02 -1.071e-02 0.000e+00
910 2.136e-03 -1.674e-02 9.679e-03 0.000e+00
911 -2.226e-03 -1.621e-02 1.755e-02 0.000e+00
912 4.777e-03 -1.595e-02 -1.421e-02 0.000e+00
913 2.941e-03 7.564e-03 8.507e-04 0.000e+00
914 -5.796e-03 -1.572e-02 -7.043e-03 0.000e+00
915 -1.082e-03 -1.565e-02 -8.378e-03 0.000e+00
916 5.404e-03 -1.283e-02 3.880e-03 0.000e+00
917 -9.567e-03 -1.310e-02 7.482e-03 0.000e+00
918 -1.183e-02 5.247e-03 1.768e-02 0.000e+00
919 -3.207e-03 -1.424e-02 -1.781e-02 0.000e+00
920 5.984e-03 1.229e-02 -1.369e-02 0.000e+00
921 3.155e-04 1.026e-02 1.477e-03 0.000e+00
922 2.424e-03 -1.003e-02 -2.619e-03 0.000e+00
923 -3.534e-03 1.862e-02 1.371e-02 -2.481e+01
924 1.701e-02 -1.565e-02 -2.571e-02 0.000e+00
925 2.104e-02 7.728e-03 2.857e-03 0.000e+00
926 3.529e-03 2.232e-02 -1.140e-02 2.479e+01
927 1.428e-02 -1.585e-02 -5.655e-03 0.000e+00
928 -9.924e-03 9.181e-05 -9.944e-03 0.000e+00
929 -2.689e-02 1.216e-02 1.020e-02 0.000e+00
930 -6.516e-03 3.346e-03 -2.078e-02 0.000e+00
931 -1.761e-03 -1.007e-02 8.804e-03 0.000e+00
932 4.746e-03 1.299e-02 5.037e-03 0.000e+00
933 -1.405e-02 -1.598e-02 4.989e-03 0.000e+00
934 -6.423e-03 3.763e-03 -8.640e-03 0.000e+00
935 -2.936e-03 1.303e-02 -1.631e-03 0.000e+00
936 1.496e-02 -6.667e-03 1.672e-02 0.000e+00
937 1.661e-02 2.917e-03 -6.023e-04 0.000e+00
938 1.077e-02 1.321e-02 -4.484e-03 0.000e+00
939 5.311e-04 4.953e-03 2.618e-03 0.000e+00
940 4.523e-03 -1.685e-02 5.579e-03 0.000e+00
941 -1.219e-02 -1.166e-02 -8.007e-03 0.000e+00
942 -1.628e-02 6.133e-03 8.704e-03 0.000e+00
943 -9.238e-03 7.641e-03 4.412e-03 0.000e+00
944 -1.223e-02 0.000e+00 -5.134e-04 0.000e+00
945 -8.042e-03 -4.799e-03 2.008e-02 0.000e+00
946 -2.333e-03 1.224e-02 9.823e-03 0.000e+00
947 2.775e-03 -1.556e-02 -1.478e-02 0.000e+00
948 5.561e-03 1.537e-02 -4.001e-03 0.000e+00
949 -5.660e-03 3.033e-04 -5.790e-03 0.000e+00
950 -1.670e-02 7.009e-03 -6.562e-03 0.000e+00
951 1.172e-02 -1.188e-02 -1.496e-02 0.000e+00
952 -1.184e-04 9.392e-03 -6.585e-04 0.000e+00
953 1.582e-02 -1.424e-02 6.965e-03 0.000e+00
954 1.010e-02 -1.575e-02 -9.359e-03 0.000e+00
955 -5.658e-03 -1.201e-02 2.214e-03 0.000e+00
956 -1.274e-02 -1.511e-02 -1.611e-03 0.000e+00
957 -1.570e-02 3.646e-03 9.858e-04 0.000e+00
958 -5.136e-03 5.193e-03 9.054e-03 0.000e+00
959 6.199e-03 1.877e-02 -7.214e-03 4.291e+01
960 1.694e-02 -1.471e-02 -1.525e-02 0.000e+00
961 2.654e-03 6.541e-04 7.017e-03 0.000e+00
962 2.223e-02 4.078e-04 -5.234e-03 0.000e+00
963 1.782e-03 -1.394e-02 2.244e-02 0.000e+00
964 -1.592e-02 1.687e-02 -7.141e-03 -3.355e+01
965 1.781e-03 2.194e-02 2.676e-03 -4.318e+01
966 -3.473e-04 3.141e-03 -6.177e-03 0.000e+00
967 3.128e-03 -1.314e-02 -3.570e-03 0.000e+00
968 -2.754e-02 7.286e-03 -2.141e-03 0.000e+00
969 -3.507e-03 9.449e-03 3.968e-04 0.000e+00
970 -1.430e-02 1.568e-02 -1.267e-03 0.000e+00
971 1.688e-02 -1.191e-02 1.175e-02 0.000e+00
972 1.123e-03 7.162e-03 -8.206e-03 0.000e+00
973 -9.145e-03 1.246e-02 1.239e-02 0.000e+00
974 -1.208e-02 7.574e-03 1.101e-02 0.000e+00
975 1.035e-03 -1.575e-02 -4.746e-04 0.000e+00
976 5.199e-03 -1.311e-02 -9.676e-03 0.000e+00
977 1.663e-02 -1.594e-02 1.911e-03 0.000e+00
978 -6.196e-03 -1.372e-02 -5.744e-03 0.000e+00
979 6.816e-03 2.161e-03 -6.783e-03 0.000e+00
980 -3.308e-03 1.086e-02 1.262e-02 0.000e+00
981 -1.520e-04 -1.325e-02 1.175e-02 0.000e+00
982 -1.364e-02 -8.250e-03 8.479e-03 0.000e+00
983 -1.543e-02 -1.289e-02 8.210e-04 0.000e+00
984 -7.262e-03 7.280e-04 -4.241e-03 0.000e+00
985 5.693e-03 1.701e-02 1.458e-02 -3.575e+01
986 3.298e-03 1.002e-02 1.112e-02 0.000e+00
987 1.397e-02 1.003e-02 -8.953e-03 0.000e+00
988 6.990e-03 3.885e-03 -1.879e-02 0.000e+00
989 1.444e-02 -1.138e-02 -1.174e-02 0.000e+00
990 -6.291e-03 -6.460e-04 3.357e-03 0.000e+00
991 -2.148e-02 6.441e-03 -1.125e-02 0.000e+00
992 -2.980e-02 -5.057e-03 -2.942e-03 0.000e+00
993 8.913e-03 2.182e-03 9.640e-03 0.000e+00
994 -2.044e-03 -1.344e-02 -6.441e-03 0.000e+00
995 -6.919e-03 -8.177e-03 2.775e-03 0.000e+00
996 1.283e-02 1.127e-02 5.172e-04 0.000e+00
997 1.505e-04 -1.265e-02 -6.853e-03 0.000e+00
998 1.679e-02 -1.382e-02 1.007e-02 0.000e+00
999 1.070e-03 7.299e-03 -1.778e-03 0.000e+00
1000 -6.042e-03 -1.643e-02 -1.588e-03 0.000e+00
1001 -6.606e-03 -1.200e-02 4.162e-03 0.000e+00
1002 -2.639e-03 -1.553e-02 5.071e-03 0.000e+00
1003 -1.233e-02 -1.456e-02 9.143e-03 0.000e+00
1004 -3.299e-03 -1.621e-02 5.955e-03 0.000e+00
1005 -1.557e-02 -1.660e-02 5.748e-03 0.000e+00
1006 9.697e-04 -1.214e-02 1.052e-02 0.000e+00
1007 -4.107e-03 -2.685e-03 1.600e-02 0.000e+00
1008 -1.199e-02 4.277e-04 7.459e-03 0.000e+00
1009 -1.445e-02 1.485e-03 3.153e-03 0.000e+00
1010 -5.587e-03 1.945e-02 1.249e-02 -9.079e+01
1011 -4.719e-03 -8.829e-03 1.345e-02 0.000e+00
1012 -1.660e-02 -1.591e-02 -2.469e-03 0.000e+00
1013 1.058e-04 -1.178e-02 -1.966e-03 0.000e+00
1014 -1.517e-02 2.302e-03 5.495e-03 0.000e+00
1015 -2.203e-03 2.272e-02 5.498e-03 -4.511e+01
1016 1.076e-02 2.480e-03 -1.175e-03 0.000e+00
1017 -9.540e-03 9.869e-04 2.688e-02 0.000e+00
1018 -1.526e-02 -1.539e-02 -2.485e-03 0.000e+00
1019 2.526e-03 -2.062e-03 5.097e-03 0.000e+00
1020 1.082e-02 5.577e-03 -1.332e-03 0.000e+00
1021 9.225e-03 -3.063e-03 4.388e-03 0.000e+00
1022 -1.788e-02 5.611e-03 8.395e-03 0.000e+00
1023 -1.795e-02 3.616e-03 -5.533e-03 0.000e+00
