Bin I L V PA
0 -8.262e-03 -1.359e-02 4.563e-03 0.000e+00
1 -3.398e-03 -4.483e-03 -2.892e-03 0.000e+00
2 1.256e-02 -1.351e-02 -9.696e-03 0.000e+00
3 2.264e-02 -1.402e-03 2.603e-03 0.000e+00
4 -9.533e-04 3.972e-03 -5.332e-03 0.000e+00
5 -9.685e-03 -9.500e-03 8.097e-03 0.000e+00
6 3.824e-03 -1.167e-02 -6.722e-03 0.000e+00
7 9.060e-04 -1.525e-02 2.188e-03 0.000e+00
8 -5.563e-03 -1.130e-02 -1.551e-02 0.000e+00
9 1.266e-02 2.900e-04 -3.195e-03 0.000e+00
10 1.717e-02 -1.086e-02 2.711e-03 0.000e+00
11 1.129e-02 -1.262e-03 1.715e-02 0.000e+00
12 -5.168e-03 -1.192e-02 -1.427e-04 0.000e+00
13 -2.626e-03 1.508e-02 -5.553e-03 -6.616e+01
14 8.055e-04 -1.543e-02 7.686e-03 0.000e+00
15 -1.575e-03 6.232e-03 4.364e-03 0.000e+00
16 -6.541e-03 -8.236e-03 -1.442e-02 0.000e+00
17 -3.473e-03 -3.606e-03 -7.190e-03 0.000e+00
18 -9.322e-03 -1.363e-02 -1.461e-03 0.000e+00
19 9.813e-03 -1.033e-02 7.963e-03 0.000e+00
20 4.318e-03 1.282e-02 -1.689e-03 0.000e+00
21 -1.491e-02 -1.432e-02 -2.280e-03 0.000e+00
22 -1.332e-02 -1.342e-02 -2.883e-03 0.000e+00
23 8.005e-03 1.701e-02 -7.840e-03 5.659e+01
24 -1.204e-02 -1.457e-02 1.760e-02 0.000e+00
25 -1.869e-02 9.055e-03 1.796e-02 0.000e+00
26 -4.862e-03 -1.582e-02 8.017e-03 0.000e+00
27 -6.708e-03 5.896e-03 -8.849e-03 0.000e+00
28 -1.703e-02 1.911e-02 -1.757e-02 4.637e+01
29 8.440e-04 -1.017e-02 -1.558e-02 0.000e+00
30 4.607e-03 1.481e-02 1.539e-03 0.000e+00
31 -1.225e-02 2.660e-03 -2.133e-02 0.000e+00
32 -8.923e-03 2.064e-02 1.110e-02 3.683e+01
33 -1.815e-02 -1.327e-02 3.659e-04 0.000e+00
34 1.293e-03 -1.510e-02 1.228e-04 0.000e+00
35 -1.276e-02 3.856e-04 7.245e-03 0.000e+00
36 -8.417e-03 -1.410e-02 1.433e-02 0.000e+00
37 -3.493e-03 8.372e-03 -2.244e-03 0.000e+00
38 8.876e-03 1.468e-02 -1.776e-03 0.000e+00
39 -6.995e-03 -1.463e-02 1.157e-02 0.000e+00
40 3.199e-03 -8.899e-04 3.285e-03 0.000e+00
41 1.658e-03 -4.738e-06 3.024e-02 0.000e+00
42 3.761e-03 2.490e-03 3.116e-03 0.000e+00
43 6.774e-05 -1.278e-02 3.479e-03 0.000e+00
44 -7.392e-03 8.787e-03 -3.588e-03 0.000e+00
45 5.862e-03 -1.578e-02 1.282e-02 0.000e+00
46 8.095e-03 1.830e-02 -2.084e-03 -7.239e+01
47 -3.028e-03 -1.517e-02 -1.176e-02 0.000e+00
48 -1.104e-03 -1.552e-02 -2.114e-05 0.000e+00
49 2.758e-02 2.566e-03 -5.190e-04 0.000e+00
50 1.942e-02 -1.479e-02 -5.458e-03 0.000e+00
51 -9.096e-04 4.269e-03 -5.267e-03 0.000e+00
52 -5.320e-03 3.281e-03 1.027e-02 0.000e+00
53 -1.732e-03 3.949e-03 7.898e-03 0.000e+00
54 5.185e-03 -6.836e-03 -3.084e-03 0.000e+00
55 -1.947e-02 -2.060e-03 -2.173e-02 0.000e+00
56 -1.083e-02 5.746e-03 -4.618e-03 0.000e+00
57 -1.042e-02 -3.897e-03 -9.675e-04 0.000e+00
58 2.960e-03 -1.116e-02 1.361e-02 0.000e+00
59 -1.039e-02 5.162e-03 2.443e-03 0.000e+00
60 1.210e-03 -8.752e-03 6.623e-03 0.000e+00
61 4.587e-03 4.792e-03 -1.153e-02 0.000e+00
62 -3.883e-03 9.197e-03 2.891e-03 0.000e+00
63 -5.850e-03 4.369e-03 1.044e-02 0.000e+00
64 -4.365e-03 -2.496e-03 -1.567e-03 0.000e+00
65 -3.349e-03 -5.893e-03 1.096e-02 0.000e+00
66 1.538e-02 6.194e-03 -1.914e-03 0.000e+00
67 7.838e-03 1.540e-02 -2.256e-05 -1.046e+02
68 -4.930e-03 -1.568e-02 -1.012e-02 0.000e+00
69 7.889e-04 1.365e-02 -9.551e-03 0.000e+00
70 1.106e-03 -1.383e-02 -7.727e-03 0.000e+00
71 7.874e-03 -1.549e-02 -3.255e-03 0.000e+00
72 3.634e-03 -1.507e-02 -5.064e-03 0.000e+00
73 8.627e-03 -1.198e-02 9.812e-03 0.000e+00
74 -1.511e-03 1.849e-02 -1.828e-03 4.939e+01
75 3.519e-03 -1.239e-02 1.336e-02 0.000e+00
76 3.977e-03 3.786e-03 2.139e-03 0.000e+00
77 8.233e-04 3.366e-03 1.199e-02 0.000e+00
78 3.682e-05 -1.408e-03 -9.918e-03 0.000e+00
79 2.850e-03 2.492e-03 -2.206e-03 0.000e+00
80 4.216e-05 1.952e-02 6.433e-03 3.341e+01
81 1.280e-03 2.959e-03 -5.822e-03 0.000e+00
82 6.654e-03 -2.061e-04 -1.107e-03 0.000e+00
83 -6.691e-04 2.653e-03 -7.147e-03 0.000e+00
84 -8.298e-03 1.320e-03 1.443e-02 0.000e+00
85 5.921e-04 -1.140e-02 1.039e-02 0.000e+00
86 -5.118e-03 -1.517e-02 -2.609e-03 0.000e+00
87 -1.600e-02 9.301e-03 5.989e-03 0.000e+00
88 -1.720e-03 -1.162e-02 -8.382e-03 0.000e+00
89 -1.092e-02 -8.636e-03 1.897e-02 0.000e+00
90 4.317e-03 1.266e-02 3.875e-03 0.000e+00
91 5.470e-03 4.110e-03 -4.713e-03 0.000e+00
92 8.998e-03 -1.552e-02 -2.357e-02 0.000e+00
93 2.055e-02 9.680e-03 -1.503e-02 0.000e+00
94 7.773e-03 5.323e-03 1.636e-02 0.000e+00
95 7.802e-03 1.241e-02 4.731e-03 0.000e+00
96 5.185e-03 8.620e-03 -7.820e-03 0.000e+00
97 -5.644e-03 1.481e-02 -4.887e-03 0.000e+00
98 4.344e-03 -1.573e-02 3.278e-03 0.000e+00
99 1.944e-02 3.792e-04 -9.147e-03 0.000e+00
100 3.753e-03 7.263e-04 4.127e-03 0.000e+00
101 -1.426e-03 3.362e-03 1.975e-02 0.000e+00
102 7.925e-03 1.878e-03 -3.332e-03 0.000e+00
103 2.818e-03 5.693e-03 5.080e-03 0.000e+00
104 7.453e-03 1.611e-03 2.400e-03 0.000e+00
105 -1.404e-03 -1.468e-02 6.736e-03 0.000e+00
106 -3.569e-03 5.493e-03 -5.220e-03 0.000e+00
107 5.315e-03 1.169e-02 -8.503e-03 0.000e+00
108 -5.708e-03 -1.537e-02 -8.542e-03 0.000e+00
109 6.255e-03 -1.137e-02 -1.176e-02 0.000e+00
110 -3.682e-05 6.600e-03 4.325e-04 0.000e+00
111 2.780e-03 -1.570e-02 4.728e-03 0.000e+00
112 1.308e-02 6.162e-03 1.080e-02 0.000e+00
113 1.637e-02 -1.065e-02 -5.720e-04 0.000e+00
114 5.478e-03 -1.474e-02 9.499e-03 0.000e+00
115 -8.543e-05 7.394e-03 -1.830e-02 0.000e+00
116 1.320e-03 8.946e-03 1.352e-03 0.000e+00
117 1.615e-03 -3.208e-03 1.884e-02 0.000e+00
118 1.572e-02 -1.668e-03 -1.054e-03 0.000e+00
119 1.498e-03 -1.480e-02 7.178e-03 0.000e+00
120 1.653e-02 1.008e-02 -6.394e-03 0.000e+00
121 9.351e-03 -1.905e-03 3.043e-03 0.000e+00
122 2.111e-02 -9.353e-05 1.540e-02 0.000e+00
123 2.065e-02 -1.490e-02 4.232e-03 0.000e+00
124 9.944e-03 2.969e-03 3.442e-03 0.000e+00
125 1.095e-02 -9.856e-03 4.740e-04 0.000e+00
126 1.609e-02 -1.555e-02 4.068e-03 0.000e+00
127 1.402e-02 -8.136e-03 3.360e-03 0.000e+00
128 1.432e-02 3.138e-03 -1.023e-02 0.000e+00
129 1.895e-02 -2.761e-03 -4.372e-03 0.000e+00
130 -9.687e-04 -1.063e-02 4.949e-03 0.000e+00
131 1.240e-02 3.708e-03 4.613e-03 0.000e+00
132 3.521e-03 1.647e-02 2.190e-03 5.688e+01
133 6.693e-03 5.285e-03 -3.895e-03 0.000e+00
134 8.085e-03 -1.300e-02 -9.390e-03 0.000e+00
135 1.119e-02 -2.210e-03 7.479e-03 0.000e+00
136 5.535e-03 8.331e-03 4.860e-03 0.000e+00
137 9.102e-03 -1.378e-02 -6.222e-03 0.000e+00
138 -2.412e-03 8.362e-04 -7.734e-03 0.000e+00
139 1.100e-03 -1.219e-02 -9.761e-05 0.000e+00
140 -2.116e-02 1.354e-02 -1.856e-02 0.000e+00
141 -1.634e-02 7.010e-03 -6.022e-03 0.000e+00
142 -2.376e-02 -2.137e-04 1.611e-02 0.000e+00
143 -7.202e-03 -1.478e-02 5.100e-03 0.000e+00
144 1.603e-03 4.621e-03 -5.027e-03 0.000e+00
145 -1.788e-03 -3.319e-03 2.165e-02 0.000e+00
146 6.729e-03 -1.463e-02 3.216e-04 0.000e+00
147 -1.694e-02 -1.558e-02 -1.673e-03 0.000e+00
148 -1.191e-02 2.673e-03 -1.693e-02 0.000e+00
149 1.588e-02 -1.745e-03 8.634e-03 0.000e+00
150 7.935e-05 4.629e-03 2.396e-02 0.000e+00
151 -7.331e-03 -1.536e-02 2.056e-02 0.000e+00
152 -7.188e-03 1.046e-02 1.337e-02 0.000e+00
153 -2.465e-03 4.233e-03 9.728e-04 0.000e+00
154 -4.641e-03 7.326e-03 -1.661e-02 0.000e+00
155 -5.026e-03 1.014e-02 1.566e-02 0.000e+00
156 -2.164e-03 5.354e-03 -1.645e-02 0.000e+00
157 1.002e-02 1.436e-02 -3.868e-03 0.000e+00
158 8.786e-03 4.888e-03 2.941e-03 0.000e+00
159 9.567e-03 9.145e-03 -6.913e-04 0.000e+00
160 3.204e-03 3.238e-03 -4.816e-03 0.000e+00
161 1.365e-02 -8.141e-03 3.150e-04 0.000e+00
162 2.595e-02 4.922e-03 4.462e-03 0.000e+00
163 7.911e-03 6.053e-03 7.048e-03 0.000e+00
164 1.968e-03 -1.549e-02 -2.549e-03 0.000e+00
165 2.576e-03 -1.169e-03 -7.221e-03 0.000e+00
166 1.330e-02 1.018e-02 4.957e-03 0.000e+00
167 3.938e-03 5.391e-03 9.864e-04 0.000e+00
168 4.421e-03 1.130e-02 7.706e-03 0.000e+00
169 -1.385e-02 3.085e-03 5.377e-03 0.000e+00
170 -9.877e-03 -1.280e-02 4.093e-03 0.000e+00
171 1.173e-02 -2.159e-03 1.703e-04 0.000e+00
172 1.027e-02 -1.379e-02 -5.976e-03 0.000e+00
173 1.030e-02 -1.175e-02 -2.820e-03 0.000e+00
174 9.277e-03 -1.297e-02 -5.622e-04 0.000e+00
175 7.540e-03 -5.607e-04 2.708e-03 0.000e+00
176 -2.176e-03 -1.417e-02 3.616e-03 0.000e+00
177 -1.360e-02 -1.544e-02 -8.614e-03 0.000e+00
178 -1.054e-02 -1.527e-02 6.933e-03 0.000e+00
179 5.476e-03 2.208e-02 2.159e-02 -5.658e+01
180 4.379e-04 -1.341e-02 -5.326e-03 0.000e+00
181 -1.197e-02 1.161e-02 -9.962e-03 0.000e+00
182 1.948e-03 4.469e-03 -7.918e-03 0.000e+00
183 3.587e-03 -1.520e-02 -9.553e-03 0.000e+00
184 -3.052e-03 -1.419e-02 4.810e-03 0.000e+00
185 -3.294e-03 8.550e-03 5.649e-03 0.000e+00
186 3.127e-03 -1.479e-02 1.506e-02 0.000e+00
187 -5.768e-03 -1.455e-02 1.068e-02 0.000e+00
188 6.867e-03 -1.024e-02 1.026e-02 0.000e+00
189 1.266e-04 1.720e-03 -9.877e-03 0.000e+00
190 -1.983e-03 1.308e-02 -4.841e-03 0.000e+00
191 -1.641e-03 -1.082e-02 6.751e-03 0.000e+00
192 -7.539e-03 -1.295e-02 8.450e-03 0.000e+00
193 -8.827e-03 9.402e-03 4.815e-03 0.000e+00
194 -2.057e-02 7.929e-04 2.260e-03 0.000e+00
195 5.096e-03 -2.773e-03 1.184e-02 0.000e+00
196 -6.474e-03 -1.338e-04 8.799e-04 0.000e+00
197 3.040e-03 -9.386e-03 -2.256e-02 0.000e+00
198 -7.693e-03 2.238e-03 1.056e-02 0.000e+00
199 1.891e-03 -4.014e-03 7.732e-03 0.000e+00
200 -3.313e-03 4.738e-06 -5.439e-03 0.000e+00
201 2.752e-03 -1.276e-04 3.919e-03 0.000e+00
202 1.898e-02 -9.860e-03 2.931e-03 0.000e+00
203 3.888e-03 1.337e-02 1.825e-02 0.000e+00
204 2.303e-03 1.084e-03 3.069e-03 0.000e+00
205 -2.029e-03 8.047e-03 6.174e-03 0.000e+00
206 -8.627e-03 -1.179e-02 -5.608e-03 0.000e+00
207 -1.098e-02 -1.338e-02 -4.749e-03 0.000e+00
208 1.801e-02 3.122e-03 6.072e-03 0.000e+00
209 7.911e-03 6.184e-03 2.621e-04 0.000e+00
210 3.775e-03 -1.149e-02 2.307e-03 0.000e+00
211 -8.320e-03 -1.445e-03 2.185e-04 0.000e+00
212 -1.148e-02 -1.413e-02 1.365e-03 0.000e+00
213 -3.902e-04 1.147e-02 2.299e-03 0.000e+00
214 -3.179e-03 -1.348e-02 1.890e-03 0.000e+00
215 -8.119e-03 5.554e-03 5.529e-03 0.000e+00
216 -1.496e-02 1.396e-02 -4.059e-03 0.000e+00
217 1.421e-03 4.008e-03 -1.154e-03 0.000e+00
218 -1.228e-02 -1.458e-02 -2.703e-03 0.000e+00
219 -1.037e-02 -8.577e-03 2.729e-03 0.000e+00
220 -8.369e-03 3.581e-03 -1.333e-04 0.000e+00
221 -1.506e-02 1.353e-02 -1.806e-02 0.000e+00
222 -4.238e-03 2.578e-03 -6.123e-03 0.000e+00
223 -9.532e-03 -3.142e-03 6.843e-03 0.000e+00
224 1.059e-03 7.780e-04 1.020e-03 0.000e+00
225 -1.366e-02 1.053e-02 -5.113e-03 0.000e+00
226 -5.690e-03 1.648e-02 6.395e-03 3.972e+01
227 -6.734e-03 -1.122e-02 -1.341e-02 0.000e+00
228 -7.045e-03 1.169e-02 -2.485e-03 0.000e+00
229 -4.217e-04 -1.542e-02 -8.481e-03 0.000e+00
230 -1.056e-02 7.642e-04 5.460e-03 0.000e+00
231 -2.334e-03 -1.275e-02 1.458e-02 0.000e+00
232 -2.243e-04 1.104e-02 5.183e-03 0.000e+00
233 -1.478e-02 1.289e-03 3.700e-03 0.000e+00
234 -1.031e-02 -1.426e-02 1.340e-02 0.000e+00
235 -5.180e-03 7.791e-03 1.501e-02 0.000e+00
236 -1.239e-03 -1.432e-02 1.196e-03 0.000e+00
237 -8.896e-03 1.250e-03 9.728e-03 0.000e+00
238 -8.834e-03 3.784e-03 3.150e-03 0.000e+00
239 1.444e-03 -1.485e-02 -1.003e-02 0.000e+00
240 -2.200e-02 -2.163e-03 3.278e-03 0.000e+00
241 3.918e-03 -1.210e-02 -3.304e-03 0.000e+00
242 -8.498e-04 4.232e-03 -6.838e-03 0.000e+00
243 -2.596e-03 1.496e-02 -2.679e-04 -5.058e+01
244 -2.841e-03 2.760e-03 1.334e-03 0.000e+00
245 -2.865e-02 -2.943e-03 5.723e-03 0.000e+00
246 -1.348e-02 1.527e-02 5.582e-03 -4.683e+01
247 -1.022e-02 -1.131e-02 8.142e-03 0.000e+00
248 -5.975e-03 -1.269e-02 -8.262e-03 0.000e+00
249 -1.469e-02 3.593e-03 5.651e-03 0.000e+00
250 -5.660e-03 4.851e-03 3.927e-03 0.000e+00
251 -1.388e-02 1.097e-02 -7.227e-03 0.000e+00
252 -2.523e-03 1.037e-02 5.066e-03 0.000e+00
253 2.802e-03 6.592e-03 -3.011e-03 0.000e+00
254 -1.535e-02 1.530e-02 1.366e-03 -9.763e+00
255 -2.029e-03 1.034e-02 -6.000e-03 0.000e+00
256 -1.378e-02 4.119e-03 1.815e-03 0.000e+00
257 -2.171e-02 -2.078e-03 -6.239e-03 0.000e+00
258 3.438e-03 -1.336e-02 -7.111e-03 0.000e+00
259 5.402e-03 -1.241e-02 2.717e-04 0.000e+00
260 -1.812e-04 -8.808e-03 2.588e-04 0.000e+00
261 -1.025e-02 3.220e-03 1.250e-02 0.000e+00
262 1.070e-02 -1.369e-02 -2.124e-03 0.000e+00
263 1.299e-03 5.204e-03 6.171e-03 0.000e+00
264 -9.831e-03 4.960e-03 -6.048e-03 0.000e+00
265 -1.372e-02 7.692e-03 -1.408e-02 0.000e+00
266 -9.507e-04 6.357e-03 1.277e-02 0.000e+00
267 -1.729e-02 -1.403e-02 8.348e-03 0.000e+00
268 1.328e-03 -1.366e-02 4.512e-05 0.000e+00
269 3.643e-03 1.571e-04 2.349e-03 0.000e+00
270 -4.966e-03 -1.428e-02 8.130e-03 0.000e+00
271 2.760e-03 9.660e-03 6.090e-03 0.000e+00
272 -3.878e-03 -1.535e-02 4.291e-03 0.000e+00
273 1.149e-02 3.928e-03 -2.844e-03 0.000e+00
274 -2.997e-04 5.338e-03 1.786e-03 0.000e+00
275 -2.106e-03 -1.362e-02 -1.454e-02 0.000e+00
276 -3.935e-03 1.396e-02 -3.349e-03 0.000e+00
277 7.085e-03 -1.078e-02 -3.388e-03 0.000e+00
278 5.526e-03 4.916e-03 -6.036e-03 0.000e+00
279 1.253e-02 1.054e-02 1.200e-02 0.000e+00
280 7.516e-03 1.019e-02 -1.016e-02 0.000e+00
281 4.664e-03 1.367e-02 -3.674e-03 0.000e+00
282 -9.434e-03 -7.819e-04 5.262e-03 0.000e+00
283 2.313e-02 9.634e-03 1.700e-03 0.000e+00
284 3.332e-03 6.428e-03 -3.307e-03 0.000e+00
285 1.006e-03 3.995e-03 9.911e-03 0.000e+00
286 1.096e-02 1.786e-03 -1.198e-02 0.000e+00
287 2.225e-02 1.490e-05 -1.989e-03 0.000e+00
288 1.287e-02 1.922e-02 4.265e-03 -8.396e+01
289 2.569e-02 2.394e-02 6.548e-03 -5.888e+01
290 1.288e-02 7.432e-03 8.755e-03 0.000e+00
291 2.262e-02 5.123e-03 6.297e-04 0.000e+00
292 3.118e-02 3.271e-03 1.013e-02 0.000e+00
293 5.386e-02 -1.813e-03 1.264e-03 0.000e+00
294 6.537e-02 1.505e-03 -4.053e-03 0.000e+00
295 1.127e-01 -3.403e-03 -2.075e-03 0.000e+00
296 1.682e-01 3.089e-02 -2.072e-02 -3.258e+00
297 2.438e-01 2.006e-02 1.132e-02 -1.890e+00
298 3.520e-01 1.034e-02 1.568e-02 0.000e+00
299 5.241e-01 3.350e-02 -1.263e-02 -5.616e+00
300 7.428e-01 6.610e-02 -4.373e-02 -6.311e+00
301 8.709e-01 8.581e-02 1.243e-02 2.349e+00
302 9.749e-01 1.915e-01 4.156e-02 -4.801e-01
303 1.000e+00 3.346e-01 5.120e-02 -1.921e+00
304 9.937e-01 4.623e-01 9.569e-02 -3.320e+00
305 8.634e-01 4.388e-01 9.349e-02 -5.482e+00
306 7.523e-01 4.629e-01 1.003e-01 -5.427e+00
307 6.275e-01 3.814e-01 1.161e-01 -6.228e+00
308 5.485e-01 3.668e-01 8.454e-02 -9.402e+00
309 4.827e-01 3.068e-01 5.723e-02 -1.171e+01
310 4.213e-01 2.838e-01 8.043e-02 -1.381e+01
311 3.859e-01 2.284e-01 5.555e-02 -1.628e+01
312 3.357e-01 2.058e-01 5.024e-02 -1.953e+01
313 3.073e-01 2.049e-01 4.184e-02 -2.323e+01
314 2.851e-01 1.752e-01 4.750e-02 -2.581e+01
315 2.879e-01 1.784e-01 4.437e-02 -2.850e+01
316 2.470e-01 1.516e-01 4.531e-02 -3.281e+01
317 2.775e-01 1.634e-01 3.001e-02 -3.759e+01
318 2.808e-01 1.791e-01 5.697e-02 -4.001e+01
319 2.677e-01 1.535e-01 3.188e-02 -4.619e+01
320 2.680e-01 1.550e-01 2.438e-02 -5.128e+01
321 2.757e-01 1.675e-01 3.037e-02 -5.734e+01
322 2.926e-01 1.621e-01 4.294e-02 -6.210e+01
323 2.896e-01 1.488e-01 2.462e-02 -6.505e+01
324 2.883e-01 1.710e-01 4.990e-02 -6.847e+01
325 2.916e-01 1.598e-01 4.056e-02 -7.255e+01
326 2.927e-01 1.567e-01 1.134e-02 -7.637e+01
327 3.107e-01 1.585e-01 4.013e-02 -8.013e+01
328 3.421e-01 1.822e-01 2.993e-02 -8.246e+01
329 3.740e-01 1.887e-01 6.926e-03 -8.676e+01
330 4.128e-01 2.100e-01 4.039e-02 -8.960e+01
331 4.541e-01 2.383e-01 4.104e-02 -9.373e+01
332 4.931e-01 2.482e-01 2.338e-02 -9.860e+01
333 5.513e-01 2.735e-01 8.111e-03 -9.719e+01
334 6.098e-01 3.352e-01 1.000e-02 -9.791e+01
335 6.216e-01 3.281e-01 1.532e-02 -9.790e+01
336 6.515e-01 3.414e-01 4.294e-03 -9.908e+01
337 5.704e-01 2.776e-01 4.380e-02 -9.577e+01
338 4.976e-01 2.032e-01 1.899e-02 -9.709e+01
339 4.315e-01 1.515e-01 3.517e-02 -1.007e+02
340 3.045e-01 6.980e-02 1.466e-02 -1.052e+02
341 2.055e-01 4.084e-02 1.190e-02 7.207e+01
342 1.471e-01 -1.189e-02 1.516e-02 0.000e+00
343 1.052e-01 -1.294e-02 2.455e-02 0.000e+00
344 4.805e-02 5.721e-03 2.327e-02 0.000e+00
345 3.758e-02 -1.051e-02 1.304e-02 0.000e+00
346 2.507e-02 5.280e-03 -1.741e-03 0.000e+00
347 3.051e-02 -1.434e-02 -2.447e-03 0.000e+00
348 3.845e-02 -1.245e-02 -5.085e-03 0.000e+00
349 5.964e-03 2.453e-03 -1.778e-02 0.000e+00
350 2.039e-02 9.271e-03 -6.518e-03 0.000e+00
351 6.596e-03 1.485e-02 3.098e-03 0.000e+00
352 1.017e-02 1.707e-03 -4.611e-03 0.000e+00
353 8.773e-03 1.573e-02 8.216e-03 -3.470e+01
354 1.570e-02 -1.521e-02 -7.898e-03 0.000e+00
355 1.238e-02 2.739e-03 8.113e-03 0.000e+00
356 -6.946e-03 -1.205e-03 1.022e-02 0.000e+00
357 7.498e-03 -1.268e-02 3.322e-04 0.000e+00
358 8.844e-03 -9.639e-03 -7.098e-03 0.000e+00
359 2.301e-03 -4.265e-03 -1.012e-02 0.000e+00
360 9.725e-03 8.358e-03 -2.604e-02 0.000e+00
361 1.774e-02 9.150e-03 -1.709e-02 0.000e+00
362 9.437e-03 7.272e-03 -1.930e-02 0.000e+00
363 4.432e-03 -1.538e-02 3.866e-03 0.000e+00
364 6.067e-03 4.551e-03 -4.087e-02 0.000e+00
365 -1.631e-02 1.661e-02 -2.296e-02 -7.635e+01
366 -5.540e-03 7.638e-04 5.746e-04 0.000e+00
367 -1.051e-02 4.918e-03 -3.116e-03 0.000e+00
368 -7.350e-03 1.153e-02 7.051e-03 0.000e+00
369 2.079e-02 -1.418e-02 7.158e-03 0.000e+00
370 -2.918e-03 1.758e-02 -1.283e-02 -3.780e+01
371 -1.371e-02 1.272e-02 1.179e-02 0.000e+00
372 -8.527e-03 -9.464e-03 -1.003e-02 0.000e+00
373 -9.077e-03 1.293e-02 -2.480e-03 0.000e+00
374 -3.671e-03 7.847e-03 1.786e-04 0.000e+00
375 -6.520e-03 9.686e-03 1.875e-02 0.000e+00
376 -5.186e-03 1.011e-02 9.300e-03 0.000e+00
377 -9.483e-03 9.995e-03 8.745e-03 0.000e+00
378 -1.185e-03 -1.202e-02 3.794e-03 0.000e+00
379 -6.441e-03 1.688e-03 -2.100e-02 0.000e+00
380 8.524e-03 3.158e-03 1.063e-02 0.000e+00
381 -2.738e-02 -1.409e-02 5.082e-03 0.000e+00
382 -9.167e-03 4.181e-03 -1.204e-02 0.000e+00
383 1.058e-02 6.631e-04 -1.316e-02 0.000e+00
384 4.084e-04 9.747e-03 -6.393e-04 0.000e+00
385 5.340e-03 2.920e-03 -6.854e-04 0.000e+00
386 1.043e-02 1.236e-02 1.833e-02 0.000e+00
387 -1.253e-02 -1.373e-02 2.176e-04 0.000e+00
388 -7.311e-03 -9.699e-03 2.616e-03 0.000e+00
389 -1.013e-02 1.885e-03 -1.748e-03 0.000e+00
390 -7.103e-03 6.928e-03 7.254e-04 0.000e+00
391 1.265e-03 -3.013e-04 5.173e-03 0.000e+00
392 3.816e-03 3.068e-03 -1.889e-05 0.000e+00
393 -5.222e-03 9.575e-03 8.608e-03 0.000e+00
394 -1.369e-02 -9.077e-03 -8.772e-04 0.000e+00
395 -2.177e-03 6.902e-03 -2.252e-03 0.000e+00
396 -4.090e-04 -1.411e-02 -1.130e-02 0.000e+00
397 -1.015e-02 -1.052e-03 -6.867e-04 0.000e+00
398 1.140e-02 3.267e-05 2.509e-03 0.000e+00
399 -1.653e-03 1.117e-02 -1.051e-02 0.000e+00
400 -3.313e-03 -1.458e-02 -1.202e-02 0.000e+00
401 2.244e-02 -1.428e-02 9.695e-03 0.000e+00
402 1.897e-02 -9.960e-03 3.949e-03 0.000e+00
403 -7.755e-04 1.395e-02 1.572e-02 0.000e+00
404 6.360e-03 7.270e-03 2.070e-03 0.000e+00
405 -1.239e-02 -1.365e-02 -1.135e-02 0.000e+00
406 -3.108e-03 -1.452e-02 1.522e-03 0.000e+00
407 1.142e-02 5.056e-03 5.867e-03 0.000e+00
408 1.205e-02 2.138e-03 6.190e-03 0.000e+00
409 -6.066e-03 9.840e-03 -8.102e-03 0.000e+00
410 5.222e-03 9.329e-03 -2.700e-04 0.000e+00
411 -1.191e-02 -1.421e-02 -1.696e-03 0.000e+00
412 -1.187e-02 -1.384e-02 5.468e-03 0.000e+00
413 -1.262e-02 -1.513e-02 8.773e-03 0.000e+00
414 1.132e-02 1.662e-02 1.289e-02 -7.046e+01
415 3.009e-03 -1.449e-02 3.363e-03 0.000e+00
416 1.022e-02 6.476e-03 -1.067e-02 0.000e+00
417 -2.128e-02 2.118e-03 -8.241e-03 0.000e+00
418 -9.416e-03 8.778e-03 1.028e-02 0.000e+00
419 -1.155e-02 1.171e-02 -9.601e-03 0.000e+00
420 4.007e-03 -2.988e-03 1.144e-02 0.000e+00
421 -2.449e-03 1.184e-02 2.364e-03 0.000e+00
422 -3.346e-03 -2.976e-03 -1.105e-02 0.000e+00
423 1.920e-02 1.475e-02 -1.868e-02 0.000e+00
424 -4.001e-03 -1.294e-02 -1.968e-03 0.000e+00
425 6.903e-03 -9.310e-03 -1.148e-02 0.000e+00
426 -6.238e-03 1.323e-02 -1.047e-03 0.000e+00
427 1.262e-02 -4.083e-03 9.160e-03 0.000e+00
428 -2.500e-03 1.731e-03 6.291e-03 0.000e+00
429 -4.426e-03 3.031e-03 -1.663e-03 0.000e+00
430 7.213e-04 -1.584e-02 2.229e-03 0.000e+00
431 1.010e-02 -1.506e-02 -2.218e-02 0.000e+00
432 -1.163e-02 -1.320e-02 -2.055e-03 0.000e+00
433 6.083e-03 -1.353e-03 5.161e-03 0.000e+00
434 -3.056e-03 2.344e-02 -6.886e-03 -3.764e+01
435 1.683e-02 -7.973e-03 -1.395e-02 0.000e+00
436 1.269e-02 -1.001e-02 -2.122e-02 0.000e+00
437 1.296e-02 -4.644e-04 1.889e-05 0.000e+00
438 1.908e-02 7.290e-03 -3.066e-04 0.000e+00
439 8.862e-03 -4.402e-03 -2.431e-03 0.000e+00
440 -9.567e-03 1.189e-02 -1.266e-03 0.000e+00
441 1.434e-02 -4.489e-03 -6.474e-03 0.000e+00
442 7.851e-03 6.813e-03 -7.236e-03 0.000e+00
443 -7.471e-03 -1.574e-03 3.532e-03 0.000e+00
444 1.615e-02 1.841e-03 9.776e-03 0.000e+00
445 -7.896e-03 -9.169e-05 7.208e-04 0.000e+00
446 -1.226e-04 -1.343e-02 -8.413e-03 0.000e+00
447 8.242e-03 6.839e-03 -5.227e-03 0.000e+00
448 3.641e-03 5.767e-03 6.780e-03 0.000e+00
449 1.055e-02 -1.191e-02 -1.145e-02 0.000e+00
450 -4.377e-03 2.304e-02 -1.363e-02 -3.713e+01
451 9.967e-03 -1.085e-02 -9.417e-03 0.000e+00
452 -5.370e-04 1.739e-02 8.640e-03 5.979e+01
453 -1.027e-02 8.856e-03 -3.706e-03 0.000e+00
454 -3.998e-03 -1.144e-02 -1.391e-02 0.000e+00
455 8.397e-03 -6.196e-04 1.483e-03 0.000e+00
456 3.220e-03 5.912e-03 -1.664e-03 0.000e+00
457 1.475e-03 -1.307e-02 9.623e-03 0.000e+00
458 -4.575e-03 1.491e-04 -1.067e-02 0.000e+00
459 7.068e-03 -1.286e-02 -1.434e-03 0.000e+00
460 4.131e-03 4.747e-03 6.167e-03 0.000e+00
461 -1.920e-03 -2.981e-03 -1.244e-02 0.000e+00
462 1.461e-02 -1.246e-02 1.187e-02 0.000e+00
463 6.259e-04 -3.336e-03 -8.206e-03 0.000e+00
464 9.884e-04 -1.551e-02 1.097e-02 0.000e+00
465 9.345e-03 -2.367e-03 -8.181e-03 0.000e+00
466 2.886e-03 6.021e-03 -2.883e-03 0.000e+00
467 -3.631e-03 -8.528e-03 -1.699e-02 0.000e+00
468 9.097e-03 9.668e-03 -1.768e-02 0.000e+00
469 3.644e-03 -1.398e-02 9.139e-03 0.000e+00
470 6.778e-03 7.869e-03 1.114e-02 0.000e+00
471 1.114e-02 4.894e-05 -1.969e-02 0.000e+00
472 -7.024e-03 3.512e-03 -1.778e-02 0.000e+00
473 1.035e-02 3.188e-03 -9.687e-03 0.000e+00
474 -3.466e-03 -3.504e-04 -1.834e-02 0.000e+00
475 2.575e-03 -2.991e-03 -9.651e-03 0.000e+00
476 2.553e-03 1.032e-02 -3.711e-03 0.000e+00
477 1.529e-02 7.401e-03 3.928e-03 0.000e+00
478 -1.438e-03 1.066e-02 8.034e-03 0.000e+00
479 -3.734e-03 1.822e-03 -1.774e-04 0.000e+00
480 6.981e-03 8.965e-03 -5.415e-03 0.000e+00
481 -7.979e-03 2.261e-03 -4.795e-03 0.000e+00
482 -7.776e-03 1.037e-02 -5.225e-04 0.000e+00
483 -2.259e-03 1.022e-02 1.082e-02 0.000e+00
484 -1.519e-03 3.409e-03 -9.893e-03 0.000e+00
485 -5.345e-03 -1.184e-02 -9.232e-04 0.000e+00
486 -5.531e-03 -4.277e-04 7.428e-03 0.000e+00
487 -1.316e-02 -1.485e-02 -5.172e-04 0.000e+00
488 7.367e-03 3.235e-03 -1.567e-02 0.000e+00
489 -5.553e-03 4.447e-03 -3.028e-02 0.000e+00
490 -1.304e-02 9.105e-03 1.613e-02 0.000e+00
491 8.951e-04 -1.335e-02 -1.009e-02 0.000e+00
492 6.658e-03 1.233e-03 -8.479e-03 0.000e+00
493 -1.158e-02 3.734e-03 -8.841e-03 0.000e+00
494 -1.856e-02 -1.496e-02 7.648e-03 0.000e+00
495 2.937e-03 1.485e-02 -5.869e-03 0.000e+00
496 -5.655e-03 9.051e-03 1.516e-02 0.000e+00
497 -1.089e-02 -1.439e-02 9.861e-03 0.000e+00
498 2.357e-03 1.803e-02 -1.483e-02 -9.580e+01
499 -1.419e-03 7.126e-03 -9.991e-03 0.000e+00
500 1.183e-02 -4.662e-03 -5.980e-04 0.000e+00
501 1.522e-02 -1.566e-02 4.631e-03 0.000e+00
502 2.032e-04 -1.424e-02 -9.497e-03 0.000e+00
503 -7.836e-03 -1.174e-02 -7.065e-03 0.000e+00
504 1.108e-03 -8.581e-03 -9.708e-03 0.000e+00
505 -4.845e-03 7.948e-03 1.058e-03 0.000e+00
506 -7.637e-03 1.773e-03 9.987e-03 0.000e+00
507 -6.092e-03 -1.448e-04 2.403e-03 0.000e+00
508 -1.010e-02 -1.573e-02 -1.284e-02 0.000e+00
509 2.475e-02 -9.109e-03 -3.260e-03 0.000e+00
510 7.042e-03 -1.031e-02 -7.458e-03 0.000e+00
511 5.663e-03 7.726e-03 -6.049e-03 0.000e+00
