Bin I L V PA
0 -8.802e-03 -1.356e-02 -1.458e-02 0.000e+00
1 -9.517e-04 1.987e-02 -2.529e-02 0.000e+00
2 -1.837e-03 1.405e-02 -1.804e-02 0.000e+00
3 -1.667e-02 -1.774e-02 1.229e-02 0.000e+00
4 -1.798e-02 1.153e-02 1.346e-02 0.000e+00
5 -1.059e-02 -1.167e-02 -4.079e-03 0.000e+00
6 2.759e-02 -1.742e-02 -2.709e-03 0.000e+00
7 -1.466e-03 8.437e-03 1.004e-03 0.000e+00
8 2.673e-03 -8.999e-03 4.872e-03 0.000e+00
9 -1.627e-02 -1.793e-02 1.503e-02 0.000e+00
10 3.173e-03 -1.041e-02 -2.207e-03 0.000e+00
11 1.022e-03 1.612e-02 1.102e-02 0.000e+00
12 1.548e-03 3.236e-03 -2.062e-02 0.000e+00
13 2.429e-03 -1.444e-02 1.365e-02 0.000e+00
14 9.692e-03 5.744e-03 1.315e-02 0.000e+00
15 -7.567e-03 -1.646e-02 -1.133e-02 0.000e+00
16 1.019e-03 1.508e-02 -1.418e-02 0.000e+00
17 -1.998e-02 6.093e-03 6.211e-03 0.000e+00
18 3.386e-03 -1.016e-03 -4.356e-03 0.000e+00
19 -1.072e-03 -1.951e-02 2.335e-02 0.000e+00
20 -2.250e-02 -1.687e-02 -1.014e-02 0.000e+00
21 -1.517e-02 -1.039e-02 2.228e-02 0.000e+00
22 3.227e-03 1.417e-02 4.593e-03 0.000e+00
23 -1.220e-03 2.293e-02 1.507e-02 8.847e+00
24 5.360e-03 -1.935e-02 6.021e-03 0.000e+00
25 8.357e-03 -1.767e-02 2.049e-03 0.000e+00
26 -1.599e-02 1.746e-02 -3.064e-03 0.000e+00
27 -1.146e-02 1.666e-02 1.607e-02 0.000e+00
28 -2.530e-03 2.302e-02 3.764e-02 -1.944e+01
29 5.823e-03 9.256e-03 -1.251e-02 0.000e+00
30 1.323e-02 1.919e-03 -1.313e-02 0.000e+00
31 -2.819e-02 -1.518e-02 6.089e-03 0.000e+00
32 -2.237e-02 2.416e-03 -3.062e-02 0.000e+00
33 5.783e-03 -1.214e-02 -1.084e-02 0.000e+00
34 1.845e-03 2.092e-02 1.542e-02 0.000e+00
35 -1.953e-04 -1.815e-02 6.661e-03 0.000e+00
36 -4.637e-03 9.886e-03 6.197e-03 0.000e+00
37 4.880e-03 1.932e-02 2.799e-04 0.000e+00
38 1.247e-02 -1.618e-02 -1.212e-02 0.000e+00
39 -4.928e-03 -9.718e-03 3.088e-03 0.000e+00
40 3.367e-04 -1.975e-02 -2.031e-02 0.000e+00
41 4.205e-03 -1.968e-02 -1.050e-02 0.000e+00
42 -1.283e-02 7.120e-03 -2.636e-02 0.000e+00
43 -2.248e-02 -1.478e-02 9.838e-03 0.000e+00
44 3.191e-02 1.065e-04 5.426e-04 0.000e+00
45 9.780e-03 -1.233e-02 5.549e-04 0.000e+00
46 -1.812e-02 1.516e-02 -1.741e-02 0.000e+00
47 -4.118e-03 3.838e-03 1.344e-02 0.000e+00
48 -1.749e-02 1.335e-02 9.903e-03 0.000e+00
49 -1.058e-02 2.929e-03 -1.031e-02 0.000e+00
50 -1.645e-03 -9.527e-04 -2.073e-02 0.000e+00
51 1.351e-02 2.437e-02 1.604e-02 1.094e+02
52 1.044e-02 9.695e-03 1.090e-02 0.000e+00
53 1.199e-02 -1.794e-02 -4.268e-03 0.000e+00
54 6.802e-03 9.972e-04 1.228e-02 0.000e+00
55 2.920e-03 4.941e-03 -3.008e-02 0.000e+00
56 7.627e-03 -1.818e-02 -9.421e-04 0.000e+00
57 1.167e-03 -1.947e-02 -3.540e-03 0.000e+00
58 1.486e-02 -1.909e-02 7.909e-03 0.000e+00
59 -1.327e-02 3.503e-03 -4.208e-03 0.000e+00
60 -4.662e-03 5.024e-03 8.935e-04 0.000e+00
61 -1.364e-02 -3.413e-03 -1.451e-02 0.000e+00
62 6.877e-03 1.011e-02 1.910e-04 0.000e+00
63 -5.050e-03 -1.076e-02 7.150e-03 0.000e+00
64 2.519e-03 -1.248e-02 2.676e-02 0.000e+00
65 -2.104e-02 -1.909e-02 -1.268e-03 0.000e+00
66 3.775e-02 -1.877e-02 1.464e-02 0.000e+00
67 -1.231e-02 1.995e-02 -8.336e-03 0.000e+00
68 1.297e-02 -1.053e-03 7.737e-03 0.000e+00
69 -1.615e-02 -1.854e-02 1.650e-02 0.000e+00
70 -1.538e-03 -1.178e-02 1.524e-02 0.000e+00
71 1.464e-02 -1.570e-02 7.269e-03 0.000e+00
72 -4.147e-02 -1.915e-02 -1.016e-02 0.000e+00
73 1.982e-03 -1.929e-02 -3.706e-04 0.000e+00
74 9.637e-03 -1.162e-02 -1.404e-02 0.000e+00
75 6.704e-03 -1.587e-02 8.863e-04 0.000e+00
76 1.039e-03 -8.926e-03 1.542e-03 0.000e+00
77 7.088e-03 -1.771e-02 1.610e-03 0.000e+00
78 -1.673e-02 -1.132e-03 -8.072e-03 0.000e+00
79 -2.562e-03 -4.995e-03 -5.674e-03 0.000e+00
80 5.069e-03 -1.284e-02 -4.063e-03 0.000e+00
81 5.998e-03 5.392e-03 -3.624e-03 0.000e+00
82 -1.575e-03 -1.045e-02 -5.087e-03 0.000e+00
83 -5.677e-03 -1.799e-02 2.674e-04 0.000e+00
84 -2.636e-03 -1.226e-02 6.346e-04 0.000e+00
85 2.192e-03 -5.287e-03 7.465e-04 0.000e+00
86 -6.587e-03 -1.495e-02 -1.887e-02 0.000e+00
87 -8.202e-03 -4.600e-03 4.357e-03 0.000e+00
88 -3.147e-03 4.012e-03 9.365e-03 0.000e+00
89 -2.560e-02 3.098e-02 -6.664e-03 -3.040e+01
90 2.165e-02 2.096e-03 4.159e-03 0.000e+00
91 -4.009e-03 1.091e-02 1.122e-04 0.000e+00
92 4.933e-03 -1.794e-02 1.059e-02 0.000e+00
93 -2.380e-02 -1.748e-02 8.428e-04 0.000e+00
94 -1.153e-02 -1.816e-02 -6.030e-03 0.000e+00
95 -1.821e-02 -1.430e-02 5.601e-04 0.000e+00
96 -3.539e-03 -1.266e-02 -6.450e-03 0.000e+00
97 -5.434e-03 -1.916e-02 -9.948e-04 0.000e+00
98 -1.196e-02 5.815e-03 -1.948e-02 0.000e+00
99 1.968e-03 -1.313e-02 -4.588e-03 0.000e+00
100 4.275e-03 1.108e-02 1.432e-02 0.000e+00
101 -7.125e-03 -1.975e-02 3.311e-03 0.000e+00
102 1.366e-02 9.047e-03 -1.602e-02 0.000e+00
103 1.287e-02 5.258e-03 -2.318e-03 0.000e+00
104 -2.184e-02 -1.816e-02 -2.231e-02 0.000e+00
105 3.812e-03 2.239e-02 -1.068e-02 5.672e+01
106 7.635e-03 -2.018e-05 1.084e-02 0.000e+00
107 3.792e-02 4.196e-04 -3.908e-03 0.000e+00
108 -1.557e-03 2.015e-02 -1.275e-02 0.000e+00
109 1.741e-03 -1.948e-02 6.080e-03 0.000e+00
110 1.480e-02 -4.972e-03 2.862e-03 0.000e+00
111 2.439e-02 -1.461e-02 -1.285e-03 0.000e+00
112 1.216e-03 2.587e-02 6.139e-03 4.600e+01
113 1.378e-02 3.189e-03 1.600e-02 0.000e+00
114 -2.910e-02 2.597e-02 -8.797e-03 -6.147e-01
115 2.867e-03 -1.617e-02 6.635e-03 0.000e+00
116 2.170e-02 1.148e-02 2.030e-02 0.000e+00
117 8.200e-04 2.001e-03 -4.502e-04 0.000e+00
118 -7.001e-04 5.551e-03 5.446e-04 0.000e+00
119 -1.627e-02 -1.602e-02 4.113e-03 0.000e+00
120 7.599e-03 1.135e-02 -2.356e-02 0.000e+00
121 8.457e-03 -8.413e-03 1.644e-02 0.000e+00
122 1.200e-02 -1.269e-02 -1.168e-02 0.000e+00
123 -7.602e-03 1.770e-03 3.499e-03 0.000e+00
124 1.685e-02 -1.687e-02 2.261e-02 0.000e+00
125 -1.308e-02 8.899e-03 -1.337e-02 0.000e+00
126 4.773e-03 2.256e-03 -2.740e-03 0.000e+00
127 -9.990e-03 -3.134e-03 -1.538e-02 0.000e+00
128 -1.081e-03 -1.650e-02 -1.700e-02 0.000e+00
129 1.349e-02 -3.267e-03 -2.851e-03 0.000e+00
130 -6.194e-03 3.116e-02 -5.022e-03 -2.974e+01
131 9.296e-03 2.187e-03 1.703e-02 0.000e+00
132 -7.225e-04 2.008e-02 -1.117e-02 0.000e+00
133 -1.508e-03 1.418e-02 8.663e-04 0.000e+00
134 5.388e-03 -2.846e-03 1.480e-02 0.000e+00
135 1.728e-02 -1.769e-02 -3.898e-03 0.000e+00
136 1.299e-02 1.021e-02 4.500e-03 0.000e+00
137 2.773e-02 -1.754e-02 -8.840e-03 0.000e+00
138 -1.496e-02 9.101e-03 7.264e-03 0.000e+00
139 -4.048e-03 -1.532e-02 -5.152e-03 0.000e+00
140 1.112e-02 1.596e-02 1.197e-02 0.000e+00
141 1.139e-02 4.891e-03 -1.198e-02 0.000e+00
142 8.609e-03 1.165e-02 -5.329e-03 0.000e+00
143 3.011e-02 2.771e-02 8.696e-03 5.939e+01
144 1.375e-02 1.885e-03 -2.083e-02 0.000e+00
145 4.633e-03 -1.673e-02 -5.010e-03 0.000e+00
146 1.148e-03 1.036e-02 -3.217e-03 0.000e+00
147 -3.352e-03 -1.416e-02 1.747e-02 0.000e+00
148 1.129e-02 -1.511e-02 -1.525e-02 0.000e+00
149 1.478e-02 -7.394e-04 2.410e-02 0.000e+00
150 -3.386e-03 1.027e-02 5.398e-03 0.000e+00
151 1.611e-02 -1.590e-02 1.419e-02 0.000e+00
152 1.397e-02 1.117e-02 9.323e-03 0.000e+00
153 -3.548e-02 -1.878e-02 4.174e-03 0.000e+00
154 6.110e-03 -1.716e-02 -1.873e-02 0.000e+00
155 2.474e-03 -1.208e-02 1.831e-03 0.000e+00
156 1.151e-02 9.504e-03 -8.804e-03 0.000e+00
157 1.471e-02 -1.336e-02 -9.248e-03 0.000e+00
158 1.947e-02 7.668e-03 -1.078e-02 0.000e+00
159 1.175e-02 -1.115e-02 -7.490e-03 0.000e+00
160 2.501e-02 2.917e-02 2.830e-02 9.770e+01
161 3.034e-03 -1.441e-02 -1.470e-02 0.000e+00
162 2.946e-03 2.429e-02 -4.098e-03 8.950e+01
163 3.513e-02 9.560e-03 -2.728e-03 0.000e+00
164 1.904e-02 1.695e-02 3.631e-03 0.000e+00
165 1.014e-03 -1.915e-02 5.237e-03 0.000e+00
166 3.219e-02 -1.946e-02 -6.577e-03 0.000e+00
167 -1.733e-02 -1.673e-02 2.126e-02 0.000e+00
168 -6.588e-03 -1.285e-02 -3.405e-02 0.000e+00
169 1.026e-02 -9.232e-03 -1.431e-02 0.000e+00
170 1.768e-02 -1.434e-02 -2.533e-02 0.000e+00
171 -2.168e-02 -1.123e-02 2.367e-02 0.000e+00
172 8.286e-03 1.269e-02 -2.027e-03 0.000e+00
173 5.645e-03 -1.230e-02 -1.681e-02 0.000e+00
174 -1.716e-02 2.317e-03 1.312e-04 0.000e+00
175 2.321e-03 1.191e-02 -6.273e-03 0.000e+00
176 7.815e-04 -9.092e-03 4.302e-03 0.000e+00
177 -1.379e-02 5.918e-03 6.784e-03 0.000e+00
178 -4.107e-03 -1.399e-02 -7.249e-04 0.000e+00
179 -6.040e-03 2.030e-03 -1.390e-02 0.000e+00
180 -1.645e-02 -1.493e-02 -2.493e-03 0.000e+00
181 9.790e-03 4.557e-03 -5.809e-03 0.000e+00
182 -8.086e-03 2.220e-02 -9.045e-03 -2.680e+01
183 2.118e-02 -1.400e-02 9.624e-03 0.000e+00
184 1.970e-02 -1.204e-03 6.568e-03 0.000e+00
185 8.238e-03 -1.762e-02 -3.664e-03 0.000e+00
186 8.266e-03 -1.390e-02 -1.296e-02 0.000e+00
187 -8.829e-04 -1.403e-02 -1.860e-02 0.000e+00
188 2.874e-03 -1.346e-02 1.807e-02 0.000e+00
189 1.025e-02 1.293e-02 -1.573e-02 0.000e+00
190 -5.201e-03 -1.962e-02 -2.298e-03 0.000e+00
191 -5.936e-03 3.984e-02 -6.153e-03 9.819e+01
192 1.986e-02 9.501e-03 -1.626e-02 0.000e+00
193 1.038e-02 1.615e-02 -1.218e-02 0.000e+00
194 1.703e-02 2.022e-03 3.313e-03 0.000e+00
195 7.604e-03 -1.661e-02 -9.704e-03 0.000e+00
196 -1.819e-02 -1.690e-02 -3.840e-03 0.000e+00
197 3.627e-03 -4.159e-03 1.788e-03 0.000e+00
198 -9.702e-03 2.631e-03 -1.776e-03 0.000e+00
199 -6.305e-03 -1.093e-02 -1.024e-02 0.000e+00
200 -1.499e-02 6.270e-03 1.544e-02 0.000e+00
201 1.867e-03 -1.222e-02 2.082e-02 0.000e+00
202 -3.876e-03 5.231e-03 2.118e-02 0.000e+00
203 -1.372e-02 -1.536e-02 -1.971e-03 0.000e+00
204 -1.487e-02 1.109e-02 1.383e-02 0.000e+00
205 -1.845e-02 7.845e-03 1.662e-03 0.000e+00
206 -1.743e-04 6.987e-03 2.110e-03 0.000e+00
207 -2.002e-02 -1.623e-02 -2.498e-02 0.000e+00
208 1.169e-02 -1.588e-02 -3.285e-03 0.000e+00
209 7.361e-03 6.195e-03 -4.611e-03 0.000e+00
210 7.125e-03 1.654e-03 -3.043e-03 0.000e+00
211 -4.597e-03 1.007e-02 -9.515e-04 0.000e+00
212 -3.941e-03 1.683e-02 -2.197e-03 0.000e+00
213 -1.787e-03 8.959e-03 1.042e-02 0.000e+00
214 2.968e-03 -1.843e-02 1.255e-02 0.000e+00
215 9.127e-03 -1.932e-02 -1.579e-02 0.000e+00
216 -4.229e-03 1.127e-02 3.697e-03 0.000e+00
217 3.855e-03 1.130e-02 -1.395e-02 0.000e+00
218 1.294e-02 1.159e-02 -1.531e-04 0.000e+00
219 3.209e-03 -1.847e-02 -4.965e-03 0.000e+00
220 1.551e-02 5.977e-03 1.520e-02 0.000e+00
221 -1.260e-02 -9.251e-04 2.854e-03 0.000e+00
222 7.119e-03 8.353e-03 2.545e-02 0.000e+00
223 3.502e-03 -1.850e-02 3.259e-03 0.000e+00
224 2.282e-03 -1.774e-04 -1.728e-02 0.000e+00
225 1.590e-02 2.362e-02 -3.323e-03 9.786e+01
226 -3.964e-03 -8.312e-03 1.264e-02 0.000e+00
227 5.171e-03 2.781e-02 1.433e-02 1.132e+02
228 3.215e-03 -1.541e-02 2.730e-03 0.000e+00
229 -1.367e-02 -1.714e-02 5.927e-03 0.000e+00
230 6.040e-03 -1.683e-02 -7.690e-03 0.000e+00
231 2.444e-03 1.680e-02 9.815e-03 0.000e+00
232 -2.173e-02 -1.661e-02 -6.258e-03 0.000e+00
233 4.503e-04 1.034e-02 -8.615e-03 0.000e+00
234 6.508e-03 8.259e-03 1.637e-02 0.000e+00
235 1.891e-02 -1.587e-02 1.025e-02 0.000e+00
236 -8.741e-03 1.128e-02 1.263e-03 0.000e+00
237 -4.446e-03 5.502e-03 -4.447e-03 0.000e+00
238 -1.459e-03 -1.065e-02 1.938e-02 0.000e+00
239 9.279e-03 9.998e-03 -1.522e-02 0.000e+00
240 -1.465e-02 1.263e-02 1.603e-02 0.000e+00
241 -7.460e-04 -1.850e-02 -2.620e-03 0.000e+00
242 1.135e-02 1.522e-02 1.128e-03 0.000e+00
243 -2.741e-02 -1.549e-02 5.430e-03 0.000e+00
244 9.052e-03 2.088e-02 1.738e-02 0.000e+00
245 2.876e-02 1.123e-02 -2.109e-03 0.000e+00
246 2.274e-04 1.505e-02 4.187e-03 0.000e+00
247 2.594e-03 1.257e-02 7.806e-03 0.000e+00
248 -1.304e-02 2.179e-02 -1.183e-02 -8.605e+00
249 7.436e-03 -1.905e-02 4.915e-03 0.000e+00
250 -5.594e-03 1.243e-02 3.217e-03 0.000e+00
251 -1.219e-02 -1.445e-02 -7.566e-03 0.000e+00
252 -6.251e-03 4.660e-03 -1.037e-02 0.000e+00
253 5.333e-03 -1.734e-02 2.129e-02 0.000e+00
254 -3.344e-05 -1.368e-02 -2.324e-02 0.000e+00
255 -2.426e-02 -1.810e-02 9.175e-04 0.000e+00
256 7.546e-03 -1.120e-02 -1.211e-02 0.000e+00
257 -4.978e-03 2.263e-03 1.958e-02 0.000e+00
258 2.162e-02 4.216e-03 7.723e-03 0.000e+00
259 -3.019e-02 -1.601e-02 8.929e-03 0.000e+00
260 -3.953e-03 6.937e-03 1.050e-02 0.000e+00
261 -2.728e-02 -8.328e-03 -2.264e-03 0.000e+00
262 -1.345e-02 -7.212e-03 2.354e-03 0.000e+00
263 7.059e-03 -1.975e-02 1.614e-02 0.000e+00
264 -1.500e-02 -1.657e-02 2.115e-03 0.000e+00
265 2.289e-03 -2.968e-03 4.556e-03 0.000e+00
266 4.666e-03 2.858e-02 1.654e-02 1.115e+02
267 3.706e-03 6.886e-03 -1.329e-02 0.000e+00
268 -9.518e-03 1.001e-02 -1.870e-03 0.000e+00
269 1.209e-02 8.048e-03 -1.788e-02 0.000e+00
270 -1.242e-02 -1.577e-02 -2.964e-03 0.000e+00
271 1.291e-02 -9.783e-05 -1.182e-02 0.000e+00
272 6.887e-03 -1.600e-02 -4.831e-03 0.000e+00
273 -1.229e-02 1.535e-02 2.974e-03 0.000e+00
274 7.812e-03 -1.763e-02 -8.466e-03 0.000e+00
275 -1.041e-02 -1.515e-02 2.507e-02 0.000e+00
276 5.956e-03 -1.409e-02 -2.626e-03 0.000e+00
277 8.823e-03 -1.570e-02 -5.378e-03 0.000e+00
278 9.311e-03 -1.954e-02 9.245e-03 0.000e+00
279 -1.056e-02 1.306e-02 -4.148e-05 0.000e+00
280 3.494e-03 -1.974e-02 -1.141e-02 0.000e+00
281 7.885e-03 -1.925e-02 8.189e-03 0.000e+00
282 7.137e-03 -1.409e-02 -4.444e-03 0.000e+00
283 -2.392e-02 2.670e-02 1.384e-02 8.977e+01
284 1.362e-02 -1.973e-02 -8.460e-03 0.000e+00
285 -9.858e-03 2.189e-03 2.277e-02 0.000e+00
286 -6.142e-03 3.151e-02 1.594e-02 9.132e+01
287 5.098e-03 -1.898e-02 -2.307e-03 0.000e+00
288 -9.784e-03 1.133e-02 -1.130e-02 0.000e+00
289 -1.130e-02 4.240e-03 -3.994e-03 0.000e+00
290 -2.376e-02 3.344e-03 -3.088e-03 0.000e+00
291 -2.378e-03 -1.780e-02 4.645e-03 0.000e+00
292 2.104e-02 3.016e-02 -1.300e-02 6.549e+01
293 1.326e-03 7.208e-03 1.623e-02 0.000e+00
294 1.731e-02 1.297e-02 -1.351e-02 0.000e+00
295 -1.599e-02 -1.839e-02 2.065e-02 0.000e+00
296 -2.436e-03 -1.439e-02 3.267e-03 0.000e+00
297 1.354e-02 1.313e-02 1.708e-02 0.000e+00
298 0.000e+00 -1.916e-02 6.327e-03 0.000e+00
299 -5.624e-03 1.413e-02 -3.353e-03 0.000e+00
300 -2.527e-02 1.703e-02 -2.308e-03 0.000e+00
301 -1.947e-02 1.506e-02 -1.742e-02 0.000e+00
302 -1.901e-02 -1.415e-02 2.391e-02 0.000e+00
303 -1.162e-02 1.173e-02 3.143e-02 0.000e+00
304 2.932e-02 6.471e-03 9.286e-04 0.000e+00
305 1.997e-03 -1.204e-02 1.633e-02 0.000e+00
306 -1.533e-02 1.685e-02 -3.863e-03 0.000e+00
307 9.005e-03 -1.711e-02 -1.414e-02 0.000e+00
308 -2.022e-02 7.825e-03 5.925e-03 0.000e+00
309 4.066e-03 -1.629e-02 1.473e-02 0.000e+00
310 1.406e-03 3.760e-03 -1.943e-03 0.000e+00
311 2.319e-02 -1.702e-02 -3.622e-03 0.000e+00
312 1.181e-02 -1.714e-02 1.741e-02 0.000e+00
313 6.675e-04 1.397e-02 -6.677e-03 0.000e+00
314 -1.262e-02 2.605e-02 -5.698e-03 -2.899e+01
315 -5.424e-03 -2.945e-03 -2.051e-02 0.000e+00
316 8.782e-03 -1.388e-02 -3.827e-03 0.000e+00
317 6.179e-04 1.114e-02 1.727e-02 0.000e+00
318 -2.087e-02 -1.618e-02 -8.061e-03 0.000e+00
319 -1.812e-02 -1.307e-02 6.314e-03 0.000e+00
320 -9.190e-03 -1.974e-02 -2.455e-03 0.000e+00
321 -1.500e-02 -1.804e-02 2.353e-02 0.000e+00
322 2.335e-03 -1.890e-02 1.623e-02 0.000e+00
323 -1.085e-02 2.623e-02 -2.158e-02 6.753e+01
324 -1.797e-04 1.942e-02 5.131e-03 0.000e+00
325 -4.636e-03 -1.485e-02 1.070e-02 0.000e+00
326 -1.650e-02 -1.430e-02 -1.029e-02 0.000e+00
327 -2.717e-02 1.557e-02 -1.041e-02 0.000e+00
328 1.405e-02 -7.875e-03 -3.155e-03 0.000e+00
329 -1.540e-03 1.606e-02 -1.733e-02 0.000e+00
330 1.475e-02 -2.833e-03 2.394e-02 0.000e+00
331 3.176e-02 -1.935e-02 1.157e-02 0.000e+00
332 -1.022e-02 -1.840e-02 -2.036e-03 0.000e+00
333 -1.051e-02 -1.840e-02 -5.713e-03 0.000e+00
334 1.027e-02 1.458e-02 6.496e-03 0.000e+00
335 -2.133e-02 6.977e-03 1.110e-02 0.000e+00
336 -1.352e-02 9.138e-03 -1.002e-02 0.000e+00
337 -4.918e-03 -5.381e-03 5.080e-03 0.000e+00
338 6.432e-03 9.673e-03 -3.394e-03 0.000e+00
339 9.537e-03 -1.900e-02 1.291e-02 0.000e+00
340 1.016e-02 6.163e-03 -1.461e-02 0.000e+00
341 1.915e-02 8.349e-03 5.889e-03 0.000e+00
342 -1.028e-02 1.933e-02 1.040e-03 0.000e+00
343 -4.491e-03 -1.159e-02 2.529e-02 0.000e+00
344 5.045e-03 -1.263e-02 3.747e-03 0.000e+00
345 -2.454e-02 -1.662e-02 3.389e-05 0.000e+00
346 -1.244e-02 1.060e-02 -7.933e-03 0.000e+00
347 -7.723e-03 6.753e-03 1.702e-03 0.000e+00
348 1.172e-04 -1.831e-02 -1.108e-03 0.000e+00
349 -3.837e-02 -1.576e-02 -8.332e-03 0.000e+00
350 -3.999e-03 6.497e-03 4.938e-03 0.000e+00
351 -2.552e-03 -1.559e-02 1.852e-02 0.000e+00
352 -9.600e-03 -1.790e-02 1.426e-02 0.000e+00
353 2.896e-02 7.914e-03 4.616e-03 0.000e+00
354 -1.844e-02 3.396e-02 1.187e-02 9.498e+00
355 8.282e-03 1.456e-02 1.428e-02 0.000e+00
356 -2.086e-02 -1.255e-02 -8.520e-03 0.000e+00
357 -3.123e-02 2.686e-02 1.463e-02 -1.873e+01
358 -9.979e-03 7.415e-03 4.995e-03 0.000e+00
359 -1.472e-02 -1.953e-02 2.159e-02 0.000e+00
360 -3.287e-03 9.745e-03 -3.627e-03 0.000e+00
361 2.233e-02 1.065e-02 -7.751e-05 0.000e+00
362 -2.655e-03 -1.904e-02 4.432e-03 0.000e+00
363 1.714e-02 6.907e-03 2.081e-02 0.000e+00
364 1.218e-02 -1.077e-02 3.250e-03 0.000e+00
365 -4.923e-03 -1.212e-02 1.362e-02 0.000e+00
366 -1.578e-02 5.872e-03 -2.215e-02 0.000e+00
367 3.085e-03 -1.541e-02 3.913e-03 0.000e+00
368 -4.427e-03 3.313e-02 -1.329e-03 6.651e+01
369 -7.737e-03 1.635e-02 -5.333e-03 0.000e+00
370 -3.998e-02 -1.797e-02 -8.251e-03 0.000e+00
371 -2.328e-02 8.885e-03 -3.471e-03 0.000e+00
372 -4.947e-03 2.365e-02 -2.569e-02 1.256e+01
373 -1.345e-02 3.960e-03 1.041e-02 0.000e+00
374 -2.682e-03 -8.323e-03 -1.801e-02 0.000e+00
375 1.388e-02 6.889e-03 -4.122e-03 0.000e+00
376 6.759e-03 -1.861e-02 6.224e-03 0.000e+00
377 -1.551e-02 -4.195e-03 -1.002e-02 0.000e+00
378 -9.789e-03 -1.507e-02 -8.377e-03 0.000e+00
379 -1.291e-02 2.460e-02 -2.970e-03 4.879e+01
380 -2.953e-02 -1.697e-02 1.062e-02 0.000e+00
381 9.459e-04 5.592e-03 4.784e-04 0.000e+00
382 -1.470e-02 -1.968e-02 -2.489e-02 0.000e+00
383 -4.249e-02 1.441e-02 -1.732e-02 0.000e+00
384 4.852e-03 9.491e-03 1.035e-02 0.000e+00
385 2.018e-03 -1.956e-02 1.927e-02 0.000e+00
386 -1.887e-02 -1.861e-02 2.942e-02 0.000e+00
387 4.660e-03 6.564e-03 -1.691e-02 0.000e+00
388 -1.015e-02 5.368e-03 -2.764e-02 0.000e+00
389 -6.410e-03 1.124e-02 4.026e-03 0.000e+00
390 -1.157e-03 1.874e-02 1.468e-02 0.000e+00
391 -1.915e-02 -1.559e-02 -1.077e-03 0.000e+00
392 -1.501e-02 -1.870e-02 -2.868e-04 0.000e+00
393 -3.361e-02 -1.377e-02 2.515e-02 0.000e+00
394 -2.733e-04 6.235e-03 1.525e-02 0.000e+00
395 -1.008e-02 -1.833e-02 1.272e-02 0.000e+00
396 -1.571e-02 -1.888e-02 1.583e-02 0.000e+00
397 -1.408e-02 2.467e-03 -3.762e-03 0.000e+00
398 -2.600e-02 -1.501e-02 1.226e-02 0.000e+00
399 9.677e-04 -1.236e-02 -2.466e-03 0.000e+00
400 3.522e-03 1.262e-02 -2.650e-02 0.000e+00
401 2.541e-02 4.697e-03 1.199e-02 0.000e+00
402 2.243e-02 -1.015e-02 -5.505e-03 0.000e+00
403 1.466e-03 -1.838e-02 -5.383e-03 0.000e+00
404 -4.347e-03 2.216e-04 4.175e-03 0.000e+00
405 5.318e-03 -1.665e-02 7.193e-03 0.000e+00
406 -2.394e-03 -1.947e-02 2.629e-03 0.000e+00
407 -1.717e-02 -1.948e-02 -5.611e-03 0.000e+00
408 5.987e-03 -1.285e-02 1.014e-03 0.000e+00
409 -2.199e-02 6.296e-03 2.897e-03 0.000e+00
410 -3.141e-02 3.667e-02 -2.067e-02 7.544e+01
411 -2.833e-02 8.104e-03 -6.608e-03 0.000e+00
412 1.154e-02 1.422e-02 1.578e-02 0.000e+00
413 1.212e-02 -1.921e-02 2.575e-02 0.000e+00
414 -5.686e-03 8.869e-03 -2.211e-02 0.000e+00
415 -1.381e-02 1.255e-03 1.048e-02 0.000e+00
416 -5.012e-03 -1.884e-02 -1.776e-02 0.000e+00
417 5.236e-03 2.133e-03 -6.451e-04 0.000e+00
418 1.569e-02 -1.724e-02 -7.943e-03 0.000e+00
419 7.142e-03 2.410e-02 -6.616e-03 -2.333e+01
420 -1.034e-02 4.568e-03 -9.831e-04 0.000e+00
421 -4.051e-02 -1.393e-02 8.425e-03 0.000e+00
422 -6.497e-03 -1.137e-02 -8.270e-03 0.000e+00
423 -2.049e-03 2.892e-02 -4.862e-03 4.981e+01
424 -7.290e-03 4.894e-03 5.619e-03 0.000e+00
425 -1.342e-02 -1.846e-02 -1.495e-02 0.000e+00
426 1.520e-02 5.534e-03 9.980e-03 0.000e+00
427 -6.388e-03 2.924e-02 2.662e-02 8.067e+01
428 -2.775e-03 1.264e-02 1.421e-02 0.000e+00
429 1.109e-03 2.352e-03 7.586e-03 0.000e+00
430 -1.118e-02 1.676e-02 6.003e-03 0.000e+00
431 -7.803e-03 9.568e-03 -6.485e-03 0.000e+00
432 2.225e-03 8.505e-03 3.497e-03 0.000e+00
433 1.775e-03 -1.509e-02 2.956e-03 0.000e+00
434 4.146e-03 -1.105e-02 -1.919e-02 0.000e+00
435 -8.664e-04 -1.886e-02 -2.475e-02 0.000e+00
436 -1.339e-03 1.567e-02 7.779e-03 0.000e+00
437 7.527e-04 -1.303e-02 3.463e-03 0.000e+00
438 2.316e-02 -2.157e-03 6.587e-03 0.000e+00
439 -8.359e-03 -1.663e-02 2.012e-02 0.000e+00
440 -2.214e-02 1.214e-02 4.457e-03 0.000e+00
441 -1.028e-02 8.591e-03 -2.214e-03 0.000e+00
442 -1.968e-02 1.962e-02 -3.158e-03 0.000e+00
443 -1.929e-02 -1.735e-02 2.747e-03 0.000e+00
444 -2.958e-02 1.715e-02 -2.420e-03 0.000e+00
445 -2.153e-02 4.208e-03 -2.235e-02 0.000e+00
446 2.485e-03 2.017e-02 -2.416e-03 0.000e+00
447 1.911e-02 -1.006e-03 4.678e-03 0.000e+00
448 -4.541e-03 -1.433e-02 -1.619e-02 0.000e+00
449 -1.872e-02 1.304e-02 1.420e-02 0.000e+00
450 -1.225e-02 -9.720e-03 -9.761e-03 0.000e+00
451 -1.285e-02 -1.738e-02 3.129e-02 0.000e+00
452 -1.635e-02 -1.348e-02 -1.381e-02 0.000e+00
453 -1.410e-02 7.785e-03 1.853e-03 0.000e+00
454 -8.180e-04 -1.266e-02 -2.272e-02 0.000e+00
455 -3.783e-03 1.336e-02 -1.691e-02 0.000e+00
456 -6.985e-03 -1.923e-02 -6.628e-03 0.000e+00
457 -2.946e-03 -1.030e-02 1.601e-02 0.000e+00
458 1.132e-02 8.557e-03 2.312e-02 0.000e+00
459 -8.755e-03 -1.213e-02 -3.977e-03 0.000e+00
460 -3.684e-02 7.604e-03 -1.063e-02 0.000e+00
461 3.044e-03 3.103e-02 4.529e-03 4.945e+01
462 1.972e-03 6.383e-03 -5.176e-03 0.000e+00
463 -2.572e-02 4.663e-03 -1.015e-02 0.000e+00
464 7.789e-04 -1.752e-02 1.810e-03 0.000e+00
465 5.062e-03 -1.611e-02 8.185e-03 0.000e+00
466 1.551e-02 4.686e-03 1.856e-02 0.000e+00
467 1.211e-02 -1.864e-02 -1.059e-03 0.000e+00
468 2.522e-02 3.536e-03 1.327e-02 0.000e+00
469 -1.139e-02 1.429e-02 2.228e-02 0.000e+00
470 -2.509e-02 -1.430e-02 -8.887e-03 0.000e+00
471 4.933e-03 -1.831e-02 5.179e-04 0.000e+00
472 -2.317e-02 1.265e-02 -1.971e-02 0.000e+00
473 -5.162e-03 -1.283e-02 2.288e-04 0.000e+00
474 -2.159e-02 -1.630e-02 1.994e-02 0.000e+00
475 -1.677e-02 -1.727e-02 -9.085e-03 0.000e+00
476 2.794e-02 -1.357e-02 -5.054e-03 0.000e+00
477 1.058e-02 -3.056e-03 2.265e-02 0.000e+00
478 3.205e-04 1.675e-03 1.252e-03 0.000e+00
479 6.167e-03 -1.625e-02 -3.076e-03 0.000e+00
480 1.275e-02 2.167e-02 2.068e-03 6.670e+01
481 2.662e-03 1.462e-02 -1.082e-02 0.000e+00
482 3.252e-03 2.205e-02 -3.609e-03 3.346e+01
483 9.881e-03 8.025e-05 8.120e-03 0.000e+00
484 1.131e-02 1.090e-02 -2.918e-02 0.000e+00
485 -2.981e-03 -1.340e-02 5.415e-04 0.000e+00
486 1.017e-02 -1.354e-02 6.881e-03 0.000e+00
487 4.219e-03 1.107e-02 -1.896e-03 0.000e+00
488 4.205e-03 1.451e-02 -4.057e-03 0.000e+00
489 1.314e-02 -1.310e-02 -1.376e-02 0.000e+00
490 -7.255e-03 -1.627e-02 2.279e-02 0.000e+00
491 -1.085e-02 2.747e-02 1.061e-02 8.473e+01
492 1.065e-02 2.134e-03 6.468e-03 0.000e+00
493 1.589e-02 -1.553e-02 8.709e-03 0.000e+00
494 1.574e-03 -1.641e-02 1.116e-02 0.000e+00
495 -4.597e-04 6.112e-03 6.065e-03 0.000e+00
496 -5.573e-03 2.545e-03 -7.536e-03 0.000e+00
497 2.701e-02 -1.891e-02 1.069e-02 0.000e+00
498 8.728e-03 7.261e-03 -4.090e-02 0.000e+00
499 1.999e-03 1.066e-02 1.272e-02 0.000e+00
500 1.178e-02 -1.294e-03 1.500e-03 0.000e+00
501 1.477e-02 -1.900e-02 -8.275e-03 0.000e+00
502 6.547e-03 -1.973e-02 -1.198e-03 0.000e+00
503 -5.301e-03 -1.584e-03 -1.594e-02 0.000e+00
504 -2.532e-02 9.090e-03 -1.876e-02 0.000e+00
505 -1.927e-03 -1.744e-02 -1.383e-03 0.000e+00
506 3.099e-03 8.599e-03 -9.324e-03 0.000e+00
507 -7.701e-03 2.052e-02 3.419e-02 0.000e+00
508 8.901e-03 -1.663e-02 -2.880e-02 0.000e+00
509 3.739e-03 -1.113e-02 -1.935e-02 0.000e+00
510 1.665e-02 4.182e-03 -7.951e-03 0.000e+00
511 3.198e-04 -1.927e-02 -9.912e-03 0.000e+00
512 -9.437e-03 1.855e-02 2.283e-02 0.000e+00
513 8.343e-03 -1.442e-02 -1.109e-02 0.000e+00
514 -4.776e-03 -1.732e-02 2.042e-02 0.000e+00
515 -1.563e-02 -1.290e-02 5.615e-03 0.000e+00
516 1.074e-02 1.791e-02 -1.216e-02 0.000e+00
517 1.299e-02 1.264e-02 -1.878e-02 0.000e+00
518 2.344e-03 1.058e-02 -6.488e-03 0.000e+00
519 2.499e-02 1.516e-02 1.925e-02 0.000e+00
520 -2.210e-02 -1.168e-02 1.514e-02 0.000e+00
521 -4.654e-03 1.104e-02 -7.194e-03 0.000e+00
522 -1.213e-03 -1.751e-02 -9.592e-04 0.000e+00
523 -1.658e-02 1.029e-02 1.038e-02 0.000e+00
524 5.275e-03 -1.847e-02 -1.923e-02 0.000e+00
525 6.666e-03 -1.888e-02 -4.113e-03 0.000e+00
526 2.298e-02 -1.945e-02 -3.333e-04 0.000e+00
527 -1.751e-02 7.962e-03 6.265e-03 0.000e+00
528 3.918e-03 1.920e-02 -2.142e-03 0.000e+00
529 -1.443e-02 -1.901e-02 -2.442e-02 0.000e+00
530 1.074e-02 3.090e-02 -9.060e-03 3.568e+01
531 3.057e-02 -7.888e-03 4.558e-03 0.000e+00
532 5.197e-02 1.723e-02 1.636e-02 0.000e+00
533 1.164e-01 -1.742e-02 7.336e-03 0.000e+00
534 1.765e-01 2.704e-02 -1.831e-02 9.524e+01
535 3.000e-01 3.912e-02 8.459e-03 9.258e+01
536 3.908e-01 4.715e-02 9.638e-02 3.200e+01
537 5.018e-01 5.519e-02 8.360e-02 2.025e+01
538 5.801e-01 4.917e-02 6.622e-02 2.147e+01
539 6.848e-01 2.220e-02 1.151e-01 3.707e+01
540 8.502e-01 5.391e-02 1.330e-01 2.970e+01
541 9.453e-01 1.006e-01 1.639e-01 2.924e+01
542 1.000e+00 1.840e-01 1.604e-01 2.034e+01
543 9.426e-01 2.455e-01 1.176e-01 1.748e+01
544 7.978e-01 1.994e-01 8.512e-02 1.296e+01
545 6.255e-01 1.536e-01 6.002e-02 1.472e+01
546 4.873e-01 1.066e-01 5.000e-02 1.028e+01
547 3.729e-01 6.150e-02 5.966e-02 1.965e+01
548 2.960e-01 7.148e-02 4.752e-02 2.609e+01
549 2.558e-01 7.240e-02 4.750e-03 4.395e+01
550 2.082e-01 3.718e-02 1.194e-02 3.994e+01
551 1.675e-01 7.218e-02 -3.528e-02 5.061e+01
552 1.779e-01 5.018e-02 -4.728e-02 5.698e+01
553 1.725e-01 3.175e-02 -4.273e-02 1.629e+01
554 1.640e-01 4.201e-02 -4.370e-02 3.131e+01
555 1.348e-01 4.388e-02 -4.356e-02 3.036e+01
556 1.490e-01 6.073e-02 -3.992e-02 4.133e+01
557 1.343e-01 6.850e-02 -1.248e-02 4.174e+01
558 1.569e-01 6.516e-02 -1.254e-02 4.365e+01
559 1.496e-01 8.222e-02 -2.956e-02 4.588e+01
560 1.714e-01 8.067e-02 -3.155e-03 4.985e+01
561 1.767e-01 8.924e-02 -2.580e-03 5.535e+01
562 1.690e-01 6.434e-02 -1.623e-02 5.507e+01
563 1.715e-01 2.898e-02 -7.136e-03 5.525e+01
564 1.419e-01 4.451e-02 3.780e-03 4.904e+01
565 1.221e-01 4.130e-02 -9.827e-03 5.876e+01
566 1.325e-01 2.428e-02 -1.717e-03 5.946e+01
567 7.170e-02 -1.772e-02 -2.491e-02 0.000e+00
568 6.058e-02 1.494e-02 -2.780e-03 0.000e+00
569 5.574e-02 -1.523e-02 -1.141e-02 0.000e+00
570 2.374e-02 -1.455e-02 -2.294e-02 0.000e+00
571 3.102e-02 1.155e-02 -1.803e-02 0.000e+00
572 2.910e-02 1.120e-02 -1.187e-02 0.000e+00
573 1.933e-02 8.177e-03 -3.090e-03 0.000e+00
574 8.713e-04 3.057e-03 -1.335e-02 0.000e+00
575 1.058e-02 -1.496e-02 -1.124e-02 0.000e+00
576 2.158e-02 -2.683e-04 5.957e-03 0.000e+00
577 1.653e-04 -1.380e-02 -1.366e-02 0.000e+00
578 2.029e-02 8.034e-03 -2.866e-03 0.000e+00
579 -1.985e-02 -1.688e-02 -1.628e-02 0.000e+00
580 1.613e-02 3.479e-02 -1.694e-02 3.030e+01
581 -7.512e-03 2.880e-03 1.689e-02 0.000e+00
582 1.842e-03 1.497e-02 1.795e-02 0.000e+00
583 4.027e-03 4.064e-03 5.427e-03 0.000e+00
584 8.130e-03 8.337e-03 1.267e-02 0.000e+00
585 -6.413e-03 -1.603e-02 1.685e-02 0.000e+00
586 -2.447e-02 -1.092e-02 -4.683e-03 0.000e+00
587 -5.728e-03 -1.213e-02 2.820e-03 0.000e+00
588 -2.860e-03 1.538e-02 1.852e-03 0.000e+00
589 1.641e-02 1.513e-02 4.044e-03 0.000e+00
590 -2.584e-02 6.270e-03 3.224e-03 0.000e+00
591 -1.306e-02 1.770e-02 -1.766e-02 0.000e+00
592 1.165e-02 -1.695e-02 1.144e-02 0.000e+00
593 -8.851e-03 6.953e-03 1.104e-02 0.000e+00
594 -1.035e-02 -1.928e-02 -3.249e-03 0.000e+00
595 -7.855e-03 -1.284e-02 -3.033e-03 0.000e+00
596 1.365e-02 -1.530e-02 -5.226e-03 0.000e+00
597 -2.035e-02 1.704e-02 2.276e-03 0.000e+00
598 -1.002e-02 1.819e-02 6.342e-03 0.000e+00
599 -1.215e-02 -1.937e-02 2.841e-02 0.000e+00
600 6.812e-03 -1.935e-02 -2.243e-03 0.000e+00
601 -2.203e-02 0.000e+00 -2.023e-03 0.000e+00
602 -1.033e-02 -1.965e-02 -7.951e-03 0.000e+00
603 -6.828e-03 9.860e-03 1.970e-03 0.000e+00
604 -7.422e-03 -1.373e-02 -1.580e-02 0.000e+00
605 2.136e-03 -1.785e-02 2.733e-03 0.000e+00
606 6.828e-03 -1.951e-02 -1.862e-02 0.000e+00
607 -2.363e-04 2.077e-02 1.825e-02 0.000e+00
608 1.468e-03 4.062e-03 -1.645e-02 0.000e+00
609 1.328e-02 -1.038e-02 2.792e-02 0.000e+00
610 1.334e-03 -1.043e-02 5.374e-03 0.000e+00
611 -8.585e-03 3.528e-02 -1.474e-02 1.116e+02
612 -2.423e-03 -3.218e-03 1.228e-02 0.000e+00
613 -1.134e-03 -4.365e-03 -1.717e-02 0.000e+00
614 -1.367e-02 -1.308e-02 3.755e-03 0.000e+00
615 5.175e-03 5.785e-03 1.259e-02 0.000e+00
616 8.927e-03 -5.548e-03 2.366e-02 0.000e+00
617 -1.942e-02 -1.214e-02 2.061e-02 0.000e+00
618 1.127e-03 -1.859e-02 1.833e-02 0.000e+00
619 1.168e-03 -1.565e-02 2.444e-03 0.000e+00
620 -4.442e-03 -1.278e-02 1.376e-02 0.000e+00
621 -3.277e-03 -1.169e-02 1.794e-02 0.000e+00
622 6.309e-03 1.333e-02 -6.037e-03 0.000e+00
623 -1.911e-02 1.646e-02 -1.084e-02 0.000e+00
624 6.272e-03 -1.640e-02 7.631e-03 0.000e+00
625 1.026e-04 -1.630e-02 9.883e-03 0.000e+00
626 -1.997e-02 1.041e-02 -5.332e-03 0.000e+00
627 -1.980e-02 3.546e-03 2.304e-02 0.000e+00
628 2.250e-02 1.787e-02 -8.635e-03 0.000e+00
629 1.130e-02 1.360e-03 7.936e-03 0.000e+00
630 2.100e-02 -1.656e-02 1.377e-02 0.000e+00
631 1.386e-02 -1.497e-02 -9.129e-04 0.000e+00
632 1.812e-02 1.948e-02 0.000e+00 0.000e+00
633 -5.525e-03 -1.870e-02 -1.481e-02 0.000e+00
634 3.800e-03 -1.826e-02 1.164e-02 0.000e+00
635 -5.645e-03 -1.271e-02 -2.237e-02 0.000e+00
636 -4.937e-03 -3.922e-03 3.064e-03 0.000e+00
637 -9.796e-03 1.247e-02 1.366e-02 0.000e+00
638 1.278e-02 1.382e-02 4.985e-04 0.000e+00
639 7.657e-03 -1.875e-02 -3.197e-03 0.000e+00
640 -7.449e-03 2.583e-02 4.322e-03 7.489e+01
641 9.698e-03 7.732e-03 -7.784e-04 0.000e+00
642 1.398e-02 1.116e-02 1.252e-02 0.000e+00
643 6.879e-03 8.987e-03 1.027e-02 0.000e+00
644 -1.743e-02 5.052e-03 1.374e-02 0.000e+00
645 -2.027e-03 7.995e-04 -2.869e-02 0.000e+00
646 -1.596e-02 1.442e-02 3.153e-03 0.000e+00
647 6.461e-03 -9.628e-03 -1.392e-02 0.000e+00
648 2.019e-02 2.434e-02 -1.808e-02 1.307e+02
649 -9.587e-03 3.972e-02 -1.416e-02 4.725e+01
650 1.638e-02 5.853e-03 -4.727e-03 0.000e+00
651 3.873e-03 1.915e-03 -1.715e-02 0.000e+00
652 2.007e-02 7.010e-03 -1.068e-02 0.000e+00
653 -8.729e-03 -1.789e-02 -1.868e-02 0.000e+00
654 2.711e-03 1.120e-02 7.154e-03 0.000e+00
655 -1.159e-03 3.694e-03 2.220e-02 0.000e+00
656 1.819e-02 5.689e-03 -5.808e-03 0.000e+00
657 3.238e-04 -1.491e-02 -1.640e-02 0.000e+00
658 -3.516e-04 3.069e-03 -6.587e-03 0.000e+00
659 2.694e-03 2.117e-02 -3.624e-03 0.000e+00
660 7.339e-03 -1.837e-03 1.706e-03 0.000e+00
661 -2.239e-02 5.967e-03 -3.077e-03 0.000e+00
662 4.605e-03 5.957e-03 -5.093e-03 0.000e+00
663 -1.341e-02 -1.877e-02 1.159e-02 0.000e+00
664 1.858e-02 -1.622e-02 1.662e-02 0.000e+00
665 4.517e-04 3.127e-03 2.091e-02 0.000e+00
666 -3.413e-03 -1.477e-03 5.219e-03 0.000e+00
667 -1.089e-02 2.261e-03 -5.698e-03 0.000e+00
668 -6.309e-03 -1.861e-02 -1.754e-02 0.000e+00
669 6.851e-03 1.053e-02 -1.052e-02 0.000e+00
670 -7.185e-03 1.099e-02 7.933e-03 0.000e+00
671 2.976e-02 -1.582e-02 -1.102e-02 0.000e+00
672 -1.146e-02 1.877e-02 -8.882e-03 0.000e+00
673 -4.343e-03 -1.336e-02 1.917e-02 0.000e+00
674 9.332e-03 1.484e-02 1.017e-02 0.000e+00
675 -2.175e-02 -1.971e-02 1.730e-02 0.000e+00
676 9.451e-03 4.220e-03 -7.518e-03 0.000e+00
677 9.811e-03 1.038e-02 3.923e-03 0.000e+00
678 -4.498e-03 -1.924e-02 -1.146e-02 0.000e+00
679 3.049e-03 -1.043e-02 -3.645e-02 0.000e+00
680 2.557e-03 3.048e-02 -5.525e-03 8.929e+01
681 -3.003e-03 -1.452e-02 3.995e-02 0.000e+00
682 -1.749e-02 1.287e-02 -8.510e-03 0.000e+00
683 -2.728e-03 1.125e-03 -3.282e-03 0.000e+00
684 -1.381e-02 8.686e-03 -2.081e-02 0.000e+00
685 -3.010e-02 -6.295e-04 -1.961e-02 0.000e+00
686 -5.326e-03 -1.897e-02 1.191e-02 0.000e+00
687 -4.589e-03 -1.017e-02 -7.383e-03 0.000e+00
688 2.598e-03 7.840e-03 -4.094e-02 0.000e+00
689 1.404e-02 1.686e-02 -1.158e-02 0.000e+00
690 -5.506e-03 2.490e-03 8.083e-03 0.000e+00
691 1.212e-02 1.870e-02 9.704e-03 0.000e+00
692 1.554e-02 2.523e-02 -1.150e-02 1.045e+02
693 1.387e-02 -1.863e-02 1.220e-02 0.000e+00
694 3.579e-03 -1.644e-02 -1.186e-02 0.000e+00
695 -1.035e-02 9.414e-03 9.945e-03 0.000e+00
696 1.886e-02 1.460e-02 -4.606e-03 0.000e+00
697 -1.767e-02 1.299e-02 -4.539e-03 0.000e+00
698 -2.912e-02 1.686e-02 2.374e-02 0.000e+00
699 1.091e-02 -1.986e-03 1.992e-02 0.000e+00
700 -6.208e-04 2.179e-02 -3.857e-02 4.145e+01
701 -2.017e-02 -1.898e-02 -3.472e-03 0.000e+00
702 -9.583e-03 1.961e-02 -2.242e-02 0.000e+00
703 -1.558e-02 -1.828e-02 9.909e-03 0.000e+00
704 7.381e-03 -1.247e-02 1.271e-02 0.000e+00
705 9.914e-03 5.995e-03 -1.423e-02 0.000e+00
706 1.252e-02 -1.728e-02 -5.817e-03 0.000e+00
707 -2.091e-02 -1.822e-02 -1.865e-02 0.000e+00
708 8.923e-04 -1.754e-02 3.525e-02 0.000e+00
709 1.223e-02 -1.758e-02 8.681e-03 0.000e+00
710 3.160e-03 -1.872e-02 -6.181e-03 0.000e+00
711 2.506e-02 2.551e-02 -1.421e-02 8.161e+01
712 1.280e-02 1.452e-03 -2.614e-03 0.000e+00
713 4.602e-03 -1.697e-02 -1.898e-02 0.000e+00
714 -1.729e-05 -1.105e-03 -2.405e-03 0.000e+00
715 5.076e-03 1.999e-02 4.976e-03 0.000e+00
716 -1.874e-02 1.612e-02 -2.205e-02 0.000e+00
717 5.315e-03 8.297e-03 2.372e-03 0.000e+00
718 -1.708e-02 -1.258e-02 -3.124e-03 0.000e+00
719 -7.109e-03 -1.824e-02 9.383e-03 0.000e+00
720 1.195e-02 2.396e-02 -1.073e-03 7.559e+01
721 9.502e-03 -1.740e-02 -1.904e-02 0.000e+00
722 1.217e-02 -1.893e-02 6.015e-03 0.000e+00
723 -4.489e-04 -1.590e-02 6.707e-03 0.000e+00
724 -1.076e-02 -4.936e-04 -1.009e-03 0.000e+00
725 5.975e-03 -1.868e-02 1.022e-02 0.000e+00
726 1.703e-02 4.421e-04 1.148e-02 0.000e+00
727 2.191e-02 -2.108e-03 -6.098e-03 0.000e+00
728 -4.582e-04 9.656e-03 -1.633e-02 0.000e+00
729 -3.923e-03 -1.699e-02 -2.293e-02 0.000e+00
730 -1.161e-02 4.413e-03 2.939e-04 0.000e+00
731 7.988e-03 -1.112e-02 -2.351e-03 0.000e+00
732 6.862e-03 5.476e-03 -9.703e-03 0.000e+00
733 3.153e-03 1.059e-02 7.364e-03 0.000e+00
734 5.620e-03 1.011e-02 -1.599e-02 0.000e+00
735 5.373e-03 -1.358e-02 -1.618e-02 0.000e+00
736 1.219e-02 8.827e-03 -1.613e-02 0.000e+00
737 1.216e-02 2.074e-02 -6.177e-03 0.000e+00
738 -4.265e-03 -1.910e-02 -3.418e-02 0.000e+00
739 -6.624e-03 -1.754e-02 -1.412e-03 0.000e+00
740 -2.558e-02 8.585e-03 8.893e-03 0.000e+00
741 -4.527e-03 1.255e-02 1.021e-02 0.000e+00
742 1.672e-02 9.932e-04 1.559e-02 0.000e+00
743 -8.484e-03 -1.800e-02 1.864e-02 0.000e+00
744 2.578e-03 1.123e-03 -6.872e-03 0.000e+00
745 -1.835e-02 1.074e-02 -3.137e-04 0.000e+00
746 3.239e-02 -1.488e-02 -9.163e-03 0.000e+00
747 -5.395e-03 8.608e-04 -1.078e-02 0.000e+00
748 -3.923e-03 -1.848e-02 -2.167e-02 0.000e+00
749 4.400e-03 -1.658e-02 -1.441e-02 0.000e+00
750 -1.047e-02 1.064e-02 6.012e-03 0.000e+00
751 -6.546e-03 -1.718e-02 6.266e-03 0.000e+00
752 -4.802e-03 1.145e-02 -1.521e-02 0.000e+00
753 2.849e-02 -8.156e-04 6.332e-03 0.000e+00
754 4.310e-03 1.799e-02 9.128e-03 0.000e+00
755 -9.825e-03 -1.383e-02 4.781e-03 0.000e+00
756 3.424e-02 2.721e-03 -1.200e-02 0.000e+00
757 1.404e-02 4.683e-03 -1.508e-03 0.000e+00
758 1.226e-02 -1.128e-02 4.274e-03 0.000e+00
759 3.356e-02 -1.627e-02 2.884e-03 0.000e+00
760 3.279e-04 1.506e-02 4.028e-03 0.000e+00
761 1.222e-02 4.372e-03 9.693e-03 0.000e+00
762 1.126e-02 1.287e-02 -2.920e-03 0.000e+00
763 1.616e-02 5.148e-03 2.472e-03 0.000e+00
764 -1.342e-02 -1.692e-02 -1.212e-02 0.000e+00
765 -1.600e-02 5.112e-03 -2.417e-02 0.000e+00
766 -1.059e-02 1.071e-02 -1.141e-03 0.000e+00
767 -6.445e-03 1.670e-02 -1.957e-02 0.000e+00
768 -7.797e-03 -1.251e-02 3.858e-03 0.000e+00
769 -1.647e-02 8.170e-03 -1.228e-03 0.000e+00
770 3.841e-03 2.418e-02 1.722e-02 -2.893e+00
771 -1.717e-02 -8.114e-03 1.190e-02 0.000e+00
772 -8.491e-03 6.149e-03 -1.965e-02 0.000e+00
773 1.157e-02 2.195e-02 2.026e-02 1.657e+01
774 1.697e-02 -1.544e-02 1.068e-02 0.000e+00
775 1.005e-02 1.027e-02 1.688e-03 0.000e+00
776 -2.659e-03 -9.419e-03 -6.355e-03 0.000e+00
777 -4.079e-03 6.710e-03 -6.065e-03 0.000e+00
778 8.391e-04 1.341e-02 5.209e-03 0.000e+00
779 2.985e-03 -1.437e-02 -2.646e-03 0.000e+00
780 -9.999e-03 -1.905e-02 2.246e-02 0.000e+00
781 -1.532e-02 -9.357e-03 -1.639e-04 0.000e+00
782 2.507e-02 -4.612e-04 -1.114e-02 0.000e+00
783 2.810e-04 -1.903e-02 1.090e-02 0.000e+00
784 4.705e-03 1.280e-02 6.045e-03 0.000e+00
785 -1.249e-02 -1.820e-02 2.950e-02 0.000e+00
786 2.520e-02 5.072e-05 -2.782e-02 0.000e+00
787 -5.427e-03 -1.406e-02 -2.105e-03 0.000e+00
788 1.316e-03 2.125e-02 -2.758e-02 1.302e+02
789 5.325e-03 -5.089e-03 -5.641e-04 0.000e+00
790 2.797e-03 1.363e-02 9.468e-03 0.000e+00
791 -6.663e-03 -1.975e-02 1.539e-03 0.000e+00
792 -2.335e-03 1.699e-02 2.116e-02 0.000e+00
793 -9.879e-03 -2.454e-03 -7.835e-03 0.000e+00
794 -2.894e-02 -2.665e-03 -7.268e-03 0.000e+00
795 1.876e-02 2.732e-03 -1.445e-03 0.000e+00
796 6.213e-03 1.048e-02 -2.563e-03 0.000e+00
797 -1.227e-03 -1.949e-02 -1.836e-03 0.000e+00
798 -6.435e-03 -9.211e-03 -1.026e-02 0.000e+00
799 2.394e-02 1.121e-03 9.487e-03 0.000e+00
800 1.017e-02 -1.138e-02 -6.578e-03 0.000e+00
801 -1.544e-03 -1.970e-02 2.861e-03 0.000e+00
802 -1.472e-02 4.788e-03 -1.255e-02 0.000e+00
803 -1.155e-02 -1.532e-02 8.716e-03 0.000e+00
804 2.607e-03 -1.544e-02 1.237e-02 0.000e+00
805 4.933e-03 -1.927e-04 4.491e-04 0.000e+00
806 -2.348e-04 -1.355e-02 -2.896e-02 0.000e+00
807 9.665e-03 2.801e-02 -2.128e-02 3.496e+01
808 6.487e-04 -1.847e-02 -3.370e-03 0.000e+00
809 9.438e-03 5.405e-03 1.660e-02 0.000e+00
810 1.475e-02 1.686e-02 4.323e-03 0.000e+00
811 2.333e-02 1.832e-02 5.155e-03 0.000e+00
812 5.386e-03 2.847e-02 1.036e-02 7.407e+01
813 -1.811e-03 1.014e-02 -1.618e-02 0.000e+00
814 -1.296e-03 -1.964e-02 -9.090e-03 0.000e+00
815 -1.250e-02 1.404e-02 -3.544e-03 0.000e+00
816 -1.539e-02 -1.947e-02 -1.094e-02 0.000e+00
817 -1.363e-02 -1.049e-03 1.029e-02 0.000e+00
818 -1.576e-02 2.183e-03 4.907e-03 0.000e+00
819 -3.802e-03 1.307e-03 -9.554e-03 0.000e+00
820 -1.286e-02 -1.757e-02 7.750e-03 0.000e+00
821 3.417e-03 -1.198e-02 4.200e-03 0.000e+00
822 -1.566e-03 2.094e-02 -6.850e-03 0.000e+00
823 -9.239e-03 1.124e-02 -8.193e-03 0.000e+00
824 2.473e-02 6.336e-03 1.992e-02 0.000e+00
825 -2.388e-02 -1.610e-02 -2.703e-02 0.000e+00
826 4.625e-03 -1.706e-02 1.743e-03 0.000e+00
827 -1.619e-02 2.203e-02 -2.328e-02 2.146e+01
828 -8.524e-03 1.329e-03 1.249e-02 0.000e+00
829 -4.341e-02 -1.397e-02 1.614e-03 0.000e+00
830 -1.024e-03 1.281e-02 1.458e-02 0.000e+00
831 -1.427e-02 1.531e-03 1.381e-02 0.000e+00
832 5.231e-03 1.175e-02 -2.476e-03 0.000e+00
833 2.154e-02 1.562e-02 5.915e-03 0.000e+00
834 6.163e-03 8.752e-03 8.592e-03 0.000e+00
835 1.476e-02 6.047e-03 2.269e-02 0.000e+00
836 9.653e-03 1.119e-02 -2.244e-02 0.000e+00
837 -1.236e-02 -1.005e-02 8.292e-03 0.000e+00
838 2.087e-02 3.510e-03 5.044e-03 0.000e+00
839 -7.369e-03 6.755e-03 -3.981e-03 0.000e+00
840 6.893e-03 -1.331e-02 2.044e-02 0.000e+00
841 1.741e-02 7.942e-03 4.768e-03 0.000e+00
842 3.760e-03 -1.767e-02 -3.147e-02 0.000e+00
843 1.412e-02 -4.837e-04 2.690e-02 0.000e+00
844 -1.536e-03 2.821e-02 4.232e-03 7.111e+01
845 1.374e-03 -1.602e-02 -1.122e-02 0.000e+00
846 4.547e-03 8.373e-03 -2.627e-03 0.000e+00
847 -1.640e-02 6.313e-04 3.902e-04 0.000e+00
848 1.225e-02 -1.927e-02 1.567e-02 0.000e+00
849 1.372e-02 -1.761e-02 -3.574e-03 0.000e+00
850 -2.199e-03 -1.108e-02 -2.104e-02 0.000e+00
851 5.794e-03 -1.964e-02 1.097e-02 0.000e+00
852 3.530e-03 1.278e-02 1.517e-02 0.000e+00
853 -1.075e-02 -1.487e-02 1.109e-02 0.000e+00
854 -5.863e-03 -9.644e-03 -3.798e-03 0.000e+00
855 -5.292e-03 1.092e-02 6.512e-03 0.000e+00
856 -3.642e-03 -1.343e-02 -6.590e-04 0.000e+00
857 -6.398e-03 6.706e-03 9.408e-03 0.000e+00
858 1.054e-02 9.489e-03 -3.797e-03 0.000e+00
859 -1.410e-02 1.581e-03 -3.979e-03 0.000e+00
860 1.039e-02 -1.710e-02 -5.944e-03 0.000e+00
861 5.741e-03 3.550e-03 3.761e-03 0.000e+00
862 -1.349e-03 7.821e-03 3.214e-03 0.000e+00
863 5.040e-03 -1.581e-02 4.890e-03 0.000e+00
864 1.798e-03 8.379e-03 -1.835e-02 0.000e+00
865 -1.074e-02 1.140e-02 4.756e-03 0.000e+00
866 -6.503e-03 2.339e-02 1.751e-02 7.529e+01
867 6.998e-03 -1.612e-02 -1.297e-02 0.000e+00
868 -1.054e-02 -1.334e-02 -3.920e-03 0.000e+00
869 2.243e-02 -1.954e-02 1.246e-02 0.000e+00
870 1.198e-02 -1.531e-02 4.584e-03 0.000e+00
871 -1.044e-02 -1.425e-02 7.663e-03 0.000e+00
872 1.525e-02 3.019e-03 5.815e-03 0.000e+00
873 -3.220e-03 1.233e-02 -4.409e-03 0.000e+00
874 -3.090e-03 -5.725e-04 1.165e-02 0.000e+00
875 -6.205e-03 1.773e-03 1.056e-02 0.000e+00
876 5.476e-03 -2.573e-03 -2.164e-03 0.000e+00
877 -1.532e-02 9.449e-04 8.206e-03 0.000e+00
878 1.895e-02 1.159e-02 5.117e-03 0.000e+00
879 1.689e-02 3.259e-03 -1.868e-02 0.000e+00
880 5.676e-03 -1.429e-02 -2.609e-03 0.000e+00
881 3.078e-03 1.658e-02 1.022e-02 0.000e+00
882 8.161e-03 3.468e-02 6.478e-03 7.988e+01
883 -4.131e-03 2.710e-03 -5.811e-03 0.000e+00
884 7.163e-05 4.642e-03 7.894e-03 0.000e+00
885 3.013e-02 8.062e-03 -9.786e-03 0.000e+00
886 1.203e-02 4.756e-03 -1.937e-02 0.000e+00
887 -2.282e-02 -1.765e-02 -9.153e-03 0.000e+00
888 1.538e-03 -1.458e-03 -8.740e-03 0.000e+00
889 -3.384e-02 -1.283e-02 1.319e-02 0.000e+00
890 2.209e-02 5.925e-03 -1.448e-03 0.000e+00
891 8.548e-03 5.613e-03 2.025e-02 0.000e+00
892 1.326e-03 1.255e-02 -1.250e-02 0.000e+00
893 7.670e-03 9.012e-03 -2.010e-02 0.000e+00
894 1.944e-02 -1.403e-02 -2.441e-03 0.000e+00
895 1.946e-02 9.786e-03 6.525e-03 0.000e+00
896 -6.911e-03 -7.114e-03 3.883e-02 0.000e+00
897 3.874e-03 -1.257e-02 3.754e-03 0.000e+00
898 -4.571e-03 -1.451e-02 -1.292e-02 0.000e+00
899 -6.824e-03 8.086e-03 2.284e-02 0.000e+00
900 -1.178e-02 1.888e-02 2.860e-02 0.000e+00
901 8.193e-03 -1.668e-02 8.665e-03 0.000e+00
902 -3.791e-03 -1.800e-02 -7.394e-03 0.000e+00
903 -1.637e-02 -1.550e-02 3.015e-02 0.000e+00
904 -2.696e-02 4.052e-03 5.971e-03 0.000e+00
905 -3.740e-04 1.293e-02 4.660e-03 0.000e+00
906 -7.659e-03 1.838e-02 -1.933e-02 0.000e+00
907 -1.767e-02 1.035e-02 2.312e-02 0.000e+00
908 -4.662e-03 1.682e-03 7.619e-03 0.000e+00
909 -4.684e-03 -1.539e-02 3.056e-03 0.000e+00
910 -3.048e-03 -4.099e-03 1.092e-02 0.000e+00
911 9.671e-03 1.073e-02 -2.522e-02 0.000e+00
912 -8.403e-03 -1.495e-02 2.634e-02 0.000e+00
913 1.609e-03 1.206e-02 -3.760e-03 0.000e+00
914 -1.972e-02 1.284e-02 -1.273e-02 0.000e+00
915 -1.203e-02 1.259e-02 1.582e-04 0.000e+00
916 2.082e-02 1.245e-02 3.514e-03 0.000e+00
917 -1.080e-02 1.277e-02 -9.041e-03 0.000e+00
918 -3.076e-02 -1.802e-02 2.677e-03 0.000e+00
919 -4.751e-03 1.293e-02 5.189e-03 0.000e+00
920 -2.520e-02 -1.616e-02 -3.076e-02 0.000e+00
921 -2.232e-02 -1.959e-03 1.113e-02 0.000e+00
922 5.934e-03 1.372e-02 -3.543e-04 0.000e+00
923 1.686e-02 -8.994e-03 -8.079e-03 0.000e+00
924 8.187e-03 -1.057e-03 -3.053e-02 0.000e+00
925 -5.579e-03 4.529e-03 -1.660e-02 0.000e+00
926 2.203e-02 -8.802e-03 -9.060e-03 0.000e+00
927 5.797e-03 -1.356e-02 1.380e-02 0.000e+00
928 -1.856e-02 3.044e-03 1.268e-02 0.000e+00
929 2.466e-02 1.166e-02 -8.920e-03 0.000e+00
930 -1.263e-02 -8.347e-04 -1.074e-02 0.000e+00
931 -4.214e-03 9.731e-03 -7.755e-04 0.000e+00
932 -1.167e-02 -1.884e-02 -7.378e-04 0.000e+00
933 7.217e-04 -6.467e-04 -1.212e-02 0.000e+00
934 2.659e-02 -1.756e-02 -4.347e-03 0.000e+00
935 -1.842e-02 2.038e-02 -4.144e-03 0.000e+00
936 2.880e-02 -1.911e-02 -2.072e-02 0.000e+00
937 -1.654e-02 1.505e-02 6.604e-03 0.000e+00
938 1.711e-02 -1.286e-02 1.866e-02 0.000e+00
939 -7.866e-03 -1.924e-02 -7.211e-03 0.000e+00
940 8.235e-03 1.860e-02 5.627e-03 0.000e+00
941 -1.076e-03 -1.771e-02 -1.924e-02 0.000e+00
942 2.572e-03 -1.143e-02 1.611e-02 0.000e+00
943 1.340e-02 -1.947e-02 -1.186e-02 0.000e+00
944 4.044e-03 -7.448e-03 -2.648e-03 0.000e+00
945 1.127e-02 6.419e-03 8.462e-03 0.000e+00
946 2.813e-02 -1.938e-02 7.254e-03 0.000e+00
947 1.065e-02 -8.926e-05 6.361e-03 0.000e+00
948 -5.115e-03 6.293e-03 -1.174e-02 0.000e+00
949 -3.906e-03 2.585e-02 -5.847e-03 7.909e+01
950 1.302e-02 1.848e-02 -4.163e-03 0.000e+00
951 1.988e-03 -1.486e-02 2.398e-02 0.000e+00
952 -9.198e-03 6.631e-03 1.351e-02 0.000e+00
953 -3.947e-03 -2.203e-03 4.342e-03 0.000e+00
954 -8.582e-03 -1.325e-03 -1.920e-02 0.000e+00
955 1.109e-02 -1.853e-02 -7.337e-04 0.000e+00
956 8.637e-03 -1.923e-02 -1.506e-03 0.000e+00
957 -1.586e-02 -1.956e-02 4.755e-03 0.000e+00
958 7.107e-03 3.767e-03 7.359e-03 0.000e+00
959 -1.123e-02 3.778e-03 -1.813e-02 0.000e+00
960 -6.089e-03 4.683e-03 2.654e-02 0.000e+00
961 -1.613e-02 1.229e-02 6.020e-03 0.000e+00
962 -9.660e-03 1.541e-04 1.926e-04 0.000e+00
963 1.272e-02 1.012e-02 -8.883e-04 0.000e+00
964 1.687e-02 1.109e-02 -9.186e-03 0.000e+00
965 -8.383e-03 7.255e-03 1.958e-02 0.000e+00
966 2.218e-02 -1.939e-02 7.475e-03 0.000e+00
967 -1.674e-02 -1.711e-02 -6.151e-03 0.000e+00
968 1.470e-02 -1.334e-02 1.003e-02 0.000e+00
969 -1.288e-02 -1.742e-02 6.713e-03 0.000e+00
970 -1.151e-03 -1.535e-02 6.984e-03 0.000e+00
971 -4.498e-03 9.500e-03 -6.451e-03 0.000e+00
972 -1.081e-02 2.745e-02 -5.949e-03 1.503e+01
973 -5.811e-03 -1.536e-02 1.088e-02 0.000e+00
974 -2.687e-02 8.565e-03 -3.010e-03 0.000e+00
975 1.156e-04 -1.134e-04 2.176e-02 0.000e+00
976 -1.157e-02 1.768e-02 8.700e-03 0.000e+00
977 -1.257e-02 -1.739e-02 6.884e-03 0.000e+00
978 4.431e-03 -1.496e-02 -1.132e-02 0.000e+00
979 5.607e-03 -4.918e-03 -1.633e-03 0.000e+00
980 -4.463e-03 -4.175e-03 1.594e-03 0.000e+00
981 1.351e-02 -1.827e-02 -1.895e-05 0.000e+00
982 -4.830e-04 2.892e-03 8.776e-03 0.000e+00
983 -1.933e-02 -1.965e-02 6.929e-04 0.000e+00
984 1.534e-02 -1.510e-02 -6.001e-03 0.000e+00
985 6.285e-03 3.035e-03 -7.986e-03 0.000e+00
986 -3.365e-02 -1.791e-02 3.925e-04 0.000e+00
987 1.456e-03 1.267e-02 3.466e-03 0.000e+00
988 5.563e-03 -1.098e-02 3.308e-03 0.000e+00
989 -2.307e-02 1.828e-02 -8.814e-03 0.000e+00
990 3.929e-03 2.200e-02 -4.539e-03 7.813e+01
991 2.611e-03 1.190e-02 4.639e-04 0.000e+00
992 -1.439e-02 -4.972e-05 1.570e-02 0.000e+00
993 9.917e-03 -1.948e-02 -1.175e-02 0.000e+00
994 1.690e-02 2.116e-02 -2.306e-02 0.000e+00
995 -1.964e-02 -1.111e-02 7.713e-04 0.000e+00
996 7.191e-03 -1.607e-02 6.219e-03 0.000e+00
997 -6.045e-03 -1.619e-02 8.411e-03 0.000e+00
998 -6.444e-03 9.162e-03 1.557e-02 0.000e+00
999 2.427e-02 -1.956e-02 -1.037e-02 0.000e+00
1000 7.961e-03 -1.520e-03 1.976e-02 0.000e+00
1001 -1.783e-02 -1.726e-02 -2.843e-03 0.000e+00
1002 7.711e-03 1.172e-02 -3.346e-03 0.000e+00
1003 9.854e-03 1.210e-02 3.981e-04 0.000e+00
1004 4.897e-03 6.049e-03 -1.550e-02 0.000e+00
1005 -8.033e-03 1.554e-02 -6.805e-03 0.000e+00
1006 -8.440e-04 6.062e-03 7.859e-03 0.000e+00
1007 9.794e-04 -1.923e-02 9.669e-03 0.000e+00
1008 -1.508e-02 8.197e-03 -1.379e-02 0.000e+00
1009 7.219e-03 -1.285e-02 1.601e-02 0.000e+00
1010 -9.660e-03 -1.031e-02 -5.414e-04 0.000e+00
1011 -1.510e-02 1.638e-02 -1.678e-02 0.000e+00
1012 -6.565e-03 -1.577e-02 -1.115e-02 0.000e+00
1013 -4.128e-03 -1.832e-02 -2.172e-02 0.000e+00
1014 7.472e-03 1.511e-02 8.669e-03 0.000e+00
1015 -1.602e-02 1.222e-02 1.147e-02 0.000e+00
1016 3.466e-03 1.323e-02 -1.960e-03 0.000e+00
1017 -1.106e-02 -9.991e-03 2.180e-03 0.000e+00
1018 -2.953e-02 -1.631e-02 -5.873e-03 0.000e+00
1019 -1.530e-03 -1.715e-02 2.152e-02 0.000e+00
1020 -1.611e-02 1.268e-02 1.084e-02 0.000e+00
1021 -1.812e-02 -1.719e-02 1.527e-02 0.000e+00
1022 6.286e-03 1.910e-02 -2.911e-03 0.000e+00
1023 -7.737e-03 -1.756e-02 6.973e-03 0.000e+00
