Bin I L V PA
0 -1.199e-02 -1.139e-02 4.332e-03 0.000e+00
1 3.565e-03 -1.194e-02 -8.429e-03 0.000e+00
2 2.038e-03 -1.020e-02 4.686e-03 0.000e+00
3 8.431e-03 6.862e-03 6.860e-03 0.000e+00
4 1.698e-02 3.078e-03 -1.094e-02 0.000e+00
5 1.056e-03 -1.038e-02 -1.107e-03 0.000e+00
6 -5.520e-03 -8.320e-03 8.367e-03 0.000e+00
7 -3.531e-03 2.761e-04 6.207e-04 0.000e+00
8 -1.709e-03 -1.140e-02 3.655e-03 0.000e+00
9 1.952e-03 3.261e-03 -6.623e-03 0.000e+00
10 -3.340e-03 1.737e-03 -8.324e-03 0.000e+00
11 -1.340e-02 1.716e-03 9.653e-03 0.000e+00
12 1.452e-03 6.161e-03 1.173e-02 0.000e+00
13 -2.283e-02 2.092e-03 -1.010e-02 0.000e+00
14 1.288e-02 1.970e-04 1.008e-02 0.000e+00
15 1.698e-03 3.852e-04 -5.764e-03 0.000e+00
16 2.023e-02 -1.137e-02 -7.682e-04 0.000e+00
17 1.402e-02 3.157e-03 -4.566e-03 0.000e+00
18 -6.606e-03 -9.550e-03 3.658e-03 0.000e+00
19 -4.078e-06 2.919e-03 4.918e-03 0.000e+00
20 -1.134e-02 1.512e-03 -1.147e-03 0.000e+00
21 -1.164e-02 8.022e-03 -5.900e-04 0.000e+00
22 2.336e-03 -9.907e-03 -5.669e-03 0.000e+00
23 -3.260e-03 6.803e-03 -1.538e-03 0.000e+00
24 1.302e-02 -1.097e-02 5.291e-03 0.000e+00
25 4.275e-03 -1.409e-04 -2.114e-03 0.000e+00
26 2.182e-05 -1.239e-02 -3.062e-03 0.000e+00
27 -8.082e-03 9.939e-03 -1.030e-03 0.000e+00
28 1.442e-02 5.974e-04 3.739e-03 0.000e+00
29 -1.134e-02 -1.242e-02 7.130e-03 0.000e+00
30 4.099e-03 1.719e-02 -1.434e-03 4.549e+01
31 5.065e-03 -1.197e-02 1.642e-02 0.000e+00
32 -4.489e-03 8.997e-04 1.636e-02 0.000e+00
33 8.787e-03 -9.828e-03 -7.787e-03 0.000e+00
34 5.201e-03 -5.631e-03 6.150e-03 0.000e+00
35 -1.763e-02 1.510e-02 -4.466e-03 9.570e+01
36 4.344e-03 -1.430e-03 -2.222e-03 0.000e+00
37 -5.780e-03 -1.216e-02 -1.539e-02 0.000e+00
38 2.388e-03 -8.825e-03 -1.638e-02 0.000e+00
39 6.684e-04 4.870e-03 5.343e-03 0.000e+00
40 1.435e-02 5.144e-03 -3.774e-03 0.000e+00
41 9.675e-03 -1.243e-02 7.538e-03 0.000e+00
42 2.931e-03 3.808e-03 -4.271e-03 0.000e+00
43 6.729e-03 -1.278e-02 -3.929e-03 0.000e+00
44 -4.729e-03 5.572e-03 1.521e-02 0.000e+00
45 -9.523e-03 -1.579e-03 2.134e-06 0.000e+00
46 -5.779e-03 8.584e-03 -8.820e-03 0.000e+00
47 7.271e-04 -1.252e-02 -1.583e-02 0.000e+00
48 -1.468e-02 1.073e-02 2.937e-03 0.000e+00
49 -7.245e-03 -1.287e-02 4.929e-03 0.000e+00
50 -6.036e-03 -1.115e-02 9.839e-03 0.000e+00
51 -1.420e-02 1.585e-02 3.983e-03 -8.904e+00
52 8.679e-03 1.482e-03 -5.769e-03 0.000e+00
53 1.232e-02 5.376e-03 -6.281e-03 0.000e+00
54 -5.387e-03 -1.203e-02 -4.958e-03 0.000e+00
55 1.034e-02 -1.215e-02 1.238e-02 0.000e+00
56 -2.555e-03 -1.187e-02 -1.370e-02 0.000e+00
57 -1.063e-02 3.481e-03 6.591e-03 0.000e+00
58 1.268e-03 1.813e-02 2.953e-03 -4.215e+01
59 7.457e-03 -1.260e-02 -5.473e-03 0.000e+00
60 7.657e-03 3.884e-03 7.853e-03 0.000e+00
61 2.112e-03 -1.034e-02 5.102e-03 0.000e+00
62 1.196e-03 -5.966e-04 9.463e-03 0.000e+00
63 -2.663e-03 -6.409e-03 5.783e-03 0.000e+00
64 -5.799e-03 2.630e-03 2.927e-03 0.000e+00
65 2.130e-02 -1.614e-03 -2.585e-03 0.000e+00
66 6.500e-03 -1.167e-02 2.504e-04 0.000e+00
67 3.882e-03 3.170e-03 4.320e-03 0.000e+00
68 2.375e-03 1.093e-02 -1.719e-04 0.000e+00
69 -1.001e-03 4.364e-03 -4.393e-03 0.000e+00
70 1.103e-03 -1.118e-02 1.103e-02 0.000e+00
71 -2.137e-03 1.703e-02 1.293e-02 2.969e+01
72 -7.293e-03 -9.711e-03 -3.977e-03 0.000e+00
73 -4.326e-03 3.694e-03 -1.084e-02 0.000e+00
74 1.017e-02 -1.293e-02 7.569e-03 0.000e+00
75 3.284e-03 -9.585e-03 -1.027e-02 0.000e+00
76 -8.998e-03 5.983e-03 2.004e-03 0.000e+00
77 -1.081e-02 1.821e-02 7.703e-03 -5.278e+00
78 1.766e-03 3.955e-03 -3.104e-03 0.000e+00
79 1.210e-02 1.093e-02 -3.243e-03 0.000e+00
80 2.179e-03 -1.191e-02 6.891e-03 0.000e+00
81 1.129e-02 -7.820e-03 -9.911e-03 0.000e+00
82 4.771e-03 2.746e-03 -2.249e-02 0.000e+00
83 -3.328e-04 2.154e-03 5.924e-03 0.000e+00
84 -2.410e-02 -1.114e-02 1.480e-02 0.000e+00
85 -1.346e-03 5.880e-03 -2.386e-03 0.000e+00
86 1.100e-02 6.526e-03 7.244e-03 0.000e+00
87 -6.184e-04 7.087e-03 7.404e-03 0.000e+00
88 9.249e-03 2.941e-03 -1.374e-03 0.000e+00
89 8.196e-04 -8.724e-03 1.524e-04 0.000e+00
90 -7.422e-03 1.676e-03 -9.325e-04 0.000e+00
91 -6.027e-03 3.436e-03 -6.138e-03 0.000e+00
92 -1.221e-02 6.511e-03 1.782e-03 0.000e+00
93 1.434e-02 7.781e-04 -5.331e-03 0.000e+00
94 -9.030e-03 -1.283e-02 -5.986e-04 0.000e+00
95 1.787e-03 3.334e-03 -3.113e-03 0.000e+00
96 4.782e-03 5.645e-03 8.371e-03 0.000e+00
97 -1.557e-02 1.095e-02 -5.284e-03 0.000e+00
98 -1.727e-04 3.389e-03 1.723e-02 0.000e+00
99 -5.051e-03 5.793e-03 1.164e-02 0.000e+00
100 -1.405e-02 -9.209e-03 -1.094e-02 0.000e+00
101 5.117e-03 3.825e-03 1.148e-02 0.000e+00
102 6.394e-03 -1.885e-03 -1.062e-02 0.000e+00
103 4.839e-03 4.324e-03 -1.182e-02 0.000e+00
104 -3.823e-03 4.314e-03 -6.388e-03 0.000e+00
105 5.948e-03 1.355e-02 1.275e-03 1.044e+02
106 -7.409e-03 -9.412e-03 -7.271e-04 0.000e+00
107 1.210e-02 9.270e-03 6.055e-03 0.000e+00
108 3.069e-05 -1.020e-02 -1.932e-02 0.000e+00
109 1.105e-02 -1.221e-02 3.298e-03 0.000e+00
110 1.905e-03 6.977e-03 -5.963e-03 0.000e+00
111 6.596e-03 2.666e-02 -5.405e-03 2.682e+01
112 -1.542e-02 -8.887e-03 8.782e-03 0.000e+00
113 -4.061e-03 6.120e-03 -6.303e-03 0.000e+00
114 1.916e-02 3.141e-03 1.353e-02 0.000e+00
115 -2.658e-03 7.142e-03 -4.675e-04 0.000e+00
116 3.819e-03 1.334e-03 6.805e-03 0.000e+00
117 -1.348e-02 -1.261e-02 1.311e-03 0.000e+00
118 -1.320e-03 1.116e-02 6.195e-03 0.000e+00
119 2.979e-04 1.131e-02 1.095e-02 0.000e+00
120 -3.457e-04 4.992e-03 6.267e-04 0.000e+00
121 6.165e-03 -1.106e-02 -1.013e-02 0.000e+00
122 1.004e-03 1.148e-02 -4.714e-03 0.000e+00
123 -1.218e-02 -1.168e-02 5.173e-03 0.000e+00
124 -1.313e-02 -3.017e-03 -6.845e-03 0.000e+00
125 -1.410e-02 5.558e-03 3.222e-03 0.000e+00
126 1.344e-02 -1.046e-02 -4.180e-03 0.000e+00
127 -1.394e-02 -1.292e-02 -4.027e-03 0.000e+00
128 6.684e-03 -1.293e-02 1.479e-02 0.000e+00
129 -2.714e-03 1.310e-02 2.842e-03 0.000e+00
130 1.152e-02 1.708e-03 7.814e-03 0.000e+00
131 9.406e-03 4.316e-03 -1.490e-02 0.000e+00
132 1.030e-02 3.186e-03 1.168e-02 0.000e+00
133 6.074e-03 -7.315e-03 1.857e-03 0.000e+00
134 -9.098e-03 5.606e-04 1.337e-03 0.000e+00
135 7.391e-03 -2.979e-03 1.912e-03 0.000e+00
136 -3.036e-03 3.196e-03 -1.477e-03 0.000e+00
137 2.619e-05 1.654e-03 -1.150e-03 0.000e+00
138 9.776e-03 -7.013e-03 -8.934e-03 0.000e+00
139 4.643e-03 -8.120e-03 -5.018e-03 0.000e+00
140 -8.718e-03 4.859e-04 -2.894e-04 0.000e+00
141 -2.520e-02 8.929e-03 3.672e-03 0.000e+00
142 6.620e-03 1.976e-02 -2.242e-03 1.029e+02
143 1.297e-02 -8.952e-03 -1.909e-03 0.000e+00
144 -2.863e-03 4.098e-03 -4.379e-03 0.000e+00
145 4.655e-03 4.907e-03 1.958e-03 0.000e+00
146 6.910e-03 -6.724e-03 -3.313e-04 0.000e+00
147 4.100e-03 -1.193e-02 8.638e-04 0.000e+00
148 1.447e-02 -1.134e-02 -4.895e-03 0.000e+00
149 -8.726e-04 2.398e-03 -9.469e-03 0.000e+00
150 -2.765e-04 5.311e-03 -3.260e-03 0.000e+00
151 -1.030e-03 -1.036e-02 5.669e-03 0.000e+00
152 -2.165e-02 1.174e-02 -6.316e-03 0.000e+00
153 7.365e-03 1.074e-02 1.462e-02 0.000e+00
154 3.413e-03 -1.731e-03 2.104e-02 0.000e+00
155 7.195e-03 -7.522e-03 5.355e-03 0.000e+00
156 1.134e-02 -1.258e-02 -1.312e-03 0.000e+00
157 -7.558e-03 -9.758e-03 1.526e-02 0.000e+00
158 -2.734e-03 8.475e-03 -3.176e-03 0.000e+00
159 -9.884e-03 -1.132e-02 -8.583e-04 0.000e+00
160 5.242e-03 -5.983e-03 9.522e-03 0.000e+00
161 4.024e-03 3.953e-03 7.100e-03 0.000e+00
162 7.686e-03 -1.212e-02 -8.684e-03 0.000e+00
163 -8.453e-03 -9.550e-03 6.528e-03 0.000e+00
164 7.027e-04 -6.994e-03 -6.037e-03 0.000e+00
165 -2.761e-03 7.603e-03 -9.754e-03 0.000e+00
166 -1.804e-02 7.674e-03 1.070e-02 0.000e+00
167 -6.276e-03 -1.224e-02 6.981e-03 0.000e+00
168 -1.998e-03 -4.005e-03 -5.935e-03 0.000e+00
169 -6.928e-03 -3.522e-03 -6.053e-03 0.000e+00
170 2.559e-04 8.696e-03 -3.294e-03 0.000e+00
171 -8.299e-03 -1.135e-02 -3.974e-03 0.000e+00
172 -9.043e-03 -5.980e-03 -2.968e-03 0.000e+00
173 2.553e-03 1.238e-02 -4.315e-03 0.000e+00
174 6.552e-03 4.629e-03 -8.454e-03 0.000e+00
175 -4.705e-03 3.948e-03 -3.431e-03 0.000e+00
176 -9.603e-03 -7.840e-03 5.525e-03 0.000e+00
177 9.846e-03 4.758e-03 8.381e-03 0.000e+00
178 1.294e-02 2.775e-04 -3.103e-03 0.000e+00
179 -2.737e-03 -1.062e-02 2.917e-05 0.000e+00
180 7.612e-03 -1.207e-02 -1.191e-02 0.000e+00
181 1.623e-03 1.137e-02 -5.684e-03 0.000e+00
182 -6.848e-03 2.479e-03 6.397e-04 0.000e+00
183 -8.310e-03 -1.044e-02 7.152e-03 0.000e+00
184 1.099e-02 1.476e-02 4.896e-03 5.491e+01
185 8.986e-03 -1.955e-04 -8.396e-03 0.000e+00
186 6.768e-03 5.183e-03 -1.178e-02 0.000e+00
187 7.290e-04 -1.251e-02 2.118e-02 0.000e+00
188 -1.364e-02 -7.455e-03 -1.751e-03 0.000e+00
189 1.618e-03 1.006e-02 1.922e-02 0.000e+00
190 1.491e-02 -1.117e-02 2.779e-03 0.000e+00
191 -4.462e-03 1.432e-02 8.967e-03 2.419e+01
192 -7.607e-03 3.326e-03 4.512e-03 0.000e+00
193 -1.249e-03 -1.269e-02 -4.863e-03 0.000e+00
194 -2.919e-03 3.135e-03 1.484e-02 0.000e+00
195 -3.635e-03 -1.055e-02 1.069e-02 0.000e+00
196 1.038e-03 -1.242e-02 -6.941e-03 0.000e+00
197 -1.786e-02 2.722e-03 8.691e-04 0.000e+00
198 9.400e-03 9.007e-03 4.461e-03 0.000e+00
199 -6.023e-03 1.647e-04 -1.794e-03 0.000e+00
200 1.501e-02 -1.246e-02 1.078e-03 0.000e+00
201 3.602e-04 -1.235e-02 9.191e-03 0.000e+00
202 -7.402e-03 -1.225e-02 9.008e-03 0.000e+00
203 1.025e-02 -8.087e-03 -6.334e-04 0.000e+00
204 4.829e-03 -1.004e-02 -1.938e-02 0.000e+00
205 -5.163e-03 6.642e-03 2.779e-03 0.000e+00
206 -4.145e-03 -9.341e-03 -7.392e-04 0.000e+00
207 2.064e-03 -1.192e-02 4.529e-03 0.000e+00
208 -2.381e-03 -2.345e-03 -6.550e-03 0.000e+00
209 -1.142e-02 -6.820e-03 -5.510e-03 0.000e+00
210 2.340e-03 -1.259e-02 -2.493e-03 0.000e+00
211 8.565e-04 -7.278e-03 -4.927e-03 0.000e+00
212 -7.273e-03 -1.019e-02 -6.896e-03 0.000e+00
213 3.348e-04 -8.999e-03 6.210e-03 0.000e+00
214 6.677e-03 -1.235e-02 -2.655e-03 0.000e+00
215 -1.257e-03 -1.458e-04 7.840e-03 0.000e+00
216 2.607e-04 -1.185e-02 1.283e-02 0.000e+00
217 2.692e-03 -1.257e-02 3.237e-03 0.000e+00
218 1.751e-03 -8.578e-03 -9.037e-03 0.000e+00
219 -2.939e-04 -1.291e-02 -6.357e-03 0.000e+00
220 -1.133e-03 3.523e-04 -2.623e-02 0.000e+00
221 -5.150e-03 -1.021e-02 -1.098e-02 0.000e+00
222 -5.242e-04 6.318e-03 -2.571e-03 0.000e+00
223 8.259e-03 -1.231e-02 -3.530e-03 0.000e+00
224 4.290e-03 6.665e-03 -8.819e-03 0.000e+00
225 -4.672e-03 7.828e-03 -9.791e-03 0.000e+00
226 2.334e-02 -7.705e-03 3.568e-03 0.000e+00
227 -3.313e-03 -7.707e-03 -4.836e-04 0.000e+00
228 -5.914e-03 -8.418e-03 -2.626e-03 0.000e+00
229 6.268e-03 -3.331e-03 -1.251e-02 0.000e+00
230 -5.472e-03 -1.058e-02 9.256e-04 0.000e+00
231 1.638e-02 -1.549e-03 6.785e-05 0.000e+00
232 -8.373e-03 -1.220e-02 -2.095e-04 0.000e+00
233 5.690e-03 4.018e-03 -6.003e-03 0.000e+00
234 -8.982e-03 -9.753e-03 -1.703e-02 0.000e+00
235 3.618e-04 -1.218e-02 9.636e-03 0.000e+00
236 7.470e-03 -1.167e-02 1.491e-02 0.000e+00
237 1.498e-02 -1.270e-02 4.724e-03 0.000e+00
238 -1.377e-02 1.291e-03 4.795e-03 0.000e+00
239 -2.271e-03 -1.201e-02 6.937e-03 0.000e+00
240 1.435e-02 -1.266e-02 -1.037e-02 0.000e+00
241 -3.618e-03 7.609e-03 -4.593e-03 0.000e+00
242 1.642e-02 -1.156e-02 2.313e-03 0.000e+00
243 9.002e-04 2.922e-03 1.420e-03 0.000e+00
244 3.033e-03 5.804e-03 -1.828e-02 0.000e+00
245 -3.354e-03 -1.102e-02 7.266e-03 0.000e+00
246 5.176e-03 -9.140e-03 7.129e-03 0.000e+00
247 9.576e-03 3.166e-03 4.878e-03 0.000e+00
248 -1.425e-02 -1.058e-02 -6.385e-03 0.000e+00
249 -3.631e-03 -1.267e-02 1.467e-02 0.000e+00
250 2.262e-03 -1.049e-02 -2.050e-02 0.000e+00
251 -4.727e-04 3.309e-03 5.426e-03 0.000e+00
252 -1.691e-03 -1.100e-02 7.169e-04 0.000e+00
253 -4.401e-03 -1.020e-02 -1.696e-03 0.000e+00
254 1.233e-02 -1.234e-02 2.948e-03 0.000e+00
255 -8.161e-03 -1.134e-02 -5.013e-03 0.000e+00
256 -1.358e-02 5.054e-04 1.247e-02 0.000e+00
257 -5.169e-03 -1.029e-02 4.175e-03 0.000e+00
258 -1.086e-02 -1.061e-02 9.312e-03 0.000e+00
259 -2.379e-04 -1.277e-02 -2.154e-04 0.000e+00
260 4.694e-03 2.472e-03 -3.920e-03 0.000e+00
261 1.654e-03 1.074e-02 1.072e-02 0.000e+00
262 -4.646e-03 3.307e-03 -4.558e-03 0.000e+00
263 1.557e-02 2.070e-02 -8.057e-05 4.239e+01
264 -7.199e-03 6.330e-03 -1.704e-02 0.000e+00
265 -6.254e-03 -1.105e-02 1.080e-02 0.000e+00
266 4.050e-03 9.225e-03 6.605e-03 0.000e+00
267 -2.340e-04 1.288e-02 5.075e-03 0.000e+00
268 0.000e+00 3.034e-03 5.095e-04 0.000e+00
269 1.911e-05 -6.797e-03 -3.951e-04 0.000e+00
270 1.996e-02 -1.014e-02 1.391e-02 0.000e+00
271 -4.987e-03 -9.779e-03 9.831e-03 0.000e+00
272 2.301e-03 -1.315e-03 -4.410e-04 0.000e+00
273 -1.368e-02 3.093e-03 1.140e-02 0.000e+00
274 3.719e-03 6.711e-03 1.561e-02 0.000e+00
275 -4.184e-03 4.489e-03 -2.041e-03 0.000e+00
276 -1.182e-02 8.112e-03 9.965e-03 0.000e+00
277 8.209e-03 1.298e-02 3.977e-04 0.000e+00
278 1.062e-02 9.272e-03 -8.446e-04 0.000e+00
279 -2.933e-02 -1.176e-02 1.446e-02 0.000e+00
280 -1.647e-04 7.970e-03 -2.155e-03 0.000e+00
281 -9.559e-03 -1.057e-02 4.544e-03 0.000e+00
282 1.887e-02 6.467e-03 -7.537e-03 0.000e+00
283 -4.676e-04 1.509e-03 5.630e-03 0.000e+00
284 5.248e-03 -9.028e-03 2.729e-03 0.000e+00
285 1.734e-02 -1.034e-02 4.623e-03 0.000e+00
286 1.768e-03 -1.016e-02 -5.436e-03 0.000e+00
287 1.068e-03 7.057e-03 2.123e-02 0.000e+00
288 1.080e-02 -1.276e-02 -5.916e-03 0.000e+00
289 -1.053e-02 5.830e-03 -1.224e-02 0.000e+00
290 -2.038e-03 1.286e-03 4.147e-03 0.000e+00
291 6.147e-04 -9.821e-03 -1.225e-02 0.000e+00
292 -3.850e-03 7.206e-03 -2.247e-03 0.000e+00
293 -6.932e-03 -1.259e-02 -8.145e-03 0.000e+00
294 -9.090e-03 2.210e-03 8.724e-03 0.000e+00
295 -6.055e-03 -2.015e-03 7.558e-03 0.000e+00
296 3.102e-03 1.473e-02 -1.012e-03 1.297e+02
297 1.552e-02 -7.938e-03 -2.757e-03 0.000e+00
298 -1.293e-02 3.740e-03 -1.796e-02 0.000e+00
299 3.931e-03 1.169e-03 -2.197e-03 0.000e+00
300 -9.087e-03 8.899e-03 3.517e-03 0.000e+00
301 2.264e-03 -1.172e-02 8.025e-03 0.000e+00
302 -2.146e-03 8.155e-03 -3.472e-03 0.000e+00
303 1.256e-03 -8.100e-03 6.083e-03 0.000e+00
304 -3.006e-03 4.135e-03 -5.570e-03 0.000e+00
305 -7.406e-03 -1.111e-02 8.207e-03 0.000e+00
306 -4.657e-03 -5.994e-03 -1.510e-03 0.000e+00
307 -8.876e-03 3.670e-03 -6.624e-03 0.000e+00
308 -3.081e-03 -1.213e-02 -8.131e-03 0.000e+00
309 4.369e-03 -2.895e-03 2.024e-03 0.000e+00
310 -8.915e-03 1.983e-02 -3.352e-03 1.077e+02
311 -1.477e-02 4.314e-03 -5.738e-03 0.000e+00
312 -8.804e-03 -1.109e-02 -2.471e-02 0.000e+00
313 3.914e-03 -3.916e-03 -9.315e-03 0.000e+00
314 -1.104e-03 9.802e-04 1.092e-02 0.000e+00
315 1.221e-03 -1.739e-03 1.307e-02 0.000e+00
316 7.399e-03 -3.195e-04 -1.934e-03 0.000e+00
317 8.572e-03 7.285e-03 2.577e-03 0.000e+00
318 3.431e-03 8.098e-03 -3.857e-03 0.000e+00
319 6.906e-03 3.734e-03 -1.867e-03 0.000e+00
320 -6.231e-03 -3.648e-03 -3.995e-03 0.000e+00
321 9.665e-04 -1.288e-02 -7.238e-04 0.000e+00
322 -9.098e-03 -1.192e-02 -4.507e-03 0.000e+00
323 3.134e-03 2.978e-03 6.921e-03 0.000e+00
324 5.839e-03 -4.616e-04 -1.220e-02 0.000e+00
325 -3.324e-03 -1.190e-02 -5.752e-03 0.000e+00
326 -6.266e-03 3.484e-03 -9.934e-03 0.000e+00
327 5.722e-03 -1.194e-02 -2.074e-02 0.000e+00
328 6.915e-03 -1.182e-02 -9.206e-03 0.000e+00
329 2.366e-03 -1.265e-02 -2.406e-02 0.000e+00
330 8.233e-03 -7.499e-03 1.535e-02 0.000e+00
331 1.551e-02 -9.939e-03 4.832e-03 0.000e+00
332 3.821e-03 -8.504e-04 1.060e-02 0.000e+00
333 -4.992e-03 8.301e-03 1.392e-02 0.000e+00
334 1.032e-02 -6.522e-03 9.471e-04 0.000e+00
335 7.392e-03 -1.062e-02 3.296e-03 0.000e+00
336 -2.201e-03 1.473e-02 -1.976e-03 1.159e+01
337 -5.960e-03 1.873e-02 7.030e-03 3.374e+01
338 -2.037e-03 -1.010e-02 -3.094e-04 0.000e+00
339 3.836e-03 -6.809e-03 -1.539e-03 0.000e+00
340 -2.504e-03 -9.035e-03 -4.222e-04 0.000e+00
341 -1.882e-03 1.433e-02 -6.874e-03 6.389e+01
342 1.158e-02 -1.148e-02 -1.692e-02 0.000e+00
343 1.102e-02 -1.294e-02 6.553e-03 0.000e+00
344 1.415e-02 4.619e-03 1.514e-02 0.000e+00
345 -6.399e-03 7.288e-03 9.311e-03 0.000e+00
346 -1.342e-02 8.968e-03 1.880e-03 0.000e+00
347 -4.659e-03 -1.183e-02 -6.894e-03 0.000e+00
348 -8.933e-03 1.157e-02 -3.206e-03 0.000e+00
349 5.595e-03 -1.228e-02 6.342e-04 0.000e+00
350 9.031e-03 -9.179e-04 -1.785e-03 0.000e+00
351 4.844e-03 9.836e-03 -1.383e-03 0.000e+00
352 -4.542e-03 -9.729e-03 2.017e-03 0.000e+00
353 -9.595e-03 -9.886e-03 4.808e-03 0.000e+00
354 -1.316e-02 5.786e-03 -8.188e-04 0.000e+00
355 2.179e-03 6.019e-03 5.352e-03 0.000e+00
356 -7.968e-03 -1.188e-02 5.353e-04 0.000e+00
357 1.766e-03 -1.174e-02 -5.060e-03 0.000e+00
358 -1.140e-02 1.117e-03 5.029e-03 0.000e+00
359 8.524e-03 -7.028e-03 1.477e-03 0.000e+00
360 3.175e-03 6.984e-03 3.902e-03 0.000e+00
361 8.798e-03 -1.127e-02 1.391e-02 0.000e+00
362 -2.270e-03 1.312e-05 3.329e-03 0.000e+00
363 1.727e-02 1.024e-02 4.491e-04 0.000e+00
364 -1.374e-02 -1.254e-02 -1.031e-03 0.000e+00
365 2.076e-03 -4.822e-04 8.412e-04 0.000e+00
366 6.239e-03 3.454e-03 1.851e-02 0.000e+00
367 8.140e-04 8.442e-03 2.182e-03 0.000e+00
368 2.681e-03 1.076e-02 -4.095e-03 0.000e+00
369 8.760e-03 2.855e-03 2.618e-03 0.000e+00
370 1.753e-02 8.098e-03 -3.956e-03 0.000e+00
371 5.896e-02 1.084e-02 8.344e-03 0.000e+00
372 1.884e-01 2.654e-02 2.357e-02 1.341e+02
373 4.284e-01 3.642e-02 2.333e-02 -3.917e+01
374 7.650e-01 9.315e-02 -1.583e-02 -3.846e+01
375 9.902e-01 1.497e-01 -1.056e-01 -2.921e+01
376 1.000e+00 9.650e-02 -9.681e-02 -1.117e+01
377 7.401e-01 7.897e-02 -8.097e-02 -5.103e+00
378 4.775e-01 9.375e-02 -1.032e-01 1.980e+00
379 3.514e-01 6.971e-02 -9.769e-02 -5.060e+00
380 3.273e-01 4.008e-02 -9.652e-02 -2.042e+01
381 3.221e-01 7.467e-02 -9.811e-02 1.265e+02
382 4.081e-01 1.384e-01 -9.029e-02 1.076e+02
383 4.231e-01 1.916e-01 -4.450e-03 1.089e+02
384 4.245e-01 1.640e-01 6.040e-02 1.174e+02
385 4.010e-01 1.480e-01 3.066e-02 1.349e+02
386 3.934e-01 1.766e-01 -1.245e-02 -4.222e+01
387 3.709e-01 1.453e-01 8.501e-04 -3.679e+01
388 3.643e-01 1.256e-01 -1.589e-02 -3.357e+01
389 2.872e-01 7.112e-02 -1.293e-02 -3.756e+01
390 2.045e-01 4.410e-02 3.006e-03 -3.568e+01
391 1.214e-01 1.500e-02 -3.269e-03 -3.133e+01
392 5.539e-02 8.414e-04 8.151e-03 0.000e+00
393 2.164e-02 8.963e-03 6.346e-03 0.000e+00
394 1.556e-02 5.962e-03 5.706e-03 0.000e+00
395 1.818e-02 -1.067e-02 1.103e-02 0.000e+00
396 -6.599e-04 -8.437e-03 -2.043e-03 0.000e+00
397 1.167e-02 8.806e-03 1.133e-02 0.000e+00
398 -6.493e-03 1.439e-02 -3.300e-03 -3.265e+01
399 -2.034e-04 6.298e-03 1.676e-03 0.000e+00
400 1.467e-03 2.658e-03 -5.175e-03 0.000e+00
401 -1.963e-04 3.372e-03 8.059e-03 0.000e+00
402 1.288e-02 -6.632e-03 7.986e-03 0.000e+00
403 5.893e-03 -1.198e-02 -5.044e-03 0.000e+00
404 -1.268e-03 8.529e-03 -6.299e-03 0.000e+00
405 1.572e-03 1.057e-02 4.451e-04 0.000e+00
406 -5.157e-03 8.205e-03 -9.990e-03 0.000e+00
407 2.921e-03 -1.490e-03 4.037e-03 0.000e+00
408 4.004e-03 -1.275e-02 1.251e-02 0.000e+00
409 -8.145e-03 1.418e-03 -8.186e-03 0.000e+00
410 5.139e-03 1.200e-02 5.449e-03 0.000e+00
411 -5.727e-03 9.668e-03 5.898e-03 0.000e+00
412 -1.702e-02 1.258e-02 6.989e-03 0.000e+00
413 5.548e-03 -1.292e-02 5.851e-03 0.000e+00
414 1.178e-02 2.085e-02 1.134e-03 4.218e+01
415 -1.446e-03 7.593e-03 1.630e-02 0.000e+00
416 -5.661e-03 -1.041e-02 2.337e-03 0.000e+00
417 -3.815e-03 -5.197e-03 -1.345e-02 0.000e+00
418 1.542e-02 -1.278e-02 7.650e-03 0.000e+00
419 3.003e-03 -1.172e-02 -6.017e-03 0.000e+00
420 7.673e-03 1.190e-03 -1.115e-04 0.000e+00
421 -2.623e-03 9.420e-03 5.677e-03 0.000e+00
422 -6.054e-03 -1.788e-03 -5.439e-03 0.000e+00
423 1.249e-02 -8.048e-03 -1.185e-02 0.000e+00
424 -3.367e-03 -1.054e-02 -1.011e-02 0.000e+00
425 8.652e-04 7.422e-04 9.415e-03 0.000e+00
426 -4.152e-03 -1.004e-02 7.927e-03 0.000e+00
427 3.505e-02 -6.998e-03 -2.813e-03 0.000e+00
428 -3.293e-03 -1.182e-02 1.197e-02 0.000e+00
429 -1.288e-02 2.831e-03 -9.740e-03 0.000e+00
430 1.377e-02 4.267e-03 -1.344e-02 0.000e+00
431 9.158e-05 -1.018e-02 2.130e-02 0.000e+00
432 -1.323e-02 -1.151e-02 -2.585e-03 0.000e+00
433 -6.388e-03 -1.254e-02 8.083e-03 0.000e+00
434 4.328e-03 -3.152e-03 -1.400e-02 0.000e+00
435 1.010e-02 8.643e-03 5.714e-03 0.000e+00
436 -5.647e-03 -4.567e-04 1.054e-03 0.000e+00
437 -4.251e-03 1.264e-03 3.866e-03 0.000e+00
438 -1.062e-02 7.481e-03 -7.279e-03 0.000e+00
439 -3.176e-03 2.062e-03 -4.735e-03 0.000e+00
440 1.613e-02 -4.854e-04 3.708e-03 0.000e+00
441 -1.411e-02 1.008e-02 -1.353e-03 0.000e+00
442 -2.577e-03 -1.125e-02 -5.583e-03 0.000e+00
443 -8.356e-03 -9.144e-03 9.495e-03 0.000e+00
444 -6.383e-03 -1.149e-02 -3.467e-03 0.000e+00
445 -5.009e-03 -9.774e-03 -8.362e-03 0.000e+00
446 2.777e-02 -7.182e-03 6.438e-03 0.000e+00
447 9.437e-03 7.911e-03 -4.221e-03 0.000e+00
448 3.211e-03 1.048e-02 1.323e-02 0.000e+00
449 6.225e-03 -1.023e-02 -5.735e-03 0.000e+00
450 1.224e-02 -9.045e-03 3.493e-03 0.000e+00
451 4.287e-03 -9.473e-03 5.196e-03 0.000e+00
452 -2.265e-04 -1.271e-02 -1.091e-02 0.000e+00
453 -2.878e-03 7.335e-03 2.897e-03 0.000e+00
454 -3.520e-03 -8.536e-03 -1.706e-03 0.000e+00
455 7.088e-03 5.637e-03 -1.092e-03 0.000e+00
456 -8.767e-03 -1.442e-03 5.391e-03 0.000e+00
457 1.163e-02 -1.174e-02 -6.535e-03 0.000e+00
458 1.626e-03 1.162e-02 2.357e-03 0.000e+00
459 4.984e-03 1.465e-02 -7.527e-03 1.628e+01
460 -2.719e-03 -1.071e-02 6.379e-03 0.000e+00
461 -1.309e-02 8.831e-03 1.203e-02 0.000e+00
462 4.676e-03 -1.175e-02 -6.069e-03 0.000e+00
463 -8.477e-04 -3.535e-04 -1.365e-03 0.000e+00
464 -1.133e-02 1.032e-03 -1.699e-02 0.000e+00
465 -4.940e-03 6.674e-03 3.924e-03 0.000e+00
466 2.230e-03 -8.848e-03 -8.952e-03 0.000e+00
467 8.164e-03 4.618e-03 1.328e-02 0.000e+00
468 -3.083e-04 -2.799e-03 2.519e-03 0.000e+00
469 -1.054e-03 1.100e-02 4.125e-03 0.000e+00
470 1.466e-02 -1.751e-03 -1.042e-03 0.000e+00
471 -2.515e-03 2.850e-03 -3.117e-05 0.000e+00
472 -1.122e-02 -5.815e-03 9.627e-04 0.000e+00
473 -5.286e-03 8.767e-03 -1.219e-02 0.000e+00
474 -3.694e-03 1.853e-04 5.932e-03 0.000e+00
475 -5.046e-03 4.475e-03 1.347e-03 0.000e+00
476 1.999e-02 -7.947e-03 -1.203e-02 0.000e+00
477 7.071e-03 -1.136e-02 -3.320e-03 0.000e+00
478 -1.721e-03 1.316e-03 -4.680e-03 0.000e+00
479 1.384e-02 -9.136e-03 -7.221e-03 0.000e+00
480 -2.015e-02 -1.047e-02 9.988e-04 0.000e+00
481 2.377e-03 -1.215e-03 -1.128e-02 0.000e+00
482 1.156e-02 1.105e-03 -6.030e-04 0.000e+00
483 -1.241e-02 4.515e-03 -7.256e-03 0.000e+00
484 -7.248e-03 1.169e-02 -9.470e-03 0.000e+00
485 -1.145e-02 5.299e-03 -9.732e-03 0.000e+00
486 -7.397e-03 4.132e-03 1.508e-02 0.000e+00
487 -3.142e-03 -1.251e-02 7.601e-03 0.000e+00
488 -2.363e-03 -7.658e-03 -2.038e-03 0.000e+00
489 -2.214e-03 5.515e-03 8.710e-03 0.000e+00
490 3.426e-03 4.869e-03 -4.050e-03 0.000e+00
491 1.071e-02 -1.683e-03 2.626e-03 0.000e+00
492 -1.160e-02 -1.212e-02 -7.406e-03 0.000e+00
493 9.123e-03 7.423e-03 1.195e-02 0.000e+00
494 -1.392e-03 -1.226e-02 4.225e-03 0.000e+00
495 -7.246e-03 1.013e-02 5.365e-04 0.000e+00
496 -1.447e-02 -1.212e-02 -8.622e-03 0.000e+00
497 5.035e-03 -1.150e-02 -4.449e-03 0.000e+00
498 9.158e-03 4.966e-03 -9.806e-03 0.000e+00
499 1.667e-03 -8.918e-03 8.186e-03 0.000e+00
500 1.116e-03 -1.134e-02 8.247e-03 0.000e+00
501 1.443e-02 -9.962e-03 -8.821e-03 0.000e+00
502 -6.090e-04 -8.203e-03 9.829e-03 0.000e+00
503 2.204e-03 -1.008e-02 1.061e-03 0.000e+00
504 1.275e-02 -1.662e-03 8.497e-03 0.000e+00
505 1.039e-02 1.399e-03 4.831e-03 0.000e+00
506 1.512e-02 -9.132e-03 9.360e-03 0.000e+00
507 -1.698e-03 6.458e-03 7.010e-03 0.000e+00
508 6.287e-03 -9.915e-03 1.908e-02 0.000e+00
509 1.369e-02 6.419e-03 -6.112e-03 0.000e+00
510 -1.370e-02 6.703e-03 -1.602e-02 0.000e+00
511 -3.917e-03 2.829e-03 1.057e-02 0.000e+00
512 1.281e-02 3.823e-03 4.061e-03 0.000e+00
513 1.247e-03 4.286e-03 6.142e-03 0.000e+00
514 3.914e-03 -9.709e-03 -4.037e-03 0.000e+00
515 6.098e-03 -9.512e-03 1.015e-02 0.000e+00
516 3.006e-03 -8.850e-04 1.025e-02 0.000e+00
517 1.753e-02 -6.343e-03 1.150e-02 0.000e+00
518 4.570e-03 1.842e-02 8.213e-03 1.266e+02
519 1.639e-03 -8.957e-03 8.076e-03 0.000e+00
520 -6.550e-04 4.431e-03 -4.032e-03 0.000e+00
521 -5.794e-03 -9.099e-03 8.956e-05 0.000e+00
522 1.306e-03 -7.608e-03 -4.544e-03 0.000e+00
523 1.076e-02 -9.849e-03 -3.260e-03 0.000e+00
524 -1.080e-02 1.061e-02 6.430e-03 0.000e+00
525 5.714e-03 -1.152e-02 5.491e-03 0.000e+00
526 9.219e-03 1.355e-02 1.700e-03 1.425e+01
527 -6.828e-03 1.495e-02 -5.519e-03 5.136e+01
528 -4.202e-03 -1.146e-02 1.450e-02 0.000e+00
529 -4.190e-03 -1.058e-02 1.215e-02 0.000e+00
530 9.292e-03 6.873e-03 1.822e-04 0.000e+00
531 3.916e-03 -1.120e-02 1.032e-02 0.000e+00
532 -6.927e-03 -2.873e-04 -1.857e-02 0.000e+00
533 -1.349e-02 2.988e-03 -1.009e-02 0.000e+00
534 3.220e-03 1.091e-02 -1.193e-02 0.000e+00
535 -4.970e-03 7.132e-04 -3.511e-03 0.000e+00
536 -3.135e-03 1.153e-02 -1.046e-02 0.000e+00
537 -3.729e-03 1.224e-02 -1.157e-02 0.000e+00
538 -1.046e-02 -1.095e-02 6.072e-03 0.000e+00
539 1.103e-02 2.857e-03 -1.120e-02 0.000e+00
540 -3.441e-03 1.429e-02 3.616e-03 3.113e+00
541 -7.619e-03 -1.109e-02 3.118e-03 0.000e+00
542 -1.195e-02 1.025e-02 1.149e-02 0.000e+00
543 1.900e-03 -9.496e-03 5.464e-03 0.000e+00
544 -9.069e-03 -6.846e-03 -2.670e-03 0.000e+00
545 8.415e-03 9.175e-03 -7.574e-03 0.000e+00
546 7.096e-03 -1.036e-02 3.013e-03 0.000e+00
547 -4.008e-05 3.000e-03 -9.113e-03 0.000e+00
548 -1.419e-02 -1.757e-03 -1.038e-03 0.000e+00
549 9.309e-03 -8.968e-03 1.223e-02 0.000e+00
550 -8.312e-03 1.484e-02 -4.764e-03 9.690e+01
551 -1.501e-02 1.046e-02 1.045e-02 0.000e+00
552 -1.543e-02 4.250e-03 -1.594e-02 0.000e+00
553 1.245e-02 -1.148e-02 1.083e-02 0.000e+00
554 -2.465e-04 -1.013e-02 -5.438e-03 0.000e+00
555 2.798e-03 3.618e-03 1.848e-03 0.000e+00
556 6.476e-03 -8.331e-03 4.252e-03 0.000e+00
557 -9.929e-03 1.086e-02 -5.389e-03 0.000e+00
558 1.364e-03 -9.003e-03 1.068e-02 0.000e+00
559 6.320e-03 2.156e-03 1.215e-02 0.000e+00
560 5.552e-04 -1.012e-02 -1.179e-02 0.000e+00
561 -1.071e-02 1.358e-02 4.351e-03 -1.879e+00
562 -9.569e-04 -1.001e-02 -1.785e-03 0.000e+00
563 -2.968e-03 -1.215e-02 -7.678e-03 0.000e+00
564 -6.073e-03 -6.960e-03 -2.761e-02 0.000e+00
565 7.481e-03 8.312e-03 1.350e-02 0.000e+00
566 -1.601e-02 3.513e-03 2.486e-03 0.000e+00
567 1.261e-02 -9.477e-03 -1.158e-02 0.000e+00
568 -2.885e-03 7.298e-03 1.335e-02 0.000e+00
569 8.873e-04 -1.266e-02 -1.941e-02 0.000e+00
570 -1.335e-02 -1.023e-02 -1.502e-02 0.000e+00
571 7.087e-03 1.039e-02 -1.352e-03 0.000e+00
572 5.635e-03 -1.268e-02 1.169e-02 0.000e+00
573 5.051e-03 9.771e-03 1.547e-02 0.000e+00
574 -1.106e-02 -1.248e-02 5.526e-03 0.000e+00
575 3.111e-03 -1.262e-02 -5.399e-03 0.000e+00
576 2.685e-03 5.134e-03 6.632e-03 0.000e+00
577 -1.304e-02 4.048e-03 -3.944e-03 0.000e+00
578 -5.608e-03 -1.131e-03 -1.234e-03 0.000e+00
579 9.167e-03 1.923e-02 1.039e-03 1.274e+02
580 7.411e-03 -1.272e-02 4.372e-03 0.000e+00
581 -6.144e-03 1.490e-02 -8.542e-03 -2.750e+01
582 4.081e-03 1.263e-02 5.904e-03 0.000e+00
583 7.534e-03 -1.164e-02 -1.010e-02 0.000e+00
584 -4.929e-03 -6.006e-03 1.121e-02 0.000e+00
585 -1.409e-03 -1.204e-02 -3.715e-03 0.000e+00
586 6.899e-03 3.961e-03 -1.036e-02 0.000e+00
587 1.301e-02 6.699e-03 7.409e-03 0.000e+00
588 -5.193e-03 -1.004e-02 -8.244e-03 0.000e+00
589 2.422e-04 1.296e-02 -3.071e-03 0.000e+00
590 -4.526e-03 1.735e-03 8.204e-03 0.000e+00
591 1.845e-04 6.011e-03 4.709e-03 0.000e+00
592 1.184e-02 -6.694e-03 1.814e-02 0.000e+00
593 1.751e-02 -1.285e-02 -1.836e-03 0.000e+00
594 1.695e-02 -9.124e-03 -1.484e-02 0.000e+00
595 -5.553e-03 -8.570e-03 -1.273e-02 0.000e+00
596 -4.035e-03 -1.193e-02 -5.121e-03 0.000e+00
597 8.019e-03 -1.227e-02 3.053e-03 0.000e+00
598 1.033e-03 1.013e-02 1.169e-02 0.000e+00
599 2.337e-03 1.617e-02 -2.498e-03 5.881e+01
600 -1.722e-04 -1.286e-02 -2.381e-03 0.000e+00
601 -1.464e-03 -8.227e-05 -6.730e-03 0.000e+00
602 -1.229e-03 4.638e-03 1.417e-02 0.000e+00
603 -1.710e-04 2.764e-03 -5.043e-03 0.000e+00
604 -8.615e-03 -1.068e-02 -2.641e-03 0.000e+00
605 7.561e-03 8.601e-03 3.629e-03 0.000e+00
606 1.058e-02 -7.395e-03 1.107e-03 0.000e+00
607 -1.341e-02 6.318e-03 6.458e-03 0.000e+00
608 5.812e-03 -1.179e-02 -1.675e-02 0.000e+00
609 5.091e-03 -5.465e-04 9.436e-03 0.000e+00
610 6.473e-03 7.293e-04 1.357e-02 0.000e+00
611 6.993e-03 1.326e-02 6.956e-03 0.000e+00
612 1.193e-02 -1.068e-02 -8.780e-03 0.000e+00
613 1.025e-02 -2.765e-03 -1.721e-03 0.000e+00
614 1.453e-02 1.175e-02 -3.244e-03 0.000e+00
615 -3.302e-03 1.722e-02 -4.448e-03 3.154e+01
616 -8.250e-03 -1.168e-02 -2.304e-02 0.000e+00
617 1.460e-03 5.989e-03 -1.166e-03 0.000e+00
618 -1.229e-03 4.140e-03 6.459e-03 0.000e+00
619 -3.230e-03 -8.224e-04 1.703e-03 0.000e+00
620 -1.240e-02 1.101e-03 -8.774e-03 0.000e+00
621 4.767e-03 7.524e-03 -2.091e-03 0.000e+00
622 -1.281e-02 7.072e-03 -1.302e-02 0.000e+00
623 -2.770e-03 -1.232e-02 4.517e-03 0.000e+00
624 -6.881e-03 -1.191e-02 6.054e-03 0.000e+00
625 -2.329e-03 3.054e-03 5.265e-03 0.000e+00
626 -2.301e-04 3.319e-03 -1.156e-02 0.000e+00
627 -1.497e-03 4.785e-03 1.493e-02 0.000e+00
628 -3.138e-03 4.231e-03 3.857e-03 0.000e+00
629 3.139e-03 -1.181e-02 -6.380e-03 0.000e+00
630 1.295e-02 1.384e-03 4.416e-03 0.000e+00
631 -8.946e-03 -9.706e-03 1.014e-02 0.000e+00
632 3.998e-03 -1.281e-02 4.160e-03 0.000e+00
633 -1.510e-02 -9.841e-03 9.476e-03 0.000e+00
634 1.452e-03 3.876e-03 -6.837e-03 0.000e+00
635 -3.442e-03 1.666e-03 8.117e-03 0.000e+00
636 -1.372e-02 7.882e-03 -1.046e-03 0.000e+00
637 -8.080e-03 9.433e-03 -1.335e-02 0.000e+00
638 5.157e-03 7.263e-03 6.039e-03 0.000e+00
639 -5.863e-03 -1.108e-02 -1.078e-02 0.000e+00
640 -8.459e-03 -7.929e-03 7.840e-03 0.000e+00
641 2.904e-03 4.509e-03 -5.201e-03 0.000e+00
642 -2.692e-03 2.435e-03 1.859e-03 0.000e+00
643 -1.784e-02 -7.910e-03 6.196e-03 0.000e+00
644 5.487e-03 -5.018e-03 -1.794e-03 0.000e+00
645 8.738e-03 -1.162e-02 2.172e-03 0.000e+00
646 1.740e-03 -1.225e-02 7.861e-03 0.000e+00
647 4.477e-03 -7.667e-03 -2.746e-03 0.000e+00
648 -1.732e-03 5.046e-03 -2.170e-05 0.000e+00
649 -7.559e-04 8.525e-03 1.496e-02 0.000e+00
650 2.000e-02 -9.137e-03 -2.843e-03 0.000e+00
651 -6.115e-03 -8.242e-03 -1.150e-03 0.000e+00
652 6.750e-03 -1.194e-03 1.077e-03 0.000e+00
653 -9.914e-04 7.189e-03 -1.613e-04 0.000e+00
654 1.006e-02 -1.246e-02 6.247e-03 0.000e+00
655 -5.350e-03 1.582e-02 -1.916e-02 -2.375e+01
656 -2.224e-03 1.021e-02 -7.727e-03 0.000e+00
657 -1.671e-03 -9.239e-03 4.354e-03 0.000e+00
658 5.672e-03 4.004e-03 -2.192e-03 0.000e+00
659 -1.419e-03 -1.065e-02 1.115e-02 0.000e+00
660 -1.131e-02 -8.689e-03 1.206e-02 0.000e+00
661 -1.704e-03 3.841e-03 -1.218e-02 0.000e+00
662 5.741e-03 6.023e-03 -1.477e-03 0.000e+00
663 -2.745e-03 -7.703e-03 7.432e-03 0.000e+00
664 4.901e-03 3.161e-03 3.199e-03 0.000e+00
665 1.547e-02 -1.138e-03 6.038e-03 0.000e+00
666 -1.366e-02 -1.180e-02 4.306e-03 0.000e+00
667 -9.185e-03 -8.037e-03 1.432e-02 0.000e+00
668 3.402e-03 -1.082e-02 -7.008e-04 0.000e+00
669 2.275e-02 4.691e-05 6.119e-03 0.000e+00
670 -9.272e-03 -9.306e-03 4.515e-03 0.000e+00
671 6.102e-03 5.573e-03 1.898e-02 0.000e+00
672 -5.282e-03 9.082e-03 3.576e-03 0.000e+00
673 4.820e-03 1.540e-02 7.100e-03 -1.350e+01
674 7.726e-03 1.229e-02 1.353e-02 0.000e+00
675 6.496e-03 2.360e-03 -2.512e-03 0.000e+00
676 1.359e-02 5.848e-03 1.283e-02 0.000e+00
677 -4.524e-03 5.469e-03 -4.587e-03 0.000e+00
678 5.315e-03 -1.284e-02 -6.485e-03 0.000e+00
679 -1.053e-02 -9.681e-03 -7.615e-04 0.000e+00
680 -5.768e-04 -1.158e-02 -8.292e-03 0.000e+00
681 -4.565e-03 -9.570e-03 -4.926e-03 0.000e+00
682 7.451e-04 -9.829e-03 -1.276e-02 0.000e+00
683 -4.089e-03 3.120e-03 -5.758e-03 0.000e+00
684 5.498e-03 3.922e-03 8.288e-03 0.000e+00
685 4.468e-03 -9.813e-03 9.257e-03 0.000e+00
686 5.710e-03 -7.830e-04 1.252e-02 0.000e+00
687 1.095e-02 1.216e-02 -8.955e-03 0.000e+00
688 6.247e-03 3.663e-03 3.341e-03 0.000e+00
689 -3.792e-04 1.680e-02 2.619e-03 2.514e+01
690 1.013e-02 -1.137e-02 6.200e-03 0.000e+00
691 -1.258e-02 4.552e-03 -6.340e-03 0.000e+00
692 -6.576e-03 -1.133e-02 -4.477e-03 0.000e+00
693 6.592e-03 -1.289e-02 -5.380e-03 0.000e+00
694 -6.734e-04 -1.235e-02 -2.605e-03 0.000e+00
695 2.261e-03 -2.725e-03 -4.784e-04 0.000e+00
696 -8.443e-03 5.624e-03 -7.928e-03 0.000e+00
697 6.585e-03 -1.195e-02 9.794e-03 0.000e+00
698 -9.253e-03 1.122e-03 -6.651e-04 0.000e+00
699 7.340e-03 9.193e-03 -1.306e-02 0.000e+00
700 6.013e-03 9.453e-03 -5.856e-03 0.000e+00
701 -6.413e-03 -1.015e-02 -7.010e-05 0.000e+00
702 -3.274e-03 1.046e-02 -2.187e-02 0.000e+00
703 -7.561e-03 1.115e-02 -8.489e-03 0.000e+00
704 -5.295e-03 -8.661e-03 9.281e-03 0.000e+00
705 -8.892e-03 -6.932e-03 -2.615e-03 0.000e+00
706 -3.628e-03 -3.825e-04 -5.380e-03 0.000e+00
707 1.277e-02 7.161e-03 -3.537e-03 0.000e+00
708 -9.677e-04 8.411e-03 -1.290e-02 0.000e+00
709 -1.062e-03 9.629e-03 5.377e-03 0.000e+00
710 4.468e-04 7.431e-03 1.482e-03 0.000e+00
711 9.012e-03 -1.210e-02 -8.586e-03 0.000e+00
712 -3.031e-03 -8.505e-03 7.654e-03 0.000e+00
713 -5.433e-03 -1.255e-02 -1.292e-02 0.000e+00
714 -2.154e-02 7.785e-03 2.560e-05 0.000e+00
715 -8.537e-03 1.547e-03 -1.061e-02 0.000e+00
716 -7.005e-03 1.922e-02 3.743e-03 -1.315e+01
717 1.433e-02 -8.730e-03 -2.794e-03 0.000e+00
718 2.267e-03 2.196e-03 -5.676e-03 0.000e+00
719 6.345e-03 9.679e-03 -1.847e-03 0.000e+00
720 -9.911e-03 -1.113e-02 7.880e-03 0.000e+00
721 6.221e-03 -1.207e-02 5.207e-03 0.000e+00
722 -4.048e-03 -1.087e-02 7.103e-04 0.000e+00
723 -1.264e-02 6.446e-04 1.263e-02 0.000e+00
724 1.304e-02 4.962e-03 5.630e-03 0.000e+00
725 -2.828e-03 -1.812e-03 9.035e-03 0.000e+00
726 -1.024e-02 -1.057e-02 2.896e-03 0.000e+00
727 2.766e-03 -9.264e-03 1.446e-02 0.000e+00
728 -1.274e-02 9.049e-03 1.851e-03 0.000e+00
729 9.146e-04 -8.192e-03 -1.206e-02 0.000e+00
730 3.381e-03 0.000e+00 -6.795e-03 0.000e+00
731 -4.020e-03 5.002e-03 -2.267e-03 0.000e+00
732 1.445e-03 -8.914e-03 4.348e-03 0.000e+00
733 1.311e-02 6.424e-03 -9.201e-03 0.000e+00
734 6.099e-04 4.860e-03 9.634e-03 0.000e+00
735 -8.643e-03 -1.200e-02 1.003e-03 0.000e+00
736 -7.294e-03 -9.680e-03 9.867e-03 0.000e+00
737 1.563e-03 -1.242e-02 1.853e-03 0.000e+00
738 1.418e-02 -1.927e-03 -5.053e-03 0.000e+00
739 7.996e-03 -1.191e-02 -6.416e-03 0.000e+00
740 6.689e-03 -9.283e-03 1.337e-04 0.000e+00
741 1.589e-03 -1.121e-02 3.623e-03 0.000e+00
742 8.294e-03 -9.281e-03 3.418e-03 0.000e+00
743 3.884e-03 2.485e-05 -1.966e-03 0.000e+00
744 -1.184e-03 -1.187e-02 -5.972e-03 0.000e+00
745 4.133e-03 6.118e-03 3.423e-03 0.000e+00
746 2.320e-03 -1.291e-02 -5.432e-03 0.000e+00
747 -4.385e-03 -1.011e-02 6.591e-03 0.000e+00
748 -1.441e-02 -1.227e-02 -8.606e-03 0.000e+00
749 1.432e-02 1.257e-03 7.602e-03 0.000e+00
750 1.146e-02 9.931e-04 1.481e-02 0.000e+00
751 9.325e-03 8.095e-03 7.156e-03 0.000e+00
752 7.822e-03 3.352e-03 -2.786e-03 0.000e+00
753 1.478e-02 -1.095e-02 2.077e-02 0.000e+00
754 -3.530e-03 8.932e-03 -5.235e-03 0.000e+00
755 7.385e-03 -8.307e-04 2.267e-03 0.000e+00
756 -1.272e-02 -8.550e-03 8.280e-03 0.000e+00
757 -8.433e-03 3.669e-03 4.156e-03 0.000e+00
758 -5.515e-03 5.356e-03 -1.688e-02 0.000e+00
759 -1.068e-02 5.819e-03 1.338e-02 0.000e+00
760 -3.185e-03 1.548e-02 -6.092e-03 8.344e+01
761 -1.306e-03 -1.123e-02 -2.399e-03 0.000e+00
762 2.346e-03 8.531e-03 -4.543e-04 0.000e+00
763 1.111e-02 -1.211e-02 3.730e-03 0.000e+00
764 1.403e-02 1.036e-02 -3.872e-03 0.000e+00
765 1.520e-02 -7.363e-03 3.399e-03 0.000e+00
766 1.095e-02 -8.937e-03 -1.071e-03 0.000e+00
767 -2.230e-02 -1.229e-02 -7.917e-03 0.000e+00
768 -8.080e-03 -1.181e-02 4.791e-03 0.000e+00
769 -1.449e-03 -1.120e-02 2.029e-04 0.000e+00
770 2.717e-03 -9.828e-03 -9.315e-03 0.000e+00
771 -1.857e-05 -1.070e-02 1.890e-02 0.000e+00
772 -9.816e-04 8.801e-03 0.000e+00 0.000e+00
773 -8.983e-03 3.317e-03 7.282e-03 0.000e+00
774 1.807e-04 -1.013e-02 3.659e-03 0.000e+00
775 -2.152e-03 6.254e-03 -7.322e-03 0.000e+00
776 -2.727e-05 -1.104e-02 -1.044e-03 0.000e+00
777 -2.158e-04 -1.179e-02 2.550e-03 0.000e+00
778 -1.309e-03 -6.790e-03 -3.265e-03 0.000e+00
779 -1.306e-02 -9.658e-03 -5.202e-03 0.000e+00
780 -1.791e-03 2.899e-03 4.387e-03 0.000e+00
781 -1.096e-03 6.303e-03 -1.257e-03 0.000e+00
782 9.486e-03 1.684e-03 2.324e-03 0.000e+00
783 -6.680e-04 -7.878e-03 -2.398e-03 0.000e+00
784 -3.387e-03 8.118e-03 -1.555e-03 0.000e+00
785 1.550e-02 8.070e-03 -1.493e-03 0.000e+00
786 -9.380e-03 1.311e-02 3.104e-03 0.000e+00
787 -1.314e-02 -1.275e-02 -1.328e-03 0.000e+00
788 8.570e-03 5.473e-03 -4.487e-03 0.000e+00
789 -6.549e-03 -6.715e-03 1.252e-02 0.000e+00
790 -4.133e-03 -1.160e-02 5.691e-03 0.000e+00
791 1.176e-02 4.526e-03 2.065e-03 0.000e+00
792 -1.796e-03 2.065e-04 -1.858e-03 0.000e+00
793 -1.298e-02 -8.469e-03 1.264e-02 0.000e+00
794 -2.429e-03 2.065e-03 -3.341e-03 0.000e+00
795 1.048e-02 -1.063e-02 -6.394e-03 0.000e+00
796 3.633e-03 -1.183e-02 2.263e-03 0.000e+00
797 8.293e-03 8.564e-03 -1.635e-02 0.000e+00
798 -5.417e-03 4.166e-03 5.302e-03 0.000e+00
799 1.224e-02 -1.237e-02 -5.165e-03 0.000e+00
800 -9.276e-04 7.859e-03 -2.962e-03 0.000e+00
801 -7.133e-03 -9.017e-03 2.503e-03 0.000e+00
802 -3.071e-03 5.228e-03 9.983e-03 0.000e+00
803 -1.563e-03 -1.186e-02 -1.492e-02 0.000e+00
804 4.467e-03 2.147e-02 1.090e-02 -9.749e+00
805 9.470e-03 8.946e-03 3.036e-03 0.000e+00
806 1.718e-03 -1.123e-02 -6.126e-03 0.000e+00
807 3.979e-03 -6.748e-03 -9.443e-03 0.000e+00
808 3.118e-03 -1.239e-02 1.249e-02 0.000e+00
809 -1.767e-04 1.875e-03 1.004e-02 0.000e+00
810 -3.567e-03 1.818e-03 3.885e-03 0.000e+00
811 8.229e-03 3.961e-03 -3.984e-03 0.000e+00
812 -7.759e-03 1.034e-02 7.395e-03 0.000e+00
813 5.630e-03 -8.068e-03 5.246e-03 0.000e+00
814 6.946e-03 2.636e-03 -8.245e-03 0.000e+00
815 -9.259e-03 1.400e-02 -5.196e-03 1.304e+02
816 -2.314e-02 1.535e-02 3.508e-03 4.917e+01
817 -2.273e-03 2.190e-03 -1.798e-02 0.000e+00
818 -6.922e-03 8.552e-03 -7.083e-04 0.000e+00
819 2.530e-03 -8.826e-03 -9.078e-03 0.000e+00
820 -4.167e-03 -1.168e-02 -3.706e-03 0.000e+00
821 1.305e-02 2.122e-02 7.703e-03 9.853e+01
822 1.261e-02 2.751e-04 1.114e-02 0.000e+00
823 4.400e-03 7.419e-03 -4.588e-04 0.000e+00
824 -2.971e-03 -8.745e-03 -4.748e-03 0.000e+00
825 -1.150e-03 -2.247e-03 -1.293e-03 0.000e+00
826 4.546e-03 5.952e-03 -3.375e-03 0.000e+00
827 -4.554e-03 1.281e-03 -1.028e-02 0.000e+00
828 5.010e-04 -1.195e-02 3.828e-03 0.000e+00
829 -3.274e-03 5.926e-03 4.773e-03 0.000e+00
830 -1.572e-02 -9.215e-03 4.649e-03 0.000e+00
831 -9.631e-03 8.428e-03 -1.010e-02 0.000e+00
832 1.453e-02 1.654e-03 8.485e-03 0.000e+00
833 5.488e-03 6.907e-03 -3.732e-03 0.000e+00
834 -7.196e-03 1.257e-02 -3.611e-03 0.000e+00
835 -4.753e-03 1.099e-03 1.240e-02 0.000e+00
836 2.474e-03 1.017e-02 -3.151e-03 0.000e+00
837 -2.412e-03 7.235e-03 -6.190e-03 0.000e+00
838 9.729e-03 -1.103e-02 -1.551e-02 0.000e+00
839 1.598e-02 1.189e-03 8.167e-03 0.000e+00
840 7.035e-03 -1.003e-03 -3.040e-03 0.000e+00
841 -5.379e-03 -1.165e-02 4.242e-04 0.000e+00
842 6.834e-03 7.161e-03 6.725e-03 0.000e+00
843 1.017e-03 -1.175e-02 1.823e-02 0.000e+00
844 -3.722e-04 1.231e-02 -6.215e-03 0.000e+00
845 -7.011e-03 -4.105e-03 -1.517e-03 0.000e+00
846 -8.058e-04 -6.689e-03 5.194e-03 0.000e+00
847 4.220e-03 -1.267e-02 1.473e-03 0.000e+00
848 -1.932e-03 7.765e-03 5.397e-03 0.000e+00
849 6.044e-03 -1.271e-02 -3.183e-03 0.000e+00
850 1.183e-02 1.482e-03 -1.005e-03 0.000e+00
851 1.295e-02 9.332e-03 -1.608e-02 0.000e+00
852 -7.189e-03 9.131e-03 1.408e-04 0.000e+00
853 -1.235e-03 -9.673e-03 -3.039e-03 0.000e+00
854 2.064e-03 6.107e-03 4.959e-03 0.000e+00
855 6.250e-03 -1.190e-02 -6.597e-03 0.000e+00
856 7.714e-03 -1.010e-02 2.025e-02 0.000e+00
857 -3.892e-03 7.652e-03 -4.634e-03 0.000e+00
858 -4.246e-03 8.153e-03 1.420e-02 0.000e+00
859 3.516e-03 -8.714e-04 -1.301e-03 0.000e+00
860 -6.393e-03 1.705e-03 7.966e-03 0.000e+00
861 -2.234e-03 2.782e-03 1.742e-02 0.000e+00
862 -7.646e-03 8.238e-03 -8.090e-03 0.000e+00
863 -4.321e-03 -2.255e-03 -1.442e-02 0.000e+00
864 -6.938e-03 -1.014e-02 -1.591e-03 0.000e+00
865 -9.942e-03 -2.983e-03 -5.266e-03 0.000e+00
866 -1.532e-03 -7.208e-03 1.980e-02 0.000e+00
867 -1.329e-02 4.338e-03 5.103e-03 0.000e+00
868 5.456e-04 -5.511e-04 -6.140e-03 0.000e+00
869 -1.578e-02 -1.093e-02 1.952e-03 0.000e+00
870 -3.664e-03 -1.225e-02 -1.134e-02 0.000e+00
871 1.714e-03 2.077e-03 -1.506e-02 0.000e+00
872 -5.747e-05 2.379e-03 9.233e-03 0.000e+00
873 -3.475e-03 1.170e-02 9.367e-03 0.000e+00
874 3.597e-03 4.105e-03 2.442e-03 0.000e+00
875 -1.477e-03 -1.262e-02 7.816e-03 0.000e+00
876 9.349e-03 -4.245e-04 1.702e-02 0.000e+00
877 -2.533e-02 -1.162e-02 8.549e-03 0.000e+00
878 -3.603e-04 1.037e-03 7.078e-03 0.000e+00
879 5.786e-03 8.244e-04 8.564e-04 0.000e+00
880 -1.983e-03 -1.194e-02 1.500e-02 0.000e+00
881 5.953e-03 -1.120e-02 -1.588e-02 0.000e+00
882 9.100e-03 5.329e-03 -5.976e-05 0.000e+00
883 -6.216e-03 2.752e-03 -1.110e-02 0.000e+00
884 2.079e-03 -9.606e-03 7.143e-03 0.000e+00
885 2.311e-02 1.124e-02 -2.335e-03 0.000e+00
886 -4.033e-03 -9.430e-03 6.469e-03 0.000e+00
887 1.195e-02 2.173e-03 -4.726e-03 0.000e+00
888 3.483e-03 2.859e-03 -3.333e-03 0.000e+00
889 -2.167e-04 5.565e-03 -6.762e-03 0.000e+00
890 4.421e-03 -8.795e-03 2.428e-03 0.000e+00
891 -1.150e-02 4.737e-04 -9.667e-03 0.000e+00
892 -1.357e-02 8.665e-03 7.437e-03 0.000e+00
893 6.007e-03 -3.467e-03 1.176e-04 0.000e+00
894 1.671e-02 -2.007e-03 -7.388e-03 0.000e+00
895 -1.507e-02 4.308e-03 4.906e-03 0.000e+00
896 8.409e-03 9.912e-03 -8.505e-03 0.000e+00
897 1.956e-02 -1.079e-02 -7.161e-03 0.000e+00
898 5.258e-03 -1.032e-02 -8.471e-03 0.000e+00
899 1.371e-03 5.849e-03 -1.329e-02 0.000e+00
900 2.708e-03 1.284e-02 4.480e-03 0.000e+00
901 4.544e-03 5.108e-03 -6.602e-03 0.000e+00
902 -1.306e-02 -1.165e-02 2.195e-03 0.000e+00
903 2.607e-03 2.362e-03 8.863e-03 0.000e+00
904 -9.089e-03 -1.265e-02 -4.925e-03 0.000e+00
905 -8.545e-03 -9.085e-03 -1.883e-02 0.000e+00
906 1.318e-02 -1.026e-02 6.537e-03 0.000e+00
907 -4.359e-03 8.713e-03 1.003e-02 0.000e+00
908 -4.965e-04 6.942e-03 -8.757e-03 0.000e+00
909 -8.376e-03 1.954e-02 1.727e-02 1.154e+01
910 -1.916e-04 -7.898e-03 -1.035e-03 0.000e+00
911 1.083e-02 5.081e-03 -5.996e-03 0.000e+00
912 2.100e-03 -1.243e-02 5.368e-03 0.000e+00
913 -1.013e-02 6.353e-03 3.824e-03 0.000e+00
914 -6.024e-03 1.120e-02 -2.440e-03 0.000e+00
915 -2.146e-03 -1.086e-02 -3.965e-03 0.000e+00
916 -1.337e-02 -1.220e-02 1.202e-02 0.000e+00
917 -2.007e-03 5.650e-03 -2.036e-03 0.000e+00
918 9.920e-04 -9.918e-03 -3.411e-03 0.000e+00
919 -6.610e-03 2.899e-03 5.566e-03 0.000e+00
920 1.033e-03 1.149e-02 -4.317e-03 0.000e+00
921 -3.274e-03 -1.035e-02 3.985e-03 0.000e+00
922 -1.781e-03 -1.257e-02 1.894e-03 0.000e+00
923 -7.099e-03 -8.437e-03 1.331e-02 0.000e+00
924 1.292e-02 -1.085e-02 -2.756e-04 0.000e+00
925 1.546e-02 -9.217e-03 -3.672e-03 0.000e+00
926 3.006e-03 1.142e-02 1.109e-02 0.000e+00
927 1.105e-03 -9.681e-03 6.860e-03 0.000e+00
928 -5.866e-03 5.298e-03 -8.241e-03 0.000e+00
929 -3.672e-03 -9.460e-03 6.142e-03 0.000e+00
930 1.700e-03 -8.687e-03 1.258e-03 0.000e+00
931 -5.732e-03 6.928e-03 -2.538e-03 0.000e+00
932 8.292e-03 9.556e-03 1.085e-02 0.000e+00
933 3.321e-03 5.980e-03 -1.425e-02 0.000e+00
934 2.021e-03 -1.129e-02 4.988e-03 0.000e+00
935 -4.150e-03 3.578e-03 -6.530e-04 0.000e+00
936 4.789e-03 1.121e-02 6.738e-03 0.000e+00
937 3.747e-04 1.063e-02 -1.417e-02 0.000e+00
938 -6.754e-03 5.772e-03 1.028e-02 0.000e+00
939 7.095e-03 3.055e-03 -5.060e-03 0.000e+00
940 5.433e-03 4.489e-03 1.090e-02 0.000e+00
941 3.371e-03 1.202e-02 9.573e-04 0.000e+00
942 -6.469e-03 1.023e-02 -1.440e-02 0.000e+00
943 -6.202e-03 -1.170e-02 -5.364e-04 0.000e+00
944 -6.616e-03 -4.145e-04 7.141e-03 0.000e+00
945 -1.193e-04 -7.319e-03 1.090e-03 0.000e+00
946 1.137e-02 3.973e-03 4.307e-03 0.000e+00
947 -3.211e-03 5.419e-03 -3.870e-03 0.000e+00
948 -6.087e-03 -1.077e-02 3.231e-03 0.000e+00
949 1.207e-02 1.033e-02 -4.062e-03 0.000e+00
950 6.162e-04 -1.150e-02 5.848e-03 0.000e+00
951 -6.621e-03 6.079e-03 -4.215e-03 0.000e+00
952 4.854e-03 -5.772e-03 1.634e-03 0.000e+00
953 -2.700e-03 1.269e-02 -8.450e-03 0.000e+00
954 7.865e-03 -6.112e-04 -1.774e-03 0.000e+00
955 4.156e-03 -1.227e-02 -1.632e-03 0.000e+00
956 6.479e-03 6.625e-03 6.011e-04 0.000e+00
957 -5.374e-03 -7.897e-03 1.097e-02 0.000e+00
958 9.703e-03 8.084e-03 -4.603e-03 0.000e+00
959 5.607e-03 1.539e-03 -7.383e-04 0.000e+00
960 1.917e-03 -9.183e-03 5.296e-03 0.000e+00
961 -1.457e-02 1.175e-03 -4.727e-03 0.000e+00
962 7.274e-03 1.152e-02 -8.927e-03 0.000e+00
963 -6.046e-03 1.729e-02 3.860e-03 -1.592e+01
964 -4.735e-03 -9.603e-03 6.655e-03 0.000e+00
965 -1.503e-03 -1.211e-02 1.763e-03 0.000e+00
966 -1.397e-02 8.859e-03 -6.403e-03 0.000e+00
967 8.648e-03 -1.289e-02 5.429e-03 0.000e+00
968 2.473e-03 7.602e-03 -8.505e-03 0.000e+00
969 9.454e-03 5.152e-03 6.803e-03 0.000e+00
970 4.541e-03 6.125e-03 -3.272e-03 0.000e+00
971 -1.069e-02 1.148e-02 -3.053e-03 0.000e+00
972 2.623e-03 -1.280e-02 -1.453e-03 0.000e+00
973 -1.040e-03 -1.263e-02 5.391e-03 0.000e+00
974 9.965e-03 -1.127e-02 1.157e-02 0.000e+00
975 7.238e-03 -1.067e-02 -1.968e-02 0.000e+00
976 -7.715e-03 1.186e-02 8.806e-03 0.000e+00
977 -1.186e-03 1.211e-03 -1.019e-04 0.000e+00
978 9.014e-04 1.328e-02 7.306e-03 7.810e+01
979 6.511e-03 -1.152e-02 1.183e-02 0.000e+00
980 -1.024e-02 5.182e-03 4.040e-03 0.000e+00
981 9.087e-03 2.803e-03 -3.194e-03 0.000e+00
982 -8.556e-03 1.452e-02 1.245e-02 2.583e+01
983 -2.057e-02 -7.748e-03 -1.980e-03 0.000e+00
984 -1.848e-02 -1.267e-02 -4.871e-04 0.000e+00
985 5.244e-03 -1.151e-02 -3.933e-03 0.000e+00
986 -1.721e-03 -1.273e-02 -1.601e-02 0.000e+00
987 1.224e-02 4.878e-03 1.406e-04 0.000e+00
988 -8.943e-03 -8.790e-03 -2.978e-03 0.000e+00
989 1.261e-02 8.651e-03 -1.954e-03 0.000e+00
990 8.139e-03 8.406e-03 1.633e-02 0.000e+00
991 2.063e-03 -1.249e-02 -7.088e-03 0.000e+00
992 1.235e-02 4.593e-03 8.961e-03 0.000e+00
993 -9.441e-03 8.925e-03 8.974e-04 0.000e+00
994 -5.807e-03 -1.241e-02 -7.402e-03 0.000e+00
995 1.199e-02 7.183e-03 -4.443e-03 0.000e+00
996 -1.366e-03 -1.784e-03 -6.018e-04 0.000e+00
997 1.105e-02 -2.559e-03 4.175e-03 0.000e+00
998 5.036e-04 -1.071e-02 5.463e-03 0.000e+00
999 -1.207e-02 1.421e-04 -4.857e-03 0.000e+00
1000 1.046e-02 1.923e-03 -8.447e-03 0.000e+00
1001 3.075e-03 9.640e-03 -5.535e-03 0.000e+00
1002 5.382e-04 1.062e-02 4.770e-03 0.000e+00
1003 -4.774e-03 -1.049e-02 9.432e-03 0.000e+00
1004 6.675e-03 6.315e-03 -1.740e-02 0.000e+00
1005 3.674e-03 4.479e-03 2.072e-02 0.000e+00
1006 -5.188e-03 3.532e-03 -3.121e-03 0.000e+00
1007 -1.034e-02 1.172e-02 1.064e-02 0.000e+00
1008 5.432e-03 6.018e-03 4.039e-03 0.000e+00
1009 -1.194e-02 5.960e-03 -7.815e-04 0.000e+00
1010 -3.159e-03 -1.176e-02 -8.360e-03 0.000e+00
1011 -9.321e-03 6.526e-03 4.067e-03 0.000e+00
1012 1.395e-02 -1.016e-02 -2.087e-03 0.000e+00
1013 3.794e-03 -1.852e-03 -2.094e-03 0.000e+00
1014 -6.242e-03 1.138e-02 9.924e-03 0.000e+00
1015 6.006e-03 1.617e-02 -8.372e-04 4.972e+01
1016 1.002e-02 -1.153e-02 5.172e-03 0.000e+00
1017 -9.480e-03 -1.158e-02 -1.780e-02 0.000e+00
1018 6.515e-03 8.896e-03 1.179e-04 0.000e+00
1019 -2.125e-03 -1.156e-02 1.819e-03 0.000e+00
1020 -5.579e-03 5.895e-03 2.359e-03 0.000e+00
1021 4.707e-03 -1.029e-02 9.874e-03 0.000e+00
1022 4.406e-03 8.139e-03 -1.147e-02 0.000e+00
1023 -3.831e-03 6.503e-03 5.903e-03 0.000e+00
