Bin I L V PA
0 6.585e-03 -8.012e-03 -2.410e-03 0.000e+00
1 6.927e-03 -8.334e-03 6.452e-03 0.000e+00
2 7.425e-03 -5.529e-03 3.966e-04 0.000e+00
3 1.158e-02 8.541e-03 4.502e-03 0.000e+00
4 1.291e-02 4.806e-03 1.228e-02 0.000e+00
5 5.690e-03 3.892e-03 -4.405e-03 0.000e+00
6 -2.900e-03 -4.940e-03 -3.711e-03 0.000e+00
7 1.344e-02 -5.398e-03 -5.452e-03 0.000e+00
8 4.662e-03 -1.088e-03 2.031e-04 0.000e+00
9 1.747e-02 -2.013e-03 7.583e-03 0.000e+00
10 1.176e-02 6.317e-03 -3.638e-03 0.000e+00
11 1.437e-02 5.087e-03 -5.445e-03 0.000e+00
12 5.604e-03 6.967e-03 2.293e-03 0.000e+00
13 1.039e-02 1.000e-02 5.255e-03 0.000e+00
14 -3.392e-03 9.651e-03 -3.794e-03 0.000e+00
15 -5.500e-03 1.274e-02 1.409e-02 -9.867e-01
16 7.642e-03 -7.225e-03 -1.706e-03 0.000e+00
17 -4.754e-03 -8.574e-03 -3.507e-03 0.000e+00
18 7.317e-03 6.406e-03 2.059e-03 0.000e+00
19 -6.987e-03 -1.055e-02 2.932e-03 0.000e+00
20 4.030e-03 5.359e-03 -6.377e-03 0.000e+00
21 -2.064e-03 -7.558e-03 6.034e-03 0.000e+00
22 -8.112e-03 3.029e-03 -7.736e-05 0.000e+00
23 1.286e-03 -8.581e-03 -1.736e-03 0.000e+00
24 -2.798e-03 5.579e-03 1.190e-02 0.000e+00
25 7.045e-03 8.449e-03 1.835e-04 0.000e+00
26 3.220e-03 -1.040e-02 5.239e-03 0.000e+00
27 1.102e-03 8.440e-03 1.585e-02 0.000e+00
28 2.012e-03 3.015e-03 6.615e-03 0.000e+00
29 -9.677e-04 1.060e-02 1.457e-03 0.000e+00
30 4.629e-03 -7.439e-03 5.410e-03 0.000e+00
31 1.195e-03 -9.916e-03 -2.496e-03 0.000e+00
32 -6.990e-03 1.159e-02 -4.760e-03 0.000e+00
33 4.029e-04 -9.336e-03 6.157e-03 0.000e+00
34 -4.603e-03 4.066e-03 2.698e-03 0.000e+00
35 -1.600e-03 -8.189e-03 7.369e-04 0.000e+00
36 9.719e-03 9.616e-04 1.894e-03 0.000e+00
37 -9.887e-04 6.955e-03 7.777e-03 0.000e+00
38 8.842e-03 3.688e-03 9.101e-03 0.000e+00
39 -1.022e-02 4.163e-03 -5.369e-03 0.000e+00
40 -3.138e-03 5.210e-03 -6.746e-04 0.000e+00
41 -1.997e-03 1.516e-02 -7.714e-04 6.484e+01
42 1.004e-02 5.860e-03 -8.360e-03 0.000e+00
43 -4.541e-04 -9.210e-03 2.175e-03 0.000e+00
44 -2.543e-04 -1.059e-02 -2.726e-03 0.000e+00
45 -1.944e-03 -1.014e-02 8.709e-03 0.000e+00
46 -2.187e-03 9.306e-03 -8.793e-03 0.000e+00
47 -1.583e-02 -6.981e-03 5.323e-03 0.000e+00
48 -8.612e-03 6.250e-04 -8.496e-03 0.000e+00
49 -5.566e-06 4.514e-03 -8.214e-03 0.000e+00
50 -8.248e-04 -5.953e-03 -2.874e-03 0.000e+00
51 1.896e-02 -9.869e-03 -9.603e-03 0.000e+00
52 -5.455e-03 -1.041e-02 -8.503e-03 0.000e+00
53 -3.938e-03 -1.044e-02 -4.916e-03 0.000e+00
54 1.774e-02 -9.800e-03 8.185e-03 0.000e+00
55 1.228e-02 1.178e-02 1.743e-03 0.000e+00
56 -1.542e-04 -9.343e-03 -9.417e-03 0.000e+00
57 9.089e-03 -8.758e-03 2.290e-03 0.000e+00
58 2.578e-02 -8.902e-03 -4.223e-03 0.000e+00
59 1.797e-02 5.298e-03 -7.752e-03 0.000e+00
60 8.015e-03 -6.518e-03 4.617e-03 0.000e+00
61 -1.102e-04 -8.363e-03 -2.074e-03 0.000e+00
62 8.728e-03 -5.995e-03 -4.725e-03 0.000e+00
63 1.443e-02 -2.087e-03 -3.501e-03 0.000e+00
64 8.207e-03 -8.137e-03 6.504e-03 0.000e+00
65 5.904e-03 -9.179e-03 4.301e-03 0.000e+00
66 1.193e-02 3.650e-03 -2.223e-03 0.000e+00
67 6.331e-03 4.148e-03 4.810e-03 0.000e+00
68 -1.841e-03 -8.611e-03 -4.064e-03 0.000e+00
69 4.788e-03 3.103e-04 9.290e-03 0.000e+00
70 1.334e-03 8.563e-03 1.919e-03 0.000e+00
71 1.365e-02 4.990e-03 -1.625e-02 0.000e+00
72 7.252e-03 -9.244e-03 1.121e-02 0.000e+00
73 1.697e-03 -8.716e-03 6.092e-03 0.000e+00
74 1.668e-02 4.988e-04 2.440e-04 0.000e+00
75 -3.165e-03 -8.623e-03 -3.972e-03 0.000e+00
76 5.459e-03 6.271e-03 -2.063e-03 0.000e+00
77 6.852e-03 -8.901e-03 6.155e-03 0.000e+00
78 5.097e-03 5.242e-03 1.241e-03 0.000e+00
79 -5.679e-03 7.042e-03 -1.519e-02 0.000e+00
80 -2.267e-04 2.593e-03 -2.873e-03 0.000e+00
81 1.193e-02 1.194e-03 8.807e-04 0.000e+00
82 -9.773e-03 -9.747e-03 -2.727e-03 0.000e+00
83 -1.165e-02 2.307e-03 1.738e-02 0.000e+00
84 4.938e-03 5.972e-03 -8.617e-03 0.000e+00
85 3.519e-03 -4.477e-03 6.079e-03 0.000e+00
86 -2.620e-03 1.012e-02 -1.306e-03 0.000e+00
87 1.443e-02 9.087e-03 7.317e-04 0.000e+00
88 9.784e-03 1.674e-02 2.327e-03 4.497e+01
89 3.160e-03 1.776e-02 -4.088e-03 1.046e+02
90 -1.221e-02 -8.279e-03 -3.211e-03 0.000e+00
91 9.965e-03 6.277e-03 6.034e-03 0.000e+00
92 -1.302e-02 -1.016e-02 -9.598e-03 0.000e+00
93 -8.808e-03 1.427e-02 1.432e-03 5.603e+01
94 5.329e-03 1.012e-03 6.443e-03 0.000e+00
95 -8.194e-04 -9.428e-03 3.060e-03 0.000e+00
96 -1.341e-02 -7.305e-03 8.531e-03 0.000e+00
97 -2.127e-03 -7.707e-03 -3.185e-03 0.000e+00
98 1.699e-02 -6.951e-03 -2.943e-03 0.000e+00
99 -1.072e-02 1.001e-02 5.014e-03 0.000e+00
100 9.424e-03 5.310e-03 -4.606e-04 0.000e+00
101 5.631e-03 6.040e-04 -3.545e-03 0.000e+00
102 8.891e-03 9.695e-03 2.135e-03 0.000e+00
103 -4.827e-03 3.337e-03 -8.880e-03 0.000e+00
104 9.772e-03 4.266e-03 1.419e-03 0.000e+00
105 2.698e-03 6.153e-03 -1.884e-03 0.000e+00
106 7.500e-03 6.286e-03 -6.262e-04 0.000e+00
107 6.657e-03 8.369e-03 7.448e-03 0.000e+00
108 3.738e-03 6.178e-03 -3.393e-03 0.000e+00
109 -6.613e-04 -3.000e-04 3.352e-03 0.000e+00
110 8.183e-03 1.327e-02 9.522e-03 1.750e+01
111 3.322e-03 -6.516e-03 1.368e-02 0.000e+00
112 2.225e-03 -4.208e-03 7.442e-04 0.000e+00
113 -6.083e-03 -8.448e-03 -5.254e-03 0.000e+00
114 8.443e-03 -4.904e-03 -1.927e-04 0.000e+00
115 -6.904e-03 -4.049e-03 -7.134e-03 0.000e+00
116 2.863e-03 -7.620e-03 1.547e-03 0.000e+00
117 1.264e-02 9.068e-03 1.271e-03 0.000e+00
118 5.895e-03 6.907e-03 1.194e-02 0.000e+00
119 8.631e-04 2.111e-03 2.229e-04 0.000e+00
120 2.228e-03 1.391e-02 -3.613e-03 4.768e+01
121 -1.381e-03 -8.562e-03 5.482e-03 0.000e+00
122 -1.712e-03 -5.617e-03 -2.387e-04 0.000e+00
123 2.088e-02 4.495e-03 -2.211e-03 0.000e+00
124 8.742e-03 -7.442e-03 -4.863e-03 0.000e+00
125 4.309e-03 -9.646e-03 8.140e-03 0.000e+00
126 -8.259e-03 -8.466e-03 -1.032e-02 0.000e+00
127 1.179e-02 3.945e-03 1.066e-02 0.000e+00
128 -1.294e-03 -8.777e-03 2.952e-03 0.000e+00
129 6.160e-03 3.114e-03 7.580e-03 0.000e+00
130 7.144e-03 -1.064e-02 -1.245e-03 0.000e+00
131 6.388e-03 6.027e-03 2.815e-03 0.000e+00
132 1.533e-02 7.323e-03 -9.060e-03 0.000e+00
133 -1.245e-02 2.215e-03 9.528e-03 0.000e+00
134 5.724e-03 -9.165e-03 1.953e-03 0.000e+00
135 -4.355e-04 1.243e-03 -3.044e-03 0.000e+00
136 9.875e-04 -6.868e-03 1.359e-02 0.000e+00
137 -6.981e-03 3.226e-03 -8.250e-04 0.000e+00
138 5.026e-03 -7.483e-03 -8.238e-03 0.000e+00
139 4.066e-03 2.524e-03 6.302e-04 0.000e+00
140 3.517e-03 -2.107e-03 -6.994e-03 0.000e+00
141 7.951e-03 -9.743e-03 -3.078e-03 0.000e+00
142 -6.654e-03 2.753e-04 -1.721e-03 0.000e+00
143 -9.267e-03 1.072e-02 -2.938e-03 0.000e+00
144 -4.749e-03 9.224e-03 5.731e-03 0.000e+00
145 1.427e-02 1.664e-02 1.126e-02 6.695e+01
146 -1.090e-02 -7.804e-03 9.456e-04 0.000e+00
147 9.689e-04 8.179e-03 -4.436e-03 0.000e+00
148 1.151e-02 -3.982e-03 -5.202e-03 0.000e+00
149 6.185e-03 -1.051e-02 -9.777e-03 0.000e+00
150 7.502e-04 -6.988e-03 3.795e-03 0.000e+00
151 1.305e-02 -8.664e-03 -1.892e-03 0.000e+00
152 -4.291e-03 1.470e-03 -1.649e-03 0.000e+00
153 -8.287e-03 5.533e-03 -1.475e-02 0.000e+00
154 -6.737e-03 -9.390e-03 -2.791e-03 0.000e+00
155 -2.570e-03 8.105e-03 1.028e-02 0.000e+00
156 -4.901e-03 6.665e-03 -6.919e-03 0.000e+00
157 -2.055e-03 2.045e-03 1.266e-02 0.000e+00
158 8.448e-03 3.048e-03 1.529e-05 0.000e+00
159 5.566e-03 -7.736e-03 -2.746e-03 0.000e+00
160 1.554e-02 1.673e-02 -2.712e-03 4.312e+01
161 1.822e-03 1.550e-03 -5.137e-03 0.000e+00
162 -1.066e-02 2.709e-03 7.854e-03 0.000e+00
163 3.635e-03 -7.212e-03 6.663e-03 0.000e+00
164 -1.226e-02 -8.803e-03 1.375e-02 0.000e+00
165 3.856e-03 6.415e-03 -1.482e-03 0.000e+00
166 -8.261e-03 1.924e-02 2.569e-03 8.260e+01
167 4.970e-03 -9.627e-03 1.612e-02 0.000e+00
168 9.483e-03 -9.952e-03 -8.632e-03 0.000e+00
169 -2.246e-03 6.200e-03 4.682e-04 0.000e+00
170 -1.655e-03 5.170e-04 1.975e-03 0.000e+00
171 7.006e-03 -8.959e-03 6.494e-03 0.000e+00
172 6.991e-03 -9.108e-03 2.233e-03 0.000e+00
173 -1.267e-02 -1.037e-02 9.063e-03 0.000e+00
174 7.830e-03 -9.828e-03 -3.389e-03 0.000e+00
175 1.411e-02 -1.020e-02 2.754e-03 0.000e+00
176 -4.934e-03 6.878e-03 4.320e-03 0.000e+00
177 -2.466e-03 -1.018e-02 -1.997e-03 0.000e+00
178 4.317e-03 1.013e-02 -5.033e-03 0.000e+00
179 -7.020e-03 -7.898e-03 -2.843e-03 0.000e+00
180 -1.790e-04 2.514e-03 -3.915e-03 0.000e+00
181 1.082e-02 1.083e-02 -6.229e-03 0.000e+00
182 1.065e-02 5.900e-03 -7.344e-03 0.000e+00
183 1.318e-02 1.600e-03 -5.961e-03 0.000e+00
184 -7.266e-03 -9.362e-03 -1.079e-02 0.000e+00
185 7.093e-03 -8.121e-03 3.014e-03 0.000e+00
186 1.133e-02 -7.685e-03 -3.205e-03 0.000e+00
187 9.849e-03 3.140e-03 -5.567e-03 0.000e+00
188 -9.231e-05 -6.806e-03 -1.679e-04 0.000e+00
189 7.100e-03 6.068e-03 4.200e-03 0.000e+00
190 7.013e-03 1.036e-02 -3.078e-04 0.000e+00
191 1.664e-02 9.426e-03 9.885e-03 0.000e+00
192 9.869e-03 -6.692e-03 -2.242e-04 0.000e+00
193 3.754e-03 -9.416e-03 6.804e-03 0.000e+00
194 1.107e-02 -9.864e-04 -1.136e-02 0.000e+00
195 6.663e-03 1.857e-05 6.252e-04 0.000e+00
196 1.732e-02 8.238e-04 5.056e-04 0.000e+00
197 -2.902e-04 -9.169e-03 3.788e-03 0.000e+00
198 1.190e-02 -1.511e-03 7.893e-04 0.000e+00
199 7.240e-03 9.431e-03 -4.752e-03 0.000e+00
200 4.939e-03 -1.045e-02 -2.070e-03 0.000e+00
201 1.245e-02 -8.826e-03 1.655e-02 0.000e+00
202 5.731e-03 -1.027e-02 -1.496e-03 0.000e+00
203 1.313e-02 1.125e-03 1.033e-03 0.000e+00
204 1.525e-03 1.526e-03 -3.654e-03 0.000e+00
205 1.018e-02 6.145e-03 -1.175e-03 0.000e+00
206 1.246e-02 1.351e-03 3.712e-04 0.000e+00
207 -1.195e-03 7.019e-03 5.953e-03 0.000e+00
208 5.514e-03 1.006e-03 -1.409e-02 0.000e+00
209 8.447e-03 -1.053e-02 2.498e-03 0.000e+00
210 -4.124e-03 -8.826e-03 8.899e-03 0.000e+00
211 1.339e-03 1.370e-02 1.140e-03 9.472e+01
212 1.136e-03 -9.529e-03 2.234e-03 0.000e+00
213 -1.188e-03 1.080e-02 -5.666e-03 0.000e+00
214 6.173e-03 -5.535e-03 1.168e-02 0.000e+00
215 9.138e-03 -1.018e-02 1.221e-02 0.000e+00
216 -2.015e-03 7.440e-03 -9.219e-03 0.000e+00
217 1.028e-03 -8.546e-03 -1.246e-02 0.000e+00
218 -9.095e-04 8.574e-03 -5.824e-03 0.000e+00
219 -1.806e-03 -8.028e-03 1.293e-02 0.000e+00
220 3.476e-03 6.267e-03 9.161e-04 0.000e+00
221 5.448e-03 -6.030e-03 5.669e-03 0.000e+00
222 -6.216e-03 -9.138e-03 1.008e-02 0.000e+00
223 1.456e-03 -8.455e-03 -1.315e-03 0.000e+00
224 2.531e-03 -1.022e-02 9.169e-03 0.000e+00
225 -5.315e-03 -9.171e-03 -2.047e-03 0.000e+00
226 7.637e-03 -1.347e-03 -1.801e-03 0.000e+00
227 -2.965e-03 -8.135e-03 -1.235e-02 0.000e+00
228 -1.808e-03 6.917e-03 2.763e-05 0.000e+00
229 7.291e-03 4.140e-03 -4.055e-03 0.000e+00
230 6.173e-03 1.109e-02 9.895e-03 0.000e+00
231 1.320e-03 7.476e-03 8.089e-03 0.000e+00
232 2.396e-03 8.597e-03 1.557e-02 0.000e+00
233 3.344e-03 -7.879e-03 -5.861e-03 0.000e+00
234 -1.204e-02 7.515e-03 -7.613e-03 0.000e+00
235 1.877e-02 1.475e-03 1.511e-03 0.000e+00
236 -2.733e-04 9.538e-03 -7.946e-03 0.000e+00
237 6.936e-03 -8.298e-03 7.380e-03 0.000e+00
238 3.061e-03 -1.048e-02 -7.808e-04 0.000e+00
239 -1.100e-02 5.613e-03 -7.982e-03 0.000e+00
240 1.424e-02 -7.159e-03 4.366e-03 0.000e+00
241 -2.826e-03 -8.347e-03 5.989e-03 0.000e+00
242 7.965e-03 1.006e-02 -1.436e-03 0.000e+00
243 -7.293e-03 -8.394e-03 1.398e-02 0.000e+00
244 -4.565e-03 -1.623e-03 1.859e-03 0.000e+00
245 6.069e-03 -9.270e-03 7.987e-03 0.000e+00
246 -3.738e-03 -4.796e-04 1.419e-03 0.000e+00
247 -5.903e-03 -7.842e-03 1.084e-02 0.000e+00
248 3.622e-03 2.703e-03 7.287e-03 0.000e+00
249 -4.336e-03 1.447e-02 -1.193e-02 2.717e-01
250 -1.531e-03 7.963e-03 -1.162e-02 0.000e+00
251 7.641e-03 -9.711e-03 -4.216e-03 0.000e+00
252 4.575e-03 5.189e-03 4.559e-03 0.000e+00
253 -7.440e-03 -8.212e-03 -2.738e-03 0.000e+00
254 -6.212e-03 -1.040e-02 -1.077e-02 0.000e+00
255 1.080e-02 -7.747e-03 -1.529e-03 0.000e+00
256 -3.538e-03 -1.803e-03 3.388e-03 0.000e+00
257 7.507e-03 6.395e-03 8.136e-03 0.000e+00
258 9.169e-03 7.716e-03 -8.891e-04 0.000e+00
259 6.203e-03 1.854e-03 4.583e-03 0.000e+00
260 -6.466e-03 -7.365e-03 -6.149e-03 0.000e+00
261 -8.537e-03 1.089e-02 -1.107e-02 0.000e+00
262 9.991e-03 1.205e-04 -4.551e-03 0.000e+00
263 3.820e-03 6.949e-03 -5.980e-03 0.000e+00
264 1.067e-03 -8.689e-03 -7.067e-03 0.000e+00
265 7.585e-03 3.162e-03 -6.529e-03 0.000e+00
266 5.947e-03 1.138e-03 7.092e-03 0.000e+00
267 9.380e-03 7.133e-04 1.058e-02 0.000e+00
268 1.738e-02 1.976e-03 -2.785e-04 0.000e+00
269 -7.986e-04 -5.605e-03 -1.482e-03 0.000e+00
270 2.267e-03 1.014e-02 -7.994e-03 0.000e+00
271 9.960e-03 -1.044e-02 1.049e-02 0.000e+00
272 2.959e-03 -4.377e-03 1.199e-03 0.000e+00
273 8.996e-03 -8.405e-03 -4.918e-03 0.000e+00
274 1.162e-03 1.369e-03 -3.239e-04 0.000e+00
275 1.474e-02 -7.804e-03 1.099e-02 0.000e+00
276 8.751e-03 -2.926e-04 -1.741e-02 0.000e+00
277 2.793e-03 -2.990e-04 -1.182e-02 0.000e+00
278 -3.061e-03 9.730e-03 -1.130e-02 0.000e+00
279 6.948e-03 -7.774e-03 -6.368e-03 0.000e+00
280 1.486e-02 1.291e-03 8.927e-03 0.000e+00
281 7.222e-03 6.796e-03 -1.851e-03 0.000e+00
282 5.816e-03 -7.109e-03 -1.465e-02 0.000e+00
283 -7.656e-03 1.160e-03 1.513e-03 0.000e+00
284 1.011e-02 -1.027e-02 -4.599e-03 0.000e+00
285 -5.939e-03 4.419e-03 -8.176e-03 0.000e+00
286 -4.086e-03 9.519e-03 4.592e-03 0.000e+00
287 -7.556e-03 2.179e-04 -5.822e-03 0.000e+00
288 1.201e-02 -4.040e-04 1.001e-03 0.000e+00
289 7.663e-03 -9.700e-03 -9.137e-03 0.000e+00
290 -3.675e-03 9.401e-03 -7.462e-03 0.000e+00
291 -6.370e-03 1.097e-02 -3.040e-03 0.000e+00
292 6.241e-04 5.460e-03 -1.986e-02 0.000e+00
293 3.869e-03 -8.219e-03 3.095e-04 0.000e+00
294 -6.677e-03 2.217e-03 -7.868e-03 0.000e+00
295 -1.337e-02 -1.044e-02 -3.361e-03 0.000e+00
296 -8.826e-03 1.710e-03 -9.461e-03 0.000e+00
297 8.563e-03 -5.626e-03 -1.004e-02 0.000e+00
298 1.654e-02 -7.057e-03 -5.744e-03 0.000e+00
299 -1.564e-02 5.748e-03 -4.169e-03 0.000e+00
300 1.051e-02 -7.358e-03 -9.520e-03 0.000e+00
301 4.581e-03 6.944e-03 1.911e-03 0.000e+00
302 -7.694e-03 1.951e-03 -1.264e-03 0.000e+00
303 -8.444e-04 -3.229e-03 -7.571e-04 0.000e+00
304 1.846e-03 -9.450e-03 -1.221e-03 0.000e+00
305 -1.223e-03 3.584e-03 9.087e-03 0.000e+00
306 -8.376e-03 -9.620e-03 4.751e-04 0.000e+00
307 3.740e-03 7.838e-03 5.348e-03 0.000e+00
308 -3.598e-03 -9.776e-03 5.850e-03 0.000e+00
309 4.520e-04 -1.130e-03 6.626e-03 0.000e+00
310 -6.745e-03 -9.451e-03 -1.152e-02 0.000e+00
311 7.264e-04 -5.458e-03 -7.561e-04 0.000e+00
312 -1.342e-02 3.691e-03 6.043e-03 0.000e+00
313 2.608e-03 -9.465e-03 -6.701e-03 0.000e+00
314 8.502e-03 -5.918e-03 -1.585e-02 0.000e+00
315 1.973e-03 -8.879e-03 -3.498e-03 0.000e+00
316 5.870e-03 3.251e-03 -2.284e-03 0.000e+00
317 -8.709e-03 3.128e-03 6.906e-03 0.000e+00
318 -1.728e-02 1.368e-02 2.147e-03 9.442e+01
319 7.476e-04 -8.658e-03 -1.559e-02 0.000e+00
320 -3.302e-03 8.889e-03 8.228e-03 0.000e+00
321 8.463e-04 1.219e-02 -3.727e-03 9.915e+01
322 -1.018e-02 -5.155e-03 9.998e-03 0.000e+00
323 1.217e-02 7.204e-03 -3.204e-03 0.000e+00
324 7.299e-03 -9.146e-03 -1.187e-02 0.000e+00
325 -3.031e-03 8.837e-03 -2.823e-03 0.000e+00
326 2.438e-03 9.116e-03 -7.843e-03 0.000e+00
327 8.650e-03 -7.110e-03 1.159e-02 0.000e+00
328 -3.081e-03 2.326e-03 -3.756e-03 0.000e+00
329 1.010e-02 4.182e-04 3.086e-03 0.000e+00
330 -4.181e-03 -8.909e-03 -6.833e-03 0.000e+00
331 3.876e-03 9.753e-03 9.210e-04 0.000e+00
332 3.763e-03 5.228e-04 8.146e-03 0.000e+00
333 5.031e-03 -9.884e-03 1.306e-03 0.000e+00
334 -7.562e-03 5.780e-03 1.722e-03 0.000e+00
335 -3.981e-03 9.675e-03 7.926e-03 0.000e+00
336 -4.880e-04 1.460e-02 1.848e-02 -2.585e+01
337 -7.904e-03 7.750e-03 3.309e-04 0.000e+00
338 -1.726e-03 -9.535e-03 -6.163e-03 0.000e+00
339 3.156e-03 -7.543e-03 9.011e-04 0.000e+00
340 -5.254e-03 8.047e-03 7.089e-03 0.000e+00
341 -4.939e-03 -9.531e-03 1.021e-03 0.000e+00
342 -7.969e-03 -9.983e-03 1.111e-02 0.000e+00
343 -8.968e-03 -8.073e-03 5.521e-03 0.000e+00
344 -1.513e-03 8.874e-03 7.463e-04 0.000e+00
345 -9.067e-03 -9.606e-03 -7.554e-04 0.000e+00
346 -1.081e-02 -2.964e-04 1.490e-03 0.000e+00
347 -6.009e-03 -1.056e-02 4.447e-03 0.000e+00
348 -5.009e-03 -1.014e-02 3.688e-03 0.000e+00
349 6.951e-03 1.200e-02 2.091e-03 1.150e+02
350 -4.211e-03 -8.193e-03 4.807e-04 0.000e+00
351 -7.082e-03 7.520e-03 -6.634e-03 0.000e+00
352 4.587e-03 1.107e-02 -7.787e-03 0.000e+00
353 -1.377e-03 3.822e-03 4.098e-03 0.000e+00
354 -1.163e-03 9.738e-03 3.209e-03 0.000e+00
355 5.951e-03 1.071e-02 -1.589e-02 0.000e+00
356 -1.508e-03 9.614e-03 3.226e-03 0.000e+00
357 -2.498e-03 -1.568e-04 -7.275e-03 0.000e+00
358 2.169e-02 6.726e-03 1.634e-03 0.000e+00
359 5.606e-03 3.994e-03 1.292e-03 0.000e+00
360 1.617e-02 8.067e-03 5.160e-04 0.000e+00
361 -3.147e-03 1.223e-02 7.225e-03 6.318e+00
362 7.569e-03 -7.674e-03 -1.459e-02 0.000e+00
363 4.471e-03 2.956e-03 -4.776e-03 0.000e+00
364 -1.359e-03 -9.779e-03 -6.585e-03 0.000e+00
365 2.887e-03 5.939e-03 8.380e-03 0.000e+00
366 4.871e-03 4.926e-03 4.944e-03 0.000e+00
367 3.428e-03 -8.560e-03 7.158e-03 0.000e+00
368 1.071e-02 2.271e-03 -2.026e-03 0.000e+00
369 3.149e-03 9.230e-03 6.551e-03 0.000e+00
370 1.632e-02 -5.270e-03 -1.096e-02 0.000e+00
371 -1.621e-03 -7.757e-03 -2.676e-03 0.000e+00
372 6.432e-03 5.927e-03 4.065e-03 0.000e+00
373 4.800e-04 -8.652e-03 -6.731e-04 0.000e+00
374 3.162e-03 -5.779e-03 5.215e-04 0.000e+00
375 -6.018e-04 1.245e-02 2.558e-03 1.100e+02
376 -5.782e-04 8.874e-03 1.602e-02 0.000e+00
377 -1.284e-03 -5.038e-03 -4.264e-03 0.000e+00
378 4.207e-03 -1.018e-02 1.378e-03 0.000e+00
379 -1.625e-03 -6.410e-03 -1.860e-03 0.000e+00
380 1.202e-02 9.427e-03 6.023e-03 0.000e+00
381 6.427e-03 5.318e-03 -5.885e-03 0.000e+00
382 -6.795e-03 -9.274e-03 -4.311e-04 0.000e+00
383 -8.746e-03 -7.576e-03 1.976e-03 0.000e+00
384 5.129e-03 7.407e-03 -1.389e-03 0.000e+00
385 2.657e-03 5.167e-04 -7.212e-03 0.000e+00
386 -1.745e-03 -9.567e-03 1.324e-02 0.000e+00
387 3.833e-03 -5.097e-03 4.912e-03 0.000e+00
388 -4.309e-03 -5.193e-04 1.113e-02 0.000e+00
389 -2.122e-03 2.517e-04 -4.038e-03 0.000e+00
390 6.512e-03 1.394e-03 -3.810e-03 0.000e+00
391 3.587e-03 -9.826e-03 -1.112e-02 0.000e+00
392 2.239e-03 -8.101e-03 1.133e-02 0.000e+00
393 1.803e-02 9.905e-03 -8.127e-03 0.000e+00
394 1.275e-02 3.670e-03 3.896e-03 0.000e+00
395 9.520e-04 -7.881e-03 -8.142e-03 0.000e+00
396 -8.337e-03 -1.034e-02 8.818e-03 0.000e+00
397 3.133e-03 -7.701e-03 1.039e-04 0.000e+00
398 1.017e-02 2.175e-03 4.181e-03 0.000e+00
399 -2.702e-03 5.674e-03 -2.128e-03 0.000e+00
400 -5.441e-03 9.610e-03 -4.009e-04 0.000e+00
401 3.798e-03 -8.120e-03 6.090e-03 0.000e+00
402 -1.181e-02 2.877e-03 1.270e-03 0.000e+00
403 -4.402e-03 -1.064e-02 9.131e-03 0.000e+00
404 -3.094e-03 -9.534e-03 -1.478e-02 0.000e+00
405 1.462e-02 -8.772e-03 -6.148e-03 0.000e+00
406 -1.688e-03 1.142e-02 4.545e-03 0.000e+00
407 3.162e-03 -7.097e-04 1.346e-02 0.000e+00
408 1.637e-02 -6.145e-03 -1.345e-03 0.000e+00
409 2.538e-03 -1.050e-02 -1.013e-03 0.000e+00
410 -7.328e-03 9.041e-04 2.386e-03 0.000e+00
411 7.407e-03 -1.055e-02 -1.171e-02 0.000e+00
412 4.033e-03 -9.813e-03 7.376e-03 0.000e+00
413 9.080e-04 -9.397e-03 -1.996e-03 0.000e+00
414 -3.008e-03 6.947e-03 -4.676e-03 0.000e+00
415 4.062e-03 1.034e-03 5.546e-03 0.000e+00
416 -5.366e-03 9.787e-03 7.928e-03 0.000e+00
417 -1.388e-02 -5.086e-03 8.626e-03 0.000e+00
418 -3.045e-03 -9.642e-03 9.783e-03 0.000e+00
419 -1.301e-02 -1.045e-02 -7.305e-04 0.000e+00
420 -6.817e-03 -8.031e-03 -4.329e-03 0.000e+00
421 -5.752e-03 3.461e-03 6.691e-03 0.000e+00
422 -3.968e-03 1.399e-03 7.880e-03 0.000e+00
423 -5.125e-03 5.826e-03 1.201e-02 0.000e+00
424 1.544e-03 2.823e-03 3.411e-03 0.000e+00
425 5.015e-03 -8.082e-03 -5.147e-03 0.000e+00
426 3.219e-04 -6.563e-05 6.441e-03 0.000e+00
427 -6.904e-03 -9.131e-03 7.849e-03 0.000e+00
428 5.788e-03 -9.762e-03 -1.719e-02 0.000e+00
429 -1.125e-02 9.535e-03 -1.211e-02 0.000e+00
430 5.018e-03 -9.286e-03 -7.033e-03 0.000e+00
431 1.082e-02 -7.809e-03 1.581e-03 0.000e+00
432 5.454e-03 -9.927e-03 2.139e-03 0.000e+00
433 -1.121e-02 2.717e-03 -6.984e-03 0.000e+00
434 -9.036e-03 -1.025e-02 -1.352e-03 0.000e+00
435 6.528e-03 -9.821e-03 -1.848e-04 0.000e+00
436 -7.448e-03 7.567e-03 3.003e-03 0.000e+00
437 -2.634e-03 4.873e-03 -1.372e-02 0.000e+00
438 3.080e-03 3.193e-03 4.364e-03 0.000e+00
439 6.532e-03 -7.650e-03 6.996e-03 0.000e+00
440 4.673e-04 -9.341e-03 5.202e-03 0.000e+00
441 1.060e-02 -1.845e-03 -2.642e-03 0.000e+00
442 -3.978e-03 -7.884e-03 -5.720e-03 0.000e+00
443 -1.070e-02 -4.204e-03 -6.410e-03 0.000e+00
444 -7.453e-04 -7.720e-03 4.238e-03 0.000e+00
445 1.597e-02 -5.621e-03 4.332e-03 0.000e+00
446 -8.993e-03 -8.980e-03 2.839e-05 0.000e+00
447 6.151e-03 -9.309e-03 1.024e-02 0.000e+00
448 1.096e-02 -1.008e-02 5.405e-03 0.000e+00
449 -8.424e-03 1.443e-03 -6.658e-03 0.000e+00
450 -1.790e-03 -1.029e-02 2.969e-03 0.000e+00
451 -1.621e-03 -9.901e-03 1.489e-03 0.000e+00
452 -4.176e-03 8.531e-04 -6.959e-04 0.000e+00
453 -1.488e-03 -4.594e-03 1.189e-02 0.000e+00
454 1.269e-02 2.467e-03 -3.550e-03 0.000e+00
455 -9.885e-03 5.803e-03 1.051e-02 0.000e+00
456 6.562e-04 8.892e-03 7.564e-03 0.000e+00
457 7.834e-04 1.183e-03 -5.698e-03 0.000e+00
458 1.924e-03 -9.395e-03 3.438e-03 0.000e+00
459 -1.922e-02 8.144e-03 -6.391e-03 0.000e+00
460 -5.065e-03 -9.257e-03 -7.677e-03 0.000e+00
461 2.195e-03 1.706e-03 -4.475e-03 0.000e+00
462 -3.455e-03 1.383e-02 -5.280e-05 -4.367e+01
463 -7.859e-04 -5.884e-03 -5.805e-03 0.000e+00
464 1.304e-02 3.250e-03 -3.306e-03 0.000e+00
465 -5.319e-03 1.347e-02 -7.305e-03 1.350e+02
466 5.934e-04 2.332e-03 1.200e-02 0.000e+00
467 -1.036e-02 3.281e-03 2.214e-03 0.000e+00
468 -7.531e-04 1.613e-03 8.024e-03 0.000e+00
469 -7.255e-03 2.007e-03 -5.362e-03 0.000e+00
470 -6.942e-04 1.231e-03 -2.330e-03 0.000e+00
471 -8.456e-03 6.441e-03 9.349e-03 0.000e+00
472 -9.196e-03 -9.388e-03 -4.244e-04 0.000e+00
473 -7.367e-04 6.375e-03 9.253e-03 0.000e+00
474 -3.003e-03 -1.056e-02 -4.082e-03 0.000e+00
475 -6.216e-04 1.431e-03 1.087e-02 0.000e+00
476 -5.596e-03 -6.063e-03 6.556e-03 0.000e+00
477 -7.489e-03 -1.633e-03 5.826e-03 0.000e+00
478 2.185e-03 -5.365e-03 6.293e-03 0.000e+00
479 -2.998e-03 -5.956e-03 1.876e-03 0.000e+00
480 -2.330e-02 -3.800e-03 -7.537e-03 0.000e+00
481 7.451e-03 -1.860e-03 -7.179e-03 0.000e+00
482 -2.943e-04 1.137e-02 6.286e-03 0.000e+00
483 -1.334e-02 2.407e-03 -1.053e-02 0.000e+00
484 -7.680e-03 9.381e-03 7.182e-03 0.000e+00
485 -5.090e-03 7.624e-04 1.426e-04 0.000e+00
486 -2.658e-03 1.603e-03 6.681e-03 0.000e+00
487 5.214e-03 -9.598e-04 7.885e-03 0.000e+00
488 7.947e-03 -1.038e-03 1.204e-02 0.000e+00
489 -1.467e-02 1.722e-02 1.883e-03 7.331e+01
490 -8.203e-03 8.517e-03 -8.529e-03 0.000e+00
491 -5.105e-03 8.554e-03 2.971e-03 0.000e+00
492 -1.141e-02 1.670e-02 -7.984e-03 -4.051e+01
493 -9.380e-03 1.456e-02 5.696e-03 1.326e+02
494 4.041e-03 -1.028e-02 1.446e-02 0.000e+00
495 -8.761e-03 -8.920e-03 -2.352e-04 0.000e+00
496 -1.457e-02 -8.083e-03 -9.469e-03 0.000e+00
497 2.956e-03 1.097e-02 4.022e-03 0.000e+00
498 -1.526e-02 1.475e-02 3.320e-03 8.127e+01
499 -2.287e-03 -1.055e-03 -4.491e-03 0.000e+00
500 -1.720e-03 8.272e-03 7.320e-03 0.000e+00
501 -3.169e-03 1.037e-02 4.619e-03 0.000e+00
502 -1.404e-02 1.168e-02 1.932e-03 0.000e+00
503 -6.670e-03 -5.102e-03 2.010e-03 0.000e+00
504 -9.527e-03 -9.393e-03 4.266e-04 0.000e+00
505 7.719e-03 6.506e-03 -5.585e-03 0.000e+00
506 -5.350e-03 -1.029e-02 -6.067e-03 0.000e+00
507 7.517e-03 -9.765e-03 -3.342e-03 0.000e+00
508 -1.260e-02 -7.189e-03 1.378e-02 0.000e+00
509 1.030e-03 -1.017e-02 -1.908e-03 0.000e+00
510 1.883e-02 2.264e-03 2.478e-03 0.000e+00
511 -4.252e-03 9.313e-03 1.324e-02 0.000e+00
512 -7.810e-03 1.140e-02 -1.831e-03 0.000e+00
513 -1.329e-02 1.579e-02 1.161e-03 -1.208e+00
514 3.777e-03 -9.890e-03 -4.137e-03 0.000e+00
515 -5.391e-03 1.306e-02 2.174e-03 1.196e+02
516 -1.035e-04 -1.062e-02 1.241e-02 0.000e+00
517 -1.510e-03 1.555e-03 -1.433e-03 0.000e+00
518 -4.868e-03 2.361e-03 -8.870e-03 0.000e+00
519 1.061e-03 8.146e-03 -1.953e-03 0.000e+00
520 -4.466e-03 -1.875e-03 2.434e-03 0.000e+00
521 2.456e-03 7.522e-03 -1.697e-04 0.000e+00
522 1.017e-03 -6.409e-03 -3.788e-03 0.000e+00
523 -1.006e-02 4.460e-03 8.101e-03 0.000e+00
524 8.144e-03 4.688e-03 -1.880e-03 0.000e+00
525 -1.210e-03 -7.852e-03 -1.023e-03 0.000e+00
526 -1.079e-02 -7.673e-03 -1.864e-03 0.000e+00
527 -3.386e-04 1.489e-02 -3.336e-03 -3.378e+01
528 -2.035e-02 1.576e-03 2.542e-03 0.000e+00
529 1.875e-03 2.755e-03 1.048e-02 0.000e+00
530 -5.503e-03 1.080e-02 -1.441e-03 0.000e+00
531 1.245e-02 5.839e-03 -1.863e-02 0.000e+00
532 1.305e-02 -9.725e-03 -1.194e-02 0.000e+00
533 4.580e-04 -1.028e-02 -8.800e-03 0.000e+00
534 -1.540e-02 5.929e-03 9.601e-03 0.000e+00
535 9.067e-04 -1.061e-03 -5.976e-03 0.000e+00
536 -9.526e-03 -6.918e-03 -1.217e-03 0.000e+00
537 -4.064e-03 6.597e-03 -1.609e-03 0.000e+00
538 -1.083e-02 -6.915e-03 -6.774e-03 0.000e+00
539 -9.269e-03 6.571e-04 2.422e-02 0.000e+00
540 1.906e-03 4.728e-03 6.529e-03 0.000e+00
541 -9.947e-04 -5.704e-03 1.292e-03 0.000e+00
542 -1.653e-03 -8.296e-03 -5.422e-03 0.000e+00
543 -2.935e-03 1.064e-02 2.046e-03 0.000e+00
544 6.021e-03 4.654e-03 6.442e-03 0.000e+00
545 -5.560e-03 -9.243e-03 -4.940e-03 0.000e+00
546 -8.862e-03 2.823e-03 -5.068e-03 0.000e+00
547 -1.283e-02 5.857e-03 -3.340e-03 0.000e+00
548 -1.736e-04 -6.375e-03 4.905e-04 0.000e+00
549 1.884e-03 1.607e-03 -1.116e-02 0.000e+00
550 -1.282e-02 -9.162e-03 6.921e-04 0.000e+00
551 -1.090e-02 1.345e-03 4.485e-03 0.000e+00
552 -1.630e-03 -9.080e-03 8.025e-03 0.000e+00
553 -7.216e-03 5.241e-03 -1.529e-05 0.000e+00
554 -8.743e-03 -9.866e-03 7.370e-03 0.000e+00
555 5.132e-03 5.158e-03 -5.319e-03 0.000e+00
556 -3.997e-03 2.048e-03 4.910e-03 0.000e+00
557 2.633e-03 -8.687e-03 -6.241e-03 0.000e+00
558 -4.814e-03 -7.467e-03 -3.480e-03 0.000e+00
559 -8.746e-03 -1.064e-02 -3.476e-03 0.000e+00
560 -9.912e-03 -5.663e-03 -1.325e-03 0.000e+00
561 -4.028e-03 -7.282e-03 3.843e-03 0.000e+00
562 1.675e-03 -1.020e-02 3.867e-03 0.000e+00
563 -7.378e-03 4.743e-03 -1.136e-02 0.000e+00
564 2.863e-03 4.912e-03 -2.723e-03 0.000e+00
565 3.150e-03 -1.066e-02 -7.479e-03 0.000e+00
566 -6.343e-03 -8.212e-03 3.529e-03 0.000e+00
567 -1.200e-02 -8.249e-03 1.297e-02 0.000e+00
568 -1.386e-02 -5.623e-03 -3.430e-03 0.000e+00
569 -4.962e-03 7.710e-03 -1.428e-02 0.000e+00
570 -7.106e-03 1.408e-03 -2.504e-03 0.000e+00
571 -4.361e-03 -5.215e-03 4.322e-03 0.000e+00
572 1.121e-02 1.144e-02 1.403e-02 0.000e+00
573 -9.585e-04 4.737e-03 1.017e-02 0.000e+00
574 -3.084e-03 3.658e-03 1.088e-03 0.000e+00
575 9.065e-04 -7.981e-03 1.042e-02 0.000e+00
576 -9.196e-03 9.733e-03 1.019e-02 0.000e+00
577 4.940e-03 -8.356e-03 -2.115e-03 0.000e+00
578 -3.928e-03 -1.004e-02 -7.009e-04 0.000e+00
579 -6.426e-03 1.373e-02 1.009e-02 5.012e+01
580 -9.291e-03 -8.674e-03 2.837e-04 0.000e+00
581 -6.048e-03 -1.010e-02 -1.182e-02 0.000e+00
582 1.765e-02 6.012e-05 -5.295e-03 0.000e+00
583 1.783e-03 -1.040e-02 -1.513e-02 0.000e+00
584 -3.437e-03 9.574e-03 5.899e-03 0.000e+00
585 -4.353e-04 -9.415e-03 2.551e-04 0.000e+00
586 -6.606e-03 -9.057e-03 8.829e-03 0.000e+00
587 1.175e-03 1.129e-03 1.062e-02 0.000e+00
588 -4.709e-03 4.487e-03 5.139e-03 0.000e+00
589 -3.456e-04 -9.991e-03 9.077e-04 0.000e+00
590 -6.511e-03 -9.174e-03 7.726e-03 0.000e+00
591 -6.391e-03 -2.631e-03 -3.556e-03 0.000e+00
592 1.020e-02 1.873e-02 1.807e-04 -1.227e+00
593 -7.470e-03 -1.690e-03 -1.069e-02 0.000e+00
594 6.429e-05 1.194e-02 -4.879e-03 7.193e+01
595 1.502e-03 7.963e-03 2.063e-03 0.000e+00
596 -1.100e-02 -1.033e-02 5.420e-03 0.000e+00
597 -7.689e-03 5.144e-04 -1.028e-02 0.000e+00
598 6.103e-04 2.262e-03 -5.720e-03 0.000e+00
599 -2.160e-03 -7.799e-03 -2.224e-03 0.000e+00
600 9.155e-03 -6.658e-03 -2.755e-03 0.000e+00
601 -8.404e-03 -1.032e-02 -4.373e-04 0.000e+00
602 -8.631e-03 -1.060e-02 6.083e-03 0.000e+00
603 4.365e-04 -1.175e-03 7.369e-03 0.000e+00
604 9.389e-03 2.986e-03 1.182e-02 0.000e+00
605 2.525e-03 4.700e-03 2.833e-03 0.000e+00
606 -5.986e-03 -1.040e-02 2.082e-03 0.000e+00
607 -7.153e-03 9.164e-03 -8.774e-03 0.000e+00
608 -4.035e-04 -4.725e-03 7.043e-03 0.000e+00
609 -2.634e-03 -7.038e-03 3.430e-04 0.000e+00
610 -8.821e-03 6.573e-03 -1.321e-02 0.000e+00
611 8.348e-03 -1.043e-02 -2.148e-03 0.000e+00
612 6.070e-03 9.814e-04 8.251e-03 0.000e+00
613 -5.386e-03 -1.057e-02 2.642e-03 0.000e+00
614 -5.945e-04 -4.970e-03 7.117e-03 0.000e+00
615 -3.965e-03 7.566e-03 6.357e-03 0.000e+00
616 -4.365e-03 3.994e-03 5.599e-03 0.000e+00
617 -2.137e-02 1.420e-03 -7.233e-03 0.000e+00
618 -6.246e-03 1.120e-02 -1.815e-03 0.000e+00
619 -1.124e-03 7.628e-03 1.519e-02 0.000e+00
620 -4.258e-03 9.665e-03 -7.108e-03 0.000e+00
621 -1.583e-02 -8.958e-03 3.497e-03 0.000e+00
622 -1.763e-03 8.307e-03 -8.949e-03 0.000e+00
623 -2.360e-03 1.673e-03 5.403e-03 0.000e+00
624 -1.114e-02 -1.058e-02 -8.371e-03 0.000e+00
625 -1.100e-02 -5.854e-03 4.078e-03 0.000e+00
626 -7.387e-03 -1.048e-02 -9.774e-03 0.000e+00
627 4.816e-04 -8.182e-03 1.283e-03 0.000e+00
628 -1.121e-02 -1.857e-05 8.070e-03 0.000e+00
629 1.143e-02 1.939e-02 7.778e-04 -4.113e+01
630 -2.617e-03 -9.942e-03 3.195e-03 0.000e+00
631 -9.450e-03 -1.065e-02 6.413e-03 0.000e+00
632 -5.554e-03 -4.763e-03 -9.051e-03 0.000e+00
633 5.394e-03 1.161e-02 7.689e-04 0.000e+00
634 -5.675e-04 2.690e-03 -5.481e-03 0.000e+00
635 5.961e-03 -9.182e-03 1.589e-03 0.000e+00
636 -8.454e-04 8.520e-03 1.005e-02 0.000e+00
637 5.764e-03 1.059e-03 4.126e-03 0.000e+00
638 8.891e-03 8.413e-03 3.959e-03 0.000e+00
639 -1.356e-02 -9.735e-03 7.216e-03 0.000e+00
640 -7.929e-03 -7.826e-03 2.672e-03 0.000e+00
641 -2.845e-03 -2.357e-04 6.978e-03 0.000e+00
642 -1.587e-03 -1.001e-02 3.036e-03 0.000e+00
643 5.299e-03 1.238e-02 5.167e-03 1.166e+02
644 -8.002e-03 5.632e-03 -8.636e-03 0.000e+00
645 -4.147e-03 1.053e-02 -5.920e-04 0.000e+00
646 8.253e-03 1.022e-02 -1.358e-02 0.000e+00
647 1.021e-03 -7.836e-03 2.812e-03 0.000e+00
648 -3.486e-03 9.086e-03 -8.398e-04 0.000e+00
649 2.935e-03 2.235e-03 3.165e-03 0.000e+00
650 -1.043e-02 5.520e-03 4.877e-03 0.000e+00
651 8.996e-04 2.489e-03 5.197e-03 0.000e+00
652 -6.448e-03 -7.881e-03 1.343e-03 0.000e+00
653 -1.840e-02 -1.133e-04 -4.884e-03 0.000e+00
654 5.568e-04 6.472e-03 -4.715e-04 0.000e+00
655 -5.203e-03 1.356e-02 -6.903e-03 7.987e+01
656 1.949e-03 1.431e-03 2.106e-03 0.000e+00
657 -1.431e-02 -9.412e-03 7.615e-03 0.000e+00
658 -4.356e-03 -6.650e-03 -1.056e-03 0.000e+00
659 4.237e-04 -7.968e-03 -1.511e-03 0.000e+00
660 6.562e-03 -5.304e-03 1.526e-02 0.000e+00
661 -1.361e-02 -9.654e-03 4.866e-03 0.000e+00
662 -2.817e-03 -8.750e-03 6.878e-03 0.000e+00
663 -6.222e-04 3.963e-03 -4.651e-03 0.000e+00
664 -2.203e-03 6.845e-03 -2.374e-03 0.000e+00
665 -6.400e-03 9.502e-03 4.430e-03 0.000e+00
666 -1.622e-03 -1.001e-02 -4.709e-03 0.000e+00
667 -1.065e-02 -1.018e-02 7.128e-03 0.000e+00
668 -1.491e-03 4.791e-04 -9.291e-03 0.000e+00
669 -2.597e-03 -1.012e-02 -2.777e-03 0.000e+00
670 -1.203e-02 -9.094e-03 1.372e-02 0.000e+00
671 4.183e-03 -8.972e-03 -1.106e-02 0.000e+00
672 5.001e-03 -9.165e-03 -7.979e-03 0.000e+00
673 1.106e-02 -9.290e-04 -6.790e-05 0.000e+00
674 -1.945e-03 1.050e-02 -4.946e-03 0.000e+00
675 -3.604e-03 7.648e-03 1.794e-03 0.000e+00
676 -1.105e-02 6.723e-03 5.728e-03 0.000e+00
677 5.281e-03 1.723e-02 -5.041e-03 1.314e+02
678 -3.093e-03 3.703e-03 1.615e-03 0.000e+00
679 7.738e-03 1.571e-02 2.212e-03 4.226e+01
680 6.905e-03 2.204e-03 -3.449e-03 0.000e+00
681 5.077e-03 4.805e-03 -5.814e-03 0.000e+00
682 -3.499e-03 -9.653e-03 2.233e-03 0.000e+00
683 2.737e-03 -7.036e-03 -7.664e-03 0.000e+00
684 9.319e-03 1.089e-02 3.862e-03 0.000e+00
685 1.947e-03 -7.817e-03 -1.230e-03 0.000e+00
686 6.029e-03 -1.014e-02 -5.938e-03 0.000e+00
687 -5.430e-03 3.292e-04 6.661e-03 0.000e+00
688 -1.809e-03 -7.205e-03 6.893e-03 0.000e+00
689 -7.907e-03 7.937e-03 2.191e-03 0.000e+00
690 -9.036e-03 -1.410e-03 1.438e-03 0.000e+00
691 -1.608e-02 6.946e-03 -4.079e-05 0.000e+00
692 6.141e-03 -9.753e-03 9.708e-03 0.000e+00
693 4.620e-03 4.828e-03 -9.259e-03 0.000e+00
694 -1.534e-03 -9.744e-03 -7.979e-03 0.000e+00
695 -5.457e-03 1.221e-03 4.881e-03 0.000e+00
696 1.121e-02 1.089e-02 -1.124e-02 0.000e+00
697 5.508e-03 6.713e-03 1.386e-02 0.000e+00
698 -6.900e-03 1.250e-02 -6.738e-03 4.669e+01
699 3.027e-03 -8.742e-03 -5.725e-03 0.000e+00
700 -7.391e-03 5.153e-03 -3.625e-03 0.000e+00
701 5.558e-03 3.548e-03 5.517e-03 0.000e+00
702 -7.341e-04 -7.135e-03 3.558e-03 0.000e+00
703 3.356e-03 8.013e-03 4.833e-03 0.000e+00
704 4.100e-03 4.934e-03 9.861e-03 0.000e+00
705 3.375e-03 1.137e-03 -1.694e-03 0.000e+00
706 5.910e-04 -9.372e-03 -9.644e-03 0.000e+00
707 -1.484e-02 9.261e-03 1.997e-04 0.000e+00
708 9.434e-03 -7.137e-03 7.559e-03 0.000e+00
709 1.201e-02 3.935e-03 -3.047e-03 0.000e+00
710 -6.559e-03 -1.037e-02 -1.733e-02 0.000e+00
711 -1.514e-02 -1.055e-02 -6.527e-03 0.000e+00
712 -1.937e-02 -7.571e-03 4.277e-04 0.000e+00
713 7.746e-03 -7.100e-03 -4.692e-03 0.000e+00
714 -8.617e-04 1.343e-02 -4.074e-03 5.019e+01
715 -5.827e-03 5.026e-03 -1.196e-02 0.000e+00
716 -9.902e-03 2.515e-03 6.100e-03 0.000e+00
717 3.250e-03 -5.079e-03 -4.539e-03 0.000e+00
718 1.157e-02 1.295e-02 -1.069e-03 5.868e+01
719 -5.609e-03 -7.693e-03 6.317e-03 0.000e+00
720 4.434e-03 -7.594e-03 3.307e-03 0.000e+00
721 -7.924e-03 -6.899e-04 1.425e-03 0.000e+00
722 1.010e-03 -3.935e-04 -9.157e-04 0.000e+00
723 1.434e-02 -9.121e-03 8.616e-03 0.000e+00
724 3.560e-03 -6.691e-03 3.206e-03 0.000e+00
725 4.163e-03 -1.007e-02 1.520e-02 0.000e+00
726 -2.551e-03 1.028e-02 -2.162e-03 0.000e+00
727 -2.910e-04 -8.657e-03 5.211e-03 0.000e+00
728 9.525e-04 -8.358e-03 -5.161e-03 0.000e+00
729 1.036e-02 -5.007e-03 8.250e-03 0.000e+00
730 5.774e-03 -9.445e-03 2.654e-03 0.000e+00
731 6.305e-03 8.087e-05 -7.288e-03 0.000e+00
732 2.323e-03 -5.786e-03 2.007e-03 0.000e+00
733 9.383e-03 7.622e-03 3.663e-03 0.000e+00
734 -6.931e-03 9.851e-03 -4.318e-03 0.000e+00
735 5.149e-03 3.705e-03 7.811e-03 0.000e+00
736 -3.046e-03 -6.233e-03 -6.193e-03 0.000e+00
737 5.049e-03 -4.018e-03 -1.034e-03 0.000e+00
738 -4.883e-03 -4.452e-03 5.087e-03 0.000e+00
739 5.146e-04 9.414e-03 -4.523e-03 0.000e+00
740 5.924e-03 -1.909e-03 -9.538e-03 0.000e+00
741 -7.952e-03 -8.586e-03 4.218e-03 0.000e+00
742 -5.642e-05 6.977e-03 -6.377e-03 0.000e+00
743 -5.980e-03 -5.604e-03 9.687e-03 0.000e+00
744 -3.456e-03 5.396e-03 5.510e-03 0.000e+00
745 3.772e-03 -2.825e-04 -1.714e-02 0.000e+00
746 -5.286e-03 -8.784e-03 -2.929e-03 0.000e+00
747 -3.994e-03 3.161e-03 8.313e-03 0.000e+00
748 5.157e-04 -8.347e-03 -4.579e-03 0.000e+00
749 8.281e-03 -1.037e-02 -1.002e-02 0.000e+00
750 4.781e-03 2.188e-02 2.970e-03 1.051e+02
751 2.493e-04 -4.035e-04 2.909e-03 0.000e+00
752 -3.839e-03 1.208e-03 -7.744e-03 0.000e+00
753 3.079e-03 -7.963e-03 3.645e-03 0.000e+00
754 1.974e-03 -8.397e-03 1.626e-02 0.000e+00
755 -3.319e-03 8.022e-03 8.328e-03 0.000e+00
756 8.479e-04 4.724e-03 -2.469e-03 0.000e+00
757 3.142e-03 -7.823e-03 -5.057e-03 0.000e+00
758 7.924e-03 -7.409e-04 1.343e-02 0.000e+00
759 -4.034e-03 -7.928e-03 3.538e-03 0.000e+00
760 8.363e-03 4.064e-03 7.817e-03 0.000e+00
761 5.661e-03 -9.489e-03 6.357e-03 0.000e+00
762 -3.968e-03 -5.793e-03 -7.909e-03 0.000e+00
763 -1.005e-02 8.985e-03 6.235e-03 0.000e+00
764 -9.149e-03 1.249e-02 4.420e-03 1.090e+02
765 -1.671e-02 -5.847e-03 -1.897e-03 0.000e+00
766 -3.324e-03 -3.717e-03 -1.255e-03 0.000e+00
767 -2.329e-03 1.530e-02 7.168e-03 7.104e+01
768 1.179e-02 -7.075e-03 8.224e-03 0.000e+00
769 -4.361e-03 1.117e-02 8.775e-03 0.000e+00
770 -7.035e-04 1.546e-03 -5.874e-03 0.000e+00
771 1.931e-03 2.016e-03 -2.140e-03 0.000e+00
772 2.686e-03 4.263e-03 3.883e-03 0.000e+00
773 -1.049e-02 -6.921e-03 -6.411e-03 0.000e+00
774 -4.280e-03 -9.772e-03 2.034e-03 0.000e+00
775 -5.073e-03 -8.492e-03 8.721e-03 0.000e+00
776 1.087e-02 -9.691e-03 -1.002e-02 0.000e+00
777 8.372e-03 4.280e-03 -5.287e-03 0.000e+00
778 -6.346e-03 1.492e-02 1.035e-02 -1.183e+01
779 -1.258e-02 -8.897e-03 1.026e-02 0.000e+00
780 1.215e-02 4.475e-04 -9.801e-03 0.000e+00
781 -1.623e-03 1.232e-02 2.703e-03 8.794e+01
782 1.514e-02 -9.647e-03 -3.485e-03 0.000e+00
783 1.290e-04 5.063e-03 8.026e-03 0.000e+00
784 1.870e-02 -1.059e-02 -3.414e-03 0.000e+00
785 3.077e-03 -9.941e-03 9.858e-04 0.000e+00
786 -1.689e-02 3.824e-03 -7.165e-03 0.000e+00
787 -3.598e-04 6.487e-03 2.408e-02 0.000e+00
788 1.036e-02 1.272e-02 4.645e-03 -3.296e+01
789 6.617e-03 1.179e-02 -4.300e-03 0.000e+00
790 1.096e-03 -9.399e-03 -7.408e-03 0.000e+00
791 1.518e-02 -9.347e-03 -7.945e-05 0.000e+00
792 -5.678e-04 2.898e-03 -2.610e-03 0.000e+00
793 -6.517e-03 -4.795e-03 -1.916e-03 0.000e+00
794 1.087e-02 -9.108e-03 -2.077e-03 0.000e+00
795 5.593e-03 -6.326e-03 -6.650e-03 0.000e+00
796 1.515e-03 -1.063e-02 -2.752e-03 0.000e+00
797 -1.619e-03 -9.570e-03 -7.775e-03 0.000e+00
798 -6.625e-03 1.349e-02 -8.956e-03 1.224e+02
799 1.069e-03 7.106e-03 -1.242e-03 0.000e+00
800 -7.739e-04 -1.056e-02 -1.433e-03 0.000e+00
801 6.412e-03 -8.972e-03 6.415e-03 0.000e+00
802 5.771e-03 -4.060e-03 4.868e-03 0.000e+00
803 -3.183e-03 -7.328e-03 -1.609e-02 0.000e+00
804 -3.663e-03 5.274e-03 -1.322e-03 0.000e+00
805 -3.832e-04 -7.067e-03 4.355e-04 0.000e+00
806 -4.200e-03 -1.002e-03 8.125e-03 0.000e+00
807 -6.743e-03 1.916e-03 -1.869e-03 0.000e+00
808 -1.783e-03 -2.432e-03 -7.338e-03 0.000e+00
809 -6.082e-03 3.910e-03 4.657e-04 0.000e+00
810 1.366e-02 6.432e-03 5.857e-03 0.000e+00
811 -6.796e-03 -9.480e-03 2.597e-03 0.000e+00
812 3.684e-03 -8.356e-03 3.178e-04 0.000e+00
813 1.751e-03 -6.246e-03 -5.825e-03 0.000e+00
814 1.467e-03 -7.363e-03 -7.142e-04 0.000e+00
815 1.520e-02 -8.450e-03 1.835e-03 0.000e+00
816 8.309e-03 7.776e-03 5.717e-03 0.000e+00
817 -1.398e-04 2.729e-03 -2.366e-03 0.000e+00
818 1.233e-02 8.966e-03 -1.204e-03 0.000e+00
819 9.697e-03 -5.860e-03 1.803e-02 0.000e+00
820 1.090e-02 9.205e-03 -6.998e-03 0.000e+00
821 3.926e-03 5.417e-03 4.213e-03 0.000e+00
822 1.325e-02 4.126e-03 -1.324e-02 0.000e+00
823 -5.630e-03 2.859e-04 -3.439e-03 0.000e+00
824 -1.069e-03 1.096e-03 6.084e-03 0.000e+00
825 9.635e-03 -4.384e-04 -1.701e-03 0.000e+00
826 3.044e-03 -7.643e-03 -6.300e-03 0.000e+00
827 -6.022e-04 6.848e-03 3.920e-03 0.000e+00
828 4.900e-03 1.741e-03 1.076e-03 0.000e+00
829 4.104e-03 -8.278e-03 -1.422e-03 0.000e+00
830 -5.600e-04 5.949e-03 -8.212e-03 0.000e+00
831 7.943e-03 -7.457e-03 -8.627e-03 0.000e+00
832 4.865e-03 -1.026e-02 2.513e-03 0.000e+00
833 -8.437e-03 6.321e-03 -5.825e-03 0.000e+00
834 -1.130e-03 9.352e-04 -1.100e-04 0.000e+00
835 1.194e-03 -9.266e-03 4.985e-03 0.000e+00
836 1.300e-02 3.623e-03 -1.747e-02 0.000e+00
837 -1.107e-02 1.251e-02 -5.256e-03 9.974e+01
838 1.480e-02 -1.040e-02 -1.859e-03 0.000e+00
839 6.969e-03 6.791e-03 4.164e-03 0.000e+00
840 -2.178e-03 3.807e-03 6.031e-03 0.000e+00
841 -1.859e-03 -8.869e-03 2.106e-03 0.000e+00
842 4.041e-03 5.961e-03 -4.211e-03 0.000e+00
843 -2.536e-03 5.309e-03 -9.091e-03 0.000e+00
844 -1.222e-03 2.099e-03 1.650e-03 0.000e+00
845 1.836e-03 7.760e-03 -1.677e-04 0.000e+00
846 -1.388e-03 4.323e-03 5.069e-03 0.000e+00
847 6.829e-03 4.044e-03 -1.550e-02 0.000e+00
848 -4.073e-03 8.026e-03 6.812e-03 0.000e+00
849 6.504e-03 -8.440e-03 1.703e-03 0.000e+00
850 -2.065e-03 -7.289e-03 1.356e-02 0.000e+00
851 -9.819e-03 -9.269e-03 -1.457e-02 0.000e+00
852 1.696e-03 7.341e-04 5.625e-03 0.000e+00
853 -2.234e-03 1.401e-02 6.128e-03 1.624e-01
854 1.017e-02 -7.310e-03 -2.628e-03 0.000e+00
855 -2.690e-03 -7.553e-03 -4.312e-03 0.000e+00
856 -1.679e-03 -8.874e-03 -9.102e-03 0.000e+00
857 1.720e-04 1.598e-03 1.250e-04 0.000e+00
858 -1.804e-03 -5.451e-03 6.859e-03 0.000e+00
859 -1.652e-03 -1.007e-02 -3.050e-03 0.000e+00
860 1.055e-02 -9.112e-03 2.071e-03 0.000e+00
861 3.907e-03 2.190e-03 9.098e-05 0.000e+00
862 -6.982e-03 9.955e-03 -1.209e-02 0.000e+00
863 3.263e-04 1.001e-02 4.920e-03 0.000e+00
864 3.714e-04 -5.656e-04 5.228e-03 0.000e+00
865 6.838e-03 -8.355e-04 1.935e-02 0.000e+00
866 -2.513e-03 -1.054e-02 -1.742e-03 0.000e+00
867 8.643e-03 7.020e-03 4.273e-03 0.000e+00
868 -9.419e-03 7.635e-03 -6.663e-06 0.000e+00
869 1.212e-02 -7.812e-03 6.013e-03 0.000e+00
870 2.857e-03 1.030e-02 -1.050e-02 0.000e+00
871 -5.786e-03 3.800e-04 2.519e-03 0.000e+00
872 -1.684e-03 -8.684e-03 -1.458e-02 0.000e+00
873 -3.027e-03 1.522e-02 -1.598e-03 5.858e+01
874 1.237e-02 -9.663e-03 5.126e-03 0.000e+00
875 -1.776e-03 -8.497e-03 1.248e-02 0.000e+00
876 3.281e-03 4.092e-03 2.181e-03 0.000e+00
877 4.204e-03 2.307e-03 3.360e-03 0.000e+00
878 -2.875e-04 4.256e-03 6.269e-03 0.000e+00
879 -6.007e-03 8.934e-03 -3.779e-03 0.000e+00
880 -4.547e-03 -4.962e-03 -2.423e-03 0.000e+00
881 -5.100e-04 -1.013e-02 3.092e-03 0.000e+00
882 3.696e-03 1.496e-02 -1.074e-03 4.601e+00
883 -8.302e-03 -6.890e-03 4.156e-03 0.000e+00
884 -3.616e-03 -8.513e-03 -2.739e-03 0.000e+00
885 3.772e-03 -8.170e-03 1.135e-02 0.000e+00
886 -6.796e-03 -8.476e-03 9.393e-03 0.000e+00
887 -1.130e-02 1.011e-02 8.268e-03 0.000e+00
888 -1.230e-03 4.121e-03 -8.458e-03 0.000e+00
889 -6.606e-03 1.756e-03 -1.891e-03 0.000e+00
890 -4.244e-03 -1.017e-02 -5.041e-03 0.000e+00
891 -2.569e-03 -5.388e-03 -4.382e-04 0.000e+00
892 -9.188e-04 3.634e-03 3.560e-03 0.000e+00
893 -8.873e-04 3.388e-03 1.015e-03 0.000e+00
894 -4.889e-03 6.755e-03 -1.155e-03 0.000e+00
895 3.437e-03 1.414e-02 1.559e-03 4.304e+01
896 5.262e-03 6.963e-03 1.130e-02 0.000e+00
897 1.534e-02 9.372e-03 3.097e-04 0.000e+00
898 -1.334e-03 7.730e-04 7.510e-04 0.000e+00
899 4.970e-03 4.267e-03 5.242e-03 0.000e+00
900 4.314e-04 -9.265e-03 -1.162e-03 0.000e+00
901 -3.756e-03 5.366e-03 -7.162e-03 0.000e+00
902 -5.718e-03 1.613e-03 -8.204e-03 0.000e+00
903 -1.666e-02 -9.010e-03 -1.024e-03 0.000e+00
904 3.887e-03 2.856e-03 -7.715e-03 0.000e+00
905 6.619e-03 1.543e-04 2.795e-03 0.000e+00
906 1.570e-02 -9.045e-04 -5.513e-03 0.000e+00
907 2.054e-03 -9.735e-03 3.973e-04 0.000e+00
908 -6.691e-03 4.569e-04 -4.104e-03 0.000e+00
909 -4.297e-03 1.047e-03 -4.907e-03 0.000e+00
910 -4.930e-04 6.291e-03 -3.842e-03 0.000e+00
911 8.711e-03 -7.963e-03 1.163e-02 0.000e+00
912 1.006e-03 -6.411e-03 -5.504e-03 0.000e+00
913 7.406e-04 -2.213e-03 -2.636e-03 0.000e+00
914 -2.621e-03 -2.016e-04 7.757e-03 0.000e+00
915 -9.970e-03 4.307e-03 2.740e-03 0.000e+00
916 6.655e-03 -9.499e-03 -4.926e-03 0.000e+00
917 2.371e-03 7.181e-03 4.260e-04 0.000e+00
918 1.726e-02 -6.819e-03 1.124e-02 0.000e+00
919 7.673e-03 -1.052e-02 -5.530e-04 0.000e+00
920 2.537e-02 7.902e-03 5.447e-03 0.000e+00
921 4.662e-02 2.790e-03 -4.680e-03 0.000e+00
922 7.144e-02 3.008e-03 -8.179e-04 0.000e+00
923 9.931e-02 3.694e-04 9.721e-03 0.000e+00
924 1.416e-01 1.267e-02 -4.536e-03 6.662e+00
925 2.000e-01 1.073e-02 -3.574e-03 0.000e+00
926 2.352e-01 8.249e-03 8.154e-03 0.000e+00
927 2.856e-01 4.741e-02 -8.892e-05 1.819e+01
928 2.728e-01 8.526e-02 -2.239e-02 8.385e+00
929 2.438e-01 9.526e-02 2.535e-03 8.582e+00
930 2.237e-01 1.158e-01 -6.674e-03 1.208e+01
931 1.882e-01 9.798e-02 1.267e-03 1.285e+01
932 1.527e-01 1.056e-01 1.507e-02 1.699e+01
933 1.344e-01 8.299e-02 6.776e-03 2.626e+01
934 1.047e-01 6.641e-02 8.441e-03 2.234e+01
935 9.461e-02 6.959e-02 1.081e-02 2.815e+01
936 9.099e-02 6.236e-02 4.866e-03 3.075e+01
937 9.382e-02 4.282e-02 -8.349e-04 3.990e+01
938 7.190e-02 5.247e-02 -4.263e-03 4.532e+01
939 7.359e-02 4.859e-02 1.256e-02 4.669e+01
940 7.299e-02 5.069e-02 5.662e-03 5.258e+01
941 7.311e-02 3.699e-02 7.792e-04 5.261e+01
942 8.339e-02 5.731e-02 -3.230e-03 5.874e+01
943 8.024e-02 6.740e-02 -4.413e-03 6.590e+01
944 9.633e-02 6.625e-02 -1.314e-02 6.704e+01
945 1.159e-01 6.958e-02 -5.649e-03 7.547e+01
946 1.363e-01 1.016e-01 -1.255e-02 7.486e+01
947 1.730e-01 9.696e-02 -1.316e-02 7.577e+01
948 2.108e-01 1.267e-01 -3.084e-02 8.185e+01
949 2.721e-01 1.245e-01 -2.501e-02 8.570e+01
950 3.435e-01 1.429e-01 -2.993e-02 8.912e+01
951 4.634e-01 1.278e-01 -2.077e-02 9.217e+01
952 6.700e-01 6.677e-02 -3.862e-02 8.940e+01
953 8.830e-01 3.135e-02 -1.388e-02 -1.043e+01
954 1.000e+00 1.172e-01 1.354e-02 2.386e+00
955 9.379e-01 1.398e-01 2.057e-02 6.053e+00
956 7.447e-01 7.313e-02 8.366e-03 8.575e+00
957 4.886e-01 2.016e-02 -5.648e-03 2.519e+01
958 3.146e-01 1.556e-02 -7.086e-03 6.471e+01
959 1.875e-01 -1.014e-02 6.594e-03 0.000e+00
960 1.025e-01 3.228e-03 5.923e-03 0.000e+00
961 6.919e-02 -9.446e-03 1.104e-03 0.000e+00
962 4.325e-02 9.056e-03 -7.897e-03 0.000e+00
963 2.237e-02 7.814e-03 8.890e-03 0.000e+00
964 1.811e-02 1.738e-03 1.182e-02 0.000e+00
965 7.768e-03 3.558e-03 9.999e-03 0.000e+00
966 1.989e-02 -7.578e-03 -6.580e-03 0.000e+00
967 -3.451e-03 1.719e-02 -6.428e-03 1.299e+02
968 -2.378e-03 -1.033e-02 8.606e-03 0.000e+00
969 3.900e-04 -7.015e-03 4.295e-06 0.000e+00
970 -2.737e-03 9.646e-03 -2.219e-03 0.000e+00
971 3.604e-03 -9.119e-03 -2.505e-03 0.000e+00
972 -4.635e-03 4.876e-04 6.691e-03 0.000e+00
973 -2.970e-04 -1.037e-02 -2.437e-03 0.000e+00
974 1.237e-03 6.830e-03 1.028e-02 0.000e+00
975 -3.223e-03 5.878e-03 7.039e-03 0.000e+00
976 -3.083e-03 6.796e-03 1.356e-02 0.000e+00
977 2.701e-03 -8.992e-03 -2.749e-03 0.000e+00
978 2.491e-03 6.897e-03 4.375e-03 0.000e+00
979 8.680e-03 4.259e-03 9.993e-03 0.000e+00
980 8.895e-03 -7.410e-03 1.480e-03 0.000e+00
981 4.971e-04 -8.943e-03 7.319e-03 0.000e+00
982 -2.143e-04 -7.930e-03 1.152e-03 0.000e+00
983 -4.866e-03 -1.014e-02 -5.183e-03 0.000e+00
984 8.249e-03 -7.402e-03 1.246e-02 0.000e+00
985 -9.275e-03 -1.030e-02 5.523e-03 0.000e+00
986 -1.922e-03 6.865e-03 1.443e-03 0.000e+00
987 7.720e-03 3.539e-03 -3.274e-04 0.000e+00
988 -7.153e-03 4.358e-03 -7.197e-03 0.000e+00
989 1.514e-02 3.213e-03 -3.656e-03 0.000e+00
990 -9.102e-03 -9.742e-03 -4.218e-03 0.000e+00
991 1.319e-02 6.764e-03 3.929e-03 0.000e+00
992 6.307e-03 1.851e-02 -8.116e-03 9.039e+00
993 1.028e-02 4.640e-03 -5.059e-03 0.000e+00
994 9.101e-03 1.201e-02 8.650e-03 2.839e+01
995 -1.913e-04 -8.668e-03 -3.690e-04 0.000e+00
996 8.793e-03 -8.674e-03 -7.251e-05 0.000e+00
997 1.643e-03 -2.514e-05 -1.735e-03 0.000e+00
998 9.881e-03 9.572e-03 -7.511e-03 0.000e+00
999 -5.187e-03 2.976e-03 -1.047e-03 0.000e+00
1000 1.121e-03 -8.687e-03 -2.059e-02 0.000e+00
1001 1.438e-02 -3.244e-04 -5.737e-03 0.000e+00
1002 3.374e-04 1.874e-02 -8.041e-04 -1.292e+01
1003 8.069e-03 -8.271e-03 -6.100e-03 0.000e+00
1004 1.603e-02 -7.381e-03 -2.774e-03 0.000e+00
1005 -4.500e-03 -6.846e-03 -2.972e-03 0.000e+00
1006 4.101e-03 6.402e-03 4.728e-03 0.000e+00
1007 -6.510e-03 -5.706e-03 -1.664e-03 0.000e+00
1008 1.217e-03 8.910e-03 -3.795e-03 0.000e+00
1009 8.589e-03 2.967e-03 1.159e-03 0.000e+00
1010 -4.892e-03 -9.817e-03 1.468e-03 0.000e+00
1011 6.236e-03 -7.593e-03 -5.980e-03 0.000e+00
1012 1.434e-03 -2.468e-03 -5.245e-03 0.000e+00
1013 3.657e-04 -7.355e-03 -7.007e-03 0.000e+00
1014 -4.207e-03 -6.633e-04 -3.746e-03 0.000e+00
1015 -8.362e-03 1.006e-02 -7.143e-03 0.000e+00
1016 9.351e-03 -5.423e-03 -5.847e-03 0.000e+00
1017 -3.658e-03 -9.122e-03 -8.933e-03 0.000e+00
1018 7.874e-03 7.914e-03 1.498e-04 0.000e+00
1019 6.230e-04 2.547e-03 -6.692e-03 0.000e+00
1020 3.880e-04 -6.054e-03 -1.462e-03 0.000e+00
1021 7.125e-03 -1.278e-03 6.789e-03 0.000e+00
1022 3.047e-05 1.543e-02 -5.773e-03 7.006e+01
1023 8.741e-03 7.133e-04 -3.744e-03 0.000e+00
1024 1.084e-02 -6.426e-03 -1.441e-03 0.000e+00
1025 -2.585e-03 -8.633e-03 -5.298e-03 0.000e+00
1026 2.055e-04 2.533e-03 -1.679e-03 0.000e+00
1027 4.029e-03 6.312e-03 9.379e-03 0.000e+00
1028 -1.811e-03 7.229e-03 -4.813e-03 0.000e+00
1029 -5.239e-04 3.837e-04 -1.813e-03 0.000e+00
1030 5.076e-03 5.196e-03 -4.175e-03 0.000e+00
1031 -3.790e-03 -1.007e-02 2.808e-04 0.000e+00
1032 6.249e-03 -7.124e-03 2.237e-03 0.000e+00
1033 -9.733e-03 -7.193e-03 5.770e-03 0.000e+00
1034 1.108e-02 4.273e-03 -1.384e-03 0.000e+00
1035 -1.411e-03 -9.135e-03 -9.218e-03 0.000e+00
1036 1.124e-02 -9.514e-03 -1.570e-02 0.000e+00
1037 9.109e-03 3.401e-03 2.876e-03 0.000e+00
1038 7.845e-03 -1.050e-02 6.100e-03 0.000e+00
1039 7.639e-03 -8.900e-03 1.024e-02 0.000e+00
1040 1.440e-03 2.281e-03 -8.415e-03 0.000e+00
1041 6.492e-03 8.403e-03 2.622e-03 0.000e+00
1042 9.424e-03 -9.131e-03 -1.449e-02 0.000e+00
1043 -2.456e-03 1.388e-02 -2.329e-04 5.947e+00
1044 9.432e-03 2.840e-03 -3.009e-03 0.000e+00
1045 -5.625e-03 4.581e-03 3.991e-03 0.000e+00
1046 9.052e-03 -6.953e-03 -7.717e-03 0.000e+00
1047 -9.387e-03 3.480e-03 -9.769e-03 0.000e+00
1048 6.255e-04 -1.061e-02 5.554e-03 0.000e+00
1049 -9.794e-03 -1.039e-02 -6.607e-04 0.000e+00
1050 8.806e-03 7.525e-04 5.279e-03 0.000e+00
1051 -9.452e-03 -7.558e-03 3.202e-03 0.000e+00
1052 -3.866e-03 3.408e-03 1.212e-03 0.000e+00
1053 -9.450e-03 -9.744e-03 -3.439e-03 0.000e+00
1054 8.656e-03 9.272e-03 -5.735e-03 0.000e+00
1055 4.986e-03 9.677e-03 -8.852e-03 0.000e+00
1056 -6.422e-04 9.705e-03 -8.384e-03 0.000e+00
1057 -5.138e-03 1.048e-02 3.004e-04 0.000e+00
1058 1.013e-02 1.696e-03 1.132e-03 0.000e+00
1059 1.489e-03 7.711e-03 -2.540e-03 0.000e+00
1060 9.054e-03 -2.190e-04 3.390e-03 0.000e+00
1061 5.022e-03 -7.639e-03 -1.713e-02 0.000e+00
1062 6.228e-03 -7.840e-03 1.303e-02 0.000e+00
1063 1.589e-05 8.470e-05 2.464e-03 0.000e+00
1064 -4.231e-03 -1.019e-02 6.200e-04 0.000e+00
1065 1.135e-03 -9.592e-03 4.712e-03 0.000e+00
1066 6.405e-04 -7.535e-03 1.346e-03 0.000e+00
1067 4.508e-03 -1.055e-02 6.351e-03 0.000e+00
1068 2.962e-03 -9.477e-03 2.847e-04 0.000e+00
1069 8.213e-03 4.312e-03 2.197e-03 0.000e+00
1070 5.301e-03 9.314e-03 5.049e-03 0.000e+00
1071 -6.031e-03 5.367e-03 5.799e-03 0.000e+00
1072 -1.176e-03 -4.401e-04 2.550e-03 0.000e+00
1073 1.048e-02 -9.603e-03 3.244e-04 0.000e+00
1074 8.324e-03 -6.975e-03 -1.031e-02 0.000e+00
1075 2.876e-03 1.073e-03 1.467e-03 0.000e+00
1076 -6.994e-03 -1.020e-03 -5.082e-04 0.000e+00
1077 5.105e-03 -7.840e-03 -6.447e-03 0.000e+00
1078 -1.069e-04 5.401e-03 -2.283e-04 0.000e+00
1079 1.644e-02 -8.602e-03 1.151e-02 0.000e+00
1080 -9.466e-04 -1.044e-02 6.786e-03 0.000e+00
1081 3.274e-03 6.675e-03 7.973e-03 0.000e+00
1082 -5.125e-03 -1.051e-02 2.371e-03 0.000e+00
1083 -6.024e-03 -9.306e-03 -2.807e-03 0.000e+00
1084 1.323e-02 -1.061e-02 -2.129e-03 0.000e+00
1085 1.525e-02 2.998e-03 7.538e-03 0.000e+00
1086 1.367e-02 -7.405e-03 -7.262e-04 0.000e+00
1087 1.004e-02 3.037e-04 4.774e-04 0.000e+00
1088 9.289e-03 -7.593e-03 -3.352e-03 0.000e+00
1089 -9.021e-03 3.586e-03 2.229e-03 0.000e+00
1090 3.080e-04 -6.782e-03 3.868e-03 0.000e+00
1091 -6.370e-03 -7.987e-03 1.665e-03 0.000e+00
1092 -3.603e-03 -9.977e-03 6.685e-03 0.000e+00
1093 1.241e-02 -1.030e-02 -9.959e-03 0.000e+00
1094 1.236e-02 8.235e-03 4.385e-03 0.000e+00
1095 -8.426e-03 8.749e-03 -4.847e-03 0.000e+00
1096 -5.958e-03 -8.690e-03 -1.769e-03 0.000e+00
1097 1.020e-02 1.089e-02 -3.147e-03 0.000e+00
1098 5.228e-03 -1.033e-02 -1.117e-02 0.000e+00
1099 8.994e-03 -7.702e-03 -1.734e-03 0.000e+00
1100 8.455e-03 -8.054e-03 -8.319e-03 0.000e+00
1101 1.003e-03 3.150e-03 2.395e-03 0.000e+00
1102 -2.631e-03 -6.302e-03 -3.511e-03 0.000e+00
1103 1.989e-03 -5.985e-03 -2.977e-03 0.000e+00
1104 -5.896e-03 2.095e-04 -7.475e-03 0.000e+00
1105 7.998e-03 -1.034e-02 1.274e-02 0.000e+00
1106 6.298e-03 1.620e-02 6.621e-03 1.362e+01
1107 -3.425e-03 6.573e-04 1.667e-03 0.000e+00
1108 4.240e-03 -1.023e-02 -2.353e-03 0.000e+00
1109 -7.408e-04 -8.909e-03 -4.594e-03 0.000e+00
1110 1.693e-05 -9.075e-03 -9.485e-03 0.000e+00
1111 -4.129e-03 -4.086e-04 1.149e-02 0.000e+00
1112 2.641e-03 1.170e-02 3.385e-03 0.000e+00
1113 5.004e-03 -8.153e-03 1.355e-02 0.000e+00
1114 -3.290e-03 4.054e-03 -5.017e-03 0.000e+00
1115 3.650e-03 4.341e-03 1.077e-02 0.000e+00
1116 -3.084e-03 5.466e-03 1.348e-02 0.000e+00
1117 -1.154e-02 -9.591e-03 -2.274e-03 0.000e+00
1118 1.436e-03 2.869e-03 1.844e-03 0.000e+00
1119 -3.879e-03 -9.816e-03 5.409e-03 0.000e+00
1120 2.731e-03 -9.204e-03 5.898e-03 0.000e+00
1121 -8.170e-03 9.489e-03 -1.028e-03 0.000e+00
1122 6.423e-03 -1.003e-02 -2.991e-03 0.000e+00
1123 9.784e-03 1.790e-03 1.511e-03 0.000e+00
1124 -6.588e-03 -8.967e-03 3.082e-03 0.000e+00
1125 -4.606e-03 -4.488e-03 7.522e-03 0.000e+00
1126 2.972e-03 -6.686e-03 1.152e-02 0.000e+00
1127 6.280e-03 -8.012e-03 -1.676e-03 0.000e+00
1128 -2.646e-04 -8.830e-03 1.328e-03 0.000e+00
1129 -4.651e-03 1.351e-02 -6.851e-03 -1.399e+01
1130 -1.287e-03 5.926e-03 5.878e-03 0.000e+00
1131 -1.839e-03 1.659e-02 3.772e-03 1.167e+02
1132 6.923e-03 1.007e-02 -5.225e-03 0.000e+00
1133 6.752e-03 -8.380e-03 -8.729e-04 0.000e+00
1134 -6.272e-03 1.699e-02 -1.134e-02 2.292e+00
1135 -4.361e-03 -5.352e-03 -8.087e-03 0.000e+00
1136 -1.309e-03 -5.577e-03 -8.388e-03 0.000e+00
1137 1.580e-03 8.398e-03 1.315e-03 0.000e+00
1138 -9.856e-03 3.905e-03 -2.532e-03 0.000e+00
1139 7.818e-03 9.430e-03 -3.546e-03 0.000e+00
1140 -1.332e-04 -6.895e-03 2.322e-03 0.000e+00
1141 1.472e-03 2.640e-03 -5.243e-03 0.000e+00
1142 4.455e-03 -1.232e-03 -2.610e-03 0.000e+00
1143 -4.193e-03 -6.176e-03 -1.199e-03 0.000e+00
1144 -8.994e-03 1.710e-02 -7.033e-03 9.837e+01
1145 -6.579e-03 -1.048e-02 -8.959e-03 0.000e+00
1146 -1.006e-03 7.467e-03 -9.315e-04 0.000e+00
1147 -2.640e-04 -9.275e-03 -2.188e-03 0.000e+00
1148 -4.094e-03 5.895e-03 -4.047e-03 0.000e+00
1149 4.000e-03 -7.820e-03 -5.361e-03 0.000e+00
1150 6.457e-03 1.143e-02 5.446e-03 0.000e+00
1151 4.404e-03 -4.283e-03 2.141e-03 0.000e+00
1152 2.671e-03 1.020e-02 8.270e-03 0.000e+00
1153 1.601e-02 1.664e-03 -2.524e-04 0.000e+00
1154 -5.350e-03 -6.882e-03 -3.242e-03 0.000e+00
1155 -5.212e-04 -7.085e-03 -1.050e-02 0.000e+00
1156 -3.613e-03 2.719e-03 -4.807e-03 0.000e+00
1157 5.686e-03 7.508e-03 5.436e-03 0.000e+00
1158 2.643e-03 -9.953e-03 -3.816e-03 0.000e+00
1159 -4.562e-03 8.737e-03 7.946e-04 0.000e+00
1160 3.992e-03 -8.828e-03 -6.360e-03 0.000e+00
1161 -9.179e-03 6.570e-03 -6.116e-03 0.000e+00
1162 -6.808e-03 -1.008e-02 -4.946e-03 0.000e+00
1163 7.126e-03 2.494e-03 -1.462e-03 0.000e+00
1164 -3.291e-03 3.145e-03 3.019e-03 0.000e+00
1165 1.106e-02 -1.008e-02 5.357e-03 0.000e+00
1166 -3.221e-03 -6.390e-03 3.124e-04 0.000e+00
1167 3.053e-03 7.722e-03 7.620e-03 0.000e+00
1168 2.377e-03 1.039e-02 -2.386e-03 0.000e+00
1169 7.319e-03 8.847e-03 4.991e-04 0.000e+00
1170 9.015e-03 -7.054e-03 1.139e-02 0.000e+00
1171 7.106e-04 7.252e-03 1.562e-04 0.000e+00
1172 3.093e-03 1.698e-02 4.466e-03 -2.293e+01
1173 2.606e-03 -4.331e-03 -9.134e-05 0.000e+00
1174 1.072e-02 -1.055e-02 4.954e-03 0.000e+00
1175 3.149e-03 4.259e-03 -5.499e-03 0.000e+00
1176 -1.153e-03 8.857e-03 5.088e-03 0.000e+00
1177 2.880e-03 1.512e-02 3.739e-03 5.179e+01
1178 -3.763e-03 -7.632e-03 7.953e-03 0.000e+00
1179 -4.478e-03 5.830e-03 3.649e-04 0.000e+00
1180 1.363e-02 3.100e-03 -1.014e-02 0.000e+00
1181 -5.256e-03 7.678e-03 -3.193e-03 0.000e+00
1182 1.189e-03 8.360e-03 1.497e-02 0.000e+00
1183 -1.293e-02 7.741e-03 -4.459e-03 0.000e+00
1184 3.021e-03 5.525e-03 -1.390e-02 0.000e+00
1185 -6.561e-03 8.603e-03 4.474e-03 0.000e+00
1186 6.772e-03 -7.403e-03 -2.910e-03 0.000e+00
1187 -7.601e-03 -1.060e-03 -9.174e-03 0.000e+00
1188 -6.822e-03 1.269e-02 -2.403e-03 2.449e+01
1189 -8.832e-04 -3.650e-03 1.855e-03 0.000e+00
1190 1.065e-02 -5.817e-03 3.333e-03 0.000e+00
1191 -6.962e-03 -8.399e-03 -8.735e-03 0.000e+00
1192 -9.079e-03 -1.015e-02 8.849e-03 0.000e+00
1193 -5.302e-03 -1.027e-02 -6.534e-03 0.000e+00
1194 -2.812e-03 6.794e-03 1.281e-02 0.000e+00
1195 -9.895e-03 7.232e-03 -4.148e-03 0.000e+00
1196 -2.415e-05 -8.705e-03 1.229e-02 0.000e+00
1197 4.527e-03 6.088e-03 8.698e-03 0.000e+00
1198 -1.302e-02 -8.597e-03 -4.033e-03 0.000e+00
1199 -1.079e-02 -9.624e-03 5.339e-03 0.000e+00
1200 -1.728e-03 -7.876e-03 8.948e-03 0.000e+00
1201 9.060e-03 7.275e-03 -6.720e-03 0.000e+00
1202 -5.437e-03 -7.284e-03 3.642e-03 0.000e+00
1203 -5.971e-03 3.322e-03 1.140e-03 0.000e+00
1204 -5.971e-03 -1.050e-02 5.818e-03 0.000e+00
1205 6.361e-03 9.189e-03 6.321e-03 0.000e+00
1206 -2.720e-03 -8.391e-03 -1.369e-03 0.000e+00
1207 7.482e-03 1.034e-02 -2.653e-04 0.000e+00
1208 2.186e-03 -9.259e-03 -9.797e-04 0.000e+00
1209 -2.987e-04 -8.032e-03 -2.573e-03 0.000e+00
1210 1.552e-02 -1.033e-02 3.883e-03 0.000e+00
1211 -1.839e-03 -1.037e-02 -5.040e-03 0.000e+00
1212 1.868e-02 -9.088e-03 -2.026e-03 0.000e+00
1213 7.038e-03 4.582e-03 7.518e-03 0.000e+00
1214 1.094e-02 -9.109e-03 4.179e-03 0.000e+00
1215 8.835e-03 -8.207e-03 -1.675e-03 0.000e+00
1216 -8.282e-03 -5.414e-03 9.697e-03 0.000e+00
1217 -1.867e-03 4.200e-03 -3.737e-03 0.000e+00
1218 5.277e-03 9.136e-03 1.031e-02 0.000e+00
1219 1.293e-02 -1.030e-02 5.704e-03 0.000e+00
1220 -9.671e-03 7.596e-03 1.229e-02 0.000e+00
1221 7.510e-03 -1.007e-02 7.961e-03 0.000e+00
1222 -1.480e-02 -8.551e-03 1.189e-03 0.000e+00
1223 -3.049e-03 4.226e-03 -2.715e-03 0.000e+00
1224 1.604e-02 6.256e-03 -4.077e-03 0.000e+00
1225 2.016e-02 -7.826e-03 1.023e-03 0.000e+00
1226 1.316e-02 -9.661e-03 7.505e-03 0.000e+00
1227 -9.363e-04 -1.007e-02 -3.857e-03 0.000e+00
1228 -4.123e-04 -5.539e-03 -8.686e-03 0.000e+00
1229 -1.163e-03 -8.342e-03 -4.838e-03 0.000e+00
1230 -1.537e-03 1.811e-03 3.898e-03 0.000e+00
1231 3.092e-05 5.263e-03 -3.369e-03 0.000e+00
1232 3.025e-03 7.362e-03 -1.249e-02 0.000e+00
1233 -4.648e-05 1.531e-03 -2.781e-03 0.000e+00
1234 3.455e-03 -1.060e-02 8.753e-03 0.000e+00
1235 3.071e-04 -4.552e-03 3.966e-03 0.000e+00
1236 -3.096e-03 2.499e-03 -2.033e-03 0.000e+00
1237 -2.275e-03 1.314e-02 4.016e-03 -3.683e+01
1238 -1.432e-02 -6.609e-03 4.204e-04 0.000e+00
1239 3.344e-03 2.998e-03 4.360e-03 0.000e+00
1240 8.148e-03 3.251e-03 -2.972e-03 0.000e+00
1241 3.098e-03 3.729e-03 1.580e-03 0.000e+00
1242 3.880e-04 4.654e-03 -4.165e-03 0.000e+00
1243 -5.800e-03 2.347e-03 -1.362e-03 0.000e+00
1244 -6.497e-03 -4.689e-03 5.705e-03 0.000e+00
1245 5.822e-03 8.787e-03 1.402e-03 0.000e+00
1246 -2.338e-03 -7.297e-03 -7.879e-03 0.000e+00
1247 -9.155e-03 6.098e-03 7.011e-03 0.000e+00
1248 -2.463e-03 -3.785e-03 -3.952e-03 0.000e+00
1249 -9.103e-04 -6.175e-03 -4.269e-03 0.000e+00
1250 -7.751e-03 -8.983e-03 5.504e-03 0.000e+00
1251 2.987e-03 -7.757e-03 2.592e-03 0.000e+00
1252 4.684e-03 -6.015e-03 -3.220e-03 0.000e+00
1253 -1.152e-02 -1.083e-03 -5.306e-03 0.000e+00
1254 -9.250e-03 3.871e-04 8.423e-03 0.000e+00
1255 1.924e-03 -9.619e-03 -3.940e-03 0.000e+00
1256 -1.097e-02 3.808e-03 7.658e-04 0.000e+00
1257 -8.306e-04 -9.888e-03 1.269e-02 0.000e+00
1258 -7.945e-03 -5.903e-03 -6.699e-03 0.000e+00
1259 -7.719e-03 6.296e-03 -1.157e-02 0.000e+00
1260 -4.421e-03 1.060e-02 7.121e-03 0.000e+00
1261 -2.636e-03 6.121e-03 1.568e-02 0.000e+00
1262 -7.317e-03 2.238e-03 1.219e-03 0.000e+00
1263 -8.190e-03 -6.531e-03 -1.276e-03 0.000e+00
1264 -3.071e-03 -8.564e-03 -2.513e-03 0.000e+00
1265 -1.260e-02 8.446e-03 -7.552e-03 0.000e+00
1266 -5.335e-03 1.636e-02 3.980e-03 3.319e+01
1267 -7.098e-04 4.312e-03 6.229e-03 0.000e+00
1268 1.077e-03 5.575e-03 8.044e-04 0.000e+00
1269 -1.918e-02 -8.233e-03 9.927e-03 0.000e+00
1270 3.660e-03 -7.310e-03 2.062e-03 0.000e+00
1271 6.520e-03 6.335e-03 -1.437e-02 0.000e+00
1272 -8.691e-03 4.165e-03 -4.657e-03 0.000e+00
1273 -8.139e-03 -7.770e-03 1.495e-03 0.000e+00
1274 -7.189e-03 -1.382e-03 1.646e-02 0.000e+00
1275 -6.884e-03 5.889e-03 -2.104e-03 0.000e+00
1276 -1.553e-02 2.497e-03 -7.911e-04 0.000e+00
1277 -5.152e-03 -5.658e-03 4.686e-03 0.000e+00
1278 -7.880e-03 -8.252e-03 5.604e-04 0.000e+00
1279 -1.867e-02 7.003e-03 -6.089e-03 0.000e+00
1280 -7.582e-03 9.125e-03 4.717e-03 0.000e+00
1281 -4.000e-03 2.121e-03 2.031e-03 0.000e+00
1282 -8.843e-03 -9.792e-03 -2.984e-03 0.000e+00
1283 -1.335e-02 -1.065e-02 -5.594e-03 0.000e+00
1284 -1.732e-02 5.770e-03 2.710e-03 0.000e+00
1285 -1.237e-02 -1.071e-03 2.941e-03 0.000e+00
1286 -6.121e-03 -8.145e-03 1.009e-03 0.000e+00
1287 5.569e-04 -1.048e-02 5.204e-03 0.000e+00
1288 -2.019e-04 -1.064e-02 4.473e-03 0.000e+00
1289 -4.582e-03 5.635e-04 1.267e-02 0.000e+00
1290 -1.501e-02 4.083e-03 -7.614e-03 0.000e+00
1291 2.561e-03 -6.205e-03 4.435e-03 0.000e+00
1292 -8.683e-03 -7.367e-03 2.894e-04 0.000e+00
1293 -8.729e-03 -1.005e-02 8.365e-05 0.000e+00
1294 7.430e-03 -6.925e-04 -1.557e-03 0.000e+00
1295 3.597e-04 -5.674e-03 -2.279e-03 0.000e+00
1296 5.104e-03 8.393e-03 2.706e-03 0.000e+00
1297 -1.288e-03 -9.552e-03 -7.321e-03 0.000e+00
1298 -8.309e-03 -9.248e-03 -4.832e-04 0.000e+00
1299 3.480e-03 -7.666e-04 4.329e-03 0.000e+00
1300 8.690e-03 5.948e-03 -7.299e-03 0.000e+00
1301 -1.464e-03 1.305e-03 1.240e-02 0.000e+00
1302 3.073e-03 -4.815e-03 -4.590e-03 0.000e+00
1303 -5.342e-03 8.407e-03 1.331e-02 0.000e+00
1304 -1.133e-03 3.251e-03 -1.095e-02 0.000e+00
1305 -1.373e-03 -4.629e-04 -2.656e-04 0.000e+00
1306 -7.610e-03 -9.830e-03 -9.668e-03 0.000e+00
1307 -9.845e-04 -7.946e-03 -8.695e-03 0.000e+00
1308 -4.308e-03 -1.038e-02 -9.642e-03 0.000e+00
1309 7.726e-04 -6.643e-03 -1.602e-03 0.000e+00
1310 -1.304e-04 1.342e-03 -8.506e-03 0.000e+00
1311 -1.528e-02 -1.010e-02 9.183e-03 0.000e+00
1312 2.606e-03 3.186e-03 9.052e-04 0.000e+00
1313 6.982e-03 1.599e-02 7.828e-04 -3.674e+01
1314 1.311e-02 2.925e-03 -1.107e-02 0.000e+00
1315 7.929e-04 -4.987e-03 7.134e-03 0.000e+00
1316 8.213e-03 -9.764e-03 -9.861e-03 0.000e+00
1317 -2.270e-03 -4.126e-03 -5.727e-03 0.000e+00
1318 5.174e-03 1.865e-03 -4.266e-03 0.000e+00
1319 1.331e-02 -9.739e-03 5.661e-03 0.000e+00
1320 -8.257e-04 -9.446e-03 -2.204e-03 0.000e+00
1321 6.601e-03 -1.022e-02 -6.877e-03 0.000e+00
1322 -1.524e-02 -1.002e-02 -7.851e-04 0.000e+00
1323 -7.675e-04 4.040e-03 -1.457e-03 0.000e+00
1324 -3.997e-03 -4.427e-05 -3.769e-03 0.000e+00
1325 2.280e-03 -7.102e-03 -5.477e-03 0.000e+00
1326 -8.094e-03 -1.014e-02 3.371e-03 0.000e+00
1327 -1.455e-02 -2.335e-04 -3.885e-03 0.000e+00
1328 4.096e-03 1.051e-03 2.570e-03 0.000e+00
1329 3.705e-03 -9.837e-03 6.745e-03 0.000e+00
1330 -5.625e-03 4.612e-03 1.258e-03 0.000e+00
1331 4.678e-03 3.846e-03 -3.833e-03 0.000e+00
1332 1.001e-02 2.236e-03 8.902e-03 0.000e+00
1333 2.095e-03 3.276e-03 1.661e-03 0.000e+00
1334 5.624e-03 1.312e-02 1.773e-02 1.147e+02
1335 -5.645e-03 -5.491e-04 -4.972e-03 0.000e+00
1336 -4.260e-03 -8.441e-03 -7.737e-03 0.000e+00
1337 1.105e-03 7.515e-03 -6.862e-03 0.000e+00
1338 6.390e-03 -5.272e-03 -7.361e-03 0.000e+00
1339 -1.273e-03 3.757e-03 7.663e-03 0.000e+00
1340 -8.188e-03 -1.003e-02 1.402e-03 0.000e+00
1341 -6.698e-03 -6.323e-03 4.086e-03 0.000e+00
1342 -3.204e-04 -6.155e-03 1.016e-02 0.000e+00
1343 -3.816e-03 -6.894e-03 -2.922e-03 0.000e+00
1344 -5.249e-03 -1.048e-02 -2.343e-04 0.000e+00
1345 -7.229e-03 -8.076e-03 -1.303e-02 0.000e+00
1346 1.550e-02 1.731e-03 2.111e-03 0.000e+00
1347 5.168e-03 -5.412e-03 -1.093e-03 0.000e+00
1348 -7.501e-03 -4.804e-04 -7.522e-03 0.000e+00
1349 -1.494e-03 1.255e-03 -2.583e-03 0.000e+00
1350 5.706e-03 1.080e-02 -2.625e-03 0.000e+00
1351 2.241e-03 -5.176e-03 4.775e-03 0.000e+00
1352 -5.618e-04 -6.310e-03 -5.396e-04 0.000e+00
1353 -2.114e-03 -8.456e-03 -1.126e-03 0.000e+00
1354 -1.256e-02 -5.748e-03 -7.881e-04 0.000e+00
1355 3.429e-04 7.916e-03 -1.000e-02 0.000e+00
1356 1.015e-02 -9.155e-03 -2.982e-03 0.000e+00
1357 -1.044e-02 3.440e-03 9.524e-03 0.000e+00
1358 8.766e-04 2.765e-03 -1.988e-03 0.000e+00
1359 3.362e-03 8.462e-03 -6.795e-03 0.000e+00
1360 1.799e-03 4.188e-03 -1.011e-02 0.000e+00
1361 4.590e-03 -7.071e-03 -1.000e-03 0.000e+00
1362 -5.324e-03 -5.732e-03 -3.271e-03 0.000e+00
1363 -4.220e-03 -7.066e-03 1.908e-03 0.000e+00
1364 -4.419e-03 7.865e-03 9.192e-05 0.000e+00
1365 -4.331e-03 4.747e-03 -1.114e-03 0.000e+00
1366 -5.977e-03 8.254e-03 -3.766e-03 0.000e+00
1367 2.193e-03 6.319e-03 -1.183e-02 0.000e+00
1368 -6.148e-03 -8.888e-03 8.860e-03 0.000e+00
1369 -1.192e-03 6.735e-04 2.941e-03 0.000e+00
1370 -2.777e-03 -6.503e-03 2.256e-03 0.000e+00
1371 -2.636e-03 1.204e-02 -8.254e-03 1.185e+02
1372 -9.784e-03 -9.718e-03 3.090e-04 0.000e+00
1373 -1.678e-02 -8.253e-03 -7.882e-04 0.000e+00
1374 -1.996e-03 6.509e-03 -5.110e-04 0.000e+00
1375 -3.973e-03 9.876e-03 5.789e-03 0.000e+00
1376 -9.406e-03 -1.014e-02 2.040e-03 0.000e+00
1377 -7.190e-03 -5.689e-03 5.313e-03 0.000e+00
1378 1.696e-03 1.801e-03 -2.769e-03 0.000e+00
1379 -7.329e-03 -9.774e-03 -6.552e-03 0.000e+00
1380 -2.700e-03 -9.575e-03 8.013e-03 0.000e+00
1381 1.115e-02 6.802e-05 -1.793e-02 0.000e+00
1382 -3.275e-03 1.416e-03 6.982e-03 0.000e+00
1383 1.305e-03 -2.812e-04 -4.623e-03 0.000e+00
1384 -2.936e-04 4.939e-03 1.792e-03 0.000e+00
1385 -5.067e-03 4.565e-03 -6.597e-03 0.000e+00
1386 2.853e-03 -9.314e-03 2.107e-03 0.000e+00
1387 -3.129e-03 -6.919e-03 -1.489e-03 0.000e+00
1388 -3.611e-03 -8.352e-04 -3.717e-03 0.000e+00
1389 2.363e-03 -1.065e-02 9.230e-03 0.000e+00
1390 -1.796e-02 8.028e-03 2.805e-03 0.000e+00
1391 -4.746e-03 3.020e-03 1.365e-02 0.000e+00
1392 -3.057e-03 -6.333e-03 8.335e-03 0.000e+00
1393 8.661e-03 -5.331e-03 5.970e-03 0.000e+00
1394 -3.585e-03 -1.304e-03 -1.498e-03 0.000e+00
1395 1.228e-02 3.856e-03 8.565e-03 0.000e+00
1396 5.423e-03 4.884e-03 -1.116e-03 0.000e+00
1397 -8.439e-03 -9.822e-03 -3.609e-03 0.000e+00
1398 1.522e-02 -8.824e-03 4.571e-03 0.000e+00
1399 -1.242e-02 4.827e-03 3.449e-03 0.000e+00
1400 -1.649e-02 -1.031e-02 1.821e-02 0.000e+00
1401 -8.809e-03 1.159e-02 -7.124e-03 0.000e+00
1402 1.198e-03 -8.608e-03 -9.964e-04 0.000e+00
1403 -6.086e-03 -9.949e-03 1.358e-03 0.000e+00
1404 4.898e-03 -1.042e-02 -7.375e-03 0.000e+00
1405 -4.406e-03 -1.012e-02 -3.980e-03 0.000e+00
1406 -1.024e-02 -4.905e-03 1.509e-03 0.000e+00
1407 -2.108e-03 7.838e-03 -1.035e-02 0.000e+00
1408 4.657e-03 2.579e-03 4.299e-03 0.000e+00
1409 6.115e-03 -8.826e-03 6.010e-04 0.000e+00
1410 6.498e-03 -8.973e-03 1.653e-02 0.000e+00
1411 -7.418e-03 -1.008e-02 -9.126e-04 0.000e+00
1412 -9.408e-03 4.624e-04 1.306e-03 0.000e+00
1413 -1.954e-03 -9.141e-03 3.011e-03 0.000e+00
1414 6.152e-03 6.170e-03 3.327e-03 0.000e+00
1415 2.298e-03 6.737e-03 7.466e-03 0.000e+00
1416 -2.715e-03 7.156e-03 -5.879e-03 0.000e+00
1417 -4.183e-04 2.848e-03 -9.084e-03 0.000e+00
1418 -1.573e-02 6.534e-03 4.354e-03 0.000e+00
1419 8.683e-03 2.662e-03 8.923e-03 0.000e+00
1420 6.653e-04 -1.006e-02 2.560e-03 0.000e+00
1421 7.314e-03 7.392e-03 -1.236e-03 0.000e+00
1422 -4.387e-03 1.935e-03 -1.148e-02 0.000e+00
1423 -9.808e-03 8.759e-03 -9.720e-03 0.000e+00
1424 3.658e-04 1.417e-02 2.818e-03 7.509e+01
1425 -6.638e-03 7.739e-03 -7.877e-03 0.000e+00
1426 5.904e-03 4.534e-03 1.370e-02 0.000e+00
1427 -1.050e-02 1.244e-02 2.513e-03 -1.590e+00
1428 3.592e-03 -4.375e-03 -5.990e-03 0.000e+00
1429 7.046e-03 1.444e-03 -2.832e-03 0.000e+00
1430 -7.156e-03 1.073e-02 -4.244e-03 0.000e+00
1431 2.316e-03 -5.052e-04 2.355e-04 0.000e+00
1432 -3.282e-03 -1.023e-02 2.068e-02 0.000e+00
1433 -1.327e-03 -9.819e-03 -1.324e-03 0.000e+00
1434 -1.054e-02 -1.009e-02 -1.151e-02 0.000e+00
1435 -2.636e-03 2.303e-03 4.118e-03 0.000e+00
1436 2.030e-04 6.583e-03 1.045e-03 0.000e+00
1437 -2.657e-03 -2.318e-04 1.080e-03 0.000e+00
1438 8.980e-03 -9.920e-03 1.482e-02 0.000e+00
1439 -8.386e-03 -1.007e-02 6.354e-04 0.000e+00
1440 -4.384e-03 -1.639e-03 4.469e-03 0.000e+00
1441 -2.621e-03 -9.107e-03 1.292e-02 0.000e+00
1442 -7.473e-03 -7.243e-03 1.028e-02 0.000e+00
1443 -4.172e-03 -9.879e-03 -5.286e-03 0.000e+00
1444 -2.560e-04 1.711e-02 2.130e-03 5.498e+01
1445 1.763e-02 1.444e-02 -6.324e-03 1.989e+01
1446 -4.070e-03 -9.874e-03 -8.617e-03 0.000e+00
1447 -8.326e-03 -6.892e-03 -2.884e-03 0.000e+00
1448 -3.693e-03 7.696e-03 7.880e-03 0.000e+00
1449 7.602e-03 -4.457e-03 -2.590e-03 0.000e+00
1450 -1.947e-03 -8.748e-03 -6.384e-03 0.000e+00
1451 -1.096e-03 -9.624e-03 8.239e-04 0.000e+00
1452 -2.475e-03 2.787e-03 -8.068e-03 0.000e+00
1453 -2.761e-03 -6.548e-03 -3.101e-03 0.000e+00
1454 -1.206e-02 -9.729e-03 -4.721e-03 0.000e+00
1455 9.533e-04 3.955e-03 3.308e-03 0.000e+00
1456 -1.726e-03 4.635e-03 2.916e-03 0.000e+00
1457 6.683e-04 -9.687e-03 -1.675e-03 0.000e+00
1458 4.777e-03 5.870e-03 -1.156e-02 0.000e+00
1459 8.441e-03 8.277e-03 2.167e-04 0.000e+00
1460 2.526e-03 -8.567e-03 2.900e-03 0.000e+00
1461 -9.515e-03 -6.952e-03 -5.321e-03 0.000e+00
1462 -8.088e-04 7.201e-03 -3.720e-03 0.000e+00
1463 -4.706e-03 1.475e-02 1.078e-02 -3.007e+01
1464 -7.209e-03 5.486e-03 3.181e-03 0.000e+00
1465 -6.746e-03 7.326e-03 6.437e-03 0.000e+00
1466 1.227e-02 1.162e-02 8.550e-03 0.000e+00
1467 2.262e-03 -9.571e-03 1.567e-02 0.000e+00
1468 -4.847e-03 4.756e-03 1.216e-02 0.000e+00
1469 -3.251e-03 -6.751e-03 -4.693e-03 0.000e+00
1470 -6.987e-03 -8.443e-03 1.203e-02 0.000e+00
1471 -1.542e-02 2.679e-03 6.267e-03 0.000e+00
1472 1.773e-02 2.981e-03 2.075e-03 0.000e+00
1473 1.226e-04 1.221e-02 4.264e-03 -1.895e+01
1474 8.040e-03 7.888e-03 -1.002e-02 0.000e+00
1475 -2.456e-03 1.123e-02 1.394e-03 0.000e+00
1476 -6.124e-03 -9.254e-03 7.901e-03 0.000e+00
1477 -2.861e-03 5.961e-03 1.086e-02 0.000e+00
1478 4.793e-03 -9.577e-03 -2.949e-03 0.000e+00
1479 -6.391e-03 1.842e-03 -3.797e-03 0.000e+00
1480 -1.656e-02 -9.065e-03 1.883e-03 0.000e+00
1481 -3.427e-03 5.621e-03 3.165e-04 0.000e+00
1482 -1.619e-03 -8.588e-03 -4.745e-03 0.000e+00
1483 3.838e-03 -1.047e-02 -3.743e-03 0.000e+00
1484 3.057e-03 -1.026e-02 3.689e-03 0.000e+00
1485 -8.807e-03 1.009e-02 1.074e-02 0.000e+00
1486 -1.600e-03 4.891e-03 -5.061e-03 0.000e+00
1487 -5.279e-04 1.110e-02 3.060e-03 0.000e+00
1488 -1.476e-03 -1.044e-02 -9.740e-04 0.000e+00
1489 -7.788e-03 -7.953e-03 -5.325e-03 0.000e+00
1490 -4.520e-03 3.566e-03 3.200e-03 0.000e+00
1491 6.873e-03 1.377e-02 7.725e-03 1.007e+02
1492 -5.365e-03 -8.503e-03 1.628e-02 0.000e+00
1493 -8.051e-03 7.894e-03 -4.029e-03 0.000e+00
1494 2.538e-03 -7.653e-03 -2.164e-03 0.000e+00
1495 -1.788e-02 2.962e-03 2.715e-03 0.000e+00
1496 -7.746e-03 1.853e-03 -3.246e-03 0.000e+00
1497 -1.329e-02 7.764e-03 1.790e-03 0.000e+00
1498 -2.382e-03 3.029e-03 -1.102e-03 0.000e+00
1499 -6.918e-03 5.580e-03 2.371e-03 0.000e+00
1500 2.088e-03 -7.973e-03 7.317e-03 0.000e+00
1501 -7.144e-03 -4.318e-03 3.356e-04 0.000e+00
1502 -8.251e-03 1.060e-03 -9.353e-04 0.000e+00
1503 -4.836e-03 -7.487e-03 1.167e-02 0.000e+00
1504 -6.471e-03 -6.169e-03 6.034e-03 0.000e+00
1505 -7.661e-03 6.939e-03 5.378e-03 0.000e+00
1506 -7.516e-03 2.108e-03 6.222e-03 0.000e+00
1507 8.207e-04 7.391e-03 -7.722e-04 0.000e+00
1508 4.035e-03 7.888e-03 6.843e-03 0.000e+00
1509 2.941e-03 3.645e-03 1.671e-02 0.000e+00
1510 3.430e-03 8.783e-03 -1.018e-02 0.000e+00
1511 -1.573e-02 1.404e-02 -4.388e-03 7.909e+01
1512 -6.750e-03 -9.293e-03 -1.831e-03 0.000e+00
1513 7.660e-03 -9.858e-04 -1.603e-03 0.000e+00
1514 -9.418e-04 -7.763e-03 1.045e-02 0.000e+00
1515 -1.350e-02 -7.663e-03 -2.671e-03 0.000e+00
1516 3.098e-03 3.919e-03 1.392e-02 0.000e+00
1517 -8.758e-03 9.418e-04 -5.517e-04 0.000e+00
1518 2.175e-03 5.008e-03 -1.619e-02 0.000e+00
1519 -9.512e-03 2.093e-03 -8.735e-04 0.000e+00
1520 5.901e-03 3.821e-05 -4.910e-03 0.000e+00
1521 2.070e-03 -1.007e-02 -4.497e-04 0.000e+00
1522 -2.814e-03 -1.967e-04 7.741e-03 0.000e+00
1523 8.248e-03 1.593e-03 1.040e-02 0.000e+00
1524 -9.760e-03 3.261e-03 5.407e-04 0.000e+00
1525 4.862e-03 -1.045e-02 -2.319e-04 0.000e+00
1526 9.270e-03 6.728e-03 -8.715e-03 0.000e+00
1527 5.156e-04 3.377e-03 -1.419e-02 0.000e+00
1528 6.016e-04 8.717e-04 5.973e-03 0.000e+00
1529 -5.866e-03 -1.052e-02 6.338e-03 0.000e+00
1530 -1.073e-03 2.130e-03 -1.193e-03 0.000e+00
1531 1.543e-02 -1.025e-02 3.508e-03 0.000e+00
1532 -1.121e-03 -1.017e-02 -1.326e-03 0.000e+00
1533 1.331e-03 9.639e-03 8.048e-03 0.000e+00
1534 4.757e-03 1.093e-03 9.495e-03 0.000e+00
1535 -7.469e-04 3.670e-03 -5.669e-03 0.000e+00
1536 4.123e-04 -6.981e-03 2.195e-03 0.000e+00
1537 -8.988e-04 6.952e-03 -8.562e-03 0.000e+00
1538 -3.055e-03 1.198e-02 3.486e-03 -2.035e+01
1539 -8.145e-03 -6.642e-03 1.038e-02 0.000e+00
1540 3.646e-03 -9.736e-03 5.935e-03 0.000e+00
1541 2.090e-02 3.595e-03 -3.167e-03 0.000e+00
1542 9.071e-03 -8.521e-03 8.295e-03 0.000e+00
1543 4.601e-03 2.513e-03 1.131e-02 0.000e+00
1544 -1.166e-02 9.825e-04 -5.364e-04 0.000e+00
1545 1.642e-03 6.356e-03 6.176e-03 0.000e+00
1546 -7.152e-03 3.873e-03 -6.750e-03 0.000e+00
1547 -2.170e-03 4.560e-03 5.596e-03 0.000e+00
1548 -5.090e-03 -1.022e-02 6.970e-03 0.000e+00
1549 2.277e-03 1.931e-02 5.884e-04 -2.710e+01
1550 -9.616e-03 6.156e-03 -1.746e-02 0.000e+00
1551 4.296e-04 2.453e-03 1.189e-02 0.000e+00
1552 -1.598e-03 2.529e-03 -4.152e-04 0.000e+00
1553 4.392e-05 3.246e-03 -1.186e-02 0.000e+00
1554 -9.334e-03 6.914e-03 -2.395e-03 0.000e+00
1555 6.554e-03 6.223e-03 -2.524e-03 0.000e+00
1556 3.607e-03 7.360e-03 -3.341e-03 0.000e+00
1557 -7.502e-03 1.176e-02 7.816e-03 0.000e+00
1558 8.029e-03 -9.144e-03 4.141e-04 0.000e+00
1559 7.986e-03 -8.865e-03 -6.229e-04 0.000e+00
1560 -1.253e-02 -8.515e-03 -4.097e-03 0.000e+00
1561 1.160e-02 4.065e-03 -7.283e-03 0.000e+00
1562 6.925e-04 8.187e-03 -8.490e-03 0.000e+00
1563 -1.483e-02 -6.706e-03 7.655e-03 0.000e+00
1564 7.544e-03 -1.037e-02 -5.365e-04 0.000e+00
1565 3.270e-03 -6.603e-03 -1.161e-02 0.000e+00
1566 -7.832e-03 -4.307e-03 1.990e-03 0.000e+00
1567 -1.786e-03 3.856e-03 -6.477e-03 0.000e+00
1568 -3.210e-03 -6.991e-03 -1.058e-03 0.000e+00
1569 8.925e-03 4.075e-03 -1.237e-02 0.000e+00
1570 -1.252e-02 2.454e-03 -1.886e-03 0.000e+00
1571 1.686e-02 -1.065e-02 -1.610e-03 0.000e+00
1572 4.314e-03 1.321e-02 1.896e-03 7.528e+00
1573 -8.670e-03 7.599e-03 1.435e-02 0.000e+00
1574 -6.514e-03 -9.199e-03 -2.253e-03 0.000e+00
1575 9.926e-03 -1.781e-03 -4.337e-04 0.000e+00
1576 -9.567e-03 4.593e-03 4.662e-03 0.000e+00
1577 -7.992e-04 -9.279e-03 5.727e-03 0.000e+00
1578 4.769e-03 -8.295e-03 6.834e-04 0.000e+00
1579 1.344e-04 1.301e-02 1.015e-02 -2.561e+01
1580 -3.971e-03 3.554e-03 -5.957e-03 0.000e+00
1581 1.755e-03 -8.133e-03 -6.753e-03 0.000e+00
1582 -4.198e-03 -9.672e-03 -3.318e-03 0.000e+00
1583 -7.986e-04 1.133e-02 4.652e-03 0.000e+00
1584 -6.126e-03 5.585e-03 -8.651e-03 0.000e+00
1585 -8.685e-04 1.929e-02 -3.941e-03 1.772e+01
1586 9.076e-03 -1.065e-02 -4.199e-03 0.000e+00
1587 1.152e-04 -1.011e-02 -1.657e-02 0.000e+00
1588 -1.043e-03 2.922e-03 -5.421e-04 0.000e+00
1589 3.885e-03 3.274e-03 -8.398e-03 0.000e+00
1590 -1.024e-02 8.978e-03 -6.722e-03 0.000e+00
1591 4.528e-03 -8.845e-03 5.654e-03 0.000e+00
1592 -2.662e-03 3.160e-03 -1.637e-03 0.000e+00
1593 1.057e-02 1.190e-02 -3.526e-03 1.326e+02
1594 2.887e-03 -1.058e-02 -1.460e-02 0.000e+00
1595 4.508e-03 6.118e-03 -4.472e-04 0.000e+00
1596 4.535e-03 -5.640e-03 -1.468e-02 0.000e+00
1597 2.095e-03 -1.057e-02 7.480e-03 0.000e+00
1598 -5.230e-03 -9.787e-03 1.982e-03 0.000e+00
1599 5.925e-03 1.105e-02 -8.792e-03 0.000e+00
1600 6.730e-03 2.899e-03 -6.592e-03 0.000e+00
1601 4.203e-03 -1.447e-03 -2.040e-03 0.000e+00
1602 1.131e-02 -9.393e-03 1.408e-02 0.000e+00
1603 1.514e-04 -1.012e-02 -8.331e-03 0.000e+00
1604 -3.085e-03 1.154e-02 6.343e-03 0.000e+00
1605 1.241e-04 -7.034e-03 3.738e-03 0.000e+00
1606 6.181e-04 4.244e-03 3.604e-03 0.000e+00
1607 -3.960e-03 4.944e-03 9.526e-03 0.000e+00
1608 1.238e-02 -4.862e-03 -8.508e-03 0.000e+00
1609 4.673e-03 4.546e-03 -3.213e-03 0.000e+00
1610 1.183e-02 -8.640e-03 2.820e-03 0.000e+00
1611 1.464e-02 -9.975e-03 -6.244e-03 0.000e+00
1612 -6.804e-04 8.797e-03 -1.004e-03 0.000e+00
1613 -7.587e-03 1.140e-02 8.804e-03 0.000e+00
1614 3.764e-04 -2.891e-03 -7.529e-03 0.000e+00
1615 7.157e-04 -9.817e-03 -4.604e-03 0.000e+00
1616 8.740e-03 -7.901e-03 2.414e-03 0.000e+00
1617 8.148e-03 1.512e-02 -5.009e-03 1.153e+02
1618 -3.013e-03 1.654e-02 2.455e-04 9.522e+01
1619 3.687e-03 2.990e-03 -3.600e-03 0.000e+00
1620 5.846e-03 -9.079e-03 7.086e-04 0.000e+00
1621 1.061e-02 -5.973e-03 1.506e-04 0.000e+00
1622 6.918e-03 -1.042e-02 1.275e-02 0.000e+00
1623 -1.978e-03 -8.012e-03 4.664e-03 0.000e+00
1624 -3.162e-03 1.953e-03 -3.520e-03 0.000e+00
1625 4.788e-03 -1.024e-02 2.675e-04 0.000e+00
1626 4.165e-03 -8.257e-03 -8.065e-03 0.000e+00
1627 -4.571e-03 9.794e-03 -7.250e-03 0.000e+00
1628 9.070e-03 4.276e-03 3.478e-03 0.000e+00
1629 6.207e-03 7.754e-03 1.499e-02 0.000e+00
1630 -3.961e-03 1.280e-02 -9.390e-03 -1.072e+01
1631 3.845e-03 -8.064e-03 4.620e-03 0.000e+00
1632 -7.888e-04 -9.365e-03 3.862e-03 0.000e+00
1633 -3.101e-03 2.245e-03 -8.007e-03 0.000e+00
1634 -5.659e-03 -2.226e-03 -5.428e-03 0.000e+00
1635 -5.503e-03 7.074e-03 7.291e-04 0.000e+00
1636 -6.673e-03 -8.010e-03 -1.178e-02 0.000e+00
1637 8.820e-03 -9.066e-03 5.837e-03 0.000e+00
1638 2.841e-03 8.114e-04 2.380e-03 0.000e+00
1639 -6.940e-03 4.529e-03 3.452e-03 0.000e+00
1640 -4.195e-03 -8.075e-04 8.379e-03 0.000e+00
1641 -3.743e-03 -7.762e-03 1.113e-02 0.000e+00
1642 9.495e-03 3.597e-03 5.856e-04 0.000e+00
1643 1.262e-02 -6.490e-03 -6.154e-03 0.000e+00
1644 6.436e-03 -9.966e-03 4.157e-03 0.000e+00
1645 -2.921e-03 5.775e-03 3.753e-04 0.000e+00
1646 -8.288e-03 5.782e-03 7.982e-04 0.000e+00
1647 8.062e-03 8.459e-03 4.360e-03 0.000e+00
1648 4.121e-03 1.615e-03 3.893e-03 0.000e+00
1649 -2.428e-03 9.888e-03 -3.096e-03 0.000e+00
1650 -9.684e-03 2.141e-03 -4.235e-03 0.000e+00
1651 5.930e-04 -1.012e-02 1.959e-03 0.000e+00
1652 9.995e-03 -2.469e-04 -4.373e-03 0.000e+00
1653 8.894e-04 8.762e-03 1.125e-02 0.000e+00
1654 7.180e-03 -8.736e-03 2.962e-03 0.000e+00
1655 1.114e-03 -8.729e-03 5.873e-03 0.000e+00
1656 -1.618e-03 -1.238e-03 -6.965e-03 0.000e+00
1657 4.344e-03 1.402e-03 -7.621e-03 0.000e+00
1658 8.423e-03 1.732e-04 1.616e-03 0.000e+00
1659 1.500e-02 1.221e-03 3.461e-03 0.000e+00
1660 2.094e-03 -8.450e-03 5.298e-03 0.000e+00
1661 9.418e-03 -9.821e-03 -1.069e-03 0.000e+00
1662 -2.252e-03 9.411e-03 2.286e-03 0.000e+00
1663 5.947e-03 6.986e-03 -2.324e-03 0.000e+00
1664 7.847e-03 -4.485e-04 1.097e-02 0.000e+00
1665 8.450e-03 1.015e-02 -5.885e-03 0.000e+00
1666 8.071e-03 -8.634e-03 6.627e-03 0.000e+00
1667 8.103e-03 -9.224e-03 -4.723e-03 0.000e+00
1668 -1.242e-03 1.213e-02 -8.560e-03 3.807e+01
1669 1.163e-03 -9.578e-03 5.046e-03 0.000e+00
1670 -3.373e-03 3.203e-03 -2.288e-03 0.000e+00
1671 1.117e-04 -8.103e-03 -4.272e-03 0.000e+00
1672 -5.787e-03 -1.130e-03 1.275e-02 0.000e+00
1673 3.735e-04 -1.060e-02 -1.614e-03 0.000e+00
1674 2.650e-03 3.198e-03 -3.217e-03 0.000e+00
1675 -5.055e-04 6.764e-03 4.734e-03 0.000e+00
1676 -3.063e-03 6.586e-03 6.031e-03 0.000e+00
1677 6.878e-03 -6.807e-03 7.601e-04 0.000e+00
1678 -1.398e-02 2.131e-03 1.528e-02 0.000e+00
1679 8.920e-03 -1.014e-02 -1.325e-02 0.000e+00
1680 8.264e-04 -9.889e-03 2.873e-03 0.000e+00
1681 -1.094e-02 9.399e-03 -2.521e-03 0.000e+00
1682 3.856e-03 -6.767e-03 9.572e-03 0.000e+00
1683 6.724e-03 9.366e-03 -6.494e-03 0.000e+00
1684 -2.519e-03 -7.779e-03 -1.888e-03 0.000e+00
1685 -6.300e-03 1.344e-02 -4.606e-03 8.528e+01
1686 5.821e-05 -1.045e-02 2.188e-03 0.000e+00
1687 1.203e-02 4.589e-03 -5.588e-03 0.000e+00
1688 -4.099e-04 -5.481e-03 7.457e-03 0.000e+00
1689 3.384e-03 -9.404e-03 1.211e-03 0.000e+00
1690 -2.723e-03 6.848e-03 -3.028e-03 0.000e+00
1691 6.758e-03 -7.955e-03 8.940e-03 0.000e+00
1692 4.511e-03 -3.547e-04 -5.947e-03 0.000e+00
1693 -3.655e-03 1.709e-03 1.773e-02 0.000e+00
1694 1.514e-02 2.737e-03 -7.484e-03 0.000e+00
1695 -4.767e-03 -6.668e-03 -8.501e-03 0.000e+00
1696 -4.298e-03 -8.489e-03 3.575e-04 0.000e+00
1697 9.561e-03 -1.050e-02 -2.245e-03 0.000e+00
1698 2.023e-03 4.115e-03 5.058e-03 0.000e+00
1699 -5.320e-03 3.791e-03 -9.173e-03 0.000e+00
1700 6.311e-03 1.405e-02 -9.437e-03 7.939e-01
1701 -6.531e-03 -9.103e-03 6.086e-03 0.000e+00
1702 -3.898e-03 -4.892e-03 1.337e-02 0.000e+00
1703 -6.931e-03 -7.099e-03 -1.510e-02 0.000e+00
1704 -1.310e-03 7.977e-03 2.662e-03 0.000e+00
1705 7.331e-03 6.116e-03 1.225e-02 0.000e+00
1706 4.636e-03 6.310e-03 -3.861e-03 0.000e+00
1707 -2.972e-03 1.502e-03 5.028e-03 0.000e+00
1708 -1.574e-03 1.109e-02 4.189e-04 0.000e+00
1709 1.731e-02 -6.618e-03 -1.066e-02 0.000e+00
1710 -8.939e-03 2.664e-03 1.172e-03 0.000e+00
1711 7.829e-03 1.730e-03 8.329e-04 0.000e+00
1712 4.171e-03 -9.111e-03 -2.472e-03 0.000e+00
1713 -6.095e-03 -8.913e-03 -2.908e-02 0.000e+00
1714 -7.556e-04 -9.296e-03 -4.768e-03 0.000e+00
1715 -7.793e-04 7.055e-03 -1.341e-02 0.000e+00
1716 1.444e-03 -9.705e-03 -1.811e-02 0.000e+00
1717 9.269e-03 -9.104e-03 -1.068e-02 0.000e+00
1718 9.708e-03 -6.800e-03 -2.292e-04 0.000e+00
1719 1.740e-03 8.006e-03 2.870e-03 0.000e+00
1720 1.102e-02 3.842e-03 -1.057e-02 0.000e+00
1721 5.985e-03 -6.364e-03 -7.725e-03 0.000e+00
1722 2.312e-02 9.659e-04 -3.891e-04 0.000e+00
1723 6.774e-03 -4.533e-03 6.814e-03 0.000e+00
1724 6.945e-03 9.100e-03 8.389e-04 0.000e+00
1725 1.714e-03 1.461e-02 -6.723e-03 6.379e+01
1726 -2.843e-03 -5.691e-03 -8.996e-03 0.000e+00
1727 8.595e-03 -1.038e-02 1.019e-03 0.000e+00
1728 -4.621e-04 1.916e-03 -3.162e-03 0.000e+00
1729 1.042e-02 -8.209e-03 -1.575e-03 0.000e+00
1730 2.059e-03 1.217e-02 1.643e-03 1.847e+01
1731 1.951e-03 9.157e-03 1.299e-03 0.000e+00
1732 4.066e-03 1.790e-02 -7.071e-03 1.339e+02
1733 9.836e-04 -4.124e-03 -3.198e-03 0.000e+00
1734 -1.130e-02 1.672e-02 4.948e-03 7.871e+01
1735 -3.534e-03 -9.915e-03 -3.642e-03 0.000e+00
1736 -1.226e-02 4.341e-03 -6.397e-03 0.000e+00
1737 -1.043e-02 5.797e-03 5.395e-03 0.000e+00
1738 7.008e-03 -8.069e-03 2.630e-03 0.000e+00
1739 1.097e-02 -9.587e-03 -1.248e-02 0.000e+00
1740 8.581e-03 7.768e-03 4.235e-04 0.000e+00
1741 7.813e-03 -8.834e-03 -1.626e-02 0.000e+00
1742 9.713e-03 8.989e-03 1.776e-03 0.000e+00
1743 9.374e-03 5.178e-03 -1.269e-02 0.000e+00
1744 9.096e-03 -9.449e-03 7.631e-03 0.000e+00
1745 2.782e-03 -9.879e-03 2.441e-03 0.000e+00
1746 7.849e-03 -7.581e-03 -2.238e-02 0.000e+00
1747 6.656e-03 -9.215e-03 1.567e-02 0.000e+00
1748 1.342e-02 -6.261e-03 -1.019e-02 0.000e+00
1749 -5.760e-03 7.937e-03 -5.545e-03 0.000e+00
1750 6.427e-03 5.194e-03 -5.181e-03 0.000e+00
1751 -3.316e-03 3.452e-03 1.354e-03 0.000e+00
1752 2.726e-04 -1.722e-03 -4.224e-03 0.000e+00
1753 1.074e-03 9.332e-03 4.880e-03 0.000e+00
1754 -8.897e-03 8.424e-03 -1.044e-02 0.000e+00
1755 8.338e-05 5.597e-04 -3.143e-03 0.000e+00
1756 -2.636e-04 2.392e-03 -3.697e-03 0.000e+00
1757 3.915e-04 -8.772e-03 -9.381e-03 0.000e+00
1758 -8.664e-03 3.326e-03 -3.446e-03 0.000e+00
1759 8.103e-03 -1.020e-02 -1.209e-02 0.000e+00
1760 -1.345e-02 1.607e-02 -2.657e-03 6.637e+01
1761 1.306e-02 -8.944e-03 5.550e-03 0.000e+00
1762 3.238e-03 3.011e-03 2.794e-03 0.000e+00
1763 4.712e-03 1.006e-02 -1.533e-03 0.000e+00
1764 -3.277e-04 1.728e-04 -3.176e-03 0.000e+00
1765 4.053e-03 6.612e-03 -1.011e-02 0.000e+00
1766 -7.871e-03 7.788e-03 -7.069e-03 0.000e+00
1767 -1.403e-03 -1.004e-02 3.291e-03 0.000e+00
1768 1.633e-03 -8.958e-03 4.447e-03 0.000e+00
1769 5.065e-03 5.202e-03 5.528e-03 0.000e+00
1770 -2.145e-03 1.187e-02 5.416e-03 2.003e+01
1771 -1.561e-03 -3.220e-03 -6.841e-03 0.000e+00
1772 -7.215e-03 1.140e-02 -1.062e-02 0.000e+00
1773 -1.251e-02 -4.445e-03 -1.244e-02 0.000e+00
1774 1.231e-03 -7.815e-03 1.067e-03 0.000e+00
1775 1.002e-02 -8.979e-03 4.347e-03 0.000e+00
1776 1.431e-03 2.186e-03 -1.211e-02 0.000e+00
1777 6.657e-03 -9.154e-03 -1.322e-02 0.000e+00
1778 3.998e-03 -6.419e-03 -2.180e-03 0.000e+00
1779 -6.538e-03 -6.400e-03 -5.831e-03 0.000e+00
1780 -2.442e-03 1.556e-02 3.930e-03 6.192e+01
1781 -5.462e-03 1.025e-02 -1.935e-04 0.000e+00
1782 -1.109e-02 1.086e-02 -1.036e-02 0.000e+00
1783 -8.556e-03 -7.490e-03 -8.014e-03 0.000e+00
1784 -4.759e-04 1.074e-02 -5.687e-03 0.000e+00
1785 -3.047e-03 -6.065e-03 -2.855e-03 0.000e+00
1786 -1.254e-03 1.313e-02 -3.152e-03 5.892e+00
1787 7.019e-03 8.801e-03 -4.477e-03 0.000e+00
1788 8.572e-03 -8.877e-03 1.314e-03 0.000e+00
1789 6.522e-03 -5.120e-03 -7.970e-03 0.000e+00
1790 -1.395e-02 -2.650e-03 4.508e-03 0.000e+00
1791 -1.018e-02 -9.308e-03 1.225e-02 0.000e+00
1792 -5.785e-03 5.871e-03 2.819e-03 0.000e+00
1793 8.743e-03 -9.319e-03 -3.772e-03 0.000e+00
1794 -8.428e-05 -1.058e-02 -1.882e-03 0.000e+00
1795 5.790e-03 -1.024e-02 -1.570e-04 0.000e+00
1796 -7.163e-03 5.106e-04 9.193e-03 0.000e+00
1797 -5.475e-04 7.839e-03 -5.056e-03 0.000e+00
1798 1.029e-02 -8.911e-03 -1.830e-03 0.000e+00
1799 2.130e-02 -1.029e-02 -6.207e-03 0.000e+00
1800 1.851e-03 9.352e-03 -3.765e-03 0.000e+00
1801 8.802e-03 -1.001e-02 2.684e-03 0.000e+00
1802 7.383e-03 -9.677e-03 -6.721e-03 0.000e+00
1803 -1.205e-02 -1.002e-02 -9.343e-03 0.000e+00
1804 -6.246e-03 1.182e-02 -2.362e-03 0.000e+00
1805 8.308e-04 6.358e-04 5.544e-03 0.000e+00
1806 -1.716e-03 8.958e-03 -8.771e-03 0.000e+00
1807 -3.782e-03 7.473e-03 -5.578e-03 0.000e+00
1808 2.779e-03 2.484e-03 1.146e-03 0.000e+00
1809 5.030e-03 3.246e-03 2.800e-03 0.000e+00
1810 -3.503e-03 9.919e-03 4.456e-03 0.000e+00
1811 -3.541e-03 -8.354e-03 5.589e-03 0.000e+00
1812 -7.164e-05 1.220e-02 -1.952e-02 1.291e+00
1813 6.039e-03 6.555e-03 9.729e-04 0.000e+00
1814 -7.023e-03 -5.343e-03 -5.179e-03 0.000e+00
1815 -5.552e-03 -5.407e-03 4.965e-03 0.000e+00
1816 1.191e-02 -8.534e-03 -6.816e-03 0.000e+00
1817 -9.152e-03 -8.802e-03 5.645e-03 0.000e+00
1818 -6.922e-03 8.197e-03 9.517e-04 0.000e+00
1819 -4.598e-03 -9.722e-03 -2.204e-03 0.000e+00
1820 -6.309e-03 -9.108e-03 7.672e-03 0.000e+00
1821 8.704e-03 -7.451e-03 -4.085e-03 0.000e+00
1822 -1.911e-03 1.574e-03 -7.463e-03 0.000e+00
1823 1.204e-02 -9.454e-03 6.425e-03 0.000e+00
1824 -1.743e-03 -9.742e-03 -9.757e-04 0.000e+00
1825 6.758e-03 1.529e-03 -7.057e-03 0.000e+00
1826 3.719e-03 2.914e-04 -8.029e-03 0.000e+00
1827 -8.988e-03 -9.421e-03 2.460e-03 0.000e+00
1828 8.480e-03 -4.489e-03 -7.744e-03 0.000e+00
1829 1.793e-03 3.024e-03 -8.470e-04 0.000e+00
1830 6.737e-03 -8.793e-03 -8.525e-04 0.000e+00
1831 1.450e-03 -1.060e-02 2.834e-03 0.000e+00
1832 -5.514e-03 -6.583e-03 5.119e-03 0.000e+00
1833 -1.568e-02 -5.784e-03 -1.332e-02 0.000e+00
1834 1.871e-02 1.822e-02 -1.341e-02 6.789e+01
1835 -3.357e-03 -8.980e-03 2.187e-03 0.000e+00
1836 -3.805e-03 2.229e-03 -5.145e-03 0.000e+00
1837 2.917e-03 -1.058e-02 3.788e-03 0.000e+00
1838 -2.663e-03 8.822e-03 -1.445e-02 0.000e+00
1839 7.407e-03 6.878e-03 2.285e-03 0.000e+00
1840 7.163e-03 -9.788e-03 -1.961e-03 0.000e+00
1841 -5.049e-03 -8.420e-03 -3.910e-03 0.000e+00
1842 -1.423e-03 -1.046e-02 2.048e-04 0.000e+00
1843 1.650e-02 -7.891e-03 -3.770e-03 0.000e+00
1844 7.513e-03 1.152e-02 -5.935e-03 0.000e+00
1845 -3.500e-04 -7.775e-03 5.357e-03 0.000e+00
1846 1.600e-03 -9.980e-03 -2.139e-03 0.000e+00
1847 4.101e-03 -1.002e-02 1.306e-02 0.000e+00
1848 2.083e-03 9.622e-03 -9.262e-03 0.000e+00
1849 3.952e-03 -9.294e-03 -1.152e-03 0.000e+00
1850 -1.095e-03 -9.934e-03 -2.970e-03 0.000e+00
1851 2.069e-02 4.468e-03 6.131e-03 0.000e+00
1852 2.241e-02 -1.020e-02 2.963e-03 0.000e+00
1853 6.338e-03 4.384e-03 -8.639e-03 0.000e+00
1854 5.934e-03 7.396e-04 -2.910e-04 0.000e+00
1855 1.287e-02 1.728e-03 -8.352e-03 0.000e+00
1856 -7.897e-03 -3.868e-03 1.793e-02 0.000e+00
1857 6.257e-04 7.650e-03 7.920e-03 0.000e+00
1858 -6.494e-03 -8.408e-03 3.480e-03 0.000e+00
1859 -4.186e-03 -6.944e-03 3.096e-03 0.000e+00
1860 8.652e-03 4.846e-03 7.698e-04 0.000e+00
1861 -4.513e-03 5.928e-03 5.515e-03 0.000e+00
1862 9.809e-03 -8.882e-03 5.994e-03 0.000e+00
1863 5.134e-03 2.333e-03 -5.634e-03 0.000e+00
1864 -4.675e-03 1.495e-02 1.535e-03 1.165e+02
1865 1.500e-02 -7.003e-03 3.324e-03 0.000e+00
1866 1.293e-02 2.849e-03 3.180e-03 0.000e+00
1867 -1.344e-02 4.934e-03 -2.635e-03 0.000e+00
1868 8.685e-03 2.530e-03 9.950e-03 0.000e+00
1869 4.007e-03 -6.782e-03 1.658e-03 0.000e+00
1870 6.286e-03 -9.067e-03 2.490e-03 0.000e+00
1871 6.806e-03 -8.133e-03 -4.288e-03 0.000e+00
1872 1.324e-02 8.011e-03 -1.707e-03 0.000e+00
1873 8.446e-03 -6.165e-03 -2.407e-03 0.000e+00
1874 7.421e-03 -9.580e-03 3.847e-04 0.000e+00
1875 3.235e-03 1.489e-03 1.806e-03 0.000e+00
1876 8.311e-03 -9.001e-03 4.376e-03 0.000e+00
1877 3.446e-03 5.104e-03 2.837e-03 0.000e+00
1878 5.229e-03 -6.802e-03 9.282e-03 0.000e+00
1879 2.562e-03 1.217e-02 -1.125e-02 2.273e+01
1880 1.892e-03 3.130e-04 1.569e-03 0.000e+00
1881 1.661e-03 -3.018e-03 -6.801e-03 0.000e+00
1882 1.082e-02 1.380e-02 -1.329e-03 3.909e+01
1883 7.119e-03 -1.003e-02 -3.600e-03 0.000e+00
1884 1.352e-02 1.126e-02 -8.843e-03 0.000e+00
1885 6.909e-03 -9.773e-04 -1.040e-02 0.000e+00
1886 3.285e-03 3.737e-03 -1.935e-02 0.000e+00
1887 4.285e-03 4.436e-03 2.691e-03 0.000e+00
1888 -3.019e-03 -9.195e-03 1.237e-02 0.000e+00
1889 8.885e-03 8.271e-03 -1.894e-03 0.000e+00
1890 -1.116e-03 -9.931e-03 -7.580e-03 0.000e+00
1891 8.378e-03 3.095e-03 -1.628e-03 0.000e+00
1892 -1.762e-03 -7.971e-03 -6.436e-03 0.000e+00
1893 -1.243e-03 7.530e-04 5.526e-03 0.000e+00
1894 8.644e-03 -9.084e-03 3.375e-03 0.000e+00
1895 1.791e-05 -7.436e-03 6.034e-03 0.000e+00
1896 -2.152e-03 -9.140e-03 -2.486e-03 0.000e+00
1897 1.238e-02 -4.550e-03 -5.701e-03 0.000e+00
1898 8.772e-03 4.512e-03 9.220e-03 0.000e+00
1899 -3.801e-03 -8.426e-03 8.909e-03 0.000e+00
1900 5.234e-04 -8.956e-03 8.527e-03 0.000e+00
1901 9.792e-03 2.062e-05 4.110e-04 0.000e+00
1902 3.461e-03 3.900e-04 9.213e-03 0.000e+00
1903 1.387e-02 1.887e-02 -8.947e-03 7.948e+01
1904 4.932e-04 -1.025e-03 1.075e-03 0.000e+00
1905 1.720e-02 -9.355e-04 -1.556e-03 0.000e+00
1906 -8.749e-03 -6.431e-03 -8.727e-03 0.000e+00
1907 6.329e-03 -1.061e-02 4.551e-03 0.000e+00
1908 4.550e-03 8.048e-03 6.067e-03 0.000e+00
1909 8.512e-03 7.718e-03 6.566e-03 0.000e+00
1910 -2.251e-03 -2.779e-04 9.693e-03 0.000e+00
1911 2.664e-03 -7.000e-03 1.200e-03 0.000e+00
1912 -1.792e-03 1.352e-02 -9.026e-03 3.922e+01
1913 -8.582e-03 4.200e-03 -2.881e-03 0.000e+00
1914 -2.500e-03 1.389e-02 -8.704e-03 2.459e+01
1915 -2.874e-03 4.820e-03 4.026e-03 0.000e+00
1916 -1.154e-02 1.313e-03 5.041e-03 0.000e+00
1917 -6.973e-03 1.234e-03 -5.786e-03 0.000e+00
1918 -6.354e-03 5.144e-03 6.566e-03 0.000e+00
1919 -1.640e-03 3.835e-03 -4.318e-03 0.000e+00
1920 1.559e-02 4.507e-03 -6.595e-03 0.000e+00
1921 1.135e-02 3.228e-03 -3.693e-03 0.000e+00
1922 -3.906e-03 5.944e-03 4.962e-03 0.000e+00
1923 1.287e-02 7.415e-03 -6.111e-03 0.000e+00
1924 1.045e-02 -9.821e-03 -2.823e-03 0.000e+00
1925 -6.775e-04 -1.056e-02 -5.169e-03 0.000e+00
1926 1.508e-02 6.993e-04 1.166e-02 0.000e+00
1927 5.476e-03 8.043e-03 -2.272e-03 0.000e+00
1928 1.737e-03 5.537e-03 3.215e-03 0.000e+00
1929 7.883e-03 6.873e-04 3.527e-03 0.000e+00
1930 -8.161e-03 3.817e-03 4.787e-03 0.000e+00
1931 4.936e-03 -1.020e-02 -6.968e-03 0.000e+00
1932 7.628e-03 -6.697e-03 5.991e-03 0.000e+00
1933 1.890e-02 -7.963e-04 4.490e-03 0.000e+00
1934 2.252e-03 -2.146e-04 -6.313e-03 0.000e+00
1935 -5.351e-04 6.467e-03 3.986e-03 0.000e+00
1936 7.700e-03 1.013e-02 3.132e-03 0.000e+00
1937 -6.516e-03 4.600e-03 5.976e-03 0.000e+00
1938 5.566e-06 -8.093e-03 7.395e-03 0.000e+00
1939 -1.465e-02 3.318e-03 -4.573e-03 0.000e+00
1940 -3.304e-03 3.071e-03 -9.813e-05 0.000e+00
1941 2.790e-03 7.500e-03 6.963e-03 0.000e+00
1942 1.209e-02 -4.888e-03 1.131e-02 0.000e+00
1943 -3.524e-03 2.944e-03 -9.979e-04 0.000e+00
1944 -6.466e-03 -7.336e-04 -5.971e-03 0.000e+00
1945 5.406e-03 -8.109e-03 -6.679e-04 0.000e+00
1946 3.419e-03 -6.995e-03 -9.679e-03 0.000e+00
1947 -1.957e-03 -7.674e-03 6.360e-04 0.000e+00
1948 4.270e-03 -6.544e-03 -3.727e-03 0.000e+00
1949 -3.131e-03 -9.010e-03 1.953e-03 0.000e+00
1950 4.218e-03 -5.158e-04 -1.008e-02 0.000e+00
1951 -2.608e-03 7.208e-03 3.526e-03 0.000e+00
1952 1.846e-03 -1.037e-02 1.801e-03 0.000e+00
1953 1.164e-03 2.558e-03 -4.356e-03 0.000e+00
1954 2.768e-03 -8.783e-03 -9.687e-03 0.000e+00
1955 2.633e-03 -9.808e-03 2.763e-03 0.000e+00
1956 2.234e-03 4.739e-03 -7.244e-03 0.000e+00
1957 -8.680e-04 -9.019e-03 -4.261e-03 0.000e+00
1958 1.640e-02 7.226e-04 -1.000e-02 0.000e+00
1959 -2.240e-03 -8.088e-03 8.161e-03 0.000e+00
1960 -6.015e-03 4.252e-03 9.542e-03 0.000e+00
1961 4.299e-03 2.682e-03 -1.813e-04 0.000e+00
1962 -3.199e-03 -8.516e-03 -4.545e-05 0.000e+00
1963 -9.407e-03 -7.840e-03 6.312e-03 0.000e+00
1964 7.805e-03 -1.054e-02 -3.272e-03 0.000e+00
1965 2.189e-03 -9.714e-03 1.191e-03 0.000e+00
1966 -4.354e-03 -9.443e-03 -3.063e-03 0.000e+00
1967 -7.600e-03 4.926e-03 3.627e-03 0.000e+00
1968 7.919e-03 -1.061e-02 -5.227e-04 0.000e+00
1969 -4.771e-03 -1.026e-02 -2.827e-03 0.000e+00
1970 1.420e-03 7.859e-03 3.889e-03 0.000e+00
1971 -6.724e-04 -8.578e-03 4.899e-03 0.000e+00
1972 -5.375e-03 -1.025e-02 -8.989e-03 0.000e+00
1973 2.539e-03 -9.957e-03 -9.169e-03 0.000e+00
1974 2.368e-03 -8.224e-03 1.402e-02 0.000e+00
1975 -4.820e-04 6.742e-04 -1.709e-03 0.000e+00
1976 -2.054e-04 1.130e-02 -3.590e-03 0.000e+00
1977 -6.497e-03 -1.008e-02 7.801e-03 0.000e+00
1978 1.134e-02 -5.321e-03 -8.981e-03 0.000e+00
1979 8.845e-03 -1.053e-02 -1.201e-02 0.000e+00
1980 -3.396e-03 1.872e-03 -1.296e-02 0.000e+00
1981 4.220e-03 -1.218e-04 8.815e-03 0.000e+00
1982 -5.421e-03 1.480e-02 5.866e-03 1.196e+02
1983 -6.991e-03 1.133e-02 -7.802e-03 0.000e+00
1984 -9.299e-03 5.678e-04 5.137e-03 0.000e+00
1985 -1.209e-02 9.480e-03 1.631e-02 0.000e+00
1986 4.505e-03 -1.262e-03 7.280e-03 0.000e+00
1987 -3.663e-03 -4.035e-03 -5.116e-03 0.000e+00
1988 7.961e-03 6.433e-03 3.741e-03 0.000e+00
1989 -4.789e-03 -9.837e-03 2.357e-03 0.000e+00
1990 -1.115e-02 1.902e-03 3.293e-03 0.000e+00
1991 3.557e-03 -7.565e-03 -4.768e-03 0.000e+00
1992 8.394e-03 -1.048e-02 1.696e-03 0.000e+00
1993 -1.634e-03 6.619e-04 1.164e-02 0.000e+00
1994 6.353e-03 -1.064e-02 8.975e-03 0.000e+00
1995 -2.258e-03 -6.874e-03 5.747e-03 0.000e+00
1996 8.660e-03 -7.845e-03 4.586e-03 0.000e+00
1997 9.707e-03 2.361e-03 4.451e-03 0.000e+00
1998 -7.111e-03 -1.026e-02 -2.503e-03 0.000e+00
1999 -1.379e-02 -1.934e-03 -1.106e-02 0.000e+00
2000 -8.382e-04 5.050e-03 1.166e-02 0.000e+00
2001 -2.665e-03 -4.581e-03 8.777e-03 0.000e+00
2002 -3.338e-03 -1.062e-02 2.593e-03 0.000e+00
2003 -1.030e-02 1.032e-02 7.482e-03 0.000e+00
2004 -6.566e-04 -9.881e-03 -6.217e-03 0.000e+00
2005 -8.527e-04 8.889e-03 -3.360e-03 0.000e+00
2006 -2.945e-03 -8.706e-03 -8.603e-04 0.000e+00
2007 9.424e-04 8.875e-03 -1.726e-02 0.000e+00
2008 -6.417e-03 -4.808e-03 1.686e-02 0.000e+00
2009 7.999e-04 1.357e-02 -7.976e-03 -4.428e+01
2010 7.106e-04 -9.082e-03 -2.818e-03 0.000e+00
2011 -7.323e-03 -7.950e-03 2.674e-03 0.000e+00
2012 1.162e-02 -8.821e-03 7.221e-03 0.000e+00
2013 6.302e-03 -6.694e-03 -1.147e-03 0.000e+00
2014 -7.499e-03 -1.042e-02 -9.713e-04 0.000e+00
2015 6.724e-03 9.655e-04 -4.273e-03 0.000e+00
2016 5.636e-03 1.145e-03 6.026e-03 0.000e+00
2017 9.021e-03 -8.937e-03 -4.811e-03 0.000e+00
2018 1.445e-02 1.052e-02 -9.212e-03 0.000e+00
2019 4.475e-03 -9.665e-04 -1.511e-03 0.000e+00
2020 7.298e-03 1.066e-02 8.025e-03 0.000e+00
2021 1.895e-03 -6.412e-03 -1.066e-02 0.000e+00
2022 5.255e-03 4.625e-03 9.608e-04 0.000e+00
2023 1.026e-02 7.609e-03 -2.451e-03 0.000e+00
2024 6.007e-04 -9.587e-03 -1.443e-02 0.000e+00
2025 1.134e-02 -4.879e-03 3.715e-03 0.000e+00
2026 7.587e-03 1.984e-03 1.174e-02 0.000e+00
2027 -4.278e-03 7.678e-03 -1.531e-03 0.000e+00
2028 -3.909e-03 -1.024e-02 7.567e-03 0.000e+00
2029 1.129e-02 -7.007e-03 5.555e-03 0.000e+00
2030 1.381e-02 -9.020e-03 2.052e-03 0.000e+00
2031 1.581e-02 -8.952e-03 6.531e-03 0.000e+00
2032 2.958e-03 2.555e-03 -5.051e-05 0.000e+00
2033 1.267e-02 1.097e-03 -2.556e-03 0.000e+00
2034 1.998e-03 -1.052e-02 9.836e-03 0.000e+00
2035 9.345e-03 6.518e-03 8.008e-03 0.000e+00
2036 -4.906e-03 3.358e-03 -6.351e-03 0.000e+00
2037 -2.030e-03 -1.037e-02 -8.496e-04 0.000e+00
2038 2.108e-03 -7.408e-03 1.764e-03 0.000e+00
2039 8.931e-03 1.100e-02 -6.273e-03 0.000e+00
2040 1.039e-02 -1.018e-02 7.027e-04 0.000e+00
2041 9.450e-03 6.413e-03 -6.402e-03 0.000e+00
2042 -1.206e-02 4.661e-03 -3.126e-03 0.000e+00
2043 -7.710e-03 3.055e-03 -8.720e-05 0.000e+00
2044 5.073e-04 -9.762e-03 5.346e-03 0.000e+00
2045 9.787e-03 5.819e-04 -1.296e-03 0.000e+00
2046 -5.806e-03 2.180e-03 -6.246e-04 0.000e+00
2047 1.803e-02 6.499e-03 1.557e-02 0.000e+00
