Bin I L V PA
0 -6.374e-04 4.948e-04 -1.973e-04 0.000e+00
1 1.205e-03 -1.015e-05 -6.550e-04 0.000e+00
2 6.847e-04 -1.865e-04 -2.160e-03 0.000e+00
3 8.985e-04 1.173e-05 -3.848e-04 0.000e+00
4 1.179e-03 -8.907e-05 2.067e-04 0.000e+00
5 1.218e-03 -2.061e-04 7.779e-05 0.000e+00
6 -4.726e-04 7.796e-04 -5.943e-04 0.000e+00
7 3.783e-04 1.898e-04 -1.414e-03 0.000e+00
8 -7.995e-04 9.984e-04 2.200e-03 0.000e+00
9 7.609e-04 4.837e-04 -1.582e-03 0.000e+00
10 -1.199e-03 3.682e-04 -1.032e-03 0.000e+00
11 -5.484e-04 3.540e-04 -3.116e-04 0.000e+00
12 -7.587e-04 5.059e-04 -5.113e-04 0.000e+00
13 -1.710e-03 -2.114e-04 6.817e-04 0.000e+00
14 2.467e-04 -7.220e-05 -2.257e-03 0.000e+00
15 -4.469e-04 2.986e-05 1.543e-03 0.000e+00
16 -6.467e-04 -1.400e-04 -2.768e-03 0.000e+00
17 -4.940e-04 -6.476e-06 1.688e-03 0.000e+00
18 1.798e-03 1.465e-04 -1.324e-04 0.000e+00
19 2.746e-04 -3.664e-05 1.276e-03 0.000e+00
20 1.040e-03 1.212e-04 -6.938e-05 0.000e+00
21 2.619e-04 -1.764e-04 1.768e-03 0.000e+00
22 8.514e-04 -6.728e-05 8.345e-04 0.000e+00
23 -3.397e-04 1.295e-04 -1.284e-03 0.000e+00
24 3.197e-04 -1.662e-04 -8.081e-04 0.000e+00
25 -3.653e-04 2.039e-03 -1.525e-03 0.000e+00
26 4.719e-05 2.424e-04 1.696e-05 0.000e+00
27 -2.907e-04 7.939e-05 1.464e-03 0.000e+00
28 2.066e-04 9.638e-05 -1.568e-03 0.000e+00
29 -1.114e-03 2.871e-04 -1.497e-03 0.000e+00
30 2.835e-03 -1.510e-04 1.007e-04 0.000e+00
31 2.971e-04 7.760e-04 1.121e-03 0.000e+00
32 1.979e-03 2.289e-04 -2.850e-04 0.000e+00
33 -8.320e-04 3.534e-04 1.725e-03 0.000e+00
34 -8.822e-04 -1.024e-04 -3.728e-04 0.000e+00
35 1.714e-05 2.673e-04 -7.786e-04 0.000e+00
36 -2.233e-04 1.630e-03 -7.772e-04 0.000e+00
37 -5.184e-04 2.832e-04 -5.175e-05 0.000e+00
38 -4.751e-04 -2.343e-04 7.027e-04 0.000e+00
39 -3.637e-05 1.103e-04 -9.619e-04 0.000e+00
40 -6.242e-04 -5.750e-07 1.355e-03 0.000e+00
41 -3.324e-04 -8.774e-05 4.903e-04 0.000e+00
42 9.967e-04 -1.308e-05 -5.811e-04 0.000e+00
43 -7.108e-04 9.392e-04 -1.261e-03 0.000e+00
44 2.844e-04 -1.755e-04 1.113e-03 0.000e+00
45 5.299e-04 2.906e-06 1.197e-04 0.000e+00
46 1.959e-03 4.711e-03 3.480e-03 0.000e+00
47 -7.747e-04 -2.095e-05 -2.813e-05 0.000e+00
48 -2.940e-04 1.450e-04 -6.999e-04 0.000e+00
49 -2.247e-04 2.345e-04 1.252e-03 0.000e+00
50 1.473e-04 4.235e-03 2.433e-03 0.000e+00
51 8.231e-04 -1.932e-04 -1.775e-05 0.000e+00
52 7.142e-04 -2.336e-04 3.642e-04 0.000e+00
53 3.816e-03 4.943e-04 -1.118e-03 0.000e+00
54 1.317e-03 -1.309e-04 -7.219e-04 0.000e+00
55 8.290e-04 2.875e-04 -7.022e-04 0.000e+00
56 5.832e-04 -2.339e-04 8.463e-04 0.000e+00
57 -8.138e-04 1.574e-04 5.122e-04 0.000e+00
58 -9.627e-04 1.880e-04 5.977e-04 0.000e+00
59 2.060e-03 5.711e-04 -1.044e-03 0.000e+00
60 -6.186e-04 1.096e-05 -2.329e-03 0.000e+00
61 6.707e-04 1.572e-03 -1.280e-03 0.000e+00
62 -1.163e-05 8.253e-04 1.453e-03 0.000e+00
63 6.824e-04 -2.246e-05 -1.331e-04 0.000e+00
64 -2.212e-04 1.341e-04 3.811e-04 0.000e+00
65 -1.308e-03 -1.910e-04 5.478e-04 0.000e+00
66 5.359e-04 -2.140e-04 -6.202e-04 0.000e+00
67 4.334e-04 5.511e-04 -2.057e-04 0.000e+00
68 1.182e-04 2.530e-04 8.916e-04 0.000e+00
69 1.307e-03 2.218e-03 9.955e-04 0.000e+00
70 6.142e-05 2.346e-04 -9.656e-04 0.000e+00
71 7.700e-04 1.111e-04 7.516e-04 0.000e+00
72 5.843e-04 -1.571e-04 -8.200e-04 0.000e+00
73 -7.367e-04 8.238e-05 -7.215e-04 0.000e+00
74 -3.501e-04 3.390e-04 -4.812e-04 0.000e+00
75 -1.600e-03 4.308e-04 3.698e-04 0.000e+00
76 7.095e-04 -1.233e-04 6.116e-04 0.000e+00
77 4.375e-05 -8.653e-06 3.271e-04 0.000e+00
78 -1.176e-03 8.270e-06 -8.974e-04 0.000e+00
79 -3.425e-04 1.137e-05 -3.096e-04 0.000e+00
80 -2.049e-03 5.366e-06 -1.393e-03 0.000e+00
81 -1.327e-03 -2.285e-04 -5.060e-04 0.000e+00
82 1.472e-03 2.410e-04 -2.817e-03 0.000e+00
83 1.811e-03 -5.658e-07 -4.178e-06 0.000e+00
84 2.573e-03 8.247e-04 1.596e-03 0.000e+00
85 1.256e-03 -1.681e-04 -5.900e-04 0.000e+00
86 2.114e-03 3.689e-05 -1.618e-03 0.000e+00
87 -6.603e-05 -1.951e-04 1.741e-03 0.000e+00
88 1.124e-03 -1.231e-04 -1.663e-03 0.000e+00
89 1.128e-03 -1.943e-04 -1.427e-04 0.000e+00
90 7.175e-05 1.685e-04 -4.312e-06 0.000e+00
91 4.739e-04 -1.968e-04 1.436e-03 0.000e+00
92 1.273e-03 -7.874e-05 -9.340e-04 0.000e+00
93 1.521e-03 2.049e-04 8.229e-04 0.000e+00
94 -2.014e-03 5.102e-05 1.797e-03 0.000e+00
95 1.541e-03 -1.164e-04 -1.532e-03 0.000e+00
96 4.295e-04 9.045e-04 3.062e-04 0.000e+00
97 2.393e-03 7.704e-05 4.900e-04 0.000e+00
98 -1.450e-03 1.555e-03 2.610e-03 0.000e+00
99 2.061e-03 4.093e-06 -3.216e-04 0.000e+00
100 -1.038e-03 7.528e-04 2.508e-05 0.000e+00
101 -1.502e-03 -2.010e-04 4.452e-05 0.000e+00
102 -1.556e-03 -9.135e-05 -1.419e-04 0.000e+00
103 6.301e-04 -6.857e-05 -1.061e-03 0.000e+00
104 8.626e-04 1.412e-04 8.442e-05 0.000e+00
105 -1.264e-05 -2.060e-04 -4.239e-04 0.000e+00
106 3.165e-04 1.217e-04 -5.693e-05 0.000e+00
107 -6.714e-04 -2.247e-04 -2.190e-03 0.000e+00
108 2.552e-04 7.662e-05 -1.098e-03 0.000e+00
109 -5.927e-04 -1.552e-04 2.380e-03 0.000e+00
110 3.564e-03 4.061e-04 4.617e-04 0.000e+00
111 -5.528e-04 -2.068e-04 -1.186e-03 0.000e+00
112 -1.303e-03 -1.713e-05 -1.087e-03 0.000e+00
113 6.604e-04 1.079e-04 3.894e-04 0.000e+00
114 3.024e-04 2.349e-04 -1.811e-03 0.000e+00
115 -2.816e-04 -5.768e-05 -6.536e-05 0.000e+00
116 -9.003e-04 1.594e-03 1.353e-03 0.000e+00
117 1.052e-03 -1.971e-04 -1.360e-04 0.000e+00
118 -8.110e-04 -9.135e-05 2.251e-03 0.000e+00
119 1.960e-03 5.019e-05 -1.384e-03 0.000e+00
120 2.879e-04 9.745e-05 6.412e-04 0.000e+00
121 1.074e-03 6.335e-04 -3.185e-04 0.000e+00
122 5.687e-04 -9.398e-05 -1.364e-03 0.000e+00
123 -9.252e-05 -1.003e-04 -9.225e-04 0.000e+00
124 2.064e-05 4.024e-04 2.740e-04 0.000e+00
125 1.152e-04 1.889e-04 -9.886e-04 0.000e+00
126 -2.704e-03 -7.057e-05 9.391e-04 0.000e+00
127 2.058e-05 1.152e-03 -1.507e-03 0.000e+00
128 -7.498e-04 1.295e-04 -1.520e-04 0.000e+00
129 -1.190e-03 -7.508e-05 1.143e-03 0.000e+00
130 -5.781e-04 -6.318e-05 1.063e-03 0.000e+00
131 8.391e-04 -1.172e-04 8.070e-04 0.000e+00
132 -1.783e-04 3.466e-04 1.429e-03 0.000e+00
133 -6.313e-04 7.387e-04 -1.840e-03 0.000e+00
134 1.413e-03 7.659e-04 1.992e-03 0.000e+00
135 -6.211e-04 1.491e-03 9.478e-04 0.000e+00
136 -3.731e-05 -5.544e-05 -1.043e-03 0.000e+00
137 -1.306e-03 -2.331e-04 1.388e-03 0.000e+00
138 4.280e-04 8.590e-04 -1.467e-03 0.000e+00
139 -1.813e-04 5.147e-04 -1.155e-03 0.000e+00
140 1.028e-03 1.025e-03 1.122e-03 0.000e+00
141 4.544e-04 6.831e-05 7.509e-06 0.000e+00
142 9.437e-05 8.433e-04 1.710e-03 0.000e+00
143 3.883e-04 1.209e-04 3.060e-04 0.000e+00
144 -3.475e-04 -1.001e-04 -1.809e-04 0.000e+00
145 -4.347e-04 4.783e-04 5.915e-04 0.000e+00
146 1.106e-03 -2.382e-04 -5.507e-04 0.000e+00
147 1.476e-03 2.760e-04 -7.515e-04 0.000e+00
148 3.444e-04 -1.322e-04 7.391e-04 0.000e+00
149 1.981e-03 -1.298e-04 7.329e-04 0.000e+00
150 2.430e-04 -2.768e-05 9.168e-05 0.000e+00
151 2.041e-04 1.105e-04 1.439e-04 0.000e+00
152 1.190e-03 -9.591e-05 -7.057e-04 0.000e+00
153 6.622e-04 -1.007e-04 1.255e-03 0.000e+00
154 -6.788e-04 -1.842e-04 -1.014e-03 0.000e+00
155 -6.476e-04 -1.293e-04 5.360e-05 0.000e+00
156 3.463e-04 4.729e-03 8.769e-04 0.000e+00
157 1.060e-03 4.196e-04 -7.691e-04 0.000e+00
158 1.064e-03 -5.433e-06 -1.499e-03 0.000e+00
159 -1.243e-03 3.995e-04 -9.926e-04 0.000e+00
160 -2.793e-04 3.669e-04 -5.375e-04 0.000e+00
161 1.061e-03 3.480e-04 -1.026e-03 0.000e+00
162 -5.693e-04 -2.501e-07 -1.985e-04 0.000e+00
163 -4.475e-04 -1.284e-04 3.586e-04 0.000e+00
164 6.228e-04 -3.238e-05 -2.998e-03 0.000e+00
165 -2.419e-03 -1.578e-04 8.266e-04 0.000e+00
166 8.358e-04 1.214e-04 -1.904e-03 0.000e+00
167 -1.745e-04 4.833e-05 9.337e-04 0.000e+00
168 -8.517e-04 -2.287e-04 -1.140e-03 0.000e+00
169 1.587e-03 1.188e-03 -1.391e-03 0.000e+00
170 -1.875e-03 -2.135e-04 -1.324e-03 0.000e+00
171 6.225e-04 -1.367e-04 1.675e-03 0.000e+00
172 8.765e-04 -1.582e-04 -3.042e-04 0.000e+00
173 2.199e-04 -1.517e-04 8.428e-04 0.000e+00
174 1.001e-03 -1.589e-04 -9.805e-04 0.000e+00
175 -5.010e-04 4.122e-04 -1.682e-03 0.000e+00
176 -4.598e-04 -1.988e-04 1.898e-03 0.000e+00
177 2.737e-03 5.753e-05 1.414e-03 0.000e+00
178 -9.051e-04 -4.393e-05 -1.056e-03 0.000e+00
179 1.155e-03 -1.124e-04 1.143e-03 0.000e+00
180 7.022e-04 2.410e-04 -5.100e-04 0.000e+00
181 4.802e-04 -1.211e-04 1.492e-04 0.000e+00
182 6.296e-04 -2.352e-05 1.285e-03 0.000e+00
183 7.725e-04 -1.105e-04 -2.454e-04 0.000e+00
184 -1.922e-04 5.163e-04 1.083e-03 0.000e+00
185 1.054e-03 3.622e-04 7.452e-04 0.000e+00
186 9.341e-04 -1.181e-05 6.463e-04 0.000e+00
187 -1.317e-03 -1.769e-04 -7.481e-04 0.000e+00
188 1.449e-04 -3.397e-05 -1.296e-03 0.000e+00
189 -1.685e-03 -1.042e-04 1.741e-03 0.000e+00
190 -4.619e-04 -8.236e-05 2.233e-04 0.000e+00
191 -5.506e-06 4.778e-04 4.948e-04 0.000e+00
192 -7.600e-04 -1.166e-04 3.178e-04 0.000e+00
193 2.021e-04 1.208e-04 1.640e-03 0.000e+00
194 5.128e-04 -2.084e-04 -1.553e-04 0.000e+00
195 -2.782e-03 -4.379e-05 -9.077e-05 0.000e+00
196 6.497e-07 -1.730e-04 -1.795e-04 0.000e+00
197 -2.816e-05 -2.015e-04 8.260e-04 0.000e+00
198 2.485e-03 3.672e-05 6.223e-04 0.000e+00
199 -8.990e-04 2.929e-04 3.634e-04 0.000e+00
200 9.594e-04 1.007e-04 -8.522e-04 0.000e+00
201 -9.980e-04 2.254e-05 8.499e-04 0.000e+00
202 -6.145e-04 -1.670e-04 -2.649e-04 0.000e+00
203 -6.112e-04 -2.008e-05 -4.317e-04 0.000e+00
204 1.601e-03 4.218e-04 2.129e-03 0.000e+00
205 -1.197e-03 9.675e-04 1.673e-04 0.000e+00
206 3.400e-04 -7.528e-05 2.756e-04 0.000e+00
207 -1.502e-03 1.042e-03 1.668e-04 0.000e+00
208 -9.826e-04 -1.246e-04 4.185e-04 0.000e+00
209 1.177e-03 2.678e-04 3.874e-04 0.000e+00
210 3.026e-04 7.153e-04 -7.840e-04 0.000e+00
211 7.646e-04 8.210e-04 2.345e-04 0.000e+00
212 3.867e-05 -9.967e-05 1.328e-03 0.000e+00
213 2.554e-03 -8.099e-05 -5.605e-04 0.000e+00
214 7.560e-04 1.416e-04 1.023e-03 0.000e+00
215 1.603e-03 7.358e-05 5.097e-04 0.000e+00
216 -9.205e-04 1.941e-03 -6.778e-04 0.000e+00
217 -2.040e-04 4.049e-04 -2.249e-04 0.000e+00
218 7.207e-08 1.924e-04 9.786e-04 0.000e+00
219 7.891e-04 5.776e-04 -4.803e-04 0.000e+00
220 -2.461e-03 -3.390e-05 -6.089e-04 0.000e+00
221 -8.874e-04 -2.120e-04 -7.364e-06 0.000e+00
222 1.841e-04 7.077e-05 6.427e-04 0.000e+00
223 -1.780e-04 -1.278e-04 7.789e-04 0.000e+00
224 8.977e-04 4.010e-05 -1.625e-03 0.000e+00
225 2.290e-04 3.625e-05 -2.947e-04 0.000e+00
226 -1.227e-03 1.400e-03 -7.980e-04 0.000e+00
227 -1.832e-04 6.698e-04 1.630e-03 0.000e+00
228 1.740e-03 1.518e-04 -1.290e-03 0.000e+00
229 1.472e-03 1.505e-03 9.593e-04 0.000e+00
230 3.613e-04 -1.519e-04 4.375e-04 0.000e+00
231 -1.011e-03 8.640e-04 -6.414e-04 0.000e+00
232 -9.614e-04 1.241e-03 7.522e-05 0.000e+00
233 -1.626e-03 1.225e-03 -1.638e-03 0.000e+00
234 -6.185e-04 2.191e-04 4.905e-04 0.000e+00
235 -1.607e-03 1.097e-04 -6.831e-04 0.000e+00
236 2.036e-03 -1.429e-04 -1.918e-03 0.000e+00
237 1.589e-04 -7.783e-05 1.306e-03 0.000e+00
238 -3.474e-04 2.149e-05 2.485e-04 0.000e+00
239 1.718e-04 8.720e-05 -1.974e-03 0.000e+00
240 1.406e-05 -1.111e-04 1.109e-03 0.000e+00
241 -1.878e-05 1.125e-03 -2.032e-04 0.000e+00
242 1.620e-03 7.418e-04 -6.807e-04 0.000e+00
243 2.003e-04 1.191e-04 -1.237e-04 0.000e+00
244 8.295e-04 -2.137e-04 -4.783e-05 0.000e+00
245 -7.476e-04 2.564e-05 -2.654e-04 0.000e+00
246 -1.117e-03 2.171e-04 7.684e-04 0.000e+00
247 1.142e-03 -2.123e-04 3.846e-04 0.000e+00
248 -4.228e-04 2.128e-04 -1.410e-03 0.000e+00
249 -7.030e-05 3.463e-04 5.059e-04 0.000e+00
250 8.893e-05 1.238e-03 1.318e-03 0.000e+00
251 9.509e-04 -5.237e-05 6.454e-04 0.000e+00
252 -6.276e-04 -2.142e-04 -6.718e-04 0.000e+00
253 -1.423e-03 1.345e-05 6.760e-04 0.000e+00
254 -1.419e-03 -2.386e-04 1.936e-03 0.000e+00
255 7.112e-04 -2.134e-04 1.925e-03 0.000e+00
256 5.050e-04 -2.029e-04 3.644e-04 0.000e+00
257 -5.627e-04 -1.815e-04 1.916e-03 0.000e+00
258 -1.863e-04 -2.334e-04 1.068e-03 0.000e+00
259 -7.064e-04 3.828e-04 1.822e-03 0.000e+00
260 -9.196e-04 -6.346e-05 -1.184e-03 0.000e+00
261 1.335e-03 4.134e-05 9.063e-04 0.000e+00
262 -1.721e-03 -2.382e-04 1.130e-04 0.000e+00
263 9.792e-04 -2.205e-04 1.012e-03 0.000e+00
264 6.337e-04 8.558e-05 -2.208e-03 0.000e+00
265 -1.600e-03 7.780e-04 -2.656e-04 0.000e+00
266 -1.520e-03 -2.303e-04 -9.513e-04 0.000e+00
267 -5.832e-04 -9.879e-05 -8.655e-04 0.000e+00
268 2.642e-03 2.990e-04 4.763e-04 0.000e+00
269 4.344e-05 7.285e-04 1.949e-03 0.000e+00
270 -1.538e-03 -1.552e-04 1.359e-03 0.000e+00
271 -5.967e-04 4.122e-04 -3.805e-06 0.000e+00
272 -2.478e-03 -8.797e-05 6.534e-04 0.000e+00
273 -2.008e-04 2.190e-05 1.494e-03 0.000e+00
274 6.219e-04 -1.544e-05 -1.315e-03 0.000e+00
275 7.764e-04 -6.525e-05 -1.228e-03 0.000e+00
276 -5.072e-04 2.014e-04 1.073e-04 0.000e+00
277 -1.428e-04 7.851e-05 4.516e-05 0.000e+00
278 2.162e-04 8.167e-04 2.433e-03 0.000e+00
279 8.507e-04 -1.953e-04 9.015e-04 0.000e+00
280 8.819e-04 -1.453e-06 2.413e-04 0.000e+00
281 -1.958e-03 -1.727e-04 -3.326e-04 0.000e+00
282 5.929e-04 3.072e-04 -1.540e-04 0.000e+00
283 2.639e-04 6.876e-05 8.934e-04 0.000e+00
284 9.550e-04 6.347e-03 1.040e-03 5.615e+01
285 -2.053e-03 7.009e-04 -1.707e-03 0.000e+00
286 -4.407e-04 1.558e-03 -1.947e-03 0.000e+00
287 -8.708e-04 7.517e-04 5.708e-04 0.000e+00
288 6.912e-05 9.937e-05 -5.459e-04 0.000e+00
289 1.607e-03 -1.051e-04 1.024e-03 0.000e+00
290 7.611e-04 -2.339e-06 -6.949e-05 0.000e+00
291 6.411e-05 5.445e-04 -4.558e-04 0.000e+00
292 -1.601e-03 9.761e-05 -2.329e-03 0.000e+00
293 2.928e-04 3.215e-04 -2.572e-04 0.000e+00
294 7.813e-04 -1.415e-04 6.878e-04 0.000e+00
295 -1.370e-04 8.016e-04 1.367e-03 0.000e+00
296 1.170e-03 -1.664e-04 -1.866e-04 0.000e+00
297 1.110e-03 -2.346e-04 -7.932e-05 0.000e+00
298 -3.215e-04 1.213e-05 -5.350e-05 0.000e+00
299 -4.472e-04 -2.179e-05 7.099e-05 0.000e+00
300 -1.591e-03 3.091e-04 1.649e-03 0.000e+00
301 -1.308e-03 -2.048e-05 -3.061e-04 0.000e+00
302 2.297e-03 4.082e-04 -8.770e-05 0.000e+00
303 -7.239e-04 -3.677e-05 1.197e-03 0.000e+00
304 8.296e-05 8.192e-05 -1.690e-03 0.000e+00
305 7.116e-04 -2.010e-04 -4.839e-04 0.000e+00
306 -1.450e-03 -6.905e-05 -4.696e-04 0.000e+00
307 -2.301e-03 -2.092e-04 1.210e-03 0.000e+00
308 6.320e-04 9.896e-04 -9.492e-04 0.000e+00
309 1.616e-04 1.618e-04 1.313e-04 0.000e+00
310 -1.368e-03 2.106e-04 5.434e-04 0.000e+00
311 2.132e-05 -1.686e-04 -6.689e-04 0.000e+00
312 3.680e-04 3.116e-05 -5.986e-04 0.000e+00
313 -1.161e-03 8.742e-04 -1.185e-03 0.000e+00
314 1.010e-03 9.710e-04 -1.556e-03 0.000e+00
315 -1.464e-03 7.701e-05 1.361e-04 0.000e+00
316 -1.379e-04 -1.388e-04 -9.788e-04 0.000e+00
317 -2.492e-04 -8.139e-05 2.034e-03 0.000e+00
318 3.439e-04 -7.310e-05 1.136e-05 0.000e+00
319 -1.757e-03 -2.226e-04 -5.999e-05 0.000e+00
320 -1.072e-03 5.442e-05 3.770e-04 0.000e+00
321 -1.754e-04 3.270e-05 3.215e-05 0.000e+00
322 -1.828e-03 -1.116e-04 1.740e-03 0.000e+00
323 -9.956e-04 -9.922e-05 4.962e-04 0.000e+00
324 5.319e-04 1.471e-03 4.300e-04 0.000e+00
325 6.036e-04 -1.235e-04 1.066e-03 0.000e+00
326 1.049e-04 -8.464e-05 4.664e-04 0.000e+00
327 -1.209e-03 -1.659e-04 -2.991e-04 0.000e+00
328 -2.688e-04 -1.235e-04 1.703e-03 0.000e+00
329 -1.899e-03 6.623e-04 1.505e-04 0.000e+00
330 2.576e-04 -4.609e-05 -8.800e-04 0.000e+00
331 8.359e-04 -1.384e-04 -4.550e-04 0.000e+00
332 -8.955e-04 -1.393e-04 -1.549e-03 0.000e+00
333 2.691e-04 7.314e-05 7.636e-04 0.000e+00
334 -2.785e-04 -1.759e-04 -2.132e-04 0.000e+00
335 7.131e-04 -5.851e-05 1.014e-03 0.000e+00
336 7.221e-04 -5.711e-05 -7.005e-04 0.000e+00
337 -5.693e-04 -4.101e-05 2.897e-04 0.000e+00
338 1.590e-04 1.994e-04 -9.986e-04 0.000e+00
339 -8.063e-04 9.330e-05 -2.296e-04 0.000e+00
340 -4.873e-04 -2.299e-04 -1.983e-03 0.000e+00
341 7.718e-04 3.380e-04 1.150e-03 0.000e+00
342 2.905e-04 2.766e-05 8.138e-04 0.000e+00
343 -6.770e-05 -1.126e-04 3.404e-04 0.000e+00
344 -1.318e-03 3.692e-05 -1.306e-03 0.000e+00
345 -1.839e-03 2.389e-03 -1.819e-03 0.000e+00
346 -1.428e-03 -1.861e-04 5.719e-04 0.000e+00
347 2.706e-04 1.004e-03 -7.316e-04 0.000e+00
348 -3.706e-04 -1.811e-04 -1.221e-03 0.000e+00
349 -1.308e-03 -3.998e-05 -1.060e-04 0.000e+00
350 3.533e-04 5.058e-05 -1.878e-03 0.000e+00
351 3.660e-04 -1.231e-04 -1.020e-03 0.000e+00
352 -5.318e-04 -1.704e-04 -8.467e-04 0.000e+00
353 4.066e-04 4.104e-04 -1.195e-03 0.000e+00
354 -4.602e-04 -8.506e-05 -2.216e-03 0.000e+00
355 -1.094e-03 2.601e-04 -9.371e-05 0.000e+00
356 -1.244e-04 -1.377e-04 2.533e-03 0.000e+00
357 1.254e-03 -1.463e-04 -3.064e-04 0.000e+00
358 -2.288e-03 1.192e-03 -2.600e-04 0.000e+00
359 -8.167e-04 -3.074e-05 8.001e-04 0.000e+00
360 -9.526e-04 3.497e-03 -2.696e-04 0.000e+00
361 8.127e-04 -2.069e-04 -3.847e-04 0.000e+00
362 -2.856e-03 -7.561e-05 2.020e-03 0.000e+00
363 -5.532e-04 3.469e-05 -1.421e-03 0.000e+00
364 7.216e-04 4.012e-04 7.494e-04 0.000e+00
365 -2.575e-04 4.955e-05 4.947e-04 0.000e+00
366 -1.767e-03 -2.275e-04 -1.407e-03 0.000e+00
367 -4.626e-04 9.773e-04 1.022e-04 0.000e+00
368 -1.804e-04 -2.212e-04 1.066e-03 0.000e+00
369 -1.850e-03 9.471e-04 -8.883e-04 0.000e+00
370 -1.924e-03 1.378e-04 -1.090e-03 0.000e+00
371 -1.009e-03 -5.355e-05 2.820e-04 0.000e+00
372 -7.038e-05 -7.382e-05 -1.355e-03 0.000e+00
373 -2.994e-04 5.065e-05 7.204e-04 0.000e+00
374 -9.075e-04 7.406e-04 1.234e-03 0.000e+00
375 3.443e-04 8.340e-04 2.354e-04 0.000e+00
376 6.666e-04 -1.794e-04 -6.226e-04 0.000e+00
377 -2.115e-03 -2.136e-04 3.173e-04 0.000e+00
378 2.602e-04 2.059e-04 -2.065e-05 0.000e+00
379 -6.991e-05 -2.064e-04 -9.874e-04 0.000e+00
380 -1.187e-03 5.701e-05 -1.193e-04 0.000e+00
381 4.846e-04 -1.127e-04 -1.530e-03 0.000e+00
382 2.241e-04 2.623e-04 1.896e-04 0.000e+00
383 6.114e-05 -7.592e-05 -4.487e-06 0.000e+00
384 -2.086e-03 -2.319e-04 5.640e-04 0.000e+00
385 -1.290e-03 -3.197e-06 7.243e-04 0.000e+00
386 5.434e-04 -2.236e-04 -1.792e-03 0.000e+00
387 2.364e-04 -1.937e-06 -6.816e-04 0.000e+00
388 -2.252e-03 6.622e-05 -2.719e-04 0.000e+00
389 -8.732e-04 1.240e-03 -8.647e-04 0.000e+00
390 -1.094e-03 -1.545e-04 -1.055e-03 0.000e+00
391 -6.686e-06 -2.248e-04 5.996e-04 0.000e+00
392 -2.809e-03 2.504e-04 -1.329e-03 0.000e+00
393 1.762e-03 2.545e-05 -5.081e-04 0.000e+00
394 -4.654e-04 -2.110e-04 -1.898e-04 0.000e+00
395 -2.157e-03 6.798e-04 1.337e-03 0.000e+00
396 5.862e-04 -2.193e-04 -9.525e-04 0.000e+00
397 -1.647e-03 -2.050e-04 -3.544e-04 0.000e+00
398 -9.464e-04 -1.668e-04 1.868e-04 0.000e+00
399 5.719e-04 -9.439e-06 -1.735e-03 0.000e+00
400 -5.706e-04 -7.597e-06 3.503e-04 0.000e+00
401 -4.571e-04 2.061e-03 -2.192e-05 0.000e+00
402 -1.328e-04 -1.691e-04 8.348e-04 0.000e+00
403 5.628e-04 4.639e-04 -7.381e-04 0.000e+00
404 8.023e-04 -1.829e-05 3.591e-04 0.000e+00
405 7.989e-05 1.280e-04 -1.333e-03 0.000e+00
406 4.600e-04 -4.918e-05 1.013e-03 0.000e+00
407 2.456e-03 -5.893e-05 -1.463e-03 0.000e+00
408 7.923e-06 1.962e-04 -6.779e-04 0.000e+00
409 1.867e-03 1.923e-04 -2.408e-04 0.000e+00
410 1.950e-03 1.539e-04 2.692e-04 0.000e+00
411 2.944e-03 -1.477e-04 1.929e-03 0.000e+00
412 3.429e-03 -1.569e-04 1.516e-03 0.000e+00
413 5.048e-03 -1.968e-04 -7.987e-04 0.000e+00
414 5.333e-03 3.111e-04 -2.521e-04 0.000e+00
415 7.368e-03 -1.947e-04 -3.338e-03 0.000e+00
416 9.187e-03 -1.473e-05 -1.093e-03 0.000e+00
417 1.268e-02 2.507e-04 -1.416e-03 0.000e+00
418 1.565e-02 -2.043e-04 -3.417e-03 0.000e+00
419 1.722e-02 1.126e-03 -3.534e-03 0.000e+00
420 2.356e-02 7.991e-04 -2.068e-03 0.000e+00
421 2.908e-02 1.186e-04 -3.384e-03 0.000e+00
422 3.243e-02 3.374e-03 -2.405e-03 0.000e+00
423 4.007e-02 6.072e-03 -3.939e-03 6.878e+01
424 4.573e-02 9.716e-03 -6.871e-03 6.495e+01
425 5.284e-02 1.193e-02 -7.786e-03 6.582e+01
426 5.793e-02 1.516e-02 -1.154e-02 5.604e+01
427 6.363e-02 1.728e-02 -1.215e-02 6.028e+01
428 6.916e-02 1.681e-02 -1.377e-02 6.022e+01
429 7.052e-02 2.047e-02 -1.465e-02 5.854e+01
430 7.481e-02 2.166e-02 -1.705e-02 6.113e+01
431 7.828e-02 2.310e-02 -1.990e-02 6.194e+01
432 7.835e-02 2.206e-02 -2.029e-02 6.293e+01
433 8.122e-02 2.294e-02 -2.040e-02 6.540e+01
434 8.404e-02 2.417e-02 -2.079e-02 6.687e+01
435 8.660e-02 2.530e-02 -2.244e-02 7.245e+01
436 9.024e-02 2.966e-02 -2.360e-02 7.458e+01
437 9.289e-02 3.543e-02 -2.342e-02 7.825e+01
438 9.617e-02 4.002e-02 -2.275e-02 8.086e+01
439 1.056e-01 4.651e-02 -2.170e-02 8.157e+01
440 1.154e-01 5.165e-02 -1.799e-02 8.233e+01
441 1.255e-01 6.022e-02 -1.824e-02 8.378e+01
442 1.443e-01 6.596e-02 -1.598e-02 8.320e+01
443 1.654e-01 7.454e-02 -1.383e-02 8.417e+01
444 1.946e-01 8.138e-02 -1.382e-02 8.259e+01
445 2.338e-01 8.869e-02 -1.525e-02 8.179e+01
446 2.876e-01 9.622e-02 -1.309e-02 8.041e+01
447 3.561e-01 1.042e-01 -1.535e-02 7.777e+01
448 4.405e-01 1.085e-01 -1.432e-02 7.621e+01
449 5.445e-01 1.108e-01 -1.176e-02 7.435e+01
450 6.594e-01 1.052e-01 -1.645e-02 7.196e+01
451 7.704e-01 1.000e-01 -1.394e-02 7.111e+01
452 8.665e-01 9.818e-02 -1.660e-02 6.984e+01
453 9.434e-01 1.109e-01 -9.476e-03 6.806e+01
454 9.876e-01 1.439e-01 1.551e-03 6.529e+01
455 1.000e+00 1.909e-01 1.421e-02 6.351e+01
456 9.558e-01 2.173e-01 9.269e-03 6.520e+01
457 8.639e-01 1.847e-01 -1.742e-02 7.130e+01
458 7.109e-01 1.189e-01 -5.391e-02 8.196e+01
459 5.645e-01 8.084e-02 -8.001e-02 9.446e+01
460 4.548e-01 6.516e-02 -8.701e-02 9.382e+01
461 3.752e-01 5.678e-02 -7.680e-02 8.783e+01
462 3.166e-01 5.781e-02 -5.953e-02 8.375e+01
463 2.691e-01 5.323e-02 -4.064e-02 7.850e+01
464 2.324e-01 4.755e-02 -2.502e-02 6.912e+01
465 1.949e-01 4.510e-02 -8.251e-03 5.635e+01
466 1.568e-01 4.366e-02 -6.989e-04 4.106e+01
467 1.214e-01 4.452e-02 6.380e-04 3.203e+01
468 9.141e-02 4.701e-02 4.306e-04 2.713e+01
469 7.157e-02 4.478e-02 -2.657e-03 2.550e+01
470 5.296e-02 3.791e-02 -3.924e-03 2.519e+01
471 3.679e-02 3.012e-02 -2.405e-03 2.271e+01
472 2.508e-02 2.248e-02 -1.845e-03 2.676e+01
473 1.878e-02 1.478e-02 -1.983e-03 2.174e+01
474 1.129e-02 1.193e-02 -4.182e-04 1.275e+01
475 7.544e-03 7.661e-03 -1.562e-03 2.705e+01
476 5.846e-03 7.104e-03 -1.055e-03 2.084e+01
477 5.085e-03 6.081e-03 -4.349e-04 1.638e+01
478 1.756e-03 7.859e-04 -2.005e-03 0.000e+00
479 2.516e-03 2.994e-04 -1.649e-03 0.000e+00
480 2.910e-03 7.592e-04 -2.201e-03 0.000e+00
481 7.997e-04 -1.021e-04 8.145e-04 0.000e+00
482 1.482e-03 5.260e-04 2.414e-03 0.000e+00
483 2.033e-03 7.461e-05 1.946e-05 0.000e+00
484 1.663e-03 5.066e-04 -3.788e-04 0.000e+00
485 2.331e-03 8.463e-06 -2.064e-04 0.000e+00
486 2.986e-04 1.203e-03 5.674e-04 0.000e+00
487 7.288e-04 -2.124e-04 -1.330e-03 0.000e+00
488 7.298e-04 5.598e-04 -2.723e-04 0.000e+00
489 1.002e-03 -1.797e-05 -6.054e-05 0.000e+00
490 2.138e-03 3.027e-04 -4.155e-05 0.000e+00
491 9.356e-04 3.675e-04 -1.363e-03 0.000e+00
492 -1.161e-03 -1.009e-04 4.554e-04 0.000e+00
493 -1.246e-05 2.735e-04 2.864e-04 0.000e+00
494 -5.927e-04 -2.149e-04 1.829e-04 0.000e+00
495 6.504e-04 4.409e-04 -1.903e-03 0.000e+00
496 8.113e-04 -8.126e-05 2.814e-05 0.000e+00
497 4.024e-04 4.024e-03 -1.902e-03 0.000e+00
498 1.327e-03 1.680e-03 6.439e-04 0.000e+00
499 1.158e-03 1.168e-03 -1.040e-03 0.000e+00
500 2.019e-03 2.039e-04 1.184e-05 0.000e+00
501 9.988e-04 -1.244e-04 -1.604e-03 0.000e+00
502 -5.022e-04 -1.424e-04 5.434e-04 0.000e+00
503 -1.265e-03 9.384e-05 -1.284e-03 0.000e+00
504 2.588e-04 -2.171e-04 9.436e-04 0.000e+00
505 -4.938e-04 9.270e-04 7.707e-04 0.000e+00
506 6.459e-04 -8.785e-05 3.265e-04 0.000e+00
507 3.352e-04 1.003e-05 1.089e-03 0.000e+00
508 -8.348e-05 5.840e-04 2.157e-03 0.000e+00
509 3.157e-04 9.198e-05 1.272e-03 0.000e+00
510 1.878e-04 -1.387e-04 -1.223e-03 0.000e+00
511 -1.571e-03 4.469e-04 -5.198e-04 0.000e+00
512 -1.143e-03 1.400e-03 2.964e-04 0.000e+00
513 7.499e-05 1.705e-03 3.728e-04 0.000e+00
514 -9.563e-04 6.815e-05 -3.258e-05 0.000e+00
515 6.175e-04 -1.470e-04 1.375e-03 0.000e+00
516 3.525e-04 3.850e-04 2.523e-03 0.000e+00
517 -6.608e-04 5.635e-05 1.127e-03 0.000e+00
518 3.422e-04 -2.130e-04 -2.048e-04 0.000e+00
519 1.906e-04 -6.529e-05 7.889e-04 0.000e+00
520 -8.464e-04 -1.604e-04 -6.673e-04 0.000e+00
521 -1.263e-03 -7.901e-05 -2.139e-04 0.000e+00
522 -6.444e-04 -1.157e-04 6.094e-04 0.000e+00
523 -7.679e-06 -1.203e-04 1.425e-03 0.000e+00
524 -1.069e-03 -5.698e-05 8.408e-04 0.000e+00
525 4.314e-04 -2.090e-04 -1.100e-03 0.000e+00
526 2.550e-04 -1.304e-04 -2.454e-03 0.000e+00
527 -2.822e-05 -1.592e-04 4.139e-06 0.000e+00
528 4.303e-04 9.505e-04 -1.392e-04 0.000e+00
529 -9.092e-04 -1.571e-04 -1.797e-04 0.000e+00
530 4.541e-04 2.859e-04 -8.443e-04 0.000e+00
531 1.999e-04 4.245e-04 -7.779e-05 0.000e+00
532 -5.482e-04 -1.783e-04 -1.275e-03 0.000e+00
533 1.676e-03 -2.353e-04 -5.425e-04 0.000e+00
534 -9.126e-04 -9.989e-05 -5.152e-04 0.000e+00
535 1.516e-04 -5.914e-05 7.554e-04 0.000e+00
536 2.637e-05 -1.529e-04 3.427e-05 0.000e+00
537 1.693e-03 2.902e-04 -7.240e-04 0.000e+00
538 1.217e-03 -1.770e-05 2.376e-04 0.000e+00
539 3.644e-04 -2.374e-04 4.199e-04 0.000e+00
540 -8.089e-04 -1.869e-04 -9.643e-04 0.000e+00
541 1.475e-03 -1.810e-04 -6.439e-04 0.000e+00
542 -2.194e-03 6.072e-05 1.434e-03 0.000e+00
543 1.033e-03 5.250e-04 -4.600e-04 0.000e+00
544 3.155e-04 -6.835e-05 1.003e-03 0.000e+00
545 4.941e-04 -5.376e-05 2.366e-05 0.000e+00
546 -1.865e-04 9.195e-05 -4.569e-04 0.000e+00
547 -7.408e-04 -1.176e-04 9.200e-04 0.000e+00
548 -1.438e-04 3.845e-04 9.495e-04 0.000e+00
549 -1.405e-03 -2.471e-05 5.472e-05 0.000e+00
550 5.966e-04 -4.574e-05 1.753e-04 0.000e+00
551 4.431e-04 -1.702e-04 -2.247e-03 0.000e+00
552 -6.779e-04 -5.936e-05 -5.955e-04 0.000e+00
553 -2.536e-04 2.028e-04 5.411e-04 0.000e+00
554 -1.715e-03 -2.608e-05 2.285e-04 0.000e+00
555 1.179e-03 -1.483e-04 -8.770e-04 0.000e+00
556 1.923e-04 -2.262e-04 4.824e-04 0.000e+00
557 -1.019e-03 7.910e-05 1.242e-03 0.000e+00
558 -1.378e-03 -1.530e-04 -1.782e-06 0.000e+00
559 -1.231e-03 -1.070e-04 1.505e-04 0.000e+00
560 4.833e-04 1.019e-03 1.087e-04 0.000e+00
561 -1.300e-03 -2.257e-04 -5.222e-04 0.000e+00
562 -8.656e-04 -2.187e-04 8.546e-05 0.000e+00
563 -3.681e-04 -1.835e-04 2.693e-04 0.000e+00
564 1.001e-03 1.481e-04 3.680e-04 0.000e+00
565 -1.871e-03 -2.023e-04 3.974e-04 0.000e+00
566 -1.439e-03 -1.720e-04 1.555e-03 0.000e+00
567 -9.512e-04 6.277e-04 -5.352e-04 0.000e+00
568 9.348e-04 -1.952e-04 -1.300e-03 0.000e+00
569 -2.391e-03 -1.697e-04 -2.100e-04 0.000e+00
570 -1.022e-03 7.711e-04 4.690e-04 0.000e+00
571 -3.293e-04 6.294e-04 8.761e-04 0.000e+00
572 3.371e-04 -1.339e-04 3.562e-04 0.000e+00
573 8.010e-04 -1.971e-04 3.408e-05 0.000e+00
574 7.889e-04 1.965e-06 6.820e-04 0.000e+00
575 -6.449e-04 -2.362e-04 -1.037e-04 0.000e+00
576 4.384e-04 3.205e-05 -1.118e-03 0.000e+00
577 1.498e-04 -2.354e-04 8.833e-04 0.000e+00
578 8.463e-06 1.237e-03 3.801e-04 0.000e+00
579 -7.775e-04 1.767e-05 1.261e-04 0.000e+00
580 4.663e-04 -1.720e-04 8.700e-04 0.000e+00
581 2.334e-03 1.005e-04 -1.397e-03 0.000e+00
582 -4.838e-04 -3.445e-05 -4.155e-04 0.000e+00
583 -2.166e-04 3.082e-04 -5.168e-04 0.000e+00
584 8.088e-05 2.378e-04 1.961e-03 0.000e+00
585 3.065e-04 3.283e-04 1.035e-03 0.000e+00
586 5.838e-04 1.939e-04 -5.647e-05 0.000e+00
587 2.705e-03 9.503e-05 -3.542e-04 0.000e+00
588 -1.106e-03 1.389e-04 -1.277e-03 0.000e+00
589 1.454e-04 3.591e-05 -2.224e-03 0.000e+00
590 -1.886e-03 5.109e-04 7.906e-04 0.000e+00
591 -1.040e-03 -2.166e-04 -6.858e-04 0.000e+00
592 -3.227e-04 1.969e-04 6.763e-04 0.000e+00
593 1.649e-04 2.108e-04 3.989e-04 0.000e+00
594 1.079e-04 -1.503e-04 -1.738e-03 0.000e+00
595 2.786e-04 4.055e-03 -4.857e-04 0.000e+00
596 2.407e-04 2.983e-04 -2.103e-03 0.000e+00
597 -9.469e-04 1.202e-04 8.373e-04 0.000e+00
598 -6.681e-04 -1.695e-04 9.211e-04 0.000e+00
599 -2.189e-04 -9.170e-05 -1.476e-04 0.000e+00
600 1.022e-03 4.342e-04 -4.409e-04 0.000e+00
601 -1.846e-03 -4.760e-05 -9.490e-04 0.000e+00
602 -8.683e-05 -1.163e-04 -2.394e-04 0.000e+00
603 9.484e-05 1.028e-04 4.391e-04 0.000e+00
604 -9.228e-04 4.094e-04 -9.658e-04 0.000e+00
605 2.909e-03 -2.151e-04 -7.486e-04 0.000e+00
606 2.278e-05 2.976e-04 -5.199e-04 0.000e+00
607 -1.098e-03 9.741e-05 -8.032e-04 0.000e+00
608 -9.474e-04 4.759e-04 -9.171e-04 0.000e+00
609 -7.131e-04 -1.274e-04 -2.580e-04 0.000e+00
610 -2.632e-03 6.749e-04 -1.766e-03 0.000e+00
611 -9.371e-05 7.641e-04 1.272e-04 0.000e+00
612 -6.246e-04 -3.451e-05 1.472e-04 0.000e+00
613 1.495e-03 3.918e-04 1.266e-03 0.000e+00
614 1.379e-03 -7.907e-05 4.451e-04 0.000e+00
615 -1.003e-03 -2.074e-04 1.758e-03 0.000e+00
616 5.156e-04 -1.966e-04 -7.539e-04 0.000e+00
617 -2.430e-04 -1.214e-04 9.580e-06 0.000e+00
618 -1.224e-03 -8.817e-05 1.086e-04 0.000e+00
619 -1.438e-03 5.934e-05 1.661e-03 0.000e+00
620 -6.553e-04 2.177e-04 8.281e-04 0.000e+00
621 -1.527e-03 4.452e-05 9.918e-04 0.000e+00
622 -9.507e-04 8.240e-05 -5.994e-04 0.000e+00
623 4.165e-04 5.994e-05 -1.702e-03 0.000e+00
624 2.653e-05 -6.527e-05 -1.380e-03 0.000e+00
625 2.835e-04 3.415e-04 -1.804e-04 0.000e+00
626 -9.526e-04 3.642e-04 6.402e-04 0.000e+00
627 -1.334e-04 -2.290e-05 2.335e-04 0.000e+00
628 -1.800e-05 2.320e-03 -1.320e-03 0.000e+00
629 -2.432e-03 -2.361e-04 8.585e-04 0.000e+00
630 -2.617e-05 3.511e-04 -5.428e-04 0.000e+00
631 -1.945e-03 -2.182e-04 8.335e-04 0.000e+00
632 1.956e-04 2.076e-05 -2.345e-03 0.000e+00
633 -6.219e-04 -2.535e-05 8.441e-05 0.000e+00
634 -1.833e-03 -1.685e-04 2.480e-03 0.000e+00
635 -1.174e-03 1.104e-04 8.911e-04 0.000e+00
636 -1.102e-03 -1.281e-04 1.675e-03 0.000e+00
637 -9.449e-05 2.211e-04 2.323e-04 0.000e+00
638 -7.472e-04 -1.426e-04 -2.529e-03 0.000e+00
639 -5.572e-04 5.746e-05 1.970e-04 0.000e+00
640 -1.429e-03 1.194e-03 8.834e-04 0.000e+00
641 1.018e-03 -2.028e-05 1.266e-03 0.000e+00
642 2.172e-03 -7.724e-06 3.998e-04 0.000e+00
643 -1.902e-03 5.891e-04 2.035e-04 0.000e+00
644 -2.800e-04 3.729e-04 2.428e-04 0.000e+00
645 -1.034e-03 1.947e-04 -9.550e-04 0.000e+00
646 6.320e-04 -1.916e-04 -2.986e-04 0.000e+00
647 1.419e-03 -1.060e-04 2.847e-04 0.000e+00
648 5.535e-04 1.222e-04 2.166e-03 0.000e+00
649 -2.816e-04 1.172e-05 -1.092e-03 0.000e+00
650 9.741e-04 6.858e-07 1.154e-03 0.000e+00
651 -2.411e-03 -2.151e-04 -2.883e-04 0.000e+00
652 3.092e-04 -1.699e-04 -5.130e-05 0.000e+00
653 6.469e-04 9.700e-04 -1.067e-03 0.000e+00
654 -5.422e-04 4.491e-04 -3.174e-04 0.000e+00
655 1.664e-04 -2.116e-04 -1.384e-03 0.000e+00
656 -3.276e-03 -2.050e-04 1.602e-04 0.000e+00
657 -1.283e-03 -1.437e-04 6.926e-04 0.000e+00
658 7.757e-04 1.642e-04 1.096e-03 0.000e+00
659 -4.919e-04 -6.981e-05 -1.884e-03 0.000e+00
660 -1.296e-04 -1.221e-04 2.094e-04 0.000e+00
661 -2.323e-03 -3.981e-05 4.303e-04 0.000e+00
662 -4.420e-05 -1.947e-04 7.499e-04 0.000e+00
663 1.018e-03 2.121e-04 -1.969e-04 0.000e+00
664 -8.910e-05 6.497e-04 -1.028e-03 0.000e+00
665 4.339e-04 -1.360e-04 -2.876e-04 0.000e+00
666 -1.508e-03 5.631e-06 -2.194e-04 0.000e+00
667 1.116e-03 1.147e-03 8.262e-04 0.000e+00
668 -3.315e-04 -1.228e-04 -9.025e-04 0.000e+00
669 -1.567e-03 2.317e-04 6.437e-04 0.000e+00
670 -1.484e-03 8.543e-04 3.885e-04 0.000e+00
671 -1.244e-04 7.953e-04 -5.409e-04 0.000e+00
672 4.528e-04 -1.687e-04 9.874e-04 0.000e+00
673 6.504e-04 4.339e-04 6.289e-04 0.000e+00
674 3.573e-04 -1.010e-04 -1.691e-03 0.000e+00
675 4.372e-04 -1.153e-05 -1.345e-03 0.000e+00
676 -1.570e-04 5.612e-04 -2.648e-04 0.000e+00
677 1.138e-03 3.925e-05 1.144e-04 0.000e+00
678 -5.308e-05 -8.555e-05 8.434e-04 0.000e+00
679 -5.641e-04 -9.567e-05 -8.033e-04 0.000e+00
680 -1.797e-03 1.119e-04 1.538e-03 0.000e+00
681 -1.580e-03 -1.759e-04 3.862e-04 0.000e+00
682 -2.309e-04 4.243e-04 1.904e-05 0.000e+00
683 -8.232e-04 -6.862e-05 8.479e-04 0.000e+00
684 -6.988e-04 -1.189e-04 7.982e-04 0.000e+00
685 -1.264e-04 -1.527e-04 1.257e-03 0.000e+00
686 6.145e-04 2.864e-04 -1.527e-03 0.000e+00
687 3.173e-05 -1.439e-04 -2.380e-03 0.000e+00
688 1.428e-04 5.077e-05 -1.715e-04 0.000e+00
689 -1.583e-04 3.723e-04 -8.262e-04 0.000e+00
690 -1.217e-03 -4.328e-05 -1.056e-03 0.000e+00
691 -7.348e-04 -2.463e-05 -1.498e-04 0.000e+00
692 5.417e-04 2.821e-04 -1.194e-03 0.000e+00
693 -2.980e-04 5.772e-07 1.350e-03 0.000e+00
694 -8.982e-04 -1.419e-04 -1.100e-04 0.000e+00
695 -7.386e-04 -9.055e-05 -9.144e-04 0.000e+00
696 8.995e-04 2.799e-06 6.362e-04 0.000e+00
697 -6.778e-04 -3.681e-05 -8.808e-04 0.000e+00
698 6.198e-04 -6.744e-05 1.898e-05 0.000e+00
699 1.148e-03 3.473e-04 1.841e-04 0.000e+00
700 -3.503e-04 -2.316e-04 9.298e-04 0.000e+00
701 -2.680e-03 -1.776e-04 9.501e-04 0.000e+00
702 7.906e-04 -6.101e-05 2.240e-04 0.000e+00
703 2.819e-04 -9.921e-05 3.436e-04 0.000e+00
704 -2.299e-04 -2.368e-05 -1.315e-03 0.000e+00
705 -8.696e-04 -2.144e-04 3.675e-05 0.000e+00
706 1.745e-03 -8.329e-05 7.135e-04 0.000e+00
707 7.710e-04 -2.058e-04 -1.201e-03 0.000e+00
708 -7.432e-04 -1.926e-04 -1.025e-03 0.000e+00
709 7.166e-04 4.857e-04 1.094e-04 0.000e+00
710 9.971e-05 1.017e-03 -1.623e-03 0.000e+00
711 -9.297e-05 -5.141e-05 1.109e-05 0.000e+00
712 -7.717e-05 1.654e-05 9.656e-04 0.000e+00
713 -9.199e-04 -1.882e-04 1.250e-03 0.000e+00
714 1.259e-03 -1.877e-04 2.462e-04 0.000e+00
715 -8.447e-05 4.312e-04 3.190e-04 0.000e+00
716 1.812e-03 -2.245e-04 -1.759e-04 0.000e+00
717 -1.140e-03 -5.361e-05 5.229e-04 0.000e+00
718 -1.209e-04 3.966e-05 -1.913e-03 0.000e+00
719 -7.677e-04 9.446e-04 5.724e-05 0.000e+00
720 -1.726e-03 1.858e-04 2.934e-04 0.000e+00
721 2.358e-04 -1.484e-04 3.738e-04 0.000e+00
722 -5.323e-05 3.592e-03 -1.683e-03 0.000e+00
723 -1.500e-03 -1.716e-04 2.975e-04 0.000e+00
724 -1.817e-03 -1.266e-04 7.552e-04 0.000e+00
725 -1.448e-03 -9.766e-05 -6.999e-04 0.000e+00
726 -1.719e-03 -2.427e-05 6.713e-04 0.000e+00
727 7.586e-04 4.951e-04 -3.943e-04 0.000e+00
728 -1.293e-03 -1.535e-04 6.669e-04 0.000e+00
729 -7.194e-04 -1.386e-04 -1.028e-03 0.000e+00
730 -1.030e-03 -1.363e-04 1.141e-03 0.000e+00
731 6.705e-04 -2.322e-04 -2.523e-05 0.000e+00
732 3.746e-04 -8.214e-05 8.569e-05 0.000e+00
733 9.750e-04 1.247e-04 1.920e-03 0.000e+00
734 -1.274e-04 1.483e-04 8.914e-04 0.000e+00
735 -1.107e-03 -1.498e-04 1.366e-03 0.000e+00
736 -3.816e-04 7.927e-04 1.659e-03 0.000e+00
737 4.239e-04 -2.119e-04 6.188e-04 0.000e+00
738 1.059e-03 -1.925e-04 3.313e-04 0.000e+00
739 -4.701e-04 2.362e-04 -5.078e-04 0.000e+00
740 1.574e-03 -8.509e-06 1.791e-03 0.000e+00
741 -8.782e-04 2.971e-04 9.664e-04 0.000e+00
742 -1.321e-03 3.445e-04 8.295e-05 0.000e+00
743 -8.961e-04 -1.533e-04 9.906e-04 0.000e+00
744 -8.906e-04 -2.265e-04 -1.177e-04 0.000e+00
745 -1.501e-04 -8.673e-05 -2.567e-03 0.000e+00
746 -7.285e-04 3.419e-04 1.817e-03 0.000e+00
747 -6.340e-04 -1.961e-04 -9.051e-04 0.000e+00
748 1.695e-03 -1.922e-04 7.207e-04 0.000e+00
749 1.172e-03 3.234e-04 1.007e-03 0.000e+00
750 -5.434e-04 1.864e-04 2.747e-04 0.000e+00
751 2.135e-03 1.687e-05 1.519e-03 0.000e+00
752 -1.496e-03 2.588e-04 -2.230e-03 0.000e+00
753 9.401e-04 5.998e-05 -7.316e-04 0.000e+00
754 -5.173e-04 2.228e-04 -1.867e-03 0.000e+00
755 1.502e-03 1.587e-03 6.374e-05 0.000e+00
756 4.069e-04 -9.594e-05 -4.813e-04 0.000e+00
757 8.939e-04 -2.023e-04 1.529e-03 0.000e+00
758 -3.798e-04 3.841e-03 1.199e-03 0.000e+00
759 -7.516e-04 4.020e-05 -6.336e-04 0.000e+00
760 -8.221e-04 -2.330e-04 3.803e-04 0.000e+00
761 1.022e-03 5.774e-04 2.245e-04 0.000e+00
762 -1.095e-03 -1.097e-04 -3.118e-04 0.000e+00
763 -2.513e-04 2.685e-03 -8.845e-04 0.000e+00
764 5.609e-04 2.777e-04 -5.141e-04 0.000e+00
765 -7.336e-04 1.994e-04 5.657e-04 0.000e+00
766 1.510e-03 -4.256e-05 6.986e-04 0.000e+00
767 1.703e-03 -2.266e-04 -2.180e-03 0.000e+00
768 1.868e-04 5.264e-04 -1.919e-03 0.000e+00
769 -7.319e-04 8.685e-05 2.599e-04 0.000e+00
770 -5.270e-04 -1.290e-04 1.934e-03 0.000e+00
771 -2.028e-03 3.199e-04 4.319e-04 0.000e+00
772 -2.387e-04 6.732e-05 -2.970e-04 0.000e+00
773 -2.478e-03 -1.410e-04 3.656e-04 0.000e+00
774 -3.741e-04 8.946e-05 1.688e-04 0.000e+00
775 3.484e-04 1.037e-03 1.025e-03 0.000e+00
776 -2.630e-04 3.900e-05 -2.061e-05 0.000e+00
777 -5.158e-04 3.038e-04 -3.041e-04 0.000e+00
778 5.689e-04 6.942e-04 1.743e-04 0.000e+00
779 1.075e-03 8.708e-05 4.778e-04 0.000e+00
780 -1.661e-03 7.980e-05 1.064e-04 0.000e+00
781 6.859e-05 -1.873e-04 3.370e-04 0.000e+00
782 7.215e-04 3.218e-04 5.579e-04 0.000e+00
783 -6.540e-04 5.514e-04 -3.433e-04 0.000e+00
784 9.433e-04 6.388e-05 -1.142e-03 0.000e+00
785 -1.195e-03 -1.445e-04 -1.027e-03 0.000e+00
786 -8.353e-04 -7.018e-05 1.219e-03 0.000e+00
787 9.679e-04 1.364e-04 1.817e-03 0.000e+00
788 -9.400e-04 2.260e-04 2.986e-04 0.000e+00
789 2.201e-03 1.792e-04 9.123e-04 0.000e+00
790 1.922e-03 1.478e-04 -2.124e-03 0.000e+00
791 -1.523e-03 -3.639e-05 1.074e-03 0.000e+00
792 1.479e-03 -2.063e-04 4.803e-04 0.000e+00
793 -1.628e-03 -1.245e-04 -3.475e-05 0.000e+00
794 -8.187e-04 -1.722e-04 6.089e-04 0.000e+00
795 -2.610e-05 -1.416e-04 -1.624e-03 0.000e+00
796 -1.123e-03 -1.770e-04 1.381e-03 0.000e+00
797 4.275e-04 2.654e-04 -5.017e-05 0.000e+00
798 -1.528e-03 -1.760e-04 -1.590e-04 0.000e+00
799 -1.168e-03 6.754e-04 1.531e-03 0.000e+00
800 -7.207e-08 4.998e-05 6.383e-04 0.000e+00
801 2.893e-04 7.341e-04 -2.241e-03 0.000e+00
802 -3.444e-04 8.599e-05 -2.097e-04 0.000e+00
803 2.063e-04 -4.403e-05 6.805e-04 0.000e+00
804 -8.974e-04 -8.724e-05 1.827e-03 0.000e+00
805 4.443e-04 2.319e-04 1.011e-03 0.000e+00
806 8.170e-04 1.468e-04 1.083e-04 0.000e+00
807 3.998e-04 3.505e-05 7.912e-04 0.000e+00
808 -5.939e-04 3.107e-06 -7.091e-04 0.000e+00
809 1.217e-03 -4.194e-05 7.813e-04 0.000e+00
810 3.789e-04 8.767e-06 -4.826e-04 0.000e+00
811 -4.503e-04 -2.218e-04 1.845e-03 0.000e+00
812 1.195e-04 4.374e-04 2.994e-04 0.000e+00
813 1.102e-03 -1.716e-04 -9.727e-04 0.000e+00
814 2.090e-04 8.626e-04 -9.626e-04 0.000e+00
815 -4.836e-04 -9.535e-05 -3.389e-04 0.000e+00
816 1.873e-03 -1.901e-04 3.109e-03 0.000e+00
817 4.328e-04 -2.069e-04 3.795e-04 0.000e+00
818 -4.133e-04 -7.608e-05 -1.148e-03 0.000e+00
819 -7.289e-04 4.772e-04 3.107e-04 0.000e+00
820 -1.565e-03 -2.272e-04 1.657e-03 0.000e+00
821 -4.736e-04 -1.594e-04 -1.793e-03 0.000e+00
822 3.997e-04 -1.041e-04 5.602e-04 0.000e+00
823 -1.466e-03 -1.827e-04 -7.838e-04 0.000e+00
824 -3.083e-04 -1.650e-04 -6.583e-04 0.000e+00
825 5.294e-04 3.394e-04 3.955e-04 0.000e+00
826 -1.311e-03 -2.169e-04 1.690e-03 0.000e+00
827 1.185e-03 -5.340e-05 1.036e-04 0.000e+00
828 1.530e-04 7.188e-04 -7.677e-04 0.000e+00
829 -1.519e-03 6.297e-05 -4.218e-04 0.000e+00
830 -1.696e-04 -8.487e-05 4.690e-04 0.000e+00
831 -1.473e-03 -9.903e-05 8.652e-04 0.000e+00
832 -4.588e-04 -2.349e-04 8.258e-04 0.000e+00
833 7.143e-04 9.046e-04 -5.643e-04 0.000e+00
834 1.328e-03 -2.285e-04 2.496e-04 0.000e+00
835 -2.233e-04 -4.036e-06 -1.048e-03 0.000e+00
836 2.593e-05 1.346e-04 9.832e-04 0.000e+00
837 5.957e-04 1.643e-04 -1.091e-03 0.000e+00
838 7.901e-04 9.697e-05 6.795e-04 0.000e+00
839 3.060e-04 2.043e-04 -9.526e-04 0.000e+00
840 -1.054e-03 3.558e-04 -1.065e-03 0.000e+00
841 3.506e-06 -2.389e-04 -1.881e-04 0.000e+00
842 -2.034e-03 7.888e-04 -1.302e-03 0.000e+00
843 -4.875e-04 -1.986e-04 7.393e-04 0.000e+00
844 -9.940e-04 -2.129e-04 7.655e-04 0.000e+00
845 -7.906e-04 -2.355e-04 -1.410e-03 0.000e+00
846 -1.598e-03 3.039e-04 -7.329e-04 0.000e+00
847 1.676e-04 -1.047e-04 -1.455e-03 0.000e+00
848 9.719e-04 2.658e-04 1.644e-03 0.000e+00
849 -8.289e-04 -7.738e-05 -2.354e-04 0.000e+00
850 1.141e-03 -6.285e-05 4.075e-04 0.000e+00
851 6.457e-04 -8.213e-05 -4.524e-04 0.000e+00
852 4.444e-04 -7.796e-05 -1.612e-03 0.000e+00
853 -4.463e-04 -1.674e-04 -2.579e-04 0.000e+00
854 -2.066e-04 2.869e-04 6.486e-04 0.000e+00
855 -1.773e-03 1.899e-04 1.559e-03 0.000e+00
856 -1.842e-06 1.110e-03 9.173e-04 0.000e+00
857 6.198e-04 1.879e-04 1.641e-03 0.000e+00
858 1.400e-03 -8.464e-05 -2.820e-04 0.000e+00
859 2.578e-03 -7.705e-05 -3.871e-05 0.000e+00
860 -5.426e-04 4.272e-04 1.650e-04 0.000e+00
861 -1.829e-03 -2.160e-04 1.610e-03 0.000e+00
862 -1.170e-03 8.428e-04 1.090e-03 0.000e+00
863 8.578e-04 4.832e-05 -5.548e-04 0.000e+00
864 -5.933e-04 9.330e-04 -1.660e-03 0.000e+00
865 6.104e-04 -1.284e-04 1.355e-03 0.000e+00
866 -1.071e-03 -6.977e-05 -2.989e-03 0.000e+00
867 1.498e-03 6.619e-04 -6.092e-04 0.000e+00
868 1.795e-04 -1.909e-04 1.046e-03 0.000e+00
869 1.709e-05 -1.662e-04 -6.198e-04 0.000e+00
870 1.959e-03 7.288e-04 -7.010e-04 0.000e+00
871 1.663e-04 -2.138e-04 7.739e-04 0.000e+00
872 1.017e-03 8.101e-04 -1.035e-04 0.000e+00
873 7.174e-04 -1.602e-04 2.871e-04 0.000e+00
874 -8.563e-04 3.078e-04 1.818e-03 0.000e+00
875 -5.193e-04 4.485e-03 1.671e-04 0.000e+00
876 -1.762e-04 -1.053e-04 -6.291e-04 0.000e+00
877 -7.413e-04 -2.099e-04 6.812e-04 0.000e+00
878 2.671e-04 8.911e-04 7.476e-04 0.000e+00
879 1.960e-03 5.588e-05 -3.266e-05 0.000e+00
880 -1.689e-03 -2.000e-04 -2.909e-04 0.000e+00
881 2.813e-04 -2.098e-04 1.511e-03 0.000e+00
882 -1.325e-03 -7.592e-05 2.124e-03 0.000e+00
883 3.382e-04 1.389e-03 -1.477e-03 0.000e+00
884 -6.670e-04 -1.643e-04 -9.698e-04 0.000e+00
885 2.951e-04 -1.453e-04 3.432e-04 0.000e+00
886 -9.809e-05 1.275e-04 -1.777e-03 0.000e+00
887 1.006e-03 -1.409e-04 -2.931e-04 0.000e+00
888 9.959e-04 -5.005e-05 9.205e-05 0.000e+00
889 4.249e-04 -1.603e-04 -5.580e-04 0.000e+00
890 -1.006e-03 1.314e-04 4.377e-04 0.000e+00
891 1.203e-04 -1.202e-05 -1.360e-03 0.000e+00
892 -8.878e-04 1.202e-03 6.058e-04 0.000e+00
893 -2.628e-04 3.705e-04 -1.716e-03 0.000e+00
894 4.272e-04 -1.274e-04 1.543e-03 0.000e+00
895 4.864e-05 -2.179e-04 8.065e-05 0.000e+00
896 -2.205e-03 5.725e-04 7.972e-04 0.000e+00
897 7.138e-04 2.692e-04 -5.892e-04 0.000e+00
898 -3.736e-04 7.035e-04 1.233e-03 0.000e+00
899 7.039e-04 -2.099e-04 7.958e-04 0.000e+00
900 1.057e-03 6.349e-04 -1.525e-03 0.000e+00
901 1.065e-03 9.657e-05 5.277e-04 0.000e+00
902 -6.584e-05 -7.744e-05 -1.570e-03 0.000e+00
903 -3.106e-04 9.605e-05 -1.169e-03 0.000e+00
904 6.278e-04 8.623e-05 9.022e-05 0.000e+00
905 5.435e-04 -5.993e-05 -1.159e-03 0.000e+00
906 -6.401e-04 -2.022e-04 2.660e-04 0.000e+00
907 7.400e-04 9.787e-05 1.196e-03 0.000e+00
908 -2.989e-04 -2.037e-04 -5.621e-04 0.000e+00
909 2.042e-03 -1.768e-04 -1.681e-04 0.000e+00
910 2.495e-04 1.514e-03 -4.365e-04 0.000e+00
911 9.492e-04 2.338e-03 -1.390e-03 0.000e+00
912 3.422e-05 -4.980e-05 1.956e-03 0.000e+00
913 4.318e-04 3.165e-04 -8.543e-04 0.000e+00
914 -2.032e-03 -2.233e-04 1.028e-03 0.000e+00
915 -8.652e-04 7.131e-04 2.573e-04 0.000e+00
916 -8.840e-04 -1.949e-04 -2.430e-03 0.000e+00
917 2.571e-04 5.752e-04 8.752e-04 0.000e+00
918 -3.698e-04 -2.010e-04 -6.394e-05 0.000e+00
919 5.705e-04 8.622e-04 1.910e-03 0.000e+00
920 -5.403e-04 -1.769e-04 -3.152e-04 0.000e+00
921 1.048e-04 2.605e-04 -1.112e-03 0.000e+00
922 5.400e-04 -7.670e-05 -4.746e-04 0.000e+00
923 7.551e-04 7.881e-05 7.970e-04 0.000e+00
924 -1.835e-03 -4.022e-05 -1.379e-04 0.000e+00
925 -2.503e-04 -1.955e-04 -1.344e-03 0.000e+00
926 2.818e-04 6.569e-05 3.781e-07 0.000e+00
927 7.972e-04 -1.980e-04 7.434e-04 0.000e+00
928 2.270e-04 4.839e-05 -2.100e-04 0.000e+00
929 3.045e-04 1.691e-04 -5.789e-04 0.000e+00
930 6.982e-04 -1.095e-05 -6.170e-04 0.000e+00
931 -7.729e-04 3.981e-04 -1.653e-03 0.000e+00
932 1.997e-03 5.284e-04 -4.193e-04 0.000e+00
933 1.796e-03 -2.047e-04 -1.177e-03 0.000e+00
934 -6.396e-04 -1.591e-04 -9.119e-04 0.000e+00
935 -9.295e-04 -1.339e-04 1.025e-03 0.000e+00
936 -1.547e-05 3.965e-04 9.742e-04 0.000e+00
937 2.041e-03 8.165e-04 -1.726e-03 0.000e+00
938 -1.303e-03 2.793e-04 1.714e-03 0.000e+00
939 -7.770e-04 -1.001e-04 -1.444e-03 0.000e+00
940 -2.734e-04 -1.981e-04 1.309e-03 0.000e+00
941 9.291e-04 1.746e-05 4.601e-04 0.000e+00
942 7.905e-04 8.622e-05 -2.616e-03 0.000e+00
943 -5.665e-04 -2.173e-04 1.267e-03 0.000e+00
944 -1.840e-04 1.340e-04 -2.247e-03 0.000e+00
945 1.469e-03 -1.392e-04 -1.582e-03 0.000e+00
946 -2.422e-05 -2.035e-04 1.490e-03 0.000e+00
947 2.961e-04 1.905e-04 1.096e-03 0.000e+00
948 -9.939e-04 2.392e-05 -1.599e-03 0.000e+00
949 -6.352e-04 1.837e-05 -5.785e-04 0.000e+00
950 9.370e-04 5.866e-05 -3.119e-03 0.000e+00
951 -2.250e-04 4.377e-04 9.700e-05 0.000e+00
952 -9.257e-04 -1.604e-04 3.580e-04 0.000e+00
953 -8.758e-04 -1.201e-04 1.762e-03 0.000e+00
954 2.062e-03 -1.636e-04 9.679e-04 0.000e+00
955 3.751e-05 1.103e-04 3.462e-04 0.000e+00
956 4.459e-04 -7.060e-06 -8.080e-04 0.000e+00
957 1.443e-03 -1.489e-04 -9.203e-04 0.000e+00
958 4.148e-05 -9.959e-05 -9.781e-04 0.000e+00
959 -5.659e-04 -2.194e-04 9.987e-04 0.000e+00
960 -8.055e-04 3.522e-04 -2.818e-04 0.000e+00
961 -9.525e-04 -2.278e-04 1.641e-04 0.000e+00
962 3.355e-04 1.797e-04 4.774e-04 0.000e+00
963 -1.162e-03 3.087e-04 3.782e-04 0.000e+00
964 1.288e-03 -6.941e-05 -7.191e-04 0.000e+00
965 -5.261e-04 6.704e-04 8.450e-04 0.000e+00
966 3.648e-04 1.669e-05 9.713e-04 0.000e+00
967 1.932e-03 7.866e-05 1.120e-03 0.000e+00
968 -7.217e-04 -1.698e-04 -2.496e-05 0.000e+00
969 2.278e-05 1.828e-04 -7.715e-04 0.000e+00
970 5.250e-04 -9.553e-06 -1.824e-03 0.000e+00
971 -8.464e-04 -1.974e-04 -1.385e-03 0.000e+00
972 6.482e-04 5.781e-04 8.971e-04 0.000e+00
973 3.225e-04 2.129e-04 -4.374e-05 0.000e+00
974 2.110e-03 -2.075e-04 -2.556e-04 0.000e+00
975 -7.267e-04 7.726e-05 -1.339e-05 0.000e+00
976 1.029e-03 -3.006e-05 7.157e-05 0.000e+00
977 -7.560e-04 -1.019e-04 -6.086e-04 0.000e+00
978 1.359e-03 4.343e-04 -1.337e-03 0.000e+00
979 1.446e-03 -2.289e-04 -2.533e-04 0.000e+00
980 1.000e-03 -8.047e-05 -2.544e-04 0.000e+00
981 1.034e-04 -1.389e-04 1.484e-03 0.000e+00
982 5.959e-04 -2.059e-04 2.034e-04 0.000e+00
983 9.220e-04 1.031e-03 -1.092e-03 0.000e+00
984 -1.239e-03 3.792e-03 -1.499e-03 0.000e+00
985 1.031e-03 -1.572e-04 1.666e-04 0.000e+00
986 -1.867e-05 -8.725e-05 1.730e-03 0.000e+00
987 -6.627e-04 -4.031e-05 -2.204e-04 0.000e+00
988 5.589e-04 4.951e-05 -1.448e-03 0.000e+00
989 -1.354e-03 -4.548e-05 -1.311e-04 0.000e+00
990 4.400e-04 -1.840e-04 -1.811e-04 0.000e+00
991 6.813e-04 6.398e-04 -2.141e-04 0.000e+00
992 5.658e-04 5.184e-05 5.683e-04 0.000e+00
993 -7.427e-04 -1.726e-04 -2.136e-03 0.000e+00
994 -5.789e-04 6.540e-04 -2.306e-03 0.000e+00
995 8.713e-04 2.823e-05 7.817e-05 0.000e+00
996 -4.827e-04 2.277e-04 -1.147e-03 0.000e+00
997 -1.603e-04 2.800e-04 6.264e-04 0.000e+00
998 7.516e-04 -3.992e-05 -5.196e-04 0.000e+00
999 3.949e-04 3.448e-04 -6.042e-04 0.000e+00
1000 -7.477e-04 1.816e-04 -8.493e-04 0.000e+00
1001 1.638e-03 -1.374e-04 2.725e-04 0.000e+00
1002 3.187e-04 1.847e-04 7.593e-04 0.000e+00
1003 8.647e-04 -1.466e-04 1.098e-03 0.000e+00
1004 -9.290e-04 -2.035e-04 1.697e-03 0.000e+00
1005 8.343e-04 -1.284e-04 -1.489e-03 0.000e+00
1006 1.643e-04 2.414e-04 1.881e-04 0.000e+00
1007 3.885e-04 2.816e-05 -1.585e-03 0.000e+00
1008 1.679e-03 1.375e-03 -1.148e-03 0.000e+00
1009 -6.944e-04 -1.231e-04 6.742e-04 0.000e+00
1010 8.827e-04 -1.456e-04 4.930e-04 0.000e+00
1011 -4.675e-04 1.364e-03 -1.587e-03 0.000e+00
1012 -2.189e-04 3.012e-04 -2.584e-04 0.000e+00
1013 -2.601e-05 5.054e-03 1.169e-04 7.493e+01
1014 5.596e-04 -1.933e-04 -1.983e-04 0.000e+00
1015 8.143e-04 1.703e-05 -1.276e-03 0.000e+00
1016 7.149e-04 2.989e-05 4.201e-04 0.000e+00
1017 1.163e-03 3.197e-05 -8.814e-05 0.000e+00
1018 -8.162e-04 2.043e-04 -1.130e-04 0.000e+00
1019 1.103e-03 5.359e-04 7.732e-04 0.000e+00
1020 -1.569e-03 3.735e-04 7.310e-04 0.000e+00
1021 -4.533e-04 3.157e-04 3.833e-04 0.000e+00
1022 -4.915e-04 -1.882e-05 -1.489e-03 0.000e+00
1023 -2.190e-04 -6.124e-05 9.893e-04 0.000e+00
1024 -1.592e-03 2.900e-05 -2.515e-04 0.000e+00
1025 1.302e-04 -1.140e-04 -3.795e-04 0.000e+00
1026 2.752e-03 -1.776e-04 -6.568e-04 0.000e+00
1027 1.128e-03 6.100e-05 -1.794e-03 0.000e+00
1028 1.124e-04 -1.669e-04 -2.234e-03 0.000e+00
1029 1.078e-03 -2.341e-04 -7.989e-04 0.000e+00
1030 -2.102e-04 -1.874e-04 -1.436e-03 0.000e+00
1031 -1.548e-03 1.080e-04 -3.723e-05 0.000e+00
1032 -1.192e-03 8.122e-04 -4.887e-04 0.000e+00
1033 -1.303e-03 -1.675e-05 3.764e-04 0.000e+00
1034 5.773e-05 4.325e-04 -7.858e-04 0.000e+00
1035 -1.402e-03 -9.954e-05 -9.230e-04 0.000e+00
1036 4.667e-04 -2.207e-04 -1.507e-03 0.000e+00
1037 2.733e-04 -2.166e-04 -2.761e-03 0.000e+00
1038 -6.548e-05 -3.159e-05 2.478e-04 0.000e+00
1039 -1.343e-03 -6.258e-05 -1.361e-03 0.000e+00
1040 1.661e-03 -1.817e-04 -9.892e-04 0.000e+00
1041 1.073e-03 -2.085e-04 1.241e-03 0.000e+00
1042 1.182e-03 -1.163e-04 -1.139e-03 0.000e+00
1043 -1.602e-03 1.166e-03 1.965e-06 0.000e+00
1044 1.023e-03 -1.231e-04 -9.749e-04 0.000e+00
1045 6.720e-04 -4.356e-05 -4.432e-04 0.000e+00
1046 -9.511e-04 7.282e-04 1.225e-03 0.000e+00
1047 1.032e-04 -1.454e-04 -1.709e-04 0.000e+00
1048 -1.194e-03 2.542e-04 -1.780e-04 0.000e+00
1049 8.133e-04 5.053e-03 -1.198e-03 4.634e+01
1050 4.879e-04 5.407e-05 8.115e-04 0.000e+00
1051 5.588e-04 4.345e-04 1.046e-03 0.000e+00
1052 7.862e-04 1.081e-03 6.196e-04 0.000e+00
1053 -7.416e-04 1.641e-05 -1.164e-04 0.000e+00
1054 4.944e-04 6.075e-05 -2.889e-04 0.000e+00
1055 -5.820e-04 5.735e-04 5.618e-04 0.000e+00
1056 2.937e-04 -3.271e-05 1.500e-03 0.000e+00
1057 1.144e-04 6.573e-04 -1.839e-03 0.000e+00
1058 8.159e-04 -1.136e-04 -1.067e-03 0.000e+00
1059 7.376e-04 -2.324e-04 -4.656e-04 0.000e+00
1060 7.489e-04 1.315e-04 1.373e-03 0.000e+00
1061 -1.299e-03 1.297e-03 1.923e-03 0.000e+00
1062 -2.664e-04 2.825e-04 -1.628e-03 0.000e+00
1063 -5.927e-04 3.546e-04 5.847e-04 0.000e+00
1064 1.053e-04 -1.832e-04 6.415e-04 0.000e+00
1065 -9.828e-05 1.461e-03 -1.604e-03 0.000e+00
1066 1.068e-03 1.642e-04 7.893e-04 0.000e+00
1067 7.828e-04 -1.995e-04 2.942e-04 0.000e+00
1068 -2.067e-03 4.338e-04 1.820e-04 0.000e+00
1069 3.571e-04 5.767e-04 -1.133e-03 0.000e+00
1070 -3.599e-03 1.848e-04 4.804e-04 0.000e+00
1071 7.047e-04 -1.871e-04 5.412e-05 0.000e+00
1072 9.048e-04 2.758e-04 1.406e-03 0.000e+00
1073 -1.002e-03 2.605e-05 3.425e-04 0.000e+00
1074 -1.775e-04 2.575e-04 3.095e-05 0.000e+00
1075 2.341e-03 4.941e-04 -9.072e-04 0.000e+00
1076 8.217e-04 -2.091e-04 -1.136e-03 0.000e+00
1077 1.216e-03 -6.738e-07 -7.917e-04 0.000e+00
1078 -3.638e-04 1.667e-04 1.168e-03 0.000e+00
1079 1.557e-03 -2.109e-04 -8.502e-05 0.000e+00
1080 3.213e-04 -2.301e-05 5.613e-04 0.000e+00
1081 -1.325e-03 6.734e-05 1.497e-03 0.000e+00
1082 -7.249e-04 -1.479e-04 1.823e-04 0.000e+00
1083 1.623e-03 -7.313e-05 1.744e-04 0.000e+00
1084 1.799e-03 1.671e-04 8.789e-04 0.000e+00
1085 -1.110e-03 -1.174e-04 -3.285e-04 0.000e+00
1086 9.585e-04 5.229e-04 9.962e-05 0.000e+00
1087 -2.301e-03 2.324e-04 -1.797e-03 0.000e+00
1088 -7.482e-04 7.250e-05 -4.216e-04 0.000e+00
1089 1.199e-04 4.574e-03 -5.423e-05 0.000e+00
1090 -3.152e-04 1.746e-05 1.867e-03 0.000e+00
1091 7.598e-04 -8.891e-05 2.181e-03 0.000e+00
1092 1.085e-03 3.500e-04 5.769e-04 0.000e+00
1093 6.101e-04 2.381e-04 1.111e-03 0.000e+00
1094 8.725e-04 3.009e-04 -2.833e-04 0.000e+00
1095 -2.862e-03 7.853e-04 9.794e-04 0.000e+00
1096 -4.787e-04 3.860e-04 1.197e-03 0.000e+00
1097 4.754e-04 -1.309e-05 -4.978e-04 0.000e+00
1098 -3.364e-04 -2.277e-04 -1.018e-03 0.000e+00
1099 1.130e-03 1.598e-04 -8.471e-04 0.000e+00
1100 -1.305e-03 -6.085e-05 -7.184e-04 0.000e+00
1101 -4.688e-04 9.832e-05 2.922e-04 0.000e+00
1102 -1.306e-03 7.829e-05 2.900e-03 0.000e+00
1103 7.098e-04 2.433e-03 6.974e-04 0.000e+00
1104 -2.448e-04 3.785e-05 -1.466e-03 0.000e+00
1105 7.637e-04 -1.811e-04 -4.376e-04 0.000e+00
1106 1.305e-03 -2.218e-04 1.114e-04 0.000e+00
1107 -9.315e-04 3.381e-04 9.420e-04 0.000e+00
1108 -8.376e-04 -1.063e-04 1.086e-03 0.000e+00
1109 2.872e-04 -1.601e-05 4.512e-04 0.000e+00
1110 8.677e-04 -6.347e-05 4.533e-04 0.000e+00
1111 -2.821e-04 -3.087e-05 -1.118e-03 0.000e+00
1112 8.827e-04 -1.196e-04 -1.401e-03 0.000e+00
1113 -2.699e-04 -4.992e-05 7.485e-04 0.000e+00
1114 -5.219e-04 2.885e-05 9.602e-04 0.000e+00
1115 3.384e-04 2.593e-03 -5.572e-04 0.000e+00
1116 5.783e-04 -8.110e-05 4.091e-04 0.000e+00
1117 8.476e-04 -6.198e-05 2.452e-04 0.000e+00
1118 -1.410e-03 2.551e-04 2.863e-04 0.000e+00
1119 -1.088e-03 7.376e-04 6.585e-04 0.000e+00
1120 -9.075e-05 2.424e-04 -1.360e-03 0.000e+00
1121 -1.194e-03 -2.391e-04 2.448e-03 0.000e+00
1122 8.541e-04 -2.260e-04 4.538e-04 0.000e+00
1123 -6.766e-04 5.755e-05 -3.099e-04 0.000e+00
1124 -4.257e-04 8.439e-05 -1.684e-03 0.000e+00
1125 -1.905e-04 7.025e-06 -1.720e-04 0.000e+00
1126 -5.173e-04 2.968e-05 3.942e-04 0.000e+00
1127 3.212e-04 3.329e-04 -1.156e-03 0.000e+00
1128 -6.234e-04 1.907e-04 7.294e-04 0.000e+00
1129 3.996e-04 1.246e-03 -8.792e-04 0.000e+00
1130 -2.788e-04 4.182e-03 4.214e-04 0.000e+00
1131 -4.684e-04 -1.257e-04 -9.671e-04 0.000e+00
1132 4.686e-04 -1.466e-04 -2.657e-04 0.000e+00
1133 -1.204e-03 -2.119e-04 -2.172e-03 0.000e+00
1134 3.921e-04 -1.847e-04 1.918e-04 0.000e+00
1135 -1.236e-03 7.445e-04 1.032e-03 0.000e+00
1136 1.161e-03 -1.834e-04 -5.182e-04 0.000e+00
1137 1.095e-03 4.296e-04 1.368e-03 0.000e+00
1138 -8.219e-04 -2.209e-04 -3.137e-04 0.000e+00
1139 1.995e-04 8.841e-06 3.140e-04 0.000e+00
1140 1.194e-03 1.332e-05 1.472e-03 0.000e+00
1141 -1.434e-03 5.583e-05 -1.479e-03 0.000e+00
1142 -4.386e-04 3.078e-04 -2.462e-04 0.000e+00
1143 -1.586e-03 -1.688e-04 1.507e-03 0.000e+00
1144 -5.858e-04 -1.889e-04 5.304e-04 0.000e+00
1145 -2.562e-04 6.227e-05 -1.121e-05 0.000e+00
1146 2.562e-05 7.496e-04 8.383e-04 0.000e+00
1147 7.480e-04 -1.958e-05 -4.983e-04 0.000e+00
1148 -2.294e-04 -2.360e-04 -2.191e-04 0.000e+00
1149 9.817e-04 -8.129e-05 -1.960e-04 0.000e+00
1150 2.852e-04 2.481e-05 -7.147e-04 0.000e+00
1151 -3.084e-04 3.941e-04 2.196e-04 0.000e+00
1152 6.806e-04 1.068e-04 8.627e-04 0.000e+00
1153 -1.156e-03 -2.336e-04 4.506e-04 0.000e+00
1154 6.795e-04 -6.594e-05 6.950e-04 0.000e+00
1155 1.511e-03 -1.929e-04 1.207e-03 0.000e+00
1156 7.367e-04 -4.266e-05 1.076e-03 0.000e+00
1157 -6.164e-04 -1.885e-05 -3.667e-04 0.000e+00
1158 2.213e-03 -2.089e-04 5.273e-04 0.000e+00
1159 -5.225e-04 3.605e-04 2.012e-03 0.000e+00
1160 4.572e-04 1.795e-04 -9.693e-04 0.000e+00
1161 6.751e-04 -1.304e-04 1.693e-03 0.000e+00
1162 4.075e-04 4.255e-05 -5.601e-05 0.000e+00
1163 1.241e-03 -1.902e-04 -2.672e-04 0.000e+00
1164 1.209e-03 -4.434e-05 -1.140e-03 0.000e+00
1165 -7.712e-04 -1.321e-04 -2.065e-03 0.000e+00
1166 5.199e-04 -1.437e-04 8.962e-04 0.000e+00
1167 -1.990e-03 -1.752e-04 7.018e-04 0.000e+00
1168 -3.266e-04 4.081e-04 -3.044e-04 0.000e+00
1169 -6.586e-04 3.280e-04 1.116e-03 0.000e+00
1170 -1.664e-03 1.909e-04 -1.264e-03 0.000e+00
1171 -7.768e-04 -2.076e-04 1.854e-04 0.000e+00
1172 -6.411e-04 -2.118e-04 -5.184e-05 0.000e+00
1173 1.084e-03 1.514e-05 3.246e-04 0.000e+00
1174 7.586e-04 -1.304e-04 -2.920e-05 0.000e+00
1175 -1.719e-04 5.625e-04 3.746e-04 0.000e+00
1176 1.759e-04 4.547e-04 -8.380e-05 0.000e+00
1177 2.513e-04 -1.413e-04 -3.081e-03 0.000e+00
1178 -4.820e-05 -7.469e-05 7.454e-04 0.000e+00
1179 -6.363e-04 -2.146e-04 -1.470e-03 0.000e+00
1180 2.212e-03 6.216e-04 -5.454e-04 0.000e+00
1181 6.185e-04 1.993e-03 -2.724e-03 0.000e+00
1182 -7.004e-04 3.230e-04 -2.097e-05 0.000e+00
1183 -1.109e-04 -2.200e-04 -6.737e-04 0.000e+00
1184 -4.165e-04 -1.226e-04 5.013e-04 0.000e+00
1185 -1.245e-03 1.736e-04 -3.695e-04 0.000e+00
1186 -1.079e-03 2.781e-04 1.070e-03 0.000e+00
1187 -3.093e-04 -1.969e-04 1.253e-04 0.000e+00
1188 2.389e-04 1.049e-04 1.012e-03 0.000e+00
1189 3.358e-04 -2.041e-04 1.714e-03 0.000e+00
1190 -9.882e-04 5.119e-04 -1.365e-03 0.000e+00
1191 -5.778e-04 1.800e-05 -8.014e-04 0.000e+00
1192 2.620e-04 -1.650e-04 1.294e-03 0.000e+00
1193 -1.002e-03 -1.422e-04 -1.015e-04 0.000e+00
1194 -1.177e-03 6.280e-04 9.614e-04 0.000e+00
1195 -4.108e-04 2.200e-04 5.110e-04 0.000e+00
1196 -6.283e-04 -1.976e-04 -3.779e-04 0.000e+00
1197 5.476e-04 1.129e-03 1.398e-04 0.000e+00
1198 8.401e-04 1.931e-04 -1.694e-04 0.000e+00
1199 5.675e-04 1.180e-03 -6.086e-04 0.000e+00
1200 8.348e-05 -2.076e-04 1.490e-05 0.000e+00
1201 -2.971e-04 1.491e-05 -1.589e-03 0.000e+00
1202 7.951e-04 1.144e-04 4.225e-05 0.000e+00
1203 9.683e-04 -2.370e-04 -2.616e-05 0.000e+00
1204 6.690e-04 2.648e-04 7.490e-04 0.000e+00
1205 -6.908e-04 3.300e-05 -1.988e-03 0.000e+00
1206 4.941e-04 3.113e-04 -3.515e-05 0.000e+00
1207 -2.567e-03 7.906e-04 -4.137e-04 0.000e+00
1208 -8.418e-04 7.852e-04 1.873e-03 0.000e+00
1209 6.196e-04 -2.245e-05 9.260e-04 0.000e+00
1210 3.095e-04 -1.691e-04 -1.341e-03 0.000e+00
1211 2.977e-04 2.512e-03 1.150e-03 0.000e+00
1212 -2.199e-03 -1.858e-04 -8.623e-04 0.000e+00
1213 1.062e-03 -1.933e-04 -5.922e-04 0.000e+00
1214 -1.080e-03 6.875e-05 5.398e-04 0.000e+00
1215 4.485e-04 7.096e-04 -1.879e-03 0.000e+00
1216 -9.546e-04 8.403e-04 -1.330e-04 0.000e+00
1217 -2.880e-04 -2.202e-04 1.226e-03 0.000e+00
1218 -9.967e-04 1.447e-04 -2.158e-03 0.000e+00
1219 -5.706e-04 5.150e-04 6.669e-04 0.000e+00
1220 -1.100e-03 6.330e-05 4.855e-04 0.000e+00
1221 1.341e-03 1.553e-04 7.084e-04 0.000e+00
1222 4.088e-04 6.226e-04 -1.318e-03 0.000e+00
1223 -1.058e-03 -8.811e-05 3.893e-05 0.000e+00
1224 -2.584e-04 1.757e-05 -2.788e-03 0.000e+00
1225 4.997e-04 8.284e-05 9.049e-04 0.000e+00
1226 -1.021e-03 3.411e-04 2.376e-03 0.000e+00
1227 -5.332e-04 -2.959e-05 -6.981e-04 0.000e+00
1228 -1.719e-04 5.172e-05 1.245e-03 0.000e+00
1229 -1.197e-03 3.140e-05 9.793e-04 0.000e+00
1230 4.139e-04 -1.561e-04 8.955e-04 0.000e+00
1231 -1.280e-03 1.691e-04 -1.163e-03 0.000e+00
1232 -7.634e-05 2.044e-04 1.881e-04 0.000e+00
1233 4.826e-04 7.981e-04 -1.121e-03 0.000e+00
1234 -1.319e-03 2.451e-04 9.545e-04 0.000e+00
1235 -5.859e-04 -5.684e-05 2.264e-03 0.000e+00
1236 -5.040e-04 1.988e-04 -7.032e-04 0.000e+00
1237 6.369e-04 1.240e-06 3.413e-05 0.000e+00
1238 2.487e-03 1.092e-04 1.551e-03 0.000e+00
1239 1.043e-03 -2.021e-04 1.642e-03 0.000e+00
1240 1.857e-03 -1.937e-04 -4.994e-04 0.000e+00
1241 3.153e-04 7.221e-05 -6.201e-04 0.000e+00
1242 -1.692e-04 4.850e-04 5.202e-04 0.000e+00
1243 -1.164e-03 -2.322e-04 -2.510e-03 0.000e+00
1244 7.336e-04 -4.949e-05 1.760e-04 0.000e+00
1245 -1.757e-03 1.470e-04 -2.590e-03 0.000e+00
1246 4.202e-04 -1.411e-04 -1.155e-03 0.000e+00
1247 -2.009e-03 -6.720e-05 -1.104e-03 0.000e+00
1248 1.043e-03 -1.521e-04 5.409e-04 0.000e+00
1249 -1.710e-03 -3.701e-05 2.458e-05 0.000e+00
1250 3.158e-06 -2.146e-04 5.539e-04 0.000e+00
1251 -5.127e-04 -1.937e-05 3.082e-05 0.000e+00
1252 8.278e-04 -2.262e-04 -3.828e-04 0.000e+00
1253 -7.384e-05 -1.001e-04 -3.874e-04 0.000e+00
1254 8.311e-04 3.142e-04 5.534e-04 0.000e+00
1255 -1.454e-03 -1.748e-04 2.989e-04 0.000e+00
1256 1.336e-03 1.075e-04 1.560e-03 0.000e+00
1257 9.396e-04 1.083e-04 1.248e-03 0.000e+00
1258 1.814e-03 3.664e-04 1.149e-03 0.000e+00
1259 3.171e-04 -8.911e-05 1.366e-03 0.000e+00
1260 -1.139e-03 -2.111e-04 6.794e-04 0.000e+00
1261 -3.181e-04 3.035e-04 8.071e-04 0.000e+00
1262 4.326e-04 1.624e-03 -1.218e-03 0.000e+00
1263 -1.376e-03 -4.505e-05 -7.874e-04 0.000e+00
1264 7.439e-04 1.485e-04 2.767e-04 0.000e+00
1265 -5.745e-04 3.652e-04 1.321e-03 0.000e+00
1266 1.526e-04 2.463e-04 -1.625e-03 0.000e+00
1267 -3.471e-04 2.229e-03 1.046e-04 0.000e+00
1268 2.160e-04 2.049e-05 -5.920e-04 0.000e+00
1269 -1.399e-03 -1.496e-04 -1.159e-03 0.000e+00
1270 -7.017e-04 1.113e-03 4.882e-04 0.000e+00
1271 2.874e-05 -1.627e-04 -1.650e-03 0.000e+00
1272 -1.068e-03 7.491e-04 4.249e-05 0.000e+00
1273 -1.513e-03 -9.545e-05 -1.039e-03 0.000e+00
1274 -2.242e-04 1.458e-04 -1.275e-04 0.000e+00
1275 2.781e-04 3.679e-03 4.914e-04 0.000e+00
1276 -4.385e-04 5.940e-04 4.336e-04 0.000e+00
1277 8.055e-04 4.513e-05 -2.341e-04 0.000e+00
1278 1.909e-03 4.232e-03 -3.042e-04 0.000e+00
1279 -3.253e-04 -2.259e-04 4.004e-04 0.000e+00
1280 5.687e-04 -2.013e-04 -1.671e-03 0.000e+00
1281 -2.294e-03 1.512e-03 -3.437e-03 0.000e+00
1282 7.608e-04 -5.616e-05 6.807e-04 0.000e+00
1283 9.528e-06 -1.408e-04 -6.727e-04 0.000e+00
1284 8.786e-04 1.638e-04 6.420e-04 0.000e+00
1285 -5.314e-04 -1.917e-04 1.310e-03 0.000e+00
1286 1.607e-03 4.410e-04 -9.892e-04 0.000e+00
1287 4.559e-04 -1.329e-04 1.621e-03 0.000e+00
1288 6.014e-04 -1.549e-04 2.184e-04 0.000e+00
1289 7.302e-04 -1.349e-04 -1.752e-04 0.000e+00
1290 -4.208e-04 -1.169e-04 -1.970e-04 0.000e+00
1291 -6.509e-04 3.514e-05 3.320e-03 0.000e+00
1292 2.156e-03 -1.290e-04 -5.854e-04 0.000e+00
1293 -1.589e-03 7.283e-05 2.035e-03 0.000e+00
1294 -1.117e-04 -9.091e-05 1.573e-03 0.000e+00
1295 5.827e-04 -1.405e-04 -1.257e-03 0.000e+00
1296 -6.103e-04 -1.656e-04 8.830e-04 0.000e+00
1297 -6.236e-05 -1.201e-04 -1.301e-03 0.000e+00
1298 -1.321e-04 -1.353e-04 -1.663e-03 0.000e+00
1299 -1.785e-05 7.198e-04 -5.398e-04 0.000e+00
1300 1.258e-04 -1.501e-04 -8.371e-04 0.000e+00
1301 7.089e-05 -6.406e-05 -9.839e-04 0.000e+00
1302 1.827e-03 -1.529e-04 -6.816e-04 0.000e+00
1303 -5.053e-04 2.234e-04 4.761e-04 0.000e+00
1304 1.843e-04 4.029e-05 5.957e-04 0.000e+00
1305 6.619e-04 -1.539e-05 4.210e-04 0.000e+00
1306 2.733e-04 -1.315e-04 -1.389e-03 0.000e+00
1307 3.118e-04 -1.806e-04 4.787e-05 0.000e+00
1308 -1.096e-03 -2.357e-04 7.140e-04 0.000e+00
1309 9.985e-04 -2.161e-05 8.905e-04 0.000e+00
1310 -4.545e-04 -2.024e-04 -3.418e-04 0.000e+00
1311 1.474e-04 -1.707e-04 -4.877e-04 0.000e+00
1312 -1.642e-04 -1.322e-04 7.991e-04 0.000e+00
1313 1.114e-03 -2.670e-05 1.054e-03 0.000e+00
1314 -2.385e-04 2.858e-05 -2.028e-04 0.000e+00
1315 -6.311e-04 4.074e-04 2.275e-03 0.000e+00
1316 5.762e-04 -1.011e-04 7.310e-04 0.000e+00
1317 2.262e-05 -3.871e-05 2.073e-03 0.000e+00
1318 -1.069e-04 7.820e-04 -1.336e-03 0.000e+00
1319 8.440e-04 -7.657e-05 -2.791e-04 0.000e+00
1320 4.944e-04 1.572e-04 3.732e-04 0.000e+00
1321 1.041e-03 -1.500e-04 1.485e-03 0.000e+00
1322 2.771e-03 1.887e-04 -1.729e-05 0.000e+00
1323 -6.157e-04 -1.827e-04 1.303e-03 0.000e+00
1324 -4.852e-04 -2.291e-04 -3.487e-04 0.000e+00
1325 3.196e-03 2.500e-04 -1.309e-03 0.000e+00
1326 -3.808e-04 -1.811e-04 6.321e-04 0.000e+00
1327 -2.998e-04 1.002e-04 -1.394e-03 0.000e+00
1328 2.218e-03 5.525e-03 1.663e-04 3.132e+01
1329 -2.818e-05 9.730e-05 -2.149e-03 0.000e+00
1330 -1.273e-03 -1.024e-05 -5.163e-04 0.000e+00
1331 -4.376e-04 -1.764e-04 -4.978e-04 0.000e+00
1332 2.253e-03 -2.110e-04 -1.002e-03 0.000e+00
1333 -6.760e-04 3.595e-04 9.620e-05 0.000e+00
1334 1.300e-03 -2.167e-04 -1.663e-03 0.000e+00
1335 2.581e-04 4.864e-04 2.313e-04 0.000e+00
1336 -1.764e-04 4.129e-04 1.133e-04 0.000e+00
1337 -9.428e-04 9.390e-05 -4.420e-04 0.000e+00
1338 9.417e-04 1.257e-03 -2.152e-04 0.000e+00
1339 1.242e-03 7.549e-05 -1.078e-03 0.000e+00
1340 1.343e-04 -8.982e-05 -7.616e-05 0.000e+00
1341 3.910e-04 5.958e-04 -2.849e-06 0.000e+00
1342 -2.305e-04 -8.084e-05 7.064e-04 0.000e+00
1343 -1.088e-03 -1.729e-04 -1.258e-03 0.000e+00
1344 1.059e-03 4.399e-04 3.740e-04 0.000e+00
1345 9.929e-04 2.030e-05 -1.207e-03 0.000e+00
1346 -1.062e-03 2.546e-04 1.230e-03 0.000e+00
1347 -3.199e-04 -7.825e-07 5.639e-04 0.000e+00
1348 -2.888e-04 -2.192e-04 -6.578e-04 0.000e+00
1349 -4.307e-04 3.835e-04 7.169e-04 0.000e+00
1350 -2.782e-04 -8.659e-06 -4.433e-04 0.000e+00
1351 -9.732e-04 3.682e-04 2.635e-04 0.000e+00
1352 -4.825e-04 -1.712e-04 -1.930e-03 0.000e+00
1353 -1.547e-03 -1.918e-04 2.642e-04 0.000e+00
1354 4.902e-04 -7.470e-05 -3.028e-03 0.000e+00
1355 -6.040e-04 -1.994e-04 -5.205e-04 0.000e+00
1356 -2.759e-04 -3.759e-05 -5.015e-04 0.000e+00
1357 -1.280e-04 3.451e-06 -2.291e-04 0.000e+00
1358 1.354e-04 1.020e-04 -1.710e-03 0.000e+00
1359 -5.727e-04 -2.072e-04 -8.727e-04 0.000e+00
1360 7.008e-04 2.454e-04 3.738e-04 0.000e+00
1361 6.950e-04 -2.021e-04 -1.127e-03 0.000e+00
1362 -6.880e-04 1.181e-03 -1.033e-03 0.000e+00
1363 2.617e-03 -2.004e-04 -1.246e-03 0.000e+00
1364 2.971e-04 -8.388e-05 -4.815e-04 0.000e+00
1365 -1.064e-03 -1.513e-04 -4.645e-04 0.000e+00
1366 6.439e-04 -6.246e-05 5.149e-04 0.000e+00
1367 -1.328e-03 -1.537e-04 -1.138e-03 0.000e+00
1368 -1.171e-03 -2.131e-04 1.014e-03 0.000e+00
1369 3.777e-04 -1.051e-04 9.463e-04 0.000e+00
1370 5.004e-05 -1.124e-04 -9.027e-04 0.000e+00
1371 2.048e-04 2.270e-05 1.595e-03 0.000e+00
1372 -1.384e-03 1.856e-04 7.612e-04 0.000e+00
1373 1.545e-03 -1.662e-04 5.047e-04 0.000e+00
1374 3.921e-04 1.277e-04 -3.308e-04 0.000e+00
1375 -1.371e-03 1.312e-04 1.214e-03 0.000e+00
1376 3.697e-04 -1.087e-04 4.120e-04 0.000e+00
1377 -3.800e-04 9.926e-05 -8.414e-05 0.000e+00
1378 1.384e-03 -1.080e-04 -1.068e-03 0.000e+00
1379 -1.239e-03 1.918e-04 8.639e-04 0.000e+00
1380 1.006e-04 3.033e-05 1.347e-03 0.000e+00
1381 7.240e-04 -1.488e-04 1.201e-03 0.000e+00
1382 2.615e-04 -1.590e-04 1.629e-03 0.000e+00
1383 -1.366e-03 -8.602e-06 -4.887e-05 0.000e+00
1384 6.956e-04 3.651e-04 2.288e-05 0.000e+00
1385 1.083e-03 -2.182e-04 -7.431e-04 0.000e+00
1386 -2.523e-04 -1.842e-04 -7.152e-04 0.000e+00
1387 -1.152e-03 8.006e-04 -1.282e-03 0.000e+00
1388 3.703e-05 -2.324e-04 8.509e-04 0.000e+00
1389 -1.367e-03 -7.576e-05 2.257e-04 0.000e+00
1390 3.398e-04 -9.631e-05 -2.026e-03 0.000e+00
1391 1.471e-03 8.035e-05 3.751e-04 0.000e+00
1392 3.232e-04 -2.081e-04 -2.890e-04 0.000e+00
1393 8.624e-04 7.020e-04 -5.004e-04 0.000e+00
1394 1.008e-03 7.895e-05 4.015e-04 0.000e+00
1395 4.937e-04 7.770e-05 -2.609e-04 0.000e+00
1396 5.183e-04 -6.811e-05 -2.576e-04 0.000e+00
1397 -2.974e-04 -7.901e-05 -1.099e-03 0.000e+00
1398 -8.690e-04 -1.909e-04 -9.715e-04 0.000e+00
1399 -1.252e-04 7.774e-05 1.689e-03 0.000e+00
1400 8.796e-04 5.157e-04 1.045e-03 0.000e+00
1401 5.803e-04 -6.263e-05 9.039e-05 0.000e+00
1402 1.657e-03 -2.170e-04 5.842e-04 0.000e+00
1403 -1.073e-03 7.569e-04 -7.353e-04 0.000e+00
1404 2.543e-04 -7.081e-05 -2.073e-04 0.000e+00
1405 -1.959e-03 -1.640e-04 1.176e-04 0.000e+00
1406 9.930e-04 1.488e-04 -1.788e-04 0.000e+00
1407 -4.845e-04 -9.865e-05 2.707e-05 0.000e+00
1408 2.072e-03 2.544e-04 -1.219e-03 0.000e+00
1409 -6.712e-04 3.764e-04 1.319e-03 0.000e+00
1410 5.192e-04 5.374e-04 2.149e-04 0.000e+00
1411 -1.707e-03 4.444e-04 4.953e-04 0.000e+00
1412 -1.623e-05 -1.228e-04 2.177e-03 0.000e+00
1413 2.654e-03 4.862e-05 -1.190e-03 0.000e+00
1414 -3.061e-04 -2.100e-04 1.331e-04 0.000e+00
1415 2.950e-04 -1.663e-04 -9.945e-04 0.000e+00
1416 1.827e-03 -1.098e-04 -2.475e-03 0.000e+00
1417 -4.004e-04 -1.653e-04 -6.969e-04 0.000e+00
1418 1.834e-03 4.508e-03 1.227e-03 0.000e+00
1419 7.943e-04 6.196e-04 -1.631e-03 0.000e+00
1420 -1.940e-03 -9.837e-05 1.611e-04 0.000e+00
1421 5.223e-04 -2.076e-04 -6.323e-04 0.000e+00
1422 -1.716e-03 -1.023e-04 2.028e-04 0.000e+00
1423 -3.452e-04 4.380e-04 -1.186e-03 0.000e+00
1424 -2.174e-03 4.004e-04 9.077e-04 0.000e+00
1425 -3.909e-04 1.936e-04 -2.785e-04 0.000e+00
1426 4.221e-04 -2.090e-04 -1.660e-03 0.000e+00
1427 -7.497e-04 -2.933e-06 -9.238e-04 0.000e+00
1428 -1.548e-04 6.569e-06 -6.455e-04 0.000e+00
1429 -6.442e-04 -7.209e-05 1.491e-03 0.000e+00
1430 3.864e-04 2.459e-04 -1.128e-03 0.000e+00
1431 -3.427e-03 1.316e-03 3.439e-04 0.000e+00
1432 -5.260e-04 8.662e-05 -2.437e-04 0.000e+00
1433 3.207e-04 -6.033e-05 9.148e-04 0.000e+00
1434 -6.464e-04 8.128e-04 -9.003e-04 0.000e+00
1435 -4.085e-05 -1.024e-04 -1.980e-03 0.000e+00
1436 -4.488e-04 9.856e-05 -1.338e-03 0.000e+00
1437 8.503e-04 -7.323e-05 -6.274e-04 0.000e+00
1438 4.873e-04 7.883e-04 -1.999e-03 0.000e+00
1439 1.448e-03 -5.733e-05 5.150e-04 0.000e+00
1440 4.839e-04 1.114e-03 8.225e-04 0.000e+00
1441 -1.850e-04 -8.167e-05 8.494e-04 0.000e+00
1442 -1.288e-03 -1.769e-04 9.677e-04 0.000e+00
1443 -7.409e-04 8.566e-05 1.577e-03 0.000e+00
1444 -8.087e-04 1.343e-06 4.876e-04 0.000e+00
1445 7.851e-04 1.087e-04 1.556e-03 0.000e+00
1446 2.421e-03 5.100e-03 6.979e-04 9.724e+01
1447 -2.677e-04 6.481e-04 1.761e-03 0.000e+00
1448 1.168e-04 -1.437e-04 2.366e-04 0.000e+00
1449 7.340e-04 -8.990e-05 -9.904e-04 0.000e+00
1450 -8.992e-04 3.096e-06 3.076e-04 0.000e+00
1451 -4.555e-04 8.909e-04 1.883e-04 0.000e+00
1452 1.590e-03 3.094e-04 1.458e-03 0.000e+00
1453 -6.876e-04 -1.624e-04 -3.732e-04 0.000e+00
1454 5.163e-04 -9.297e-05 -4.143e-04 0.000e+00
1455 -7.050e-04 3.425e-04 1.268e-04 0.000e+00
1456 7.166e-04 8.533e-04 -4.159e-04 0.000e+00
1457 7.222e-04 -1.141e-04 2.452e-04 0.000e+00
1458 8.062e-05 5.296e-04 4.716e-04 0.000e+00
1459 1.265e-04 3.804e-05 1.780e-03 0.000e+00
1460 -2.043e-03 9.161e-04 9.126e-04 0.000e+00
1461 -1.914e-03 -1.201e-04 2.135e-03 0.000e+00
1462 -1.158e-03 -1.827e-04 5.747e-04 0.000e+00
1463 1.116e-03 -1.072e-04 7.581e-04 0.000e+00
1464 4.896e-04 1.867e-05 1.660e-04 0.000e+00
1465 3.917e-04 -2.312e-04 -2.824e-03 0.000e+00
1466 -5.131e-04 4.464e-04 7.367e-04 0.000e+00
1467 -9.255e-04 -1.824e-04 4.782e-04 0.000e+00
1468 -1.267e-04 -2.830e-05 1.755e-03 0.000e+00
1469 1.129e-03 8.584e-04 -5.959e-04 0.000e+00
1470 1.358e-03 -1.950e-04 -5.919e-04 0.000e+00
1471 1.106e-03 -1.182e-04 -1.038e-03 0.000e+00
1472 -9.258e-04 -2.392e-04 -2.787e-04 0.000e+00
1473 -6.232e-04 -1.284e-04 -3.498e-04 0.000e+00
1474 8.879e-04 -1.662e-04 9.484e-04 0.000e+00
1475 1.066e-03 -1.919e-04 6.818e-04 0.000e+00
1476 -7.303e-04 -1.397e-04 -3.694e-04 0.000e+00
1477 -8.550e-05 -2.985e-05 1.589e-04 0.000e+00
1478 1.294e-03 -2.233e-04 3.067e-04 0.000e+00
1479 -9.282e-04 -7.090e-05 -2.195e-04 0.000e+00
1480 1.797e-03 2.641e-05 1.917e-03 0.000e+00
1481 1.393e-03 -1.277e-04 3.101e-05 0.000e+00
1482 3.721e-04 -6.695e-05 9.792e-04 0.000e+00
1483 3.313e-04 1.175e-04 -7.933e-05 0.000e+00
1484 3.203e-04 -1.258e-05 -1.584e-03 0.000e+00
1485 4.809e-05 2.644e-05 1.410e-03 0.000e+00
1486 5.739e-04 1.532e-04 8.589e-04 0.000e+00
1487 1.136e-03 -1.296e-04 1.377e-03 0.000e+00
1488 -9.138e-05 2.729e-04 1.673e-04 0.000e+00
1489 1.724e-03 -2.204e-04 -2.551e-04 0.000e+00
1490 1.030e-03 2.659e-04 -3.208e-04 0.000e+00
1491 8.117e-04 9.048e-04 -1.499e-03 0.000e+00
1492 -5.657e-04 3.448e-05 -1.487e-03 0.000e+00
1493 8.229e-04 -1.730e-04 -4.088e-04 0.000e+00
1494 1.736e-03 -1.944e-04 -1.369e-03 0.000e+00
1495 9.411e-04 -1.212e-04 -7.675e-04 0.000e+00
1496 5.788e-04 3.497e-04 -4.950e-04 0.000e+00
1497 -5.865e-04 2.592e-04 7.668e-05 0.000e+00
1498 -5.864e-05 2.334e-04 -9.037e-04 0.000e+00
1499 3.977e-04 -1.372e-04 9.262e-04 0.000e+00
1500 -2.356e-04 -8.316e-05 3.823e-06 0.000e+00
1501 2.649e-03 1.165e-03 7.424e-04 0.000e+00
1502 1.337e-03 -1.292e-04 3.408e-03 0.000e+00
1503 -1.565e-04 -2.354e-04 2.068e-04 0.000e+00
1504 -2.447e-04 -2.017e-04 1.046e-03 0.000e+00
1505 -2.137e-03 7.346e-05 -3.261e-04 0.000e+00
1506 2.107e-03 -7.855e-05 1.177e-04 0.000e+00
1507 -2.141e-04 -1.919e-04 7.894e-04 0.000e+00
1508 1.271e-03 -2.366e-04 1.128e-03 0.000e+00
1509 -8.968e-04 4.024e-04 4.497e-04 0.000e+00
1510 -4.321e-04 4.349e-03 1.050e-03 0.000e+00
1511 5.932e-04 -1.065e-04 -1.076e-03 0.000e+00
1512 2.015e-04 1.766e-05 -1.351e-03 0.000e+00
1513 1.607e-03 -2.279e-04 7.039e-04 0.000e+00
1514 -2.196e-03 7.804e-04 -2.577e-03 0.000e+00
1515 4.138e-04 -1.826e-04 6.165e-05 0.000e+00
1516 -2.093e-04 -6.098e-05 9.974e-05 0.000e+00
1517 2.240e-04 -3.201e-05 1.041e-03 0.000e+00
1518 1.214e-03 -1.789e-04 1.321e-03 0.000e+00
1519 2.048e-04 -6.528e-05 -2.646e-03 0.000e+00
1520 7.399e-04 4.770e-04 -5.033e-04 0.000e+00
1521 7.592e-04 -2.035e-04 6.359e-04 0.000e+00
1522 -1.123e-03 -1.668e-04 -1.544e-03 0.000e+00
1523 1.090e-04 -2.341e-04 -3.490e-04 0.000e+00
1524 1.430e-04 -2.322e-04 -7.179e-05 0.000e+00
1525 9.756e-04 8.090e-04 -2.073e-04 0.000e+00
1526 1.803e-03 -2.211e-04 7.345e-04 0.000e+00
1527 -1.407e-03 -1.583e-04 1.322e-03 0.000e+00
1528 -4.068e-04 -2.249e-04 6.143e-04 0.000e+00
1529 7.414e-05 5.496e-04 2.535e-03 0.000e+00
1530 7.153e-04 2.388e-04 -1.004e-03 0.000e+00
1531 1.092e-04 5.247e-05 -5.556e-04 0.000e+00
1532 -6.286e-05 -1.783e-04 1.314e-03 0.000e+00
1533 6.148e-04 1.296e-03 9.635e-04 0.000e+00
1534 1.525e-03 -1.368e-04 8.847e-04 0.000e+00
1535 -3.957e-04 -9.565e-05 1.269e-03 0.000e+00
1536 -5.015e-05 3.482e-05 2.859e-04 0.000e+00
1537 3.407e-04 1.170e-03 7.501e-04 0.000e+00
1538 -7.099e-04 -1.564e-04 -5.162e-04 0.000e+00
1539 1.605e-03 1.792e-04 -5.382e-04 0.000e+00
1540 3.389e-04 -5.433e-05 1.687e-03 0.000e+00
1541 -9.047e-04 -1.580e-04 -9.262e-04 0.000e+00
1542 -1.789e-03 -3.651e-05 3.859e-04 0.000e+00
1543 -1.644e-03 1.252e-03 -5.134e-05 0.000e+00
1544 -1.912e-03 1.155e-03 5.157e-04 0.000e+00
1545 -1.354e-03 -2.222e-04 -2.828e-04 0.000e+00
1546 1.846e-03 -1.426e-04 -2.710e-04 0.000e+00
1547 3.202e-04 4.151e-04 -4.635e-04 0.000e+00
1548 -6.002e-04 1.216e-03 -5.926e-04 0.000e+00
1549 5.818e-04 -1.874e-04 -4.321e-05 0.000e+00
1550 -1.680e-03 -1.868e-04 5.886e-04 0.000e+00
1551 -2.873e-04 -9.124e-05 -6.956e-04 0.000e+00
1552 1.243e-03 4.247e-05 1.664e-04 0.000e+00
1553 3.799e-04 1.398e-04 -1.885e-05 0.000e+00
1554 5.672e-04 -1.733e-04 -5.721e-04 0.000e+00
1555 -6.835e-04 1.979e-04 -2.206e-03 0.000e+00
1556 -4.822e-04 3.180e-04 -2.654e-04 0.000e+00
1557 1.524e-03 4.190e-04 -1.115e-03 0.000e+00
1558 -8.612e-04 -1.104e-04 -7.494e-04 0.000e+00
1559 4.136e-04 2.104e-04 5.856e-04 0.000e+00
1560 -1.913e-03 -8.995e-05 -1.834e-03 0.000e+00
1561 -6.615e-04 -6.778e-05 -1.243e-03 0.000e+00
1562 -5.265e-04 4.356e-04 -1.097e-03 0.000e+00
1563 -1.286e-03 -1.931e-04 3.945e-04 0.000e+00
1564 -8.380e-04 1.233e-03 3.785e-04 0.000e+00
1565 -3.905e-04 -3.299e-05 4.428e-04 0.000e+00
1566 -1.072e-03 2.557e-04 -9.106e-04 0.000e+00
1567 -2.234e-03 -1.762e-04 -6.249e-04 0.000e+00
1568 -4.843e-04 4.545e-04 4.567e-04 0.000e+00
1569 8.810e-04 -9.916e-05 -1.119e-04 0.000e+00
1570 -1.453e-04 -1.115e-04 2.431e-04 0.000e+00
1571 -7.714e-04 -5.299e-05 -3.781e-07 0.000e+00
1572 -2.758e-04 8.632e-05 2.726e-04 0.000e+00
1573 6.705e-04 1.628e-04 1.204e-04 0.000e+00
1574 -1.860e-03 2.316e-05 -8.788e-04 0.000e+00
1575 -1.031e-03 3.752e-04 -1.167e-03 0.000e+00
1576 -4.391e-04 -2.203e-04 -9.865e-04 0.000e+00
1577 -1.937e-04 -1.787e-04 1.141e-03 0.000e+00
1578 -1.441e-04 -1.650e-04 -7.994e-04 0.000e+00
1579 -1.318e-03 3.258e-04 -2.596e-04 0.000e+00
1580 -1.112e-03 9.290e-05 -1.041e-03 0.000e+00
1581 -1.158e-03 1.173e-04 1.333e-03 0.000e+00
1582 -6.373e-04 -1.546e-04 -2.359e-04 0.000e+00
1583 -5.269e-04 3.274e-04 -9.428e-04 0.000e+00
1584 -5.774e-04 -2.340e-04 -1.378e-03 0.000e+00
1585 -3.331e-04 -7.580e-06 1.264e-03 0.000e+00
1586 2.048e-03 3.196e-04 -1.808e-03 0.000e+00
1587 2.016e-03 -1.351e-04 -5.440e-05 0.000e+00
1588 -1.414e-04 -1.286e-04 -1.252e-03 0.000e+00
1589 -2.765e-04 -1.080e-05 1.100e-03 0.000e+00
1590 2.291e-04 -1.135e-04 8.343e-05 0.000e+00
1591 -8.752e-04 3.701e-04 6.774e-04 0.000e+00
1592 -1.639e-03 -2.327e-04 9.270e-04 0.000e+00
1593 1.879e-03 -1.750e-04 5.894e-04 0.000e+00
1594 5.587e-04 -2.031e-04 -1.462e-04 0.000e+00
1595 -1.144e-03 7.118e-05 5.095e-04 0.000e+00
1596 1.614e-03 -1.923e-04 1.386e-04 0.000e+00
1597 1.162e-03 -1.974e-05 4.361e-04 0.000e+00
1598 -1.394e-04 -2.694e-05 2.589e-04 0.000e+00
1599 9.998e-04 -1.944e-04 -6.073e-04 0.000e+00
1600 1.076e-03 -1.124e-05 1.633e-03 0.000e+00
1601 -1.788e-03 1.600e-04 1.440e-04 0.000e+00
1602 1.456e-03 -2.169e-04 1.374e-03 0.000e+00
1603 -3.961e-04 -1.485e-04 4.060e-04 0.000e+00
1604 7.341e-04 9.496e-04 -2.772e-03 0.000e+00
1605 -1.661e-04 5.041e-04 4.345e-05 0.000e+00
1606 -1.857e-03 7.341e-04 -5.975e-04 0.000e+00
1607 1.140e-03 9.818e-04 -2.879e-04 0.000e+00
1608 -7.310e-04 -1.856e-04 5.578e-04 0.000e+00
1609 -3.475e-05 -3.707e-05 1.128e-04 0.000e+00
1610 -1.712e-05 -1.814e-04 -9.902e-04 0.000e+00
1611 -2.579e-03 2.792e-04 3.953e-04 0.000e+00
1612 -2.471e-03 4.211e-04 -1.050e-03 0.000e+00
1613 -2.263e-04 8.030e-05 1.341e-03 0.000e+00
1614 -9.691e-04 6.411e-04 -1.032e-03 0.000e+00
1615 2.001e-03 -2.230e-04 1.046e-03 0.000e+00
1616 -2.008e-05 -1.080e-04 5.631e-04 0.000e+00
1617 9.074e-04 3.121e-04 9.134e-04 0.000e+00
1618 5.527e-04 -6.608e-05 5.099e-04 0.000e+00
1619 -4.601e-04 -1.201e-04 7.085e-04 0.000e+00
1620 1.516e-05 1.910e-03 2.711e-04 0.000e+00
1621 -8.023e-04 -6.908e-06 -4.725e-04 0.000e+00
1622 1.530e-03 4.283e-04 1.383e-03 0.000e+00
1623 -8.551e-04 4.915e-06 1.734e-04 0.000e+00
1624 -1.803e-03 7.334e-04 -1.975e-04 0.000e+00
1625 1.233e-03 -8.176e-05 -8.346e-04 0.000e+00
1626 -6.374e-05 -1.417e-04 -1.947e-04 0.000e+00
1627 -3.341e-04 1.004e-04 1.039e-03 0.000e+00
1628 -9.044e-04 -1.675e-04 -5.727e-04 0.000e+00
1629 1.535e-03 2.035e-04 -7.507e-04 0.000e+00
1630 4.278e-04 4.732e-05 -8.801e-05 0.000e+00
1631 -8.180e-04 1.941e-05 -1.021e-03 0.000e+00
1632 1.467e-04 5.274e-05 9.213e-04 0.000e+00
1633 -4.333e-04 -8.241e-05 -3.796e-04 0.000e+00
1634 -1.796e-03 8.898e-04 3.548e-04 0.000e+00
1635 -1.394e-03 2.589e-04 -9.090e-04 0.000e+00
1636 -1.270e-03 -8.009e-07 1.652e-04 0.000e+00
1637 -3.364e-04 5.053e-04 -1.523e-03 0.000e+00
1638 -1.384e-03 -6.404e-05 7.066e-04 0.000e+00
1639 1.754e-03 5.722e-04 -1.122e-03 0.000e+00
1640 3.440e-04 -8.096e-05 4.925e-05 0.000e+00
1641 -1.093e-03 -2.069e-04 -1.899e-03 0.000e+00
1642 -2.322e-03 -2.166e-04 1.161e-03 0.000e+00
1643 -2.760e-04 -2.309e-04 3.387e-04 0.000e+00
1644 -1.378e-03 -1.209e-04 2.176e-05 0.000e+00
1645 6.928e-04 6.747e-05 3.153e-04 0.000e+00
1646 -7.836e-04 8.013e-06 -4.581e-04 0.000e+00
1647 -4.796e-04 1.153e-04 -1.929e-04 0.000e+00
1648 -1.616e-03 -8.291e-05 1.131e-04 0.000e+00
1649 8.451e-04 -1.373e-04 -9.331e-04 0.000e+00
1650 8.547e-04 4.511e-05 7.477e-04 0.000e+00
1651 -1.432e-03 1.135e-04 1.763e-04 0.000e+00
1652 -1.942e-03 -1.047e-04 1.333e-03 0.000e+00
1653 -3.776e-04 -1.426e-04 -6.038e-04 0.000e+00
1654 4.500e-04 4.167e-06 -9.390e-04 0.000e+00
1655 -7.362e-04 8.480e-04 2.344e-03 0.000e+00
1656 -1.044e-04 -1.056e-04 -1.433e-03 0.000e+00
1657 -6.138e-04 -4.417e-05 3.383e-04 0.000e+00
1658 -7.170e-04 5.256e-05 -7.678e-04 0.000e+00
1659 -5.268e-04 3.749e-04 1.268e-03 0.000e+00
1660 -8.239e-04 -2.011e-04 -1.101e-04 0.000e+00
1661 -8.976e-04 1.237e-03 -9.467e-04 0.000e+00
1662 4.555e-04 -1.342e-04 -3.116e-04 0.000e+00
1663 -3.270e-04 1.514e-03 9.650e-04 0.000e+00
1664 1.731e-04 3.810e-05 -3.599e-04 0.000e+00
1665 -1.180e-04 3.163e-06 7.088e-04 0.000e+00
1666 4.019e-04 2.751e-04 7.156e-04 0.000e+00
1667 -1.063e-03 6.964e-04 1.281e-03 0.000e+00
1668 1.282e-04 -1.922e-04 4.009e-04 0.000e+00
1669 7.302e-04 8.137e-05 -1.155e-03 0.000e+00
1670 -1.300e-03 -1.287e-04 1.177e-03 0.000e+00
1671 -1.854e-04 1.004e-03 2.598e-04 0.000e+00
1672 3.273e-04 1.171e-05 -3.435e-04 0.000e+00
1673 7.954e-04 3.728e-04 1.205e-03 0.000e+00
1674 -6.849e-04 -1.354e-04 1.291e-04 0.000e+00
1675 1.470e-04 -1.134e-04 -3.518e-04 0.000e+00
1676 -1.199e-03 6.619e-05 -1.030e-03 0.000e+00
1677 -1.854e-03 1.138e-04 4.229e-04 0.000e+00
1678 8.820e-04 8.173e-04 -7.065e-05 0.000e+00
1679 4.230e-04 1.004e-03 -3.119e-04 0.000e+00
1680 7.455e-04 2.247e-04 -2.889e-04 0.000e+00
1681 -3.109e-03 -1.602e-04 -2.806e-04 0.000e+00
1682 6.670e-06 1.014e-04 -7.642e-04 0.000e+00
1683 -2.017e-03 1.178e-04 5.260e-04 0.000e+00
1684 9.212e-04 -1.104e-04 2.639e-04 0.000e+00
1685 -1.724e-03 -1.535e-04 -3.456e-04 0.000e+00
1686 7.574e-04 1.007e-05 8.388e-04 0.000e+00
1687 4.910e-04 1.207e-04 4.403e-04 0.000e+00
1688 -1.232e-03 -1.308e-04 4.611e-04 0.000e+00
1689 -2.688e-04 -1.275e-04 5.515e-05 0.000e+00
1690 4.658e-04 6.265e-05 2.588e-04 0.000e+00
1691 -4.313e-04 3.324e-04 -2.038e-03 0.000e+00
1692 2.522e-03 3.677e-05 1.552e-03 0.000e+00
1693 9.367e-05 3.289e-04 3.804e-04 0.000e+00
1694 -3.332e-04 7.772e-05 8.778e-04 0.000e+00
1695 -7.517e-04 4.136e-05 1.075e-03 0.000e+00
1696 1.690e-03 2.023e-06 -5.803e-04 0.000e+00
1697 -7.911e-04 1.058e-04 -1.551e-03 0.000e+00
1698 9.187e-04 -1.989e-04 -1.390e-03 0.000e+00
1699 -8.085e-04 5.033e-04 8.775e-04 0.000e+00
1700 -5.364e-04 -1.488e-04 5.034e-04 0.000e+00
1701 -1.035e-03 1.804e-03 2.497e-03 0.000e+00
1702 -1.089e-03 1.024e-04 -1.191e-03 0.000e+00
1703 -1.241e-03 -1.060e-05 -1.606e-03 0.000e+00
1704 8.560e-05 -7.343e-05 1.940e-03 0.000e+00
1705 -1.343e-03 8.913e-04 -1.074e-03 0.000e+00
1706 2.455e-03 -1.523e-04 6.569e-04 0.000e+00
1707 1.070e-03 2.044e-05 3.821e-04 0.000e+00
1708 1.381e-04 1.079e-04 1.356e-03 0.000e+00
1709 -1.761e-05 -1.713e-04 9.105e-04 0.000e+00
1710 -3.504e-04 2.602e-04 -1.106e-03 0.000e+00
1711 3.551e-04 -2.212e-04 4.581e-04 0.000e+00
1712 -4.801e-04 5.208e-05 -4.963e-05 0.000e+00
1713 -4.996e-04 7.456e-05 -2.719e-04 0.000e+00
1714 -6.120e-04 -1.598e-04 9.895e-04 0.000e+00
1715 -1.358e-03 -8.481e-06 6.961e-04 0.000e+00
1716 -7.834e-04 6.634e-04 1.344e-03 0.000e+00
1717 -3.706e-04 2.074e-04 3.352e-05 0.000e+00
1718 1.306e-03 -1.645e-05 -2.246e-04 0.000e+00
1719 -1.251e-03 -1.845e-04 8.350e-04 0.000e+00
1720 -1.641e-03 -6.954e-05 4.925e-04 0.000e+00
1721 1.751e-04 8.595e-04 -1.119e-03 0.000e+00
1722 9.933e-04 -8.217e-05 8.249e-04 0.000e+00
1723 -1.675e-03 -1.363e-04 8.283e-04 0.000e+00
1724 6.874e-04 4.500e-04 -3.472e-04 0.000e+00
1725 -6.759e-04 2.622e-04 1.318e-04 0.000e+00
1726 2.226e-03 -2.350e-04 -1.364e-03 0.000e+00
1727 5.569e-04 2.552e-04 -9.820e-04 0.000e+00
1728 -1.288e-03 -1.853e-04 1.805e-04 0.000e+00
1729 1.372e-03 1.754e-04 -3.751e-04 0.000e+00
1730 4.033e-04 1.500e-06 6.694e-04 0.000e+00
1731 2.552e-04 -5.074e-05 7.167e-04 0.000e+00
1732 -9.998e-06 -2.122e-04 -2.008e-04 0.000e+00
1733 -6.587e-04 -1.672e-04 -1.134e-03 0.000e+00
1734 2.358e-03 -1.601e-04 1.159e-04 0.000e+00
1735 7.842e-04 4.281e-05 -1.751e-04 0.000e+00
1736 -1.194e-03 1.138e-03 4.041e-04 0.000e+00
1737 7.665e-04 3.448e-05 -7.432e-04 0.000e+00
1738 -7.057e-05 -2.117e-04 2.309e-03 0.000e+00
1739 1.048e-03 3.002e-04 -2.069e-04 0.000e+00
1740 -1.100e-03 -1.898e-04 -1.601e-03 0.000e+00
1741 5.937e-04 -2.230e-04 -6.455e-04 0.000e+00
1742 -5.833e-04 -6.644e-05 6.937e-04 0.000e+00
1743 -1.016e-03 -9.407e-05 -6.304e-04 0.000e+00
1744 1.360e-03 3.147e-04 -1.566e-03 0.000e+00
1745 4.586e-04 4.996e-05 2.337e-03 0.000e+00
1746 4.773e-04 -2.113e-04 -7.116e-04 0.000e+00
1747 -3.532e-04 -1.288e-04 1.438e-05 0.000e+00
1748 -1.912e-03 -9.745e-05 -6.434e-04 0.000e+00
1749 -1.631e-03 -2.603e-06 1.091e-03 0.000e+00
1750 4.705e-04 -1.850e-04 5.316e-04 0.000e+00
1751 2.942e-04 -6.493e-05 7.808e-04 0.000e+00
1752 2.092e-03 -9.639e-05 -3.333e-04 0.000e+00
1753 6.421e-06 4.750e-04 5.303e-04 0.000e+00
1754 -2.097e-03 2.270e-04 -5.118e-04 0.000e+00
1755 7.550e-04 -1.650e-04 -4.603e-04 0.000e+00
1756 -1.852e-03 -1.882e-04 -7.563e-04 0.000e+00
1757 -4.746e-05 -1.200e-04 -1.019e-03 0.000e+00
1758 -6.290e-04 -2.632e-05 -4.123e-04 0.000e+00
1759 -1.263e-03 2.273e-04 8.799e-04 0.000e+00
1760 -1.262e-03 3.073e-05 -4.501e-04 0.000e+00
1761 2.584e-03 -1.904e-04 -1.086e-03 0.000e+00
1762 -5.495e-05 7.747e-04 1.012e-03 0.000e+00
1763 -1.340e-03 1.473e-03 1.961e-06 0.000e+00
1764 8.950e-04 -1.202e-04 -2.123e-03 0.000e+00
1765 1.253e-03 -7.217e-05 8.867e-04 0.000e+00
1766 -8.950e-04 1.194e-04 -2.105e-03 0.000e+00
1767 -5.147e-04 -1.501e-04 1.794e-04 0.000e+00
1768 3.568e-04 -1.010e-04 -1.492e-05 0.000e+00
1769 -1.108e-03 -1.809e-05 4.905e-04 0.000e+00
1770 -1.552e-03 -7.306e-05 -1.126e-03 0.000e+00
1771 2.578e-04 -2.124e-04 -1.242e-03 0.000e+00
1772 6.974e-04 3.586e-04 -9.568e-04 0.000e+00
1773 -7.649e-04 1.138e-04 1.105e-03 0.000e+00
1774 4.349e-04 1.563e-04 1.285e-04 0.000e+00
1775 -7.469e-04 -1.938e-04 -3.318e-04 0.000e+00
1776 9.510e-05 -1.465e-05 1.221e-03 0.000e+00
1777 -2.730e-03 8.012e-04 -4.989e-04 0.000e+00
1778 -3.790e-04 -8.598e-05 4.823e-04 0.000e+00
1779 1.643e-03 -2.013e-04 6.721e-04 0.000e+00
1780 -4.662e-05 -5.838e-05 5.006e-05 0.000e+00
1781 8.539e-04 -1.727e-04 1.238e-04 0.000e+00
1782 3.410e-04 -6.180e-05 4.402e-04 0.000e+00
1783 7.441e-04 -1.652e-04 -1.677e-03 0.000e+00
1784 2.948e-04 -1.564e-04 -1.420e-04 0.000e+00
1785 1.067e-03 7.008e-05 -6.228e-04 0.000e+00
1786 5.174e-04 7.347e-05 -7.088e-04 0.000e+00
1787 5.015e-04 -1.276e-04 1.907e-05 0.000e+00
1788 -3.097e-04 -2.366e-04 5.201e-04 0.000e+00
1789 -3.820e-05 -4.670e-05 -5.940e-04 0.000e+00
1790 -1.164e-03 -1.011e-04 -9.519e-04 0.000e+00
1791 -5.284e-04 -9.825e-05 -2.990e-04 0.000e+00
1792 1.871e-05 -2.887e-05 1.681e-03 0.000e+00
1793 -1.019e-03 -1.618e-04 -1.409e-05 0.000e+00
1794 1.247e-03 1.308e-03 -7.139e-04 0.000e+00
1795 1.160e-05 -1.166e-04 -9.218e-04 0.000e+00
1796 1.497e-03 1.157e-04 -2.012e-04 0.000e+00
1797 1.239e-04 -2.312e-05 -6.932e-04 0.000e+00
1798 4.283e-04 1.084e-04 1.463e-03 0.000e+00
1799 -5.407e-04 -2.367e-04 2.206e-04 0.000e+00
1800 1.278e-03 -2.334e-04 6.846e-04 0.000e+00
1801 1.327e-04 -9.697e-06 2.397e-03 0.000e+00
1802 2.011e-03 1.379e-04 9.198e-04 0.000e+00
1803 1.623e-03 3.471e-04 -1.281e-03 0.000e+00
1804 -5.677e-04 -2.011e-04 -9.121e-04 0.000e+00
1805 5.670e-04 5.203e-05 -1.970e-03 0.000e+00
1806 -3.852e-05 2.462e-04 -1.311e-03 0.000e+00
1807 2.561e-04 -5.210e-05 2.630e-04 0.000e+00
1808 3.892e-04 1.273e-04 -3.035e-04 0.000e+00
1809 -9.008e-04 2.501e-07 3.274e-05 0.000e+00
1810 -1.227e-03 -1.280e-04 -8.812e-04 0.000e+00
1811 -4.347e-04 5.476e-05 2.240e-05 0.000e+00
1812 -2.227e-04 1.663e-04 -8.050e-04 0.000e+00
1813 1.964e-04 -9.301e-05 1.789e-05 0.000e+00
1814 1.515e-04 -2.313e-04 1.451e-03 0.000e+00
1815 2.778e-04 -6.529e-05 1.065e-03 0.000e+00
1816 1.762e-04 5.506e-04 1.219e-03 0.000e+00
1817 -4.550e-05 4.738e-04 -1.755e-04 0.000e+00
1818 -4.045e-04 -9.045e-05 -1.364e-03 0.000e+00
1819 -2.383e-04 1.627e-04 6.471e-05 0.000e+00
1820 6.019e-04 1.027e-03 -1.045e-03 0.000e+00
1821 -6.756e-04 3.587e-04 -1.541e-04 0.000e+00
1822 -8.351e-04 8.471e-04 -6.613e-04 0.000e+00
1823 -3.820e-04 -1.750e-04 -8.657e-04 0.000e+00
1824 7.700e-04 -1.087e-04 1.522e-04 0.000e+00
1825 1.230e-03 4.596e-04 5.396e-05 0.000e+00
1826 -1.442e-03 -1.892e-04 3.400e-04 0.000e+00
1827 -7.633e-04 -6.063e-05 1.963e-05 0.000e+00
1828 2.764e-04 -1.342e-04 1.796e-03 0.000e+00
1829 -1.009e-03 5.631e-04 -9.562e-04 0.000e+00
1830 -4.359e-04 3.849e-04 -1.554e-03 0.000e+00
1831 9.361e-04 7.784e-04 -6.509e-04 0.000e+00
1832 1.631e-03 9.751e-05 -7.866e-04 0.000e+00
1833 6.450e-04 -1.100e-04 -4.287e-04 0.000e+00
1834 7.140e-04 2.118e-03 1.127e-03 0.000e+00
1835 2.551e-03 -2.113e-04 2.073e-04 0.000e+00
1836 2.223e-04 4.707e-04 -6.300e-04 0.000e+00
1837 6.999e-04 -1.380e-04 7.105e-04 0.000e+00
1838 4.786e-04 7.462e-04 -5.538e-04 0.000e+00
1839 -8.429e-04 -9.444e-05 8.366e-04 0.000e+00
1840 6.881e-04 6.771e-05 -3.210e-04 0.000e+00
1841 -4.125e-04 -1.059e-04 5.327e-04 0.000e+00
1842 -2.374e-04 -1.692e-04 -1.261e-03 0.000e+00
1843 4.732e-04 5.230e-04 5.151e-04 0.000e+00
1844 -3.040e-04 -9.837e-05 -1.169e-03 0.000e+00
1845 2.565e-04 1.502e-04 7.259e-04 0.000e+00
1846 -8.110e-04 -2.363e-04 -5.834e-04 0.000e+00
1847 1.540e-03 1.170e-03 7.066e-04 0.000e+00
1848 -5.831e-04 -4.306e-06 9.993e-04 0.000e+00
1849 -1.468e-04 3.710e-04 8.829e-04 0.000e+00
1850 -3.407e-04 6.115e-06 1.523e-03 0.000e+00
1851 -8.478e-04 -1.555e-04 1.976e-03 0.000e+00
1852 -4.232e-04 -1.185e-04 1.034e-03 0.000e+00
1853 -9.044e-04 -9.365e-05 1.576e-04 0.000e+00
1854 -1.118e-03 7.875e-05 -7.170e-04 0.000e+00
1855 6.352e-04 6.404e-06 3.846e-04 0.000e+00
1856 8.033e-04 -5.829e-05 -1.007e-04 0.000e+00
1857 4.803e-04 3.036e-04 -7.234e-04 0.000e+00
1858 -8.212e-04 -2.119e-04 -4.206e-05 0.000e+00
1859 5.348e-04 -1.047e-04 4.480e-04 0.000e+00
1860 -1.074e-03 -5.499e-05 1.771e-03 0.000e+00
1861 1.267e-03 -2.247e-04 9.300e-04 0.000e+00
1862 1.517e-03 1.373e-03 7.489e-04 0.000e+00
1863 -1.432e-03 -2.174e-04 -1.845e-03 0.000e+00
1864 -1.742e-03 9.136e-04 -3.723e-04 0.000e+00
1865 -3.307e-04 -1.445e-04 1.286e-03 0.000e+00
1866 3.826e-04 2.822e-04 1.176e-03 0.000e+00
1867 2.604e-05 -2.016e-04 -8.948e-05 0.000e+00
1868 7.463e-04 -5.840e-05 -3.537e-04 0.000e+00
1869 -1.933e-03 5.282e-04 -6.737e-04 0.000e+00
1870 -4.379e-04 1.194e-03 8.648e-04 0.000e+00
1871 9.891e-04 1.402e-05 8.716e-04 0.000e+00
1872 2.510e-03 2.317e-04 6.363e-04 0.000e+00
1873 1.231e-03 5.628e-04 -1.085e-03 0.000e+00
1874 3.232e-04 -1.665e-04 -2.540e-04 0.000e+00
1875 2.455e-04 6.729e-04 -3.763e-04 0.000e+00
1876 -4.297e-04 2.431e-04 2.529e-04 0.000e+00
1877 3.093e-03 -6.546e-05 -6.660e-04 0.000e+00
1878 -1.526e-03 2.530e-05 -6.252e-05 0.000e+00
1879 -1.141e-03 -1.301e-04 -1.463e-04 0.000e+00
1880 -2.675e-04 2.243e-04 -7.877e-04 0.000e+00
1881 6.578e-04 1.550e-03 1.141e-03 0.000e+00
1882 1.178e-04 8.801e-05 9.462e-04 0.000e+00
1883 -5.445e-04 -9.592e-05 1.172e-04 0.000e+00
1884 -4.487e-04 9.271e-05 -5.507e-04 0.000e+00
1885 -5.012e-04 -1.016e-04 -2.346e-03 0.000e+00
1886 -9.336e-05 -3.376e-05 -1.702e-03 0.000e+00
1887 8.849e-04 3.036e-04 1.004e-04 0.000e+00
1888 -1.002e-03 -2.343e-04 2.472e-03 0.000e+00
1889 -6.774e-04 -8.495e-05 -5.229e-05 0.000e+00
1890 9.696e-04 -2.340e-04 -3.484e-04 0.000e+00
1891 -8.752e-04 -1.955e-04 -9.130e-04 0.000e+00
1892 -7.332e-04 7.995e-04 7.090e-04 0.000e+00
1893 5.055e-04 7.002e-04 -1.251e-03 0.000e+00
1894 7.924e-04 -2.240e-04 -1.607e-04 0.000e+00
1895 -8.833e-05 -7.297e-05 -1.596e-03 0.000e+00
1896 1.875e-03 1.308e-04 -5.587e-04 0.000e+00
1897 -5.175e-04 1.061e-03 1.003e-03 0.000e+00
1898 2.452e-04 -1.445e-04 2.965e-04 0.000e+00
1899 -1.743e-04 3.763e-05 8.564e-06 0.000e+00
1900 -2.840e-04 -1.601e-04 9.976e-04 0.000e+00
1901 -1.822e-04 1.186e-04 1.935e-03 0.000e+00
1902 -1.987e-03 -2.384e-05 2.485e-04 0.000e+00
1903 -6.217e-04 -1.471e-04 1.091e-03 0.000e+00
1904 -1.866e-03 -1.997e-04 -8.989e-05 0.000e+00
1905 -1.011e-03 1.371e-03 -1.612e-03 0.000e+00
1906 -1.077e-03 2.074e-04 -5.278e-06 0.000e+00
1907 8.483e-04 4.007e-04 1.110e-03 0.000e+00
1908 -1.300e-03 2.591e-04 1.358e-03 0.000e+00
1909 -6.083e-05 2.262e-04 5.377e-04 0.000e+00
1910 -7.581e-04 -1.943e-04 1.507e-03 0.000e+00
1911 3.215e-04 7.802e-05 -7.489e-04 0.000e+00
1912 -2.453e-03 -1.363e-04 -9.729e-04 0.000e+00
1913 3.053e-04 1.308e-05 -8.162e-05 0.000e+00
1914 -7.680e-04 1.330e-03 2.015e-04 0.000e+00
1915 -6.568e-04 6.397e-05 -2.308e-03 0.000e+00
1916 -7.983e-04 1.095e-03 7.353e-04 0.000e+00
1917 1.145e-03 -2.260e-04 -2.542e-04 0.000e+00
1918 1.197e-03 6.352e-06 4.665e-04 0.000e+00
1919 -6.553e-04 -1.379e-04 -8.988e-04 0.000e+00
1920 5.534e-04 3.838e-05 2.518e-04 0.000e+00
1921 -2.324e-04 1.168e-03 5.256e-04 0.000e+00
1922 1.443e-03 -8.916e-05 -3.065e-04 0.000e+00
1923 -4.034e-04 -8.644e-05 -9.326e-04 0.000e+00
1924 5.747e-05 -2.338e-04 -7.047e-04 0.000e+00
1925 -6.324e-04 -1.618e-04 -2.141e-03 0.000e+00
1926 -8.059e-04 -1.068e-04 1.192e-03 0.000e+00
1927 6.266e-04 -2.393e-05 8.365e-04 0.000e+00
1928 2.036e-04 -1.171e-04 5.817e-04 0.000e+00
1929 -5.578e-04 -1.667e-04 -6.260e-04 0.000e+00
1930 -3.474e-04 3.887e-04 -1.341e-04 0.000e+00
1931 -2.215e-03 -1.711e-04 5.093e-04 0.000e+00
1932 -5.466e-04 3.487e-04 6.257e-04 0.000e+00
1933 -5.333e-04 3.377e-04 1.505e-03 0.000e+00
1934 -1.620e-03 -6.330e-05 9.213e-04 0.000e+00
1935 8.462e-04 3.862e-04 -1.905e-03 0.000e+00
1936 9.332e-04 1.513e-04 8.080e-06 0.000e+00
1937 2.826e-04 2.716e-05 -3.643e-04 0.000e+00
1938 7.935e-04 -2.261e-04 -3.561e-04 0.000e+00
1939 1.655e-03 -1.002e-04 -1.603e-03 0.000e+00
1940 1.399e-03 2.385e-05 -1.851e-03 0.000e+00
1941 1.048e-03 -1.193e-04 1.214e-03 0.000e+00
1942 1.270e-03 -1.632e-05 -3.715e-04 0.000e+00
1943 -1.228e-03 -5.114e-05 -1.449e-04 0.000e+00
1944 -2.490e-03 4.671e-05 5.171e-05 0.000e+00
1945 1.341e-03 2.697e-04 1.372e-03 0.000e+00
1946 3.491e-05 -6.139e-05 -1.474e-03 0.000e+00
1947 -1.941e-03 2.085e-04 -9.224e-04 0.000e+00
1948 1.777e-05 -1.128e-04 2.466e-04 0.000e+00
1949 -1.730e-03 1.111e-04 6.471e-04 0.000e+00
1950 -5.258e-05 1.421e-04 -1.295e-03 0.000e+00
1951 7.464e-04 -1.525e-04 8.686e-04 0.000e+00
1952 4.298e-04 3.199e-04 1.262e-03 0.000e+00
1953 -1.055e-03 -5.003e-05 -9.115e-04 0.000e+00
1954 -6.287e-05 -2.277e-04 -1.355e-03 0.000e+00
1955 -1.911e-03 1.671e-05 -8.920e-04 0.000e+00
1956 -6.389e-04 1.269e-04 4.123e-05 0.000e+00
1957 -1.826e-04 2.463e-04 3.600e-04 0.000e+00
1958 2.220e-05 2.604e-05 -3.850e-06 0.000e+00
1959 -3.264e-04 4.728e-04 2.151e-03 0.000e+00
1960 1.371e-03 -3.301e-06 -3.871e-04 0.000e+00
1961 1.008e-03 -2.134e-04 1.860e-03 0.000e+00
1962 -8.575e-04 3.536e-04 2.510e-04 0.000e+00
1963 -6.955e-04 -8.084e-05 9.903e-04 0.000e+00
1964 8.416e-04 4.613e-04 -3.485e-04 0.000e+00
1965 -1.277e-03 -2.229e-04 5.622e-04 0.000e+00
1966 -4.386e-04 -8.789e-05 -1.534e-03 0.000e+00
1967 5.906e-04 2.390e-04 -1.524e-03 0.000e+00
1968 9.118e-04 -1.393e-04 -2.688e-03 0.000e+00
1969 -1.238e-03 6.256e-04 4.362e-04 0.000e+00
1970 4.340e-04 -1.125e-04 -2.212e-03 0.000e+00
1971 8.198e-04 -1.357e-04 5.707e-04 0.000e+00
1972 3.183e-04 -1.996e-04 2.681e-03 0.000e+00
1973 -4.390e-04 2.415e-05 -1.027e-03 0.000e+00
1974 3.792e-04 -2.228e-04 -1.883e-03 0.000e+00
1975 7.873e-04 6.357e-05 -1.143e-03 0.000e+00
1976 4.495e-04 -1.423e-04 -1.274e-03 0.000e+00
1977 -1.396e-03 4.527e-04 2.651e-04 0.000e+00
1978 -1.106e-03 -1.676e-04 -1.100e-03 0.000e+00
1979 2.105e-04 1.069e-05 2.074e-03 0.000e+00
1980 6.943e-04 8.022e-04 -6.632e-04 0.000e+00
1981 7.396e-04 5.288e-04 8.033e-05 0.000e+00
1982 2.029e-04 2.826e-04 2.213e-03 0.000e+00
1983 -8.926e-04 6.805e-06 -3.533e-04 0.000e+00
1984 -2.354e-04 -9.381e-05 -8.581e-04 0.000e+00
1985 1.250e-03 2.287e-04 -3.261e-04 0.000e+00
1986 8.599e-04 -4.273e-05 1.044e-03 0.000e+00
1987 1.243e-03 2.630e-04 -1.706e-04 0.000e+00
1988 -1.395e-03 -2.350e-04 1.325e-03 0.000e+00
1989 1.487e-03 3.661e-04 -2.154e-03 0.000e+00
1990 3.446e-04 5.143e-04 -1.397e-03 0.000e+00
1991 5.217e-06 5.499e-04 1.735e-04 0.000e+00
1992 -2.821e-04 -2.339e-04 4.813e-04 0.000e+00
1993 -1.296e-03 -2.254e-04 -8.627e-04 0.000e+00
1994 -5.058e-04 1.235e-04 1.009e-03 0.000e+00
1995 1.004e-03 -8.003e-05 7.492e-04 0.000e+00
1996 4.162e-04 3.108e-04 -1.266e-04 0.000e+00
1997 6.381e-05 3.083e-03 -6.451e-04 0.000e+00
1998 1.045e-03 -1.154e-04 8.340e-04 0.000e+00
1999 1.108e-03 6.128e-04 -1.274e-04 0.000e+00
2000 -2.161e-04 -1.329e-04 -2.365e-04 0.000e+00
2001 -9.994e-04 -1.976e-04 5.249e-04 0.000e+00
2002 -7.421e-05 -4.363e-05 -1.541e-03 0.000e+00
2003 1.162e-03 4.052e-04 -1.303e-03 0.000e+00
2004 1.065e-03 1.753e-03 4.620e-04 0.000e+00
2005 4.915e-04 3.855e-05 -7.390e-04 0.000e+00
2006 9.925e-05 9.982e-04 1.525e-04 0.000e+00
2007 -6.906e-04 -1.993e-05 -3.796e-04 0.000e+00
2008 1.768e-03 -1.587e-04 -3.413e-04 0.000e+00
2009 7.702e-05 2.631e-04 -2.130e-04 0.000e+00
2010 -1.190e-03 -1.955e-04 -1.373e-03 0.000e+00
2011 -4.105e-04 -2.203e-04 1.448e-04 0.000e+00
2012 -1.070e-03 -8.122e-05 -2.080e-03 0.000e+00
2013 2.398e-03 -1.071e-04 -5.638e-04 0.000e+00
2014 1.735e-03 -4.782e-06 8.888e-04 0.000e+00
2015 -1.204e-03 -1.883e-05 4.299e-04 0.000e+00
2016 -2.047e-04 -1.848e-04 -2.982e-04 0.000e+00
2017 -1.161e-03 -1.065e-04 -6.204e-04 0.000e+00
2018 7.240e-04 -9.401e-05 4.030e-04 0.000e+00
2019 1.403e-03 6.073e-05 -9.689e-04 0.000e+00
2020 2.701e-04 -1.637e-04 1.497e-03 0.000e+00
2021 -7.632e-04 9.841e-04 -1.166e-03 0.000e+00
2022 1.710e-03 1.580e-05 1.242e-03 0.000e+00
2023 -1.326e-03 -2.057e-04 3.897e-04 0.000e+00
2024 -1.287e-05 -2.253e-05 -3.153e-03 0.000e+00
2025 -4.225e-04 -1.642e-04 -2.889e-04 0.000e+00
2026 2.086e-03 -1.421e-04 -4.497e-05 0.000e+00
2027 -1.706e-03 -1.665e-04 1.799e-03 0.000e+00
2028 6.112e-04 8.627e-04 -7.188e-04 0.000e+00
2029 9.468e-05 -1.738e-04 -1.225e-03 0.000e+00
2030 -9.949e-04 6.363e-04 1.888e-04 0.000e+00
2031 9.435e-04 1.146e-04 -1.954e-03 0.000e+00
2032 6.794e-04 5.211e-04 6.719e-04 0.000e+00
2033 2.751e-04 1.074e-04 -6.620e-04 0.000e+00
2034 1.476e-04 -1.258e-05 -5.086e-04 0.000e+00
2035 -9.697e-05 -2.021e-04 1.534e-03 0.000e+00
2036 -7.037e-04 8.852e-04 4.032e-04 0.000e+00
2037 -7.581e-04 1.369e-03 3.546e-04 0.000e+00
2038 3.974e-04 -2.050e-04 -4.692e-04 0.000e+00
2039 -8.953e-04 3.354e-05 -2.273e-04 0.000e+00
2040 1.739e-04 -6.164e-05 -1.736e-03 0.000e+00
2041 6.124e-04 7.050e-05 1.115e-03 0.000e+00
2042 6.030e-04 -1.315e-04 -9.486e-04 0.000e+00
2043 -1.572e-04 1.016e-04 -2.573e-04 0.000e+00
2044 4.470e-04 -5.174e-05 -4.348e-04 0.000e+00
2045 2.150e-03 -2.259e-04 -5.238e-04 0.000e+00
2046 3.840e-05 -1.535e-04 1.153e-04 0.000e+00
2047 7.622e-04 -1.189e-04 -7.023e-04 0.000e+00
