Bin I L V PA
0 5.343e-04 5.133e-03 -5.557e-03 4.523e+00
1 1.571e-03 2.451e-04 4.499e-05 0.000e+00
2 4.044e-03 -3.253e-03 3.278e-03 0.000e+00
3 -7.507e-05 3.199e-03 -6.927e-04 0.000e+00
4 3.406e-03 1.327e-03 3.816e-04 0.000e+00
5 -1.756e-03 7.905e-04 1.107e-03 0.000e+00
6 5.335e-03 -3.986e-03 1.866e-03 0.000e+00
7 2.465e-03 -4.373e-03 3.603e-04 0.000e+00
8 1.989e-03 -4.569e-03 -2.679e-03 0.000e+00
9 2.616e-03 -3.923e-04 -3.232e-03 0.000e+00
10 2.935e-03 -1.963e-04 3.137e-03 0.000e+00
11 -1.058e-02 -2.976e-03 -2.156e-03 0.000e+00
12 8.709e-03 -3.233e-03 -4.107e-03 0.000e+00
13 3.192e-03 3.382e-03 -4.181e-03 0.000e+00
14 -3.810e-03 2.926e-03 1.412e-03 0.000e+00
15 1.427e-03 1.589e-03 -2.535e-03 0.000e+00
16 3.326e-03 -3.120e-04 -3.841e-04 0.000e+00
17 3.391e-03 2.369e-03 -1.745e-03 0.000e+00
18 2.791e-03 -4.237e-03 -2.859e-03 0.000e+00
19 4.429e-03 -4.604e-03 -3.035e-03 0.000e+00
20 1.107e-03 -1.200e-03 2.736e-04 0.000e+00
21 -3.985e-03 2.532e-04 3.829e-03 0.000e+00
22 -3.467e-03 3.936e-03 -2.973e-03 0.000e+00
23 1.994e-03 -3.856e-03 -5.234e-04 0.000e+00
24 2.792e-03 -2.245e-03 3.542e-03 0.000e+00
25 -2.985e-03 1.328e-03 -1.769e-03 0.000e+00
26 2.147e-03 3.035e-04 -3.327e-03 0.000e+00
27 -1.737e-04 1.822e-03 4.283e-03 0.000e+00
28 -3.695e-04 1.306e-03 7.334e-04 0.000e+00
29 -1.946e-03 -8.889e-06 6.186e-04 0.000e+00
30 3.569e-03 -3.795e-03 1.775e-03 0.000e+00
31 -2.511e-03 -4.628e-03 1.015e-03 0.000e+00
32 2.978e-04 -4.223e-03 1.634e-03 0.000e+00
33 2.322e-04 5.024e-03 1.371e-03 3.079e+01
34 1.652e-03 2.483e-03 -3.618e-04 0.000e+00
35 -6.947e-04 -3.518e-03 4.641e-03 0.000e+00
36 3.007e-03 -4.149e-03 -3.039e-03 0.000e+00
37 1.225e-03 3.076e-03 -8.068e-04 0.000e+00
38 -8.277e-04 -4.276e-03 1.322e-03 0.000e+00
39 1.382e-03 -2.017e-04 -3.590e-03 0.000e+00
40 1.442e-03 1.152e-03 -3.223e-03 0.000e+00
41 2.991e-03 -3.041e-03 -2.483e-03 0.000e+00
42 -4.365e-03 2.708e-03 -1.957e-03 0.000e+00
43 2.752e-03 1.927e-04 -2.482e-03 0.000e+00
44 4.952e-04 -3.342e-03 2.918e-03 0.000e+00
45 -1.733e-03 3.402e-03 -9.552e-04 0.000e+00
46 1.940e-03 -3.877e-04 2.293e-03 0.000e+00
47 8.258e-04 7.614e-04 -2.146e-03 0.000e+00
48 -4.490e-03 -4.202e-03 -8.906e-04 0.000e+00
49 -6.647e-03 -3.205e-03 2.312e-03 0.000e+00
50 1.239e-04 -6.902e-04 -3.863e-04 0.000e+00
51 -2.833e-03 -3.717e-03 -7.152e-03 0.000e+00
52 3.529e-03 4.633e-03 8.355e-04 0.000e+00
53 -1.469e-03 -4.515e-03 -2.233e-03 0.000e+00
54 -5.337e-03 1.855e-03 5.335e-04 0.000e+00
55 6.518e-05 4.905e-03 -2.029e-03 1.906e+01
56 -2.685e-04 1.274e-03 2.846e-03 0.000e+00
57 1.204e-03 1.471e-03 2.107e-04 0.000e+00
58 5.802e-03 -3.209e-03 -2.407e-03 0.000e+00
59 2.380e-04 -4.399e-04 -4.824e-03 0.000e+00
60 2.205e-03 1.703e-03 6.239e-04 0.000e+00
61 -3.583e-03 4.981e-03 1.277e-03 6.223e+01
62 -3.150e-03 2.936e-03 2.620e-03 0.000e+00
63 -7.127e-04 -3.187e-04 -1.892e-03 0.000e+00
64 3.586e-03 -1.738e-04 5.426e-04 0.000e+00
65 -4.538e-03 3.006e-04 -7.557e-03 0.000e+00
66 2.352e-03 2.792e-03 6.569e-04 0.000e+00
67 2.883e-03 -3.406e-03 -4.322e-03 0.000e+00
68 2.280e-03 2.427e-04 -6.274e-04 0.000e+00
69 -9.285e-04 4.926e-03 -3.003e-03 1.325e+02
70 -8.048e-05 1.670e-03 6.035e-03 0.000e+00
71 -5.992e-03 4.376e-03 -3.515e-03 0.000e+00
72 -3.190e-03 1.234e-03 -1.640e-03 0.000e+00
73 2.720e-04 4.236e-04 -2.794e-04 0.000e+00
74 2.934e-03 2.813e-03 1.409e-03 0.000e+00
75 2.085e-03 7.787e-04 4.316e-03 0.000e+00
76 2.726e-03 1.203e-03 1.568e-04 0.000e+00
77 1.915e-03 -4.256e-03 -1.236e-03 0.000e+00
78 -2.554e-03 -4.082e-03 -1.482e-03 0.000e+00
79 7.072e-03 2.926e-03 1.218e-03 0.000e+00
80 -3.506e-03 -4.458e-03 7.609e-04 0.000e+00
81 3.271e-03 4.500e-03 -9.618e-04 0.000e+00
82 -1.496e-03 2.833e-03 1.478e-03 0.000e+00
83 1.063e-03 -9.627e-04 4.222e-03 0.000e+00
84 -2.353e-03 -3.339e-03 1.644e-03 0.000e+00
85 -1.088e-03 1.592e-03 2.323e-03 0.000e+00
86 2.505e-04 4.869e-03 -5.453e-03 1.280e+01
87 -2.630e-03 -3.805e-03 5.406e-03 0.000e+00
88 -2.765e-03 1.296e-03 3.664e-03 0.000e+00
89 -1.059e-03 -2.682e-03 -3.433e-03 0.000e+00
90 8.168e-04 1.749e-03 -3.150e-04 0.000e+00
91 -2.220e-03 -3.932e-03 -5.212e-03 0.000e+00
92 2.144e-03 -1.852e-03 -3.738e-03 0.000e+00
93 2.483e-03 6.633e-03 8.575e-04 4.730e+01
94 3.839e-03 1.294e-03 2.335e-03 0.000e+00
95 3.539e-03 -4.540e-03 -6.438e-03 0.000e+00
96 -1.615e-03 1.908e-03 -7.587e-04 0.000e+00
97 -2.221e-03 1.778e-03 -1.344e-03 0.000e+00
98 2.167e-04 -4.512e-03 4.061e-05 0.000e+00
99 -1.197e-03 -1.918e-03 -1.140e-03 0.000e+00
100 -5.712e-03 1.369e-03 3.437e-03 0.000e+00
101 -6.392e-05 1.948e-03 -3.448e-03 0.000e+00
102 -4.005e-03 -4.248e-03 -2.939e-03 0.000e+00
103 -5.340e-04 4.222e-03 5.526e-04 0.000e+00
104 -2.502e-03 1.720e-03 3.147e-03 0.000e+00
105 -6.113e-04 6.673e-04 1.473e-03 0.000e+00
106 3.185e-03 4.992e-03 -4.909e-03 -7.896e+00
107 1.520e-03 3.184e-03 3.808e-03 0.000e+00
108 -3.241e-03 8.517e-04 -1.638e-03 0.000e+00
109 2.352e-03 7.266e-04 -1.045e-03 0.000e+00
110 2.844e-03 -8.310e-04 3.812e-03 0.000e+00
111 -3.871e-03 -4.509e-04 -1.599e-03 0.000e+00
112 1.121e-03 3.403e-03 -9.843e-04 0.000e+00
113 -1.188e-04 -3.958e-03 2.250e-03 0.000e+00
114 3.339e-03 6.221e-03 5.057e-04 3.673e+01
115 2.067e-04 2.931e-03 6.319e-04 0.000e+00
116 4.340e-04 -3.727e-03 -1.360e-04 0.000e+00
117 -1.009e-03 -3.684e-03 -1.749e-04 0.000e+00
118 -6.827e-03 1.790e-03 3.252e-03 0.000e+00
119 3.496e-03 3.994e-03 2.406e-03 0.000e+00
120 1.044e-03 1.080e-03 -4.601e-03 0.000e+00
121 -1.386e-03 9.187e-05 -6.851e-03 0.000e+00
122 1.839e-03 -4.497e-03 -3.877e-03 0.000e+00
123 2.313e-04 2.072e-03 7.018e-04 0.000e+00
124 3.997e-03 -3.131e-03 5.051e-04 0.000e+00
125 -2.287e-03 -4.110e-03 1.304e-04 0.000e+00
126 -2.195e-03 3.270e-03 1.913e-03 0.000e+00
127 -1.993e-03 -7.242e-04 -7.803e-04 0.000e+00
128 2.627e-03 -2.960e-03 1.941e-04 0.000e+00
129 -3.123e-03 4.924e-03 -4.545e-04 -3.337e+01
130 3.151e-03 1.197e-03 -1.565e-04 0.000e+00
131 -6.656e-04 -3.474e-03 -4.472e-04 0.000e+00
132 1.342e-03 -2.069e-03 -6.017e-03 0.000e+00
133 2.702e-03 1.780e-03 -8.757e-05 0.000e+00
134 -1.464e-04 -2.870e-03 -7.514e-04 0.000e+00
135 4.280e-04 1.334e-04 2.645e-03 0.000e+00
136 -3.291e-03 -3.942e-03 2.760e-03 0.000e+00
137 1.553e-03 -2.713e-03 1.308e-03 0.000e+00
138 4.830e-04 -4.110e-03 -5.024e-03 0.000e+00
139 -1.709e-03 1.250e-03 1.119e-03 0.000e+00
140 -5.489e-04 -3.111e-03 9.336e-04 0.000e+00
141 -1.038e-03 2.739e-03 -2.474e-04 0.000e+00
142 -2.237e-03 4.626e-04 -2.506e-03 0.000e+00
143 5.608e-03 -2.002e-03 -3.873e-03 0.000e+00
144 -1.171e-03 7.693e-04 -8.687e-04 0.000e+00
145 4.702e-04 1.366e-03 -4.438e-05 0.000e+00
146 4.615e-03 6.194e-03 -4.726e-03 -2.141e+01
147 -3.851e-03 -3.609e-03 1.696e-03 0.000e+00
148 3.908e-03 4.260e-03 -5.951e-05 0.000e+00
149 -1.713e-04 -3.605e-03 1.598e-04 0.000e+00
150 -9.422e-04 1.664e-03 -1.220e-04 0.000e+00
151 -1.026e-04 3.255e-03 5.092e-03 0.000e+00
152 1.496e-03 3.537e-04 -2.483e-03 0.000e+00
153 2.135e-03 2.109e-03 2.558e-05 0.000e+00
154 -3.276e-03 7.384e-04 4.012e-03 0.000e+00
155 3.100e-04 1.808e-03 -2.534e-03 0.000e+00
156 -1.576e-05 -4.010e-03 5.836e-04 0.000e+00
157 -4.856e-04 1.916e-03 2.344e-03 0.000e+00
158 3.265e-03 -2.848e-03 5.892e-04 0.000e+00
159 -2.045e-03 -4.022e-03 9.728e-05 0.000e+00
160 -4.668e-03 1.301e-03 -2.300e-03 0.000e+00
161 2.420e-03 6.292e-03 2.734e-03 2.480e+01
162 -3.499e-03 7.692e-04 -6.347e-05 0.000e+00
163 -2.675e-04 -4.244e-03 1.609e-03 0.000e+00
164 -1.401e-03 3.930e-04 5.646e-03 0.000e+00
165 -8.970e-05 -2.847e-03 2.468e-03 0.000e+00
166 -4.656e-03 3.852e-03 3.201e-03 0.000e+00
167 -5.330e-03 1.805e-03 -3.811e-03 0.000e+00
168 5.915e-03 -7.484e-04 2.832e-03 0.000e+00
169 -3.473e-03 -4.008e-03 -3.958e-03 0.000e+00
170 1.325e-03 -3.474e-03 2.528e-03 0.000e+00
171 -4.492e-03 -2.841e-03 2.670e-03 0.000e+00
172 1.146e-03 1.418e-03 -3.206e-03 0.000e+00
173 -4.268e-04 -2.908e-03 -9.238e-04 0.000e+00
174 -2.071e-03 -1.941e-03 3.009e-03 0.000e+00
175 -6.234e-03 -4.649e-03 -6.106e-03 0.000e+00
176 -1.864e-04 7.085e-04 -1.298e-04 0.000e+00
177 -1.602e-03 -4.009e-03 1.474e-03 0.000e+00
178 4.625e-04 4.827e-03 -2.448e-03 4.138e+01
179 -4.115e-03 2.439e-03 2.295e-03 0.000e+00
180 2.554e-03 1.224e-03 -4.797e-04 0.000e+00
181 -5.215e-03 -4.631e-04 2.493e-03 0.000e+00
182 -3.918e-03 -1.870e-03 -1.151e-04 0.000e+00
183 4.704e-03 -4.006e-03 -5.672e-05 0.000e+00
184 -7.640e-03 -4.068e-03 -3.501e-03 0.000e+00
185 -4.769e-03 2.858e-03 -3.366e-05 0.000e+00
186 -2.321e-03 -3.575e-03 -1.483e-03 0.000e+00
187 -1.356e-03 2.743e-04 -4.141e-03 0.000e+00
188 -4.761e-03 5.448e-03 -1.831e-03 1.266e+02
189 -2.628e-03 2.255e-03 -2.219e-03 0.000e+00
190 1.186e-03 -3.737e-03 5.470e-04 0.000e+00
191 -4.389e-03 -4.521e-03 -1.559e-03 0.000e+00
192 -1.871e-03 -3.484e-03 3.190e-03 0.000e+00
193 -3.979e-03 -3.585e-04 5.111e-03 0.000e+00
194 -2.540e-03 1.084e-03 -3.588e-03 0.000e+00
195 -3.055e-03 3.701e-03 -8.355e-04 0.000e+00
196 4.751e-03 2.952e-04 -1.726e-03 0.000e+00
197 -7.067e-03 3.578e-03 -3.040e-03 0.000e+00
198 -2.119e-03 1.445e-03 1.863e-03 0.000e+00
199 -5.469e-03 -8.098e-04 -1.670e-03 0.000e+00
200 -5.526e-03 -3.041e-03 1.416e-03 0.000e+00
201 -6.508e-03 -3.334e-03 -2.333e-03 0.000e+00
202 -4.393e-03 -3.849e-03 -5.029e-04 0.000e+00
203 -1.745e-03 1.970e-03 4.654e-03 0.000e+00
204 -2.771e-03 -2.275e-03 -4.743e-03 0.000e+00
205 -3.967e-05 2.698e-03 1.602e-03 0.000e+00
206 -3.351e-03 2.364e-03 1.937e-03 0.000e+00
207 1.587e-03 -2.506e-03 -3.041e-03 0.000e+00
208 -3.183e-03 7.704e-04 2.495e-03 0.000e+00
209 -1.934e-04 7.787e-04 -8.374e-04 0.000e+00
210 -6.821e-04 6.452e-03 -2.083e-03 5.342e+01
211 -1.684e-03 6.779e-04 3.077e-03 0.000e+00
212 2.526e-03 -4.600e-03 -2.334e-03 0.000e+00
213 -4.706e-03 2.949e-03 3.724e-04 0.000e+00
214 1.750e-03 -4.319e-03 1.061e-03 0.000e+00
215 -3.542e-03 -4.509e-03 8.862e-04 0.000e+00
216 -3.496e-03 -3.925e-03 -2.121e-03 0.000e+00
217 -9.204e-03 2.596e-03 -1.222e-03 0.000e+00
218 -2.891e-03 -4.462e-03 -1.602e-03 0.000e+00
219 1.340e-03 2.913e-03 6.127e-03 0.000e+00
220 -8.585e-04 -3.172e-03 1.789e-03 0.000e+00
221 1.597e-03 3.981e-03 -3.474e-05 0.000e+00
222 -1.575e-03 5.818e-04 2.339e-03 0.000e+00
223 5.033e-03 3.514e-03 5.495e-03 0.000e+00
224 -4.245e-03 1.060e-03 -2.835e-05 0.000e+00
225 -1.652e-03 -3.767e-03 -4.382e-03 0.000e+00
226 -1.557e-03 2.992e-04 1.005e-02 0.000e+00
227 -1.391e-03 2.201e-03 2.868e-03 0.000e+00
228 1.018e-02 5.715e-03 -4.128e-03 6.842e+01
229 -1.996e-03 -2.966e-03 9.165e-03 0.000e+00
230 2.257e-03 -3.940e-03 4.792e-04 0.000e+00
231 -2.824e-04 -1.229e-03 -3.351e-03 0.000e+00
232 2.247e-03 2.756e-03 -3.513e-03 0.000e+00
233 -1.993e-03 -2.112e-04 6.817e-04 0.000e+00
234 9.257e-04 1.115e-03 1.533e-03 0.000e+00
235 1.114e-03 1.366e-03 -5.507e-03 0.000e+00
236 2.527e-03 -1.288e-03 1.258e-03 0.000e+00
237 -8.912e-04 1.269e-03 -2.207e-03 0.000e+00
238 1.446e-03 7.133e-05 2.555e-04 0.000e+00
239 4.014e-04 -4.583e-03 8.926e-04 0.000e+00
240 -3.724e-03 -3.966e-03 -2.524e-03 0.000e+00
241 7.678e-04 9.278e-04 -2.834e-03 0.000e+00
242 2.614e-03 -4.233e-03 1.403e-03 0.000e+00
243 -3.378e-04 1.693e-03 -3.247e-03 0.000e+00
244 -6.684e-04 2.294e-03 2.131e-03 0.000e+00
245 -6.345e-03 -4.163e-03 -2.112e-04 0.000e+00
246 -8.092e-03 -2.812e-03 -1.214e-03 0.000e+00
247 2.184e-03 -2.462e-03 1.605e-03 0.000e+00
248 -3.610e-03 7.299e-05 -5.257e-03 0.000e+00
249 -2.218e-03 -3.255e-03 2.513e-03 0.000e+00
250 -2.557e-03 -4.338e-03 -2.786e-03 0.000e+00
251 1.396e-03 -2.904e-03 6.889e-04 0.000e+00
252 1.121e-03 -2.559e-03 -4.047e-04 0.000e+00
253 4.242e-04 -8.460e-04 -4.654e-03 0.000e+00
254 -7.910e-03 2.848e-03 -8.021e-04 0.000e+00
255 5.521e-04 -4.019e-03 -4.924e-03 0.000e+00
256 2.182e-03 3.581e-03 -4.412e-04 0.000e+00
257 -2.240e-04 -4.279e-03 -1.098e-03 0.000e+00
258 1.769e-03 1.268e-03 5.623e-03 0.000e+00
259 -1.261e-03 1.346e-03 2.608e-03 0.000e+00
260 3.276e-03 -3.297e-03 -3.180e-03 0.000e+00
261 -9.407e-04 5.665e-03 -4.215e-03 4.473e+01
262 -1.812e-03 -3.012e-03 -1.536e-03 0.000e+00
263 2.998e-03 1.284e-03 -1.769e-03 0.000e+00
264 -3.546e-03 2.112e-04 1.395e-03 0.000e+00
265 4.322e-03 -2.606e-03 2.056e-04 0.000e+00
266 -1.214e-03 -4.042e-03 5.021e-03 0.000e+00
267 2.567e-03 -4.069e-03 -5.161e-03 0.000e+00
268 2.393e-03 -3.859e-03 4.804e-03 0.000e+00
269 -1.703e-03 -3.282e-03 4.989e-03 0.000e+00
270 -4.326e-03 2.372e-03 -9.532e-04 0.000e+00
271 -3.069e-04 -7.450e-04 -1.574e-03 0.000e+00
272 3.382e-03 -2.745e-03 1.943e-03 0.000e+00
273 2.006e-03 -2.683e-03 -4.191e-04 0.000e+00
274 2.446e-03 8.657e-04 -2.362e-03 0.000e+00
275 -4.431e-03 1.343e-03 4.656e-03 0.000e+00
276 6.066e-03 -4.318e-03 1.306e-03 0.000e+00
277 -1.182e-03 3.130e-03 -2.658e-03 0.000e+00
278 -2.128e-03 -3.894e-03 3.358e-03 0.000e+00
279 -4.233e-03 1.200e-03 4.837e-03 0.000e+00
280 1.064e-03 -1.512e-04 -3.374e-03 0.000e+00
281 -1.819e-04 3.928e-03 -2.121e-03 0.000e+00
282 -2.626e-03 1.209e-03 -3.746e-04 0.000e+00
283 -3.013e-03 9.647e-04 2.097e-03 0.000e+00
284 -1.083e-03 4.470e-03 7.951e-04 0.000e+00
285 -1.312e-03 3.347e-03 -3.685e-03 0.000e+00
286 2.175e-04 1.833e-03 -7.577e-03 0.000e+00
287 2.772e-03 3.276e-03 -4.824e-03 0.000e+00
288 1.138e-03 9.850e-04 4.003e-03 0.000e+00
289 -1.448e-03 7.096e-04 2.315e-04 0.000e+00
290 -2.271e-03 -2.754e-03 1.820e-03 0.000e+00
291 -5.057e-03 1.554e-03 1.428e-03 0.000e+00
292 -2.001e-04 -3.067e-03 9.140e-04 0.000e+00
293 8.071e-03 1.885e-03 -2.784e-03 0.000e+00
294 2.987e-03 -3.064e-03 -5.808e-05 0.000e+00
295 4.392e-04 -3.020e-03 -1.535e-03 0.000e+00
296 -1.449e-03 -4.611e-03 -2.173e-03 0.000e+00
297 -3.912e-03 -4.475e-03 -2.545e-03 0.000e+00
298 -1.327e-03 3.011e-03 -1.878e-03 0.000e+00
299 5.060e-04 5.241e-03 -6.330e-04 7.040e+01
300 1.352e-03 -4.145e-03 2.270e-03 0.000e+00
301 -3.973e-04 3.384e-03 -8.440e-04 0.000e+00
302 1.038e-03 -3.076e-03 1.960e-03 0.000e+00
303 -5.019e-03 1.012e-03 2.163e-03 0.000e+00
304 2.595e-03 -3.868e-03 1.979e-03 0.000e+00
305 1.827e-03 -2.567e-03 -1.266e-03 0.000e+00
306 2.152e-04 1.042e-03 2.361e-03 0.000e+00
307 -4.067e-03 -8.002e-04 -1.878e-03 0.000e+00
308 3.680e-04 -3.674e-03 -7.410e-04 0.000e+00
309 -4.161e-04 1.453e-03 -1.051e-03 0.000e+00
310 -5.435e-04 4.508e-03 3.475e-03 0.000e+00
311 2.770e-03 7.334e-04 1.961e-03 0.000e+00
312 -3.469e-04 2.048e-03 3.604e-04 0.000e+00
313 -5.468e-04 -2.706e-03 2.402e-03 0.000e+00
314 2.163e-03 1.860e-03 2.421e-03 0.000e+00
315 -2.456e-03 -1.029e-05 8.923e-04 0.000e+00
316 -3.830e-03 -4.636e-03 -1.010e-03 0.000e+00
317 -1.369e-03 -4.290e-03 4.888e-03 0.000e+00
318 7.395e-05 -3.961e-03 1.176e-03 0.000e+00
319 -5.130e-03 -4.645e-03 -2.714e-05 0.000e+00
320 -7.865e-04 8.442e-04 1.363e-03 0.000e+00
321 -1.805e-03 4.382e-04 2.810e-03 0.000e+00
322 -1.353e-03 3.077e-03 1.296e-03 0.000e+00
323 -4.853e-03 -4.547e-03 -1.566e-04 0.000e+00
324 1.060e-03 2.169e-03 1.930e-03 0.000e+00
325 -4.242e-03 -2.701e-03 3.657e-03 0.000e+00
326 -4.122e-04 3.152e-03 4.504e-03 0.000e+00
327 1.819e-04 -2.518e-04 2.894e-03 0.000e+00
328 -4.455e-04 5.269e-03 -3.067e-03 4.886e+01
329 2.437e-03 -3.980e-04 -6.592e-04 0.000e+00
330 -3.287e-03 -2.956e-03 3.020e-03 0.000e+00
331 -2.256e-03 -4.352e-03 6.913e-03 0.000e+00
332 -1.524e-03 -1.026e-03 3.190e-05 0.000e+00
333 4.157e-03 -4.286e-03 -5.141e-03 0.000e+00
334 2.629e-04 -4.411e-03 -2.031e-03 0.000e+00
335 2.016e-03 2.227e-03 -7.620e-04 0.000e+00
336 -1.203e-03 4.721e-03 1.020e-03 0.000e+00
337 -5.620e-03 3.736e-03 -1.047e-03 0.000e+00
338 -5.019e-03 1.467e-03 7.756e-03 0.000e+00
339 -9.652e-04 -3.078e-03 -5.111e-03 0.000e+00
340 6.373e-03 -3.333e-03 2.927e-03 0.000e+00
341 4.058e-03 4.996e-04 -9.740e-04 0.000e+00
342 2.701e-03 3.673e-03 -4.024e-03 0.000e+00
343 -5.545e-03 -3.849e-03 3.058e-03 0.000e+00
344 -6.484e-04 2.216e-03 1.887e-03 0.000e+00
345 2.045e-03 -3.306e-03 1.613e-03 0.000e+00
346 2.773e-03 1.245e-03 1.437e-03 0.000e+00
347 1.815e-03 3.937e-03 3.218e-03 0.000e+00
348 -4.599e-03 -1.136e-03 -2.138e-04 0.000e+00
349 1.455e-03 -3.137e-03 -6.214e-03 0.000e+00
350 -1.557e-04 -2.539e-03 -3.201e-03 0.000e+00
351 -2.563e-03 2.460e-03 -7.314e-04 0.000e+00
352 1.520e-03 3.528e-04 4.212e-04 0.000e+00
353 -1.365e-03 -3.220e-03 -1.055e-03 0.000e+00
354 -2.764e-03 -1.673e-04 2.850e-03 0.000e+00
355 2.890e-03 -4.081e-03 -1.372e-03 0.000e+00
356 4.475e-03 2.079e-03 4.042e-03 0.000e+00
357 4.371e-03 2.131e-03 -1.143e-03 0.000e+00
358 -9.930e-04 1.685e-04 4.097e-03 0.000e+00
359 9.509e-04 2.777e-03 5.336e-03 0.000e+00
360 -3.522e-03 1.586e-03 2.666e-03 0.000e+00
361 3.532e-04 5.225e-04 -4.048e-03 0.000e+00
362 -2.403e-03 -4.249e-03 2.789e-03 0.000e+00
363 -1.587e-03 1.495e-03 -1.910e-04 0.000e+00
364 -2.384e-04 3.475e-03 8.489e-03 0.000e+00
365 -5.103e-03 9.436e-04 1.172e-03 0.000e+00
366 2.950e-03 -3.012e-03 4.912e-03 0.000e+00
367 -1.010e-03 1.240e-03 -3.307e-03 0.000e+00
368 -3.308e-03 -3.355e-03 1.909e-03 0.000e+00
369 1.733e-03 -8.887e-04 -5.364e-03 0.000e+00
370 4.224e-03 -3.120e-03 1.894e-03 0.000e+00
371 3.502e-03 -4.605e-03 3.635e-03 0.000e+00
372 -3.682e-03 1.176e-04 4.534e-03 0.000e+00
373 -1.417e-03 -3.439e-03 1.210e-03 0.000e+00
374 -4.496e-03 3.122e-03 -3.352e-03 0.000e+00
375 -1.685e-03 6.154e-03 -1.959e-03 8.182e+01
376 -7.192e-04 2.914e-03 5.805e-04 0.000e+00
377 8.933e-04 2.732e-03 -8.262e-03 0.000e+00
378 -8.388e-04 -4.126e-03 2.167e-03 0.000e+00
379 3.906e-04 -4.498e-03 1.260e-03 0.000e+00
380 -2.010e-03 3.036e-03 -3.273e-03 0.000e+00
381 5.097e-03 -1.667e-04 2.069e-03 0.000e+00
382 -2.700e-03 -3.664e-03 -6.238e-05 0.000e+00
383 -1.757e-03 4.192e-03 1.780e-03 0.000e+00
384 2.700e-03 8.665e-04 4.256e-03 0.000e+00
385 3.004e-03 3.748e-03 4.989e-03 0.000e+00
386 -9.992e-04 -2.854e-03 3.966e-03 0.000e+00
387 8.459e-05 5.063e-03 -1.328e-03 6.801e+01
388 -1.814e-03 4.158e-03 -6.443e-04 0.000e+00
389 -1.172e-03 -4.185e-03 -4.189e-03 0.000e+00
390 -4.171e-03 4.137e-03 -2.397e-03 0.000e+00
391 9.509e-04 -3.853e-03 4.827e-04 0.000e+00
392 2.004e-03 -3.771e-03 -1.506e-04 0.000e+00
393 -8.424e-03 4.704e-03 2.105e-03 0.000e+00
394 -1.244e-03 -2.605e-03 -6.208e-04 0.000e+00
395 -6.025e-03 -3.646e-03 8.937e-04 0.000e+00
396 -1.344e-03 1.600e-03 -3.558e-03 0.000e+00
397 4.860e-04 -4.072e-03 -2.929e-03 0.000e+00
398 8.638e-04 9.769e-04 1.013e-03 0.000e+00
399 -3.005e-03 -1.280e-03 3.423e-03 0.000e+00
400 4.899e-03 1.028e-04 2.336e-03 0.000e+00
401 -9.932e-04 1.303e-03 -2.130e-03 0.000e+00
402 -2.509e-03 -4.229e-03 1.774e-03 0.000e+00
403 -5.017e-04 1.611e-03 -3.436e-03 0.000e+00
404 -6.921e-03 2.183e-03 -4.097e-03 0.000e+00
405 7.986e-04 2.729e-03 -3.452e-03 0.000e+00
406 3.202e-03 -1.503e-05 6.625e-04 0.000e+00
407 -4.052e-03 1.088e-03 3.688e-03 0.000e+00
408 2.725e-03 -4.485e-03 -5.624e-05 0.000e+00
409 -3.865e-03 -4.617e-03 1.762e-04 0.000e+00
410 -2.193e-03 1.154e-03 -9.319e-05 0.000e+00
411 -2.710e-03 -4.168e-03 3.815e-03 0.000e+00
412 -1.785e-04 -3.856e-03 8.432e-04 0.000e+00
413 -3.651e-03 2.317e-03 -1.444e-03 0.000e+00
414 -1.085e-03 -4.432e-03 2.525e-03 0.000e+00
415 -4.653e-03 -4.197e-03 -4.308e-03 0.000e+00
416 -2.366e-03 -4.618e-03 -1.928e-03 0.000e+00
417 -2.269e-04 1.239e-03 2.684e-03 0.000e+00
418 -9.084e-04 2.192e-03 -1.309e-03 0.000e+00
419 1.473e-03 4.068e-03 2.904e-03 0.000e+00
420 -3.851e-03 2.362e-03 3.563e-03 0.000e+00
421 -1.112e-03 -9.336e-04 1.442e-03 0.000e+00
422 7.457e-06 -4.620e-03 -2.553e-03 0.000e+00
423 2.282e-03 2.292e-03 3.899e-03 0.000e+00
424 -1.421e-03 2.130e-03 7.021e-04 0.000e+00
425 -3.463e-03 -4.546e-03 -1.027e-03 0.000e+00
426 -9.540e-04 7.776e-05 7.589e-04 0.000e+00
427 1.662e-04 -4.566e-03 2.445e-03 0.000e+00
428 2.712e-03 -2.826e-03 -1.581e-04 0.000e+00
429 -3.273e-03 2.542e-03 -2.354e-03 0.000e+00
430 2.525e-04 6.026e-03 1.850e-03 1.053e+02
431 -7.899e-03 -2.284e-03 2.438e-03 0.000e+00
432 -4.784e-04 -4.561e-03 3.481e-03 0.000e+00
433 -3.330e-04 -2.431e-03 8.594e-04 0.000e+00
434 -3.591e-04 -2.485e-03 6.334e-03 0.000e+00
435 -2.608e-03 3.109e-03 -1.397e-03 0.000e+00
436 2.791e-03 2.263e-03 -4.121e-04 0.000e+00
437 -7.774e-03 2.939e-03 1.038e-03 0.000e+00
438 -2.157e-03 2.252e-04 -1.605e-03 0.000e+00
439 1.908e-03 -4.283e-03 2.060e-03 0.000e+00
440 -1.654e-03 3.323e-03 2.028e-03 0.000e+00
441 -2.809e-03 -6.998e-04 -2.691e-03 0.000e+00
442 -4.140e-03 -4.419e-03 1.489e-03 0.000e+00
443 -2.537e-05 1.099e-04 1.621e-03 0.000e+00
444 -5.848e-04 -3.259e-03 -3.119e-03 0.000e+00
445 9.350e-04 1.024e-03 -1.507e-03 0.000e+00
446 -3.856e-03 -4.447e-03 2.262e-03 0.000e+00
447 -1.926e-03 -3.865e-03 -3.504e-03 0.000e+00
448 -6.319e-03 3.204e-03 -1.395e-03 0.000e+00
449 1.929e-03 1.077e-03 -1.698e-03 0.000e+00
450 -1.572e-03 4.110e-03 3.899e-03 0.000e+00
451 3.552e-04 1.631e-03 -5.265e-03 0.000e+00
452 2.356e-03 1.819e-03 -6.439e-04 0.000e+00
453 -1.041e-03 -5.090e-04 -2.362e-03 0.000e+00
454 1.495e-04 5.647e-03 3.314e-03 1.237e+02
455 1.935e-03 -3.876e-03 5.910e-03 0.000e+00
456 1.704e-03 2.766e-03 3.777e-05 0.000e+00
457 9.564e-04 -4.331e-03 3.035e-03 0.000e+00
458 -4.754e-03 2.678e-03 -1.408e-03 0.000e+00
459 -2.691e-03 3.436e-03 -4.675e-04 0.000e+00
460 -2.253e-03 -4.347e-03 -4.748e-03 0.000e+00
461 -4.874e-03 -3.610e-03 -1.548e-03 0.000e+00
462 4.081e-03 -4.210e-03 3.155e-03 0.000e+00
463 -2.088e-03 3.716e-03 -2.949e-03 0.000e+00
464 2.160e-03 -2.722e-03 3.812e-05 0.000e+00
465 -3.549e-03 -5.193e-04 -2.000e-03 0.000e+00
466 -7.143e-03 -4.166e-03 -8.890e-04 0.000e+00
467 1.845e-03 5.528e-03 2.799e-04 1.047e+02
468 -2.980e-03 3.079e-03 1.019e-03 0.000e+00
469 5.085e-04 -4.257e-03 3.377e-03 0.000e+00
470 9.812e-04 -3.796e-03 6.775e-04 0.000e+00
471 -3.684e-03 -5.230e-05 1.957e-03 0.000e+00
472 -2.191e-03 -1.017e-05 -5.251e-04 0.000e+00
473 -1.670e-03 -4.195e-03 4.075e-03 0.000e+00
474 -1.136e-03 -3.212e-03 1.392e-03 0.000e+00
475 1.601e-03 4.148e-04 1.769e-03 0.000e+00
476 -2.301e-03 2.406e-03 -4.007e-03 0.000e+00
477 -4.901e-03 1.907e-03 7.812e-03 0.000e+00
478 -2.322e-03 2.835e-03 1.913e-03 0.000e+00
479 -2.242e-03 1.347e-03 1.373e-03 0.000e+00
480 -6.741e-04 -4.311e-03 2.505e-03 0.000e+00
481 -2.554e-03 2.329e-03 8.875e-04 0.000e+00
482 1.003e-03 -4.641e-03 -3.062e-03 0.000e+00
483 -4.117e-03 4.568e-03 8.832e-05 0.000e+00
484 -9.137e-05 -4.607e-03 8.280e-04 0.000e+00
485 -1.288e-03 -3.906e-03 2.155e-03 0.000e+00
486 1.769e-03 7.274e-04 -2.379e-03 0.000e+00
487 4.206e-04 3.397e-03 -1.236e-03 0.000e+00
488 3.239e-03 6.480e-04 -5.023e-03 0.000e+00
489 1.228e-03 -3.650e-03 6.202e-03 0.000e+00
490 4.515e-04 -4.295e-03 1.510e-03 0.000e+00
491 -6.892e-05 -4.538e-03 -8.778e-04 0.000e+00
492 -1.075e-03 -4.364e-03 -1.932e-04 0.000e+00
493 -3.650e-03 1.922e-03 8.535e-04 0.000e+00
494 -1.212e-03 -4.200e-03 -4.561e-03 0.000e+00
495 -6.440e-04 3.204e-03 4.984e-04 0.000e+00
496 -1.221e-03 -4.371e-03 -1.302e-03 0.000e+00
497 -4.841e-03 -4.201e-03 2.157e-03 0.000e+00
498 2.431e-03 -4.567e-03 4.587e-03 0.000e+00
499 -5.952e-04 1.196e-03 -2.346e-06 0.000e+00
500 4.634e-03 5.797e-03 1.163e-03 1.017e+02
501 -3.286e-03 4.157e-03 1.427e-03 0.000e+00
502 2.444e-03 -3.908e-03 2.444e-03 0.000e+00
503 1.943e-03 -4.436e-03 -2.814e-04 0.000e+00
504 -4.189e-03 -4.264e-03 -1.186e-03 0.000e+00
505 -3.214e-03 -2.954e-03 2.712e-03 0.000e+00
506 -2.977e-04 1.114e-03 -1.662e-03 0.000e+00
507 1.926e-03 3.490e-03 2.887e-03 0.000e+00
508 -1.583e-03 5.935e-03 3.672e-03 -8.451e+00
509 -4.437e-04 8.616e-04 1.628e-03 0.000e+00
510 1.055e-03 -4.280e-03 3.551e-03 0.000e+00
511 -5.602e-04 -4.220e-03 -4.953e-04 0.000e+00
512 1.087e-03 3.039e-03 -2.584e-03 0.000e+00
513 -1.286e-03 -4.341e-03 1.049e-03 0.000e+00
514 9.029e-04 -1.039e-03 -2.228e-03 0.000e+00
515 -1.548e-03 1.848e-03 1.544e-03 0.000e+00
516 -3.446e-03 -2.883e-03 -2.072e-03 0.000e+00
517 -4.611e-03 9.026e-04 -1.630e-03 0.000e+00
518 -2.427e-04 -3.879e-03 1.265e-03 0.000e+00
519 -3.884e-03 -1.028e-03 -4.510e-03 0.000e+00
520 3.807e-04 2.867e-03 3.755e-04 0.000e+00
521 1.086e-04 -3.581e-03 -5.361e-04 0.000e+00
522 3.491e-03 -3.856e-03 -2.592e-03 0.000e+00
523 -5.956e-04 -1.431e-03 -4.939e-03 0.000e+00
524 -3.988e-04 -3.565e-03 -2.160e-04 0.000e+00
525 8.016e-04 1.844e-03 1.424e-03 0.000e+00
526 -5.154e-04 2.722e-03 -8.934e-04 0.000e+00
527 -2.697e-03 -3.352e-03 -1.747e-03 0.000e+00
528 -3.453e-03 -3.500e-04 5.687e-04 0.000e+00
529 -4.300e-03 -4.137e-03 3.082e-03 0.000e+00
530 2.291e-03 -3.640e-03 1.020e-03 0.000e+00
531 4.386e-04 3.433e-03 3.664e-03 0.000e+00
532 -1.392e-03 -2.617e-05 -2.351e-03 0.000e+00
533 -1.412e-03 3.440e-03 1.892e-03 0.000e+00
534 -1.289e-03 4.410e-03 -3.395e-04 0.000e+00
535 -6.520e-04 4.639e-03 3.839e-04 0.000e+00
536 -8.189e-04 3.887e-03 -3.362e-03 0.000e+00
537 3.000e-04 4.459e-04 -3.076e-03 0.000e+00
538 5.386e-03 9.905e-04 2.400e-03 0.000e+00
539 8.919e-04 -4.072e-03 -2.510e-03 0.000e+00
540 4.865e-03 -2.005e-03 3.146e-03 0.000e+00
541 -4.266e-03 -3.020e-03 4.101e-03 0.000e+00
542 1.721e-03 -4.210e-03 3.234e-03 0.000e+00
543 1.859e-03 2.543e-04 1.679e-03 0.000e+00
544 -8.360e-04 -4.441e-04 2.690e-03 0.000e+00
545 -4.279e-03 -4.327e-03 3.020e-03 0.000e+00
546 -2.741e-03 -6.980e-04 -1.916e-03 0.000e+00
547 7.247e-03 1.669e-03 4.267e-03 0.000e+00
548 1.897e-03 1.634e-03 -7.571e-04 0.000e+00
549 -1.832e-03 -4.447e-03 -3.378e-03 0.000e+00
550 -2.549e-03 4.444e-03 -1.608e-03 0.000e+00
551 1.397e-03 3.701e-03 5.084e-03 0.000e+00
552 1.866e-03 4.863e-03 3.568e-03 -8.428e+00
553 9.398e-04 8.551e-04 -1.514e-03 0.000e+00
554 -2.069e-03 2.560e-03 2.720e-03 0.000e+00
555 4.467e-03 5.223e-04 2.279e-04 0.000e+00
556 -5.858e-04 -8.996e-04 -1.021e-03 0.000e+00
557 5.303e-04 3.655e-04 -2.500e-03 0.000e+00
558 2.132e-04 3.803e-03 2.590e-03 0.000e+00
559 -2.767e-04 1.718e-03 3.033e-03 0.000e+00
560 -1.124e-03 -3.199e-03 1.546e-03 0.000e+00
561 1.688e-03 -4.521e-03 3.265e-03 0.000e+00
562 6.015e-04 -2.275e-03 -4.875e-03 0.000e+00
563 -8.768e-04 2.843e-03 -2.050e-03 0.000e+00
564 -7.876e-04 7.685e-04 8.755e-04 0.000e+00
565 -2.974e-04 1.792e-03 -5.487e-04 0.000e+00
566 -3.895e-03 -4.164e-03 -1.240e-03 0.000e+00
567 -1.308e-03 1.096e-03 1.334e-04 0.000e+00
568 6.911e-04 -4.229e-03 1.575e-03 0.000e+00
569 -4.157e-03 -3.907e-03 1.581e-03 0.000e+00
570 -1.290e-03 -3.962e-03 1.253e-03 0.000e+00
571 -1.311e-03 2.887e-04 -4.487e-03 0.000e+00
572 3.854e-03 -4.138e-03 9.011e-04 0.000e+00
573 7.043e-04 1.835e-03 -6.048e-03 0.000e+00
574 -5.028e-04 1.849e-03 3.930e-04 0.000e+00
575 7.175e-04 -3.996e-03 -9.923e-04 0.000e+00
576 -1.193e-03 -1.161e-03 -1.759e-03 0.000e+00
577 6.751e-04 -4.571e-03 -7.212e-03 0.000e+00
578 -2.247e-03 2.546e-03 6.721e-03 0.000e+00
579 3.087e-03 -8.111e-04 -5.652e-03 0.000e+00
580 -6.655e-04 3.019e-03 -1.973e-04 0.000e+00
581 5.785e-04 4.583e-04 5.515e-03 0.000e+00
582 2.569e-03 4.079e-03 4.082e-04 0.000e+00
583 1.080e-03 4.582e-03 5.774e-03 0.000e+00
584 -1.741e-03 4.171e-03 -4.025e-03 0.000e+00
585 6.276e-03 5.520e-03 1.366e-03 9.791e+01
586 6.487e-03 -2.513e-04 -8.910e-04 0.000e+00
587 -1.084e-03 -3.074e-03 2.716e-03 0.000e+00
588 1.274e-03 -3.959e-03 -1.142e-03 0.000e+00
589 -8.181e-04 -4.356e-03 -2.860e-03 0.000e+00
590 5.779e-03 2.169e-03 -1.676e-03 0.000e+00
591 4.352e-03 2.409e-03 -2.514e-03 0.000e+00
592 2.846e-03 -4.287e-03 -4.901e-03 0.000e+00
593 -8.827e-04 7.425e-04 -1.468e-03 0.000e+00
594 -1.061e-05 -4.133e-03 2.634e-03 0.000e+00
595 3.635e-04 -2.468e-03 -1.698e-04 0.000e+00
596 4.664e-04 4.831e-03 5.303e-03 5.366e+00
597 3.725e-03 -3.561e-03 3.893e-03 0.000e+00
598 1.655e-03 2.066e-03 -1.382e-04 0.000e+00
599 -2.061e-03 3.052e-04 -5.767e-03 0.000e+00
600 3.997e-04 3.390e-03 -5.411e-04 0.000e+00
601 4.620e-03 2.300e-03 3.236e-03 0.000e+00
602 4.727e-03 -4.321e-03 1.132e-04 0.000e+00
603 -2.100e-03 2.002e-03 1.507e-03 0.000e+00
604 -2.119e-03 -3.266e-03 -2.616e-03 0.000e+00
605 3.573e-03 2.170e-03 2.989e-04 0.000e+00
606 -9.817e-04 2.818e-03 -4.845e-04 0.000e+00
607 2.301e-03 -4.506e-03 -1.832e-03 0.000e+00
608 1.827e-03 -5.631e-04 2.113e-04 0.000e+00
609 5.513e-03 1.617e-03 -3.062e-03 0.000e+00
610 -2.294e-03 -4.422e-03 -3.203e-03 0.000e+00
611 -3.142e-03 -2.104e-03 -3.281e-03 0.000e+00
612 1.236e-03 2.945e-03 -4.682e-03 0.000e+00
613 1.691e-03 1.430e-03 3.692e-03 0.000e+00
614 -9.749e-05 -3.781e-03 3.774e-03 0.000e+00
615 5.295e-03 2.503e-03 4.722e-03 0.000e+00
616 -2.674e-03 -3.445e-03 -1.580e-03 0.000e+00
617 -4.522e-04 -3.603e-03 -3.934e-04 0.000e+00
618 5.392e-03 -4.579e-03 -4.037e-03 0.000e+00
619 3.462e-03 -4.636e-03 -1.779e-04 0.000e+00
620 7.253e-03 8.115e-03 -2.621e-03 -2.597e+01
621 8.929e-04 2.772e-03 1.733e-03 0.000e+00
622 3.733e-03 1.878e-03 -1.448e-03 0.000e+00
623 3.073e-03 5.987e-03 -7.923e-04 1.053e+02
624 -5.553e-04 -4.005e-03 -3.039e-03 0.000e+00
625 1.848e-03 1.412e-03 -3.304e-03 0.000e+00
626 -6.874e-04 -3.603e-03 5.741e-04 0.000e+00
627 -1.672e-03 1.882e-03 -3.937e-04 0.000e+00
628 2.062e-03 1.813e-03 1.792e-03 0.000e+00
629 4.368e-03 -4.651e-03 -5.497e-04 0.000e+00
630 1.831e-03 -3.845e-03 1.575e-03 0.000e+00
631 6.725e-03 -3.913e-03 -1.147e-03 0.000e+00
632 -9.260e-04 1.344e-03 4.537e-04 0.000e+00
633 3.191e-03 -4.040e-03 -1.148e-03 0.000e+00
634 1.259e-03 2.532e-03 -2.371e-03 0.000e+00
635 -9.356e-04 2.585e-03 4.065e-05 0.000e+00
636 -1.770e-03 -3.807e-03 -3.664e-03 0.000e+00
637 1.815e-03 -4.114e-03 1.972e-03 0.000e+00
638 6.579e-03 2.061e-03 2.333e-03 0.000e+00
639 3.981e-03 -4.509e-03 2.470e-03 0.000e+00
640 -3.357e-03 -3.697e-03 -8.349e-04 0.000e+00
641 2.633e-03 2.390e-03 3.385e-03 0.000e+00
642 5.282e-03 -4.438e-03 4.903e-04 0.000e+00
643 2.330e-03 1.551e-03 1.357e-03 0.000e+00
644 2.371e-03 3.192e-03 3.242e-03 0.000e+00
645 1.181e-04 -3.064e-03 1.593e-03 0.000e+00
646 3.252e-03 -3.818e-03 -9.140e-04 0.000e+00
647 3.454e-03 -2.618e-05 5.892e-04 0.000e+00
648 1.133e-04 6.005e-04 -4.302e-03 0.000e+00
649 4.082e-03 -4.591e-03 -3.583e-03 0.000e+00
650 3.922e-03 1.313e-03 -4.865e-03 0.000e+00
651 5.577e-04 1.835e-03 2.292e-04 0.000e+00
652 1.343e-03 -3.333e-03 -2.333e-03 0.000e+00
653 1.290e-03 -3.363e-03 6.493e-03 0.000e+00
654 1.079e-03 3.550e-03 -1.893e-03 0.000e+00
655 4.569e-03 -1.401e-04 -2.574e-03 0.000e+00
656 6.306e-03 -4.490e-03 6.648e-03 0.000e+00
657 3.027e-03 -3.157e-03 -1.975e-03 0.000e+00
658 3.582e-03 6.250e-03 7.759e-04 2.611e+00
659 4.788e-03 1.555e-03 4.970e-03 0.000e+00
660 7.098e-04 -3.535e-03 5.554e-03 0.000e+00
661 3.370e-03 -1.177e-03 2.194e-03 0.000e+00
662 -6.060e-05 -3.615e-03 2.122e-03 0.000e+00
663 4.118e-03 -5.756e-04 1.372e-03 0.000e+00
664 3.481e-03 9.267e-04 2.303e-03 0.000e+00
665 1.321e-03 5.739e-03 3.233e-03 5.240e+01
666 1.244e-03 -3.254e-03 -5.074e-03 0.000e+00
667 -2.258e-03 5.962e-03 1.621e-03 -2.321e+01
668 2.768e-03 1.883e-03 1.940e-03 0.000e+00
669 1.244e-03 -3.950e-03 -9.260e-04 0.000e+00
670 5.277e-03 -6.158e-04 -1.689e-03 0.000e+00
671 2.885e-04 1.209e-03 7.670e-04 0.000e+00
672 -2.976e-03 6.204e-04 -6.289e-04 0.000e+00
673 5.989e-03 -3.871e-03 -7.030e-04 0.000e+00
674 5.734e-04 -3.848e-03 3.599e-03 0.000e+00
675 6.170e-03 -2.934e-04 1.774e-03 0.000e+00
676 1.168e-03 1.261e-03 -3.101e-03 0.000e+00
677 2.895e-03 -1.829e-03 -1.706e-03 0.000e+00
678 -6.758e-04 3.056e-03 2.017e-03 0.000e+00
679 -6.726e-04 2.508e-03 4.383e-03 0.000e+00
680 3.960e-03 2.797e-03 -9.297e-04 0.000e+00
681 1.382e-03 -4.233e-03 -3.108e-03 0.000e+00
682 1.980e-03 5.390e-03 4.168e-03 -8.824e+00
683 2.202e-04 2.535e-03 -1.008e-03 0.000e+00
684 8.560e-03 3.375e-03 4.615e-03 0.000e+00
685 3.976e-04 2.645e-03 5.951e-04 0.000e+00
686 2.504e-03 2.590e-03 3.685e-03 0.000e+00
687 2.329e-03 9.253e-04 -9.101e-05 0.000e+00
688 2.420e-03 1.438e-03 -1.604e-03 0.000e+00
689 -7.585e-04 -4.383e-03 3.754e-03 0.000e+00
690 4.114e-03 -4.624e-03 -4.066e-04 0.000e+00
691 3.056e-03 4.533e-03 6.639e-03 0.000e+00
692 8.624e-04 1.125e-03 4.202e-03 0.000e+00
693 1.057e-03 -9.164e-04 8.873e-04 0.000e+00
694 1.526e-03 -4.026e-03 2.103e-04 0.000e+00
695 7.985e-03 -2.286e-03 -1.500e-03 0.000e+00
696 -8.314e-04 -4.416e-03 6.334e-03 0.000e+00
697 -1.999e-03 5.752e-04 2.770e-03 0.000e+00
698 1.415e-03 -3.156e-03 -2.170e-03 0.000e+00
699 7.629e-03 -2.462e-03 -2.070e-03 0.000e+00
700 -8.251e-04 -3.692e-03 4.986e-03 0.000e+00
701 4.133e-03 9.759e-04 2.863e-03 0.000e+00
702 2.290e-04 -3.699e-03 6.111e-04 0.000e+00
703 -1.373e-03 -4.850e-04 -4.587e-03 0.000e+00
704 3.592e-03 -4.354e-03 1.686e-03 0.000e+00
705 2.950e-03 1.032e-03 -4.077e-04 0.000e+00
706 1.969e-04 -3.645e-03 4.342e-03 0.000e+00
707 2.771e-03 2.312e-03 -1.544e-03 0.000e+00
708 -6.765e-04 -2.712e-03 -3.773e-04 0.000e+00
709 -2.550e-03 2.292e-04 3.997e-03 0.000e+00
710 5.070e-03 2.839e-03 2.937e-03 0.000e+00
711 -3.484e-04 8.316e-04 -1.739e-03 0.000e+00
712 4.230e-03 -4.099e-03 2.843e-03 0.000e+00
713 2.438e-03 -1.344e-03 2.037e-03 0.000e+00
714 2.566e-03 2.209e-03 2.034e-03 0.000e+00
715 -1.144e-03 9.250e-05 2.898e-03 0.000e+00
716 -2.550e-04 2.668e-03 -1.421e-03 0.000e+00
717 -3.546e-03 2.447e-03 2.812e-03 0.000e+00
718 3.516e-03 2.354e-03 1.371e-03 0.000e+00
719 1.085e-03 6.761e-04 -9.923e-04 0.000e+00
720 9.443e-04 4.424e-03 -3.780e-03 0.000e+00
721 -2.468e-03 3.903e-03 7.796e-04 0.000e+00
722 4.174e-03 3.665e-04 4.703e-03 0.000e+00
723 -1.819e-04 1.112e-03 -4.744e-03 0.000e+00
724 2.585e-03 -3.061e-03 5.923e-03 0.000e+00
725 2.928e-03 -3.877e-03 5.034e-04 0.000e+00
726 3.599e-03 1.330e-03 2.687e-03 0.000e+00
727 -4.624e-04 -2.826e-03 1.187e-03 0.000e+00
728 5.659e-03 -2.710e-03 -1.528e-04 0.000e+00
729 1.502e-03 -4.105e-03 -2.468e-04 0.000e+00
730 3.420e-04 2.655e-03 -3.945e-03 0.000e+00
731 -9.914e-04 1.069e-03 5.970e-04 0.000e+00
732 -2.622e-03 1.288e-03 5.297e-03 0.000e+00
733 -3.624e-03 -3.649e-03 2.308e-03 0.000e+00
734 2.943e-03 -2.439e-03 4.352e-04 0.000e+00
735 2.431e-03 2.005e-04 4.513e-03 0.000e+00
736 2.740e-03 -3.091e-04 3.749e-03 0.000e+00
737 -1.347e-03 1.968e-03 -2.304e-03 0.000e+00
738 -2.118e-03 -3.945e-03 9.466e-04 0.000e+00
739 2.655e-03 -2.561e-03 8.153e-04 0.000e+00
740 -5.216e-03 -3.655e-03 1.659e-03 0.000e+00
741 -1.006e-03 -2.473e-03 3.724e-04 0.000e+00
742 3.305e-03 2.192e-03 -3.642e-03 0.000e+00
743 8.942e-04 3.865e-03 2.078e-03 0.000e+00
744 5.322e-03 -4.511e-03 7.756e-05 0.000e+00
745 2.461e-04 1.793e-03 5.011e-03 0.000e+00
746 6.228e-04 2.824e-04 -3.387e-03 0.000e+00
747 -1.341e-03 2.597e-03 3.615e-03 0.000e+00
748 3.987e-03 1.407e-03 -2.024e-03 0.000e+00
749 9.917e-05 -3.799e-03 3.762e-03 0.000e+00
750 3.836e-03 1.111e-03 -1.431e-03 0.000e+00
751 3.548e-03 2.407e-03 -8.396e-04 0.000e+00
752 1.193e-02 -4.131e-03 -6.955e-03 0.000e+00
753 3.479e-03 2.492e-03 1.967e-03 0.000e+00
754 4.252e-03 -2.976e-03 4.776e-03 0.000e+00
755 9.367e-04 3.765e-03 3.862e-03 0.000e+00
756 -4.213e-04 1.201e-03 6.454e-03 0.000e+00
757 5.587e-06 1.209e-03 -4.675e-04 0.000e+00
758 -4.739e-04 -4.272e-03 -1.304e-03 0.000e+00
759 -1.752e-03 -4.241e-03 1.844e-03 0.000e+00
760 4.473e-03 2.777e-03 -4.298e-03 0.000e+00
761 4.487e-03 -2.493e-04 1.392e-03 0.000e+00
762 8.771e-04 -4.544e-03 -3.922e-04 0.000e+00
763 1.965e-03 -4.205e-03 -2.730e-03 0.000e+00
764 3.286e-03 3.779e-03 -3.699e-03 0.000e+00
765 -2.424e-03 -6.259e-04 1.437e-03 0.000e+00
766 2.882e-03 -4.109e-03 -1.831e-03 0.000e+00
767 6.218e-04 -3.330e-03 5.364e-03 0.000e+00
768 5.822e-03 -4.402e-03 -3.288e-04 0.000e+00
769 -2.913e-03 -4.640e-03 3.130e-03 0.000e+00
770 7.031e-04 1.750e-04 -2.366e-03 0.000e+00
771 2.425e-04 2.159e-03 1.812e-03 0.000e+00
772 2.824e-03 3.469e-03 -2.364e-03 0.000e+00
773 -2.805e-03 -3.104e-03 -6.935e-03 0.000e+00
774 7.229e-04 4.801e-03 3.065e-04 -6.587e+00
775 4.432e-03 8.052e-05 -7.889e-04 0.000e+00
776 2.258e-03 1.843e-03 9.794e-04 0.000e+00
777 -3.345e-04 -4.143e-03 -1.185e-03 0.000e+00
778 -6.630e-03 -4.269e-03 -6.081e-03 0.000e+00
779 4.234e-03 2.390e-03 5.612e-04 0.000e+00
780 3.351e-03 -2.670e-03 1.604e-03 0.000e+00
781 3.703e-03 2.139e-03 1.232e-03 0.000e+00
782 1.520e-03 -5.803e-04 4.894e-03 0.000e+00
783 -2.198e-03 2.544e-04 9.127e-04 0.000e+00
784 3.980e-03 6.560e-03 2.322e-03 -3.076e+01
785 3.924e-03 2.695e-03 2.572e-03 0.000e+00
786 1.623e-03 4.037e-03 3.678e-03 0.000e+00
787 -6.325e-04 2.202e-03 3.328e-03 0.000e+00
788 1.600e-04 -4.331e-03 -3.042e-04 0.000e+00
789 -2.452e-03 2.660e-03 1.989e-03 0.000e+00
790 1.037e-03 4.517e-03 3.740e-03 0.000e+00
791 -1.867e-03 -4.271e-03 3.064e-04 0.000e+00
792 2.248e-03 2.463e-03 -1.064e-03 0.000e+00
793 7.310e-04 4.078e-03 -1.758e-03 0.000e+00
794 4.386e-03 1.930e-03 3.167e-03 0.000e+00
795 -2.907e-03 3.490e-03 6.434e-03 0.000e+00
796 3.792e-03 -1.341e-04 -4.845e-03 0.000e+00
797 -1.220e-03 9.190e-03 4.694e-04 4.311e+01
798 -1.162e-03 -4.120e-03 3.724e-03 0.000e+00
799 -1.461e-03 -4.390e-03 3.645e-03 0.000e+00
800 -2.818e-03 5.751e-03 5.010e-03 -4.318e+01
801 -1.156e-03 -4.644e-03 2.997e-03 0.000e+00
802 -1.440e-03 2.016e-03 3.492e-03 0.000e+00
803 1.782e-03 1.790e-03 4.782e-03 0.000e+00
804 -2.370e-03 -4.444e-03 1.308e-04 0.000e+00
805 -4.078e-03 1.512e-03 -1.003e-03 0.000e+00
806 -3.064e-03 -3.972e-04 -2.753e-03 0.000e+00
807 -1.532e-03 -3.718e-03 -2.503e-03 0.000e+00
808 -1.255e-03 2.185e-03 2.187e-03 0.000e+00
809 -6.059e-03 -2.825e-03 -8.863e-04 0.000e+00
810 3.248e-04 -3.807e-03 2.379e-03 0.000e+00
811 -2.466e-03 2.619e-03 4.797e-04 0.000e+00
812 -7.649e-04 3.437e-04 2.104e-03 0.000e+00
813 2.404e-04 1.790e-03 4.895e-03 0.000e+00
814 3.882e-03 1.193e-03 -3.120e-03 0.000e+00
815 -2.611e-03 3.522e-03 -2.566e-03 0.000e+00
816 1.047e-03 -3.632e-03 -9.527e-04 0.000e+00
817 -2.628e-03 3.254e-03 -2.795e-03 0.000e+00
818 -1.065e-03 -3.932e-03 5.885e-03 0.000e+00
819 4.484e-03 -4.107e-03 -2.518e-03 0.000e+00
820 4.212e-03 -3.976e-03 5.268e-03 0.000e+00
821 2.649e-03 -9.783e-04 5.067e-04 0.000e+00
822 -5.542e-03 5.270e-03 -8.100e-04 3.211e+00
823 -1.150e-04 4.017e-03 2.268e-03 0.000e+00
824 3.193e-03 5.294e-03 -4.378e-04 6.009e+01
825 -4.055e-03 -4.095e-03 2.632e-03 0.000e+00
826 4.638e-03 -3.465e-03 -8.847e-04 0.000e+00
827 -4.892e-03 2.284e-03 -6.000e-04 0.000e+00
828 -3.048e-03 2.381e-03 2.273e-03 0.000e+00
829 -1.697e-04 -5.491e-04 -1.022e-03 0.000e+00
830 -2.517e-03 -4.228e-03 -1.461e-04 0.000e+00
831 -7.340e-04 5.998e-03 -1.882e-05 1.051e+02
832 -1.532e-03 3.075e-03 2.790e-03 0.000e+00
833 -4.243e-03 -2.768e-03 5.647e-04 0.000e+00
834 -8.938e-04 2.366e-03 -2.524e-03 0.000e+00
835 -1.786e-03 4.192e-03 -3.167e-03 0.000e+00
836 5.404e-04 -2.902e-03 -1.510e-03 0.000e+00
837 -5.489e-03 -3.410e-03 -3.877e-03 0.000e+00
838 1.239e-03 -6.602e-04 -1.362e-04 0.000e+00
839 -5.655e-03 1.747e-03 4.749e-03 0.000e+00
840 2.353e-03 -3.149e-03 6.140e-04 0.000e+00
841 -2.971e-04 8.623e-04 -4.354e-04 0.000e+00
842 4.452e-04 5.912e-04 -2.860e-03 0.000e+00
843 -2.252e-03 -4.411e-03 -2.724e-03 0.000e+00
844 -2.192e-03 3.078e-03 -2.661e-03 0.000e+00
845 5.723e-04 -4.249e-03 -4.667e-03 0.000e+00
846 -5.276e-03 -4.233e-03 3.839e-04 0.000e+00
847 -3.956e-04 -4.520e-03 -4.992e-04 0.000e+00
848 5.385e-04 -3.859e-03 3.419e-03 0.000e+00
849 1.283e-03 9.656e-04 2.329e-03 0.000e+00
850 2.004e-03 -2.441e-03 -3.184e-03 0.000e+00
851 2.618e-03 3.907e-03 1.866e-03 0.000e+00
852 2.617e-03 -4.354e-03 4.333e-04 0.000e+00
853 -3.323e-03 -4.341e-03 -6.949e-03 0.000e+00
854 -2.505e-03 1.672e-03 7.804e-04 0.000e+00
855 4.678e-03 2.222e-04 -1.654e-03 0.000e+00
856 2.883e-03 -9.493e-04 -2.986e-04 0.000e+00
857 3.357e-03 2.502e-03 1.512e-03 0.000e+00
858 -6.765e-03 -3.859e-03 -2.395e-03 0.000e+00
859 -3.521e-03 2.226e-03 -8.481e-04 0.000e+00
860 1.206e-03 -8.251e-04 -4.465e-03 0.000e+00
861 -2.378e-03 3.250e-03 4.015e-03 0.000e+00
862 -4.959e-03 3.488e-03 3.916e-04 0.000e+00
863 -2.237e-03 -4.596e-03 3.042e-03 0.000e+00
864 1.480e-03 1.102e-03 5.924e-04 0.000e+00
865 4.045e-03 4.427e-04 -3.478e-04 0.000e+00
866 8.415e-04 2.677e-03 4.667e-03 0.000e+00
867 2.472e-04 3.288e-03 -2.283e-03 0.000e+00
868 -3.295e-04 4.621e-03 2.484e-03 0.000e+00
869 4.801e-04 -3.884e-03 2.205e-03 0.000e+00
870 3.000e-03 9.173e-04 -7.077e-05 0.000e+00
871 -5.495e-03 7.119e-04 3.199e-03 0.000e+00
872 -1.421e-03 -1.241e-03 1.693e-03 0.000e+00
873 -1.108e-03 4.488e-03 1.797e-03 0.000e+00
874 -1.931e-03 -1.460e-03 -4.310e-03 0.000e+00
875 -1.834e-03 -2.823e-03 1.604e-04 0.000e+00
876 -8.795e-04 -3.523e-04 2.859e-03 0.000e+00
877 -1.051e-03 9.076e-04 4.596e-03 0.000e+00
878 -4.015e-03 1.665e-03 -1.289e-03 0.000e+00
879 -1.939e-03 3.130e-03 -4.591e-03 0.000e+00
880 -2.816e-03 2.193e-03 2.300e-03 0.000e+00
881 5.995e-03 2.023e-03 2.569e-03 0.000e+00
882 -4.613e-03 1.946e-03 -2.188e-03 0.000e+00
883 -6.247e-04 4.899e-03 2.667e-05 1.235e+02
884 5.626e-04 2.697e-03 5.971e-05 0.000e+00
885 -9.927e-04 -4.433e-03 -1.069e-03 0.000e+00
886 -7.695e-05 2.783e-03 -2.392e-03 0.000e+00
887 1.114e-03 2.588e-03 6.367e-04 0.000e+00
888 -1.713e-03 1.889e-03 -2.746e-03 0.000e+00
889 -1.252e-03 -2.698e-03 -1.032e-03 0.000e+00
890 2.526e-03 6.937e-03 -2.122e-03 8.655e+01
891 6.100e-04 -4.095e-03 -2.251e-03 0.000e+00
892 -8.058e-04 6.555e-04 3.495e-03 0.000e+00
893 7.197e-05 4.424e-03 4.402e-03 0.000e+00
894 -1.714e-03 -3.579e-03 7.558e-04 0.000e+00
895 6.121e-03 -4.390e-03 -5.322e-03 0.000e+00
896 4.921e-04 3.346e-03 -2.531e-03 0.000e+00
897 4.755e-03 -3.371e-03 -1.146e-03 0.000e+00
898 -1.661e-03 2.397e-04 -6.971e-04 0.000e+00
899 -2.311e-03 1.594e-03 2.315e-03 0.000e+00
900 -4.352e-03 -4.330e-03 8.024e-04 0.000e+00
901 -2.711e-03 -4.272e-03 -1.334e-03 0.000e+00
902 -4.672e-03 -3.741e-03 1.687e-03 0.000e+00
903 9.532e-04 -4.102e-03 1.322e-03 0.000e+00
904 2.715e-03 -3.405e-03 6.340e-05 0.000e+00
905 3.086e-04 6.307e-04 2.325e-03 0.000e+00
906 -1.252e-03 8.600e-04 -4.633e-04 0.000e+00
907 -2.047e-03 9.876e-04 5.129e-04 0.000e+00
908 -2.837e-03 -3.345e-03 -7.614e-04 0.000e+00
909 -3.349e-03 -7.670e-04 -6.506e-03 0.000e+00
910 -3.008e-03 -1.728e-04 3.532e-03 0.000e+00
911 -5.952e-03 4.283e-03 2.742e-03 0.000e+00
912 6.254e-05 4.312e-03 2.129e-03 0.000e+00
913 1.414e-04 -2.727e-03 1.946e-03 0.000e+00
914 -8.959e-04 1.481e-03 8.627e-03 0.000e+00
915 -1.329e-03 -4.325e-03 -1.741e-03 0.000e+00
916 -5.905e-03 -3.884e-04 4.694e-03 0.000e+00
917 6.485e-04 -4.038e-03 -2.601e-03 0.000e+00
918 3.360e-03 1.966e-04 -2.561e-03 0.000e+00
919 3.425e-04 -3.902e-03 6.499e-04 0.000e+00
920 -3.244e-03 -4.541e-03 -2.293e-03 0.000e+00
921 -4.062e-03 3.993e-03 5.024e-03 0.000e+00
922 -4.126e-04 -4.368e-03 6.510e-03 0.000e+00
923 -7.684e-04 -3.048e-03 2.681e-03 0.000e+00
924 -9.123e-04 2.746e-03 1.151e-03 0.000e+00
925 4.014e-03 2.205e-03 -3.612e-03 0.000e+00
926 -2.038e-03 -2.930e-03 -3.155e-03 0.000e+00
927 6.293e-04 -4.249e-03 -9.565e-04 0.000e+00
928 1.412e-05 3.141e-03 -1.574e-03 0.000e+00
929 5.324e-03 3.449e-03 1.186e-03 0.000e+00
930 1.853e-03 -3.024e-03 -1.290e-03 0.000e+00
931 1.952e-03 5.832e-03 -3.570e-03 5.877e+01
932 2.096e-03 3.110e-03 -1.619e-03 0.000e+00
933 9.038e-03 -4.038e-03 -3.665e-03 0.000e+00
934 5.815e-03 1.182e-03 -6.125e-03 0.000e+00
935 -3.161e-04 -1.844e-03 -2.050e-03 0.000e+00
936 6.296e-03 2.022e-03 -1.655e-03 0.000e+00
937 6.164e-03 -4.426e-03 -7.864e-04 0.000e+00
938 9.753e-03 -4.244e-03 2.938e-03 0.000e+00
939 1.297e-02 -3.071e-03 -3.775e-03 0.000e+00
940 2.211e-02 2.299e-03 -1.071e-03 0.000e+00
941 2.062e-02 4.513e-03 2.547e-03 0.000e+00
942 2.644e-02 -4.989e-04 -2.775e-03 0.000e+00
943 3.594e-02 7.594e-03 1.171e-03 1.213e+01
944 3.823e-02 -4.063e-03 -1.909e-03 0.000e+00
945 4.030e-02 3.083e-03 -6.277e-03 0.000e+00
946 5.105e-02 7.330e-03 -1.387e-03 2.455e+01
947 6.859e-02 4.075e-04 -2.599e-04 0.000e+00
948 8.124e-02 6.844e-03 2.517e-03 1.078e+01
949 9.428e-02 1.125e-03 -5.729e-03 0.000e+00
950 1.140e-01 -3.518e-03 -7.139e-03 0.000e+00
951 1.391e-01 8.441e-03 -1.540e-03 1.178e+02
952 1.631e-01 -3.517e-03 -4.921e-03 0.000e+00
953 1.957e-01 7.024e-03 -7.077e-03 -3.756e+01
954 2.346e-01 2.667e-03 -7.390e-03 0.000e+00
955 2.866e-01 1.579e-02 -1.120e-02 6.402e-01
956 3.368e-01 1.885e-02 -2.255e-02 -9.446e+00
957 3.975e-01 3.055e-02 -3.901e-02 -1.247e+01
958 4.704e-01 4.366e-02 -4.971e-02 -1.177e+01
959 5.631e-01 6.915e-02 -7.505e-02 -9.375e+00
960 6.594e-01 1.000e-01 -9.934e-02 -1.101e+01
961 7.492e-01 1.435e-01 -1.298e-01 -1.207e+01
962 8.224e-01 1.785e-01 -1.640e-01 -1.793e+01
963 8.932e-01 2.106e-01 -1.657e-01 -2.476e+01
964 9.502e-01 2.525e-01 -1.626e-01 -2.872e+01
965 1.000e+00 2.772e-01 -1.374e-01 -3.267e+01
966 9.992e-01 2.855e-01 -8.668e-02 -3.576e+01
967 9.708e-01 2.655e-01 -3.943e-02 -3.742e+01
968 8.967e-01 2.096e-01 -2.244e-02 -3.677e+01
969 8.099e-01 1.620e-01 -5.102e-02 -3.616e+01
970 7.504e-01 1.439e-01 -5.311e-02 -4.396e+01
971 6.825e-01 1.346e-01 -2.247e-02 1.282e+02
972 6.122e-01 9.166e-02 -6.080e-03 1.255e+02
973 5.464e-01 6.861e-02 -1.527e-02 1.235e+02
974 5.047e-01 6.268e-02 -4.132e-03 1.218e+02
975 4.757e-01 5.961e-02 6.647e-03 1.235e+02
976 4.597e-01 6.089e-02 1.872e-02 1.244e+02
977 4.118e-01 5.056e-02 9.300e-03 1.296e+02
978 3.775e-01 5.305e-02 1.160e-02 1.257e+02
979 3.331e-01 5.298e-02 5.818e-03 1.179e+02
980 2.945e-01 4.868e-02 1.159e-02 1.193e+02
981 2.409e-01 3.674e-02 6.076e-03 1.168e+02
982 2.054e-01 3.663e-02 9.581e-03 1.138e+02
983 1.676e-01 3.003e-02 4.554e-03 1.116e+02
984 1.272e-01 1.716e-02 7.038e-03 1.024e+02
985 1.067e-01 1.543e-02 1.457e-03 1.067e+02
986 8.393e-02 5.049e-03 1.288e-02 1.159e+02
987 6.699e-02 8.363e-03 6.612e-03 1.188e+02
988 5.206e-02 5.177e-03 -1.768e-03 1.126e+02
989 4.068e-02 3.875e-03 5.693e-03 0.000e+00
990 3.769e-02 5.876e-03 -2.093e-04 1.089e+02
991 2.433e-02 -3.332e-03 -2.626e-03 0.000e+00
992 2.100e-02 5.119e-03 2.360e-03 8.373e+01
993 1.828e-02 -3.162e-03 5.350e-04 0.000e+00
994 1.419e-02 3.297e-03 2.743e-03 0.000e+00
995 9.679e-03 -3.760e-03 -2.663e-03 0.000e+00
996 1.443e-02 1.909e-03 -2.981e-03 0.000e+00
997 6.660e-03 1.763e-03 -3.272e-03 0.000e+00
998 7.439e-03 -4.369e-03 6.881e-04 0.000e+00
999 1.899e-03 1.956e-03 -2.961e-04 0.000e+00
1000 9.172e-03 -3.562e-03 6.030e-03 0.000e+00
1001 4.570e-03 2.449e-03 -2.148e-03 0.000e+00
1002 1.787e-03 5.151e-04 -9.837e-04 0.000e+00
1003 -1.886e-04 -4.019e-03 4.537e-03 0.000e+00
1004 5.742e-03 -4.571e-03 1.991e-03 0.000e+00
1005 2.292e-03 -3.738e-03 -9.309e-04 0.000e+00
1006 4.161e-03 1.852e-03 -3.239e-03 0.000e+00
1007 -2.353e-03 1.343e-03 4.155e-04 0.000e+00
1008 -1.611e-03 1.459e-03 2.164e-03 0.000e+00
1009 3.873e-03 -3.830e-03 9.522e-05 0.000e+00
1010 4.888e-04 -2.161e-04 -2.384e-03 0.000e+00
1011 -3.532e-03 -3.482e-03 -2.111e-03 0.000e+00
1012 -4.553e-03 -3.516e-03 -9.195e-04 0.000e+00
1013 8.566e-04 -4.280e-03 1.512e-03 0.000e+00
1014 -6.885e-04 -4.533e-03 -1.909e-03 0.000e+00
1015 -2.642e-03 -3.219e-03 -4.279e-03 0.000e+00
1016 -2.902e-03 4.296e-03 1.715e-03 0.000e+00
1017 2.392e-03 -6.891e-04 -2.541e-03 0.000e+00
1018 2.167e-03 3.805e-03 8.900e-04 0.000e+00
1019 3.833e-03 1.645e-03 2.926e-03 0.000e+00
1020 -2.741e-03 4.256e-04 4.763e-04 0.000e+00
1021 -9.488e-05 9.838e-05 -2.191e-03 0.000e+00
1022 -1.091e-03 -3.284e-03 -1.757e-03 0.000e+00
1023 -8.705e-04 -3.955e-03 2.538e-04 0.000e+00
1024 -6.967e-03 4.010e-03 3.189e-03 0.000e+00
1025 -2.090e-03 -3.552e-03 -1.065e-03 0.000e+00
1026 -4.669e-03 -3.791e-03 -5.916e-04 0.000e+00
1027 4.491e-04 -3.072e-03 8.471e-03 0.000e+00
1028 1.868e-03 3.713e-03 1.817e-03 0.000e+00
1029 1.366e-03 1.175e-03 1.163e-03 0.000e+00
1030 2.365e-04 -1.172e-04 2.396e-03 0.000e+00
1031 -1.416e-03 -4.150e-03 4.889e-03 0.000e+00
1032 2.615e-03 -3.955e-03 4.267e-03 0.000e+00
1033 3.194e-03 9.344e-04 -1.299e-03 0.000e+00
1034 -1.799e-03 1.003e-04 1.608e-04 0.000e+00
1035 2.120e-03 3.834e-03 -7.822e-05 0.000e+00
1036 -7.916e-04 4.762e-03 5.582e-03 1.084e+02
1037 3.091e-03 -4.568e-03 4.761e-03 0.000e+00
1038 2.486e-03 -4.228e-03 -1.838e-03 0.000e+00
1039 1.579e-03 -2.924e-03 -2.672e-03 0.000e+00
1040 -1.284e-03 -5.744e-04 -5.788e-03 0.000e+00
1041 -2.133e-03 3.635e-03 -1.551e-03 0.000e+00
1042 -3.897e-03 1.671e-03 2.568e-04 0.000e+00
1043 6.337e-04 -3.738e-03 3.424e-03 0.000e+00
1044 6.759e-04 -4.250e-04 -1.354e-03 0.000e+00
1045 -6.706e-03 8.594e-03 -2.751e-03 1.031e+01
1046 -2.577e-03 -4.440e-03 2.155e-03 0.000e+00
1047 2.143e-03 -3.944e-03 3.937e-04 0.000e+00
1048 2.850e-03 -4.489e-03 -5.570e-03 0.000e+00
1049 -1.964e-03 -4.295e-03 1.027e-03 0.000e+00
1050 -2.277e-03 3.131e-03 -1.932e-03 0.000e+00
1051 -2.365e-03 5.125e-03 9.523e-04 -2.132e+01
1052 -2.682e-03 1.256e-03 -4.226e-03 0.000e+00
1053 -2.602e-03 6.318e-04 -2.031e-03 0.000e+00
1054 -4.182e-03 -4.527e-03 -5.159e-04 0.000e+00
1055 -6.126e-03 2.764e-03 -4.013e-04 0.000e+00
1056 4.687e-04 -4.092e-03 -5.084e-04 0.000e+00
1057 7.987e-04 8.359e-04 -3.198e-03 0.000e+00
1058 -1.234e-03 5.438e-03 -4.416e-03 9.878e+01
1059 -1.029e-02 -2.816e-03 3.206e-03 0.000e+00
1060 -3.023e-03 -4.306e-03 2.142e-03 0.000e+00
1061 -6.636e-04 2.293e-03 2.775e-03 0.000e+00
1062 -3.142e-03 -4.130e-03 1.923e-03 0.000e+00
1063 1.839e-03 -4.083e-03 2.617e-03 0.000e+00
1064 -5.988e-03 3.140e-03 4.797e-04 0.000e+00
1065 -2.109e-03 2.426e-03 -1.753e-04 0.000e+00
1066 -3.079e-03 1.055e-03 2.032e-03 0.000e+00
1067 -2.998e-03 6.680e-04 3.995e-03 0.000e+00
1068 -1.597e-03 2.209e-03 7.129e-04 0.000e+00
1069 -7.333e-05 -3.992e-03 3.718e-04 0.000e+00
1070 -2.692e-03 2.236e-03 -7.777e-04 0.000e+00
1071 -5.278e-03 -4.392e-03 -4.418e-03 0.000e+00
1072 1.223e-03 2.449e-03 3.548e-04 0.000e+00
1073 -3.537e-03 -4.000e-03 -8.629e-04 0.000e+00
1074 -5.189e-03 5.148e-03 -7.196e-04 1.246e+02
1075 -1.723e-03 1.462e-03 -1.251e-03 0.000e+00
1076 9.688e-04 2.064e-03 9.666e-04 0.000e+00
1077 5.074e-03 7.670e-04 -1.061e-03 0.000e+00
1078 -3.437e-04 -2.649e-03 -1.262e-03 0.000e+00
1079 -3.681e-04 7.426e-05 -1.149e-04 0.000e+00
1080 -6.564e-03 1.569e-03 -3.337e-03 0.000e+00
1081 9.083e-04 8.632e-04 -2.241e-03 0.000e+00
1082 -3.642e-03 -3.287e-03 1.520e-03 0.000e+00
1083 -2.013e-03 -3.185e-03 5.797e-03 0.000e+00
1084 -2.054e-03 -3.017e-03 -3.826e-03 0.000e+00
1085 1.310e-03 1.599e-03 3.648e-03 0.000e+00
1086 -1.513e-03 -3.342e-03 2.112e-03 0.000e+00
1087 -5.226e-03 8.985e-06 3.693e-04 0.000e+00
1088 -3.870e-04 8.950e-04 -1.993e-03 0.000e+00
1089 5.169e-04 -4.201e-03 2.298e-05 0.000e+00
1090 -3.502e-03 3.121e-03 2.182e-03 0.000e+00
1091 2.596e-03 -3.136e-03 3.283e-04 0.000e+00
1092 6.525e-04 1.345e-03 -7.317e-03 0.000e+00
1093 1.513e-03 5.797e-03 -1.002e-03 5.509e+01
1094 -1.186e-03 4.651e-04 5.391e-03 0.000e+00
1095 2.729e-03 -1.947e-03 -1.821e-03 0.000e+00
1096 -4.918e-04 -3.956e-03 -2.118e-03 0.000e+00
1097 -4.027e-03 -3.271e-03 3.083e-03 0.000e+00
1098 -1.183e-03 -3.470e-03 8.638e-05 0.000e+00
1099 2.102e-03 3.942e-03 -2.216e-03 0.000e+00
1100 -1.572e-03 5.610e-04 -9.272e-04 0.000e+00
1101 3.632e-03 -4.233e-03 1.111e-03 0.000e+00
1102 3.673e-03 -2.447e-04 1.391e-03 0.000e+00
1103 -1.639e-03 3.843e-04 -3.255e-04 0.000e+00
1104 -5.884e-05 3.725e-03 -1.697e-03 0.000e+00
1105 -2.965e-03 4.909e-03 -3.607e-03 -1.499e+01
1106 -6.241e-04 3.442e-03 4.352e-03 0.000e+00
1107 4.034e-03 -3.643e-03 -6.891e-03 0.000e+00
1108 -1.563e-04 8.180e-04 -5.284e-03 0.000e+00
1109 8.481e-06 7.955e-04 3.333e-04 0.000e+00
1110 -5.400e-04 -3.790e-03 4.039e-03 0.000e+00
1111 -4.521e-03 -2.778e-03 1.057e-03 0.000e+00
1112 -4.121e-03 1.793e-03 -3.584e-03 0.000e+00
1113 -3.737e-04 -2.223e-03 -2.873e-03 0.000e+00
1114 -5.487e-03 5.507e-03 3.835e-03 -2.019e+01
1115 -5.412e-03 -3.621e-03 -3.004e-03 0.000e+00
1116 8.945e-04 -4.243e-03 1.789e-03 0.000e+00
1117 -4.524e-03 -3.987e-03 -2.374e-03 0.000e+00
1118 -5.856e-04 -2.724e-03 -2.737e-03 0.000e+00
1119 -6.513e-03 1.560e-03 -8.415e-05 0.000e+00
1120 -4.300e-03 1.666e-03 3.675e-04 0.000e+00
1121 3.683e-03 4.395e-03 2.125e-04 0.000e+00
1122 -7.960e-03 -2.800e-03 -2.219e-03 0.000e+00
1123 1.676e-04 1.525e-03 6.748e-04 0.000e+00
1124 -4.183e-03 2.593e-03 1.784e-03 0.000e+00
1125 -3.184e-03 4.053e-03 -1.134e-04 0.000e+00
1126 1.489e-03 -4.611e-03 -6.076e-04 0.000e+00
1127 2.118e-03 -4.341e-03 4.258e-04 0.000e+00
1128 -4.383e-03 -4.312e-03 5.569e-03 0.000e+00
1129 -2.354e-03 1.515e-03 4.835e-03 0.000e+00
1130 1.547e-03 -4.161e-03 -1.448e-03 0.000e+00
1131 -1.794e-03 1.830e-04 1.908e-03 0.000e+00
1132 3.361e-04 8.074e-04 3.988e-03 0.000e+00
1133 1.411e-03 5.242e-04 5.213e-03 0.000e+00
1134 -2.021e-03 -2.487e-03 -1.066e-03 0.000e+00
1135 -4.916e-03 -2.096e-03 3.789e-03 0.000e+00
1136 -6.493e-03 -6.628e-04 -1.086e-03 0.000e+00
1137 -2.235e-03 -4.192e-03 -2.137e-03 0.000e+00
1138 -1.656e-03 1.197e-03 8.999e-04 0.000e+00
1139 -6.627e-04 -4.492e-03 2.170e-04 0.000e+00
1140 1.256e-03 1.051e-03 -5.453e-03 0.000e+00
1141 -3.599e-03 1.094e-03 2.052e-03 0.000e+00
1142 -4.729e-03 5.787e-03 1.436e-03 -9.443e+00
1143 5.048e-04 -2.902e-03 4.608e-04 0.000e+00
1144 -5.057e-03 1.827e-03 3.820e-03 0.000e+00
1145 3.376e-03 -4.082e-03 -4.393e-03 0.000e+00
1146 3.191e-03 -3.409e-03 9.731e-03 0.000e+00
1147 1.230e-03 -3.586e-03 -6.581e-03 0.000e+00
1148 -5.292e-03 4.465e-03 1.600e-03 0.000e+00
1149 7.091e-04 -3.776e-03 4.312e-03 0.000e+00
1150 -2.690e-03 3.594e-03 -1.238e-03 0.000e+00
1151 -1.423e-03 4.680e-03 -1.193e-03 0.000e+00
1152 -3.529e-03 2.373e-04 -1.703e-03 0.000e+00
1153 -8.300e-03 1.344e-03 1.460e-03 0.000e+00
1154 -3.587e-03 -3.320e-03 2.051e-03 0.000e+00
1155 7.046e-04 -3.759e-03 -2.153e-03 0.000e+00
1156 6.552e-04 3.486e-03 -4.049e-03 0.000e+00
1157 1.738e-03 1.761e-03 -1.769e-03 0.000e+00
1158 8.672e-05 -2.363e-03 -2.088e-03 0.000e+00
1159 -4.894e-03 -3.809e-03 -5.380e-03 0.000e+00
1160 -2.502e-03 3.457e-03 1.294e-03 0.000e+00
1161 -2.894e-03 -4.632e-03 -3.478e-03 0.000e+00
1162 2.795e-03 -3.045e-03 1.499e-03 0.000e+00
1163 -3.767e-03 -3.449e-03 -8.094e-04 0.000e+00
1164 7.922e-04 4.740e-03 -2.379e-03 0.000e+00
1165 2.778e-03 -3.375e-03 -1.943e-03 0.000e+00
1166 7.906e-05 -1.987e-03 -5.403e-03 0.000e+00
1167 -3.169e-03 -4.606e-03 -1.556e-03 0.000e+00
1168 2.967e-03 3.207e-03 1.904e-03 0.000e+00
1169 -2.969e-04 -3.085e-03 -4.084e-03 0.000e+00
1170 -5.870e-03 -2.780e-03 1.156e-03 0.000e+00
1171 -9.062e-04 2.124e-03 3.876e-03 0.000e+00
1172 5.757e-03 -4.587e-03 3.161e-03 0.000e+00
1173 -5.318e-03 8.271e-03 -1.150e-03 1.317e+02
1174 3.399e-03 -4.611e-03 3.538e-03 0.000e+00
1175 -5.631e-03 -3.529e-03 1.436e-03 0.000e+00
1176 1.464e-03 -3.053e-03 4.405e-03 0.000e+00
1177 -4.973e-03 3.417e-03 -1.309e-03 0.000e+00
1178 -1.220e-03 -5.823e-04 1.517e-03 0.000e+00
1179 -1.412e-03 -3.798e-03 -1.753e-04 0.000e+00
1180 -3.414e-03 2.553e-04 6.040e-03 0.000e+00
1181 -9.324e-04 -4.191e-03 -8.634e-05 0.000e+00
1182 -2.895e-03 1.100e-03 4.773e-03 0.000e+00
1183 -2.751e-03 -2.286e-03 -1.666e-03 0.000e+00
1184 -7.674e-04 -4.411e-03 1.558e-03 0.000e+00
1185 2.130e-03 -3.503e-03 -3.849e-03 0.000e+00
1186 3.596e-03 2.199e-03 -3.812e-04 0.000e+00
1187 3.869e-04 -3.916e-03 -8.328e-04 0.000e+00
1188 -4.752e-03 -4.573e-03 -1.380e-03 0.000e+00
1189 2.218e-03 1.213e-03 2.767e-03 0.000e+00
1190 2.012e-03 2.735e-03 7.689e-04 0.000e+00
1191 -4.651e-03 -2.767e-03 -1.708e-03 0.000e+00
1192 7.027e-04 5.472e-05 -2.243e-03 0.000e+00
1193 5.034e-04 -2.885e-03 5.916e-03 0.000e+00
1194 4.793e-03 -3.663e-03 -4.105e-04 0.000e+00
1195 -5.205e-03 -4.649e-03 -5.475e-03 0.000e+00
1196 -1.317e-03 -4.236e-03 5.138e-03 0.000e+00
1197 -1.958e-03 -3.891e-03 -1.744e-03 0.000e+00
1198 -2.177e-03 -4.604e-03 -4.842e-03 0.000e+00
1199 -2.897e-03 3.711e-03 -1.135e-03 0.000e+00
1200 -1.462e-03 -2.971e-03 -2.399e-03 0.000e+00
1201 -2.355e-03 0.000e+00 -4.961e-03 0.000e+00
1202 -3.655e-04 6.955e-04 2.312e-04 0.000e+00
1203 -5.225e-04 -4.489e-03 1.230e-04 0.000e+00
1204 1.945e-03 4.511e-05 2.378e-03 0.000e+00
1205 -4.132e-03 3.037e-03 -2.940e-03 0.000e+00
1206 -7.008e-04 3.633e-03 -4.401e-04 0.000e+00
1207 -3.875e-03 -3.700e-03 -1.930e-03 0.000e+00
1208 -6.455e-03 -7.553e-04 7.317e-04 0.000e+00
1209 -1.832e-03 -4.506e-03 -2.187e-03 0.000e+00
1210 2.898e-03 -4.522e-03 -4.049e-03 0.000e+00
1211 -5.188e-03 2.329e-03 7.493e-04 0.000e+00
1212 -2.668e-03 2.573e-03 5.725e-04 0.000e+00
1213 7.049e-03 -4.651e-03 1.516e-03 0.000e+00
1214 4.112e-04 -3.536e-03 -2.820e-03 0.000e+00
1215 -3.332e-03 4.237e-03 -2.662e-03 0.000e+00
1216 -8.342e-04 -2.693e-03 6.916e-04 0.000e+00
1217 1.223e-03 -2.985e-03 5.838e-04 0.000e+00
1218 -3.466e-03 -1.973e-03 1.958e-04 0.000e+00
1219 -2.523e-03 4.287e-04 2.805e-03 0.000e+00
1220 -2.045e-03 -3.126e-03 -9.579e-04 0.000e+00
1221 1.990e-03 -9.190e-04 1.533e-03 0.000e+00
1222 2.137e-03 -4.513e-03 -3.302e-03 0.000e+00
1223 4.655e-03 3.053e-03 -4.875e-03 0.000e+00
1224 -1.360e-03 4.786e-03 1.224e-03 -3.057e+01
1225 -2.598e-04 4.307e-04 2.403e-03 0.000e+00
1226 1.779e-04 6.956e-04 1.994e-03 0.000e+00
1227 2.455e-03 5.343e-03 -1.155e-03 -3.735e+01
1228 2.908e-03 -2.867e-04 6.524e-03 0.000e+00
1229 6.500e-04 -3.352e-03 -9.938e-04 0.000e+00
1230 -3.752e-03 1.451e-03 3.366e-03 0.000e+00
1231 2.121e-03 1.135e-03 4.510e-03 0.000e+00
1232 5.996e-04 -4.611e-03 -6.026e-03 0.000e+00
1233 5.199e-03 -4.435e-03 -3.864e-04 0.000e+00
1234 9.247e-04 1.415e-03 1.748e-04 0.000e+00
1235 -3.708e-03 5.210e-04 2.324e-03 0.000e+00
1236 1.341e-04 -3.343e-03 -1.340e-03 0.000e+00
1237 -3.926e-03 -4.134e-03 1.880e-04 0.000e+00
1238 -2.276e-03 3.075e-03 -3.066e-03 0.000e+00
1239 -2.068e-03 -1.407e-03 2.516e-04 0.000e+00
1240 -2.439e-03 -4.229e-03 2.724e-03 0.000e+00
1241 4.756e-04 2.576e-03 1.245e-03 0.000e+00
1242 3.210e-03 -9.797e-04 1.947e-03 0.000e+00
1243 -8.846e-04 4.970e-03 -2.144e-03 9.019e+01
1244 -1.361e-03 7.409e-04 5.917e-03 0.000e+00
1245 -2.534e-03 6.222e-03 -3.206e-03 1.077e+02
1246 2.136e-03 3.302e-03 -2.950e-03 0.000e+00
1247 -3.587e-03 -1.334e-04 1.375e-04 0.000e+00
1248 1.171e-03 5.012e-03 -1.170e-03 -1.244e+01
1249 6.685e-04 -4.100e-03 -5.367e-03 0.000e+00
1250 -5.879e-04 1.039e-03 -1.077e-03 0.000e+00
1251 2.564e-03 -4.563e-03 -4.672e-03 0.000e+00
1252 -3.340e-03 -3.278e-03 -7.468e-04 0.000e+00
1253 -2.323e-03 -3.764e-03 -2.332e-03 0.000e+00
1254 -2.598e-03 4.407e-04 5.925e-04 0.000e+00
1255 -9.495e-03 3.666e-03 1.360e-03 0.000e+00
1256 5.954e-03 3.416e-03 -8.409e-04 0.000e+00
1257 -4.375e-03 1.863e-03 -1.295e-03 0.000e+00
1258 1.221e-03 -3.589e-03 -1.827e-03 0.000e+00
1259 -1.240e-03 7.999e-05 -2.546e-03 0.000e+00
1260 1.051e-03 -5.078e-04 -3.452e-03 0.000e+00
1261 8.792e-03 -3.926e-03 -5.246e-03 0.000e+00
1262 1.082e-03 -3.978e-03 1.019e-03 0.000e+00
1263 3.315e-03 -2.068e-03 4.532e-03 0.000e+00
1264 3.394e-04 2.046e-03 2.057e-03 0.000e+00
1265 -8.642e-04 2.986e-03 -3.248e-04 0.000e+00
1266 1.369e-03 1.721e-03 2.213e-04 0.000e+00
1267 3.951e-03 6.072e-03 4.048e-03 3.528e+01
1268 -8.469e-04 -3.611e-03 -4.695e-03 0.000e+00
1269 2.383e-03 4.500e-04 -2.432e-03 0.000e+00
1270 2.654e-03 -4.364e-03 -1.471e-03 0.000e+00
1271 -4.308e-03 -3.247e-03 2.682e-03 0.000e+00
1272 -5.070e-03 3.264e-03 5.214e-03 0.000e+00
1273 2.384e-03 1.325e-03 -1.695e-03 0.000e+00
1274 -1.338e-03 1.773e-03 4.286e-03 0.000e+00
1275 7.559e-04 3.375e-03 -2.949e-03 0.000e+00
1276 -1.390e-03 -6.605e-04 -6.281e-03 0.000e+00
1277 9.681e-04 1.970e-03 -3.645e-03 0.000e+00
1278 -1.857e-03 -1.327e-03 7.561e-04 0.000e+00
1279 3.904e-03 -3.501e-03 1.247e-04 0.000e+00
1280 9.766e-04 1.814e-03 -2.794e-03 0.000e+00
1281 7.753e-04 -4.478e-03 -3.300e-03 0.000e+00
1282 6.023e-04 6.201e-04 -2.990e-03 0.000e+00
1283 -8.617e-04 -3.003e-03 1.272e-03 0.000e+00
1284 -1.191e-03 -3.545e-03 3.293e-03 0.000e+00
1285 -3.453e-03 -2.741e-03 -2.245e-04 0.000e+00
1286 -4.481e-03 -2.526e-03 2.708e-03 0.000e+00
1287 -4.698e-03 -4.463e-03 -2.409e-03 0.000e+00
1288 2.698e-04 9.070e-04 -6.506e-03 0.000e+00
1289 -5.299e-04 3.100e-03 -3.116e-03 0.000e+00
1290 -1.390e-04 5.073e-03 -3.461e-03 -2.423e+01
1291 -1.718e-03 4.262e-03 1.050e-03 0.000e+00
1292 7.293e-04 -4.366e-03 -4.747e-03 0.000e+00
1293 2.015e-03 7.421e-03 -4.151e-03 -4.204e+01
1294 1.225e-03 7.457e-05 2.176e-03 0.000e+00
1295 -2.639e-03 -3.772e-03 -3.409e-03 0.000e+00
1296 -4.591e-03 -4.369e-04 -4.502e-03 0.000e+00
1297 -2.246e-04 -4.107e-03 2.438e-04 0.000e+00
1298 2.967e-03 5.255e-03 2.192e-03 1.344e+02
1299 -1.779e-03 -2.328e-04 1.808e-03 0.000e+00
1300 8.294e-03 -2.440e-03 1.679e-03 0.000e+00
1301 2.984e-03 -4.105e-03 -3.697e-03 0.000e+00
1302 7.399e-03 1.726e-03 3.852e-03 0.000e+00
1303 -2.817e-03 6.093e-04 3.697e-03 0.000e+00
1304 -3.626e-03 -4.149e-03 1.732e-03 0.000e+00
1305 7.245e-03 4.111e-04 -2.765e-03 0.000e+00
1306 -3.528e-03 -4.418e-03 3.025e-03 0.000e+00
1307 -2.068e-03 1.567e-03 -3.895e-03 0.000e+00
1308 -3.039e-03 -3.020e-04 -8.102e-04 0.000e+00
1309 2.083e-03 -3.732e-04 -9.756e-04 0.000e+00
1310 -7.161e-03 2.153e-04 7.349e-03 0.000e+00
1311 -5.591e-03 2.047e-03 -3.102e-03 0.000e+00
1312 1.732e-03 -4.035e-03 1.495e-04 0.000e+00
1313 -1.041e-03 1.307e-03 4.252e-04 0.000e+00
1314 2.067e-03 3.749e-03 1.915e-03 0.000e+00
1315 4.361e-03 4.231e-03 -1.438e-03 0.000e+00
1316 -1.852e-03 -3.392e-03 3.214e-04 0.000e+00
1317 3.498e-04 4.190e-03 -5.012e-03 0.000e+00
1318 1.150e-03 -4.462e-03 -4.733e-03 0.000e+00
1319 -1.051e-03 -3.913e-03 1.105e-03 0.000e+00
1320 -5.349e-03 7.140e-03 1.217e-03 -8.400e+00
1321 1.491e-03 -2.811e-03 -1.016e-03 0.000e+00
1322 5.133e-03 -2.581e-04 3.293e-03 0.000e+00
1323 -2.041e-03 -6.357e-05 2.448e-03 0.000e+00
1324 -3.774e-04 -2.468e-03 -6.130e-04 0.000e+00
1325 -1.655e-03 1.030e-03 -9.258e-04 0.000e+00
1326 -1.089e-03 -4.631e-03 -8.544e-04 0.000e+00
1327 3.088e-03 -6.024e-04 -4.849e-03 0.000e+00
1328 -3.184e-03 -4.012e-03 -3.825e-03 0.000e+00
1329 3.047e-03 -4.566e-03 6.341e-04 0.000e+00
1330 -6.773e-03 8.314e-04 2.536e-04 0.000e+00
1331 6.284e-03 -2.337e-04 3.490e-03 0.000e+00
1332 1.543e-03 -2.738e-03 -6.300e-04 0.000e+00
1333 1.390e-03 -4.166e-03 -4.497e-03 0.000e+00
1334 1.572e-03 -3.203e-04 -2.667e-04 0.000e+00
1335 -4.623e-03 1.149e-03 -3.051e-04 0.000e+00
1336 -6.329e-03 -2.730e-03 -3.625e-03 0.000e+00
1337 -3.080e-03 -3.840e-03 1.642e-03 0.000e+00
1338 5.838e-04 7.231e-04 8.565e-05 0.000e+00
1339 1.032e-03 9.912e-04 -3.042e-04 0.000e+00
1340 8.275e-05 -2.945e-03 -2.302e-03 0.000e+00
1341 1.149e-03 -1.066e-03 -7.586e-04 0.000e+00
1342 2.343e-04 1.382e-03 -1.330e-03 0.000e+00
1343 2.148e-03 -4.141e-03 2.527e-03 0.000e+00
1344 1.067e-03 -4.339e-03 4.753e-03 0.000e+00
1345 -2.299e-03 -3.811e-03 3.825e-03 0.000e+00
1346 4.797e-04 5.502e-04 -1.955e-03 0.000e+00
1347 4.211e-03 1.957e-03 4.415e-03 0.000e+00
1348 1.768e-03 -1.864e-03 -4.873e-03 0.000e+00
1349 9.934e-05 -4.516e-03 -2.869e-03 0.000e+00
1350 -2.998e-03 -4.224e-03 -5.966e-04 0.000e+00
1351 -2.035e-04 -9.119e-04 5.021e-04 0.000e+00
1352 2.370e-03 1.244e-03 2.568e-03 0.000e+00
1353 -1.333e-03 -4.535e-03 -2.473e-03 0.000e+00
1354 9.490e-04 1.324e-03 1.126e-03 0.000e+00
1355 -2.434e-03 3.607e-03 9.593e-04 0.000e+00
1356 -3.587e-04 -3.169e-03 8.670e-04 0.000e+00
1357 -1.240e-03 -4.507e-03 -9.210e-04 0.000e+00
1358 -2.024e-03 -2.311e-04 -6.364e-04 0.000e+00
1359 1.794e-03 1.192e-03 2.441e-03 0.000e+00
1360 -2.326e-03 3.257e-03 -2.427e-03 0.000e+00
1361 2.837e-03 -4.275e-03 -4.232e-03 0.000e+00
1362 6.260e-03 -2.515e-03 1.686e-03 0.000e+00
1363 -1.840e-03 -4.621e-04 -1.748e-04 0.000e+00
1364 -3.464e-03 -3.582e-03 -7.209e-04 0.000e+00
1365 1.663e-03 1.363e-03 5.273e-03 0.000e+00
1366 1.091e-03 -3.253e-03 -1.960e-03 0.000e+00
1367 6.445e-04 6.506e-04 -6.657e-04 0.000e+00
1368 6.423e-04 -4.402e-03 4.690e-03 0.000e+00
1369 1.643e-03 4.486e-03 4.840e-03 0.000e+00
1370 -2.941e-03 2.551e-03 3.125e-04 0.000e+00
1371 -3.120e-03 -4.517e-03 -1.393e-03 0.000e+00
1372 -1.065e-03 -2.310e-03 1.521e-03 0.000e+00
1373 3.240e-03 -3.813e-03 3.819e-04 0.000e+00
1374 3.329e-03 4.188e-03 1.597e-03 0.000e+00
1375 -1.950e-03 -4.110e-03 -5.092e-03 0.000e+00
1376 -2.272e-04 -3.361e-03 2.068e-03 0.000e+00
1377 -1.362e-03 -4.129e-03 -2.220e-03 0.000e+00
1378 1.779e-03 1.476e-03 -1.727e-03 0.000e+00
1379 1.646e-03 -2.454e-03 -4.341e-04 0.000e+00
1380 -5.174e-03 2.967e-03 -4.153e-03 0.000e+00
1381 8.228e-05 -3.880e-03 -7.291e-04 0.000e+00
1382 -1.312e-03 2.605e-03 8.888e-04 0.000e+00
1383 4.656e-03 2.548e-04 -2.142e-03 0.000e+00
1384 -1.627e-03 -4.303e-03 -4.062e-04 0.000e+00
1385 -2.021e-04 7.748e-04 -2.705e-03 0.000e+00
1386 -1.808e-03 1.614e-03 -9.131e-04 0.000e+00
1387 -3.202e-04 1.110e-03 -7.931e-04 0.000e+00
1388 -8.696e-04 -2.849e-03 -8.910e-04 0.000e+00
1389 9.729e-04 1.092e-03 1.510e-03 0.000e+00
1390 -2.150e-03 -3.079e-03 -2.471e-03 0.000e+00
1391 -3.734e-03 -4.486e-03 -1.986e-03 0.000e+00
1392 -7.667e-04 -3.446e-03 -2.257e-03 0.000e+00
1393 -1.873e-03 9.090e-04 -1.582e-03 0.000e+00
1394 5.714e-03 -3.462e-03 -2.101e-03 0.000e+00
1395 -3.758e-03 -4.435e-03 -4.822e-03 0.000e+00
1396 -2.188e-03 -4.395e-03 -2.765e-03 0.000e+00
1397 -2.234e-03 2.552e-03 -6.228e-03 0.000e+00
1398 2.280e-03 -3.832e-03 -7.723e-04 0.000e+00
1399 1.787e-03 2.280e-03 2.944e-04 0.000e+00
1400 -2.447e-03 1.966e-03 -2.728e-03 0.000e+00
1401 -2.169e-03 -4.478e-03 6.272e-04 0.000e+00
1402 3.729e-03 -3.434e-04 -1.174e-03 0.000e+00
1403 -1.816e-03 -4.155e-03 -3.019e-03 0.000e+00
1404 -1.564e-03 3.190e-04 -4.620e-03 0.000e+00
1405 8.440e-04 1.449e-03 5.108e-03 0.000e+00
1406 3.318e-03 -3.132e-03 2.899e-03 0.000e+00
1407 1.154e-03 4.838e-03 7.055e-04 -9.761e+00
1408 1.437e-03 2.588e-03 2.704e-04 0.000e+00
1409 -1.949e-03 -3.414e-03 3.778e-03 0.000e+00
1410 -8.831e-03 -3.944e-03 2.225e-03 0.000e+00
1411 -1.015e-03 2.873e-03 -2.559e-03 0.000e+00
1412 -3.571e-03 4.973e-03 -3.582e-03 4.381e+01
1413 3.657e-03 7.640e-04 4.628e-03 0.000e+00
1414 -1.101e-03 -4.424e-03 3.865e-03 0.000e+00
1415 -8.647e-03 -3.499e-03 5.587e-03 0.000e+00
1416 3.256e-03 -4.234e-03 -6.465e-04 0.000e+00
1417 5.672e-03 9.568e-04 -3.336e-03 0.000e+00
1418 1.886e-03 4.324e-03 3.153e-03 0.000e+00
1419 1.469e-03 7.737e-04 -3.224e-03 0.000e+00
1420 -1.717e-03 -4.333e-03 -2.860e-03 0.000e+00
1421 -1.395e-03 2.537e-03 -1.756e-04 0.000e+00
1422 -8.548e-04 1.056e-03 -2.186e-03 0.000e+00
1423 2.709e-03 -4.628e-03 -8.286e-03 0.000e+00
1424 5.227e-03 1.403e-03 -9.364e-04 0.000e+00
1425 -5.232e-03 -4.019e-03 -3.488e-03 0.000e+00
1426 1.256e-03 1.134e-03 6.523e-06 0.000e+00
1427 3.317e-03 -4.630e-03 -7.288e-04 0.000e+00
1428 -3.034e-03 2.143e-03 -1.613e-03 0.000e+00
1429 -4.735e-04 2.185e-03 1.223e-03 0.000e+00
1430 5.009e-04 1.397e-03 1.112e-03 0.000e+00
1431 3.846e-03 -3.557e-03 -7.607e-03 0.000e+00
1432 1.219e-03 4.249e-03 1.745e-03 0.000e+00
1433 1.101e-04 2.084e-03 7.951e-04 0.000e+00
1434 -2.919e-03 -2.209e-03 2.212e-03 0.000e+00
1435 3.999e-03 -3.231e-03 3.056e-04 0.000e+00
1436 1.833e-03 -3.574e-03 -4.215e-03 0.000e+00
1437 4.896e-03 4.124e-03 -3.719e-03 0.000e+00
1438 2.845e-03 -4.453e-03 7.438e-04 0.000e+00
1439 7.136e-03 -3.424e-03 -9.544e-04 0.000e+00
1440 -3.009e-03 -4.177e-03 6.134e-04 0.000e+00
1441 -2.170e-03 -3.564e-03 8.265e-04 0.000e+00
1442 2.985e-04 3.668e-03 6.075e-03 0.000e+00
1443 -1.129e-03 2.651e-03 -1.807e-03 0.000e+00
1444 -2.426e-03 -1.224e-03 -3.845e-03 0.000e+00
1445 -1.167e-04 4.280e-04 2.414e-05 0.000e+00
1446 4.201e-03 -4.508e-03 3.436e-03 0.000e+00
1447 3.406e-03 -3.352e-03 -1.405e-04 0.000e+00
1448 -2.346e-04 -2.645e-05 1.363e-03 0.000e+00
1449 3.975e-03 1.956e-03 -9.757e-04 0.000e+00
1450 1.640e-03 -4.237e-03 3.116e-03 0.000e+00
1451 -1.589e-03 -3.410e-03 7.732e-04 0.000e+00
1452 2.316e-03 5.847e-03 -1.481e-03 4.118e+01
1453 -2.169e-03 2.914e-03 -6.938e-04 0.000e+00
1454 1.822e-03 -4.507e-03 -3.788e-03 0.000e+00
1455 1.540e-03 -4.337e-03 -8.711e-03 0.000e+00
1456 -2.614e-03 8.066e-04 -7.938e-04 0.000e+00
1457 2.150e-03 1.659e-03 -1.910e-03 0.000e+00
1458 -3.417e-04 -3.633e-03 -1.751e-03 0.000e+00
1459 -2.064e-03 -3.780e-03 5.422e-04 0.000e+00
1460 -1.582e-03 -4.336e-03 -3.040e-03 0.000e+00
1461 -3.138e-03 -4.513e-03 -1.224e-03 0.000e+00
1462 2.666e-03 1.132e-03 -1.411e-03 0.000e+00
1463 -5.366e-03 3.402e-04 1.209e-03 0.000e+00
1464 2.762e-03 5.007e-03 1.615e-03 7.128e+01
1465 2.539e-03 -3.836e-03 8.257e-04 0.000e+00
1466 1.212e-03 5.469e-03 1.808e-03 -3.358e+01
1467 -1.678e-03 6.335e-03 -8.878e-06 5.070e+01
1468 5.003e-04 3.200e-03 -3.364e-03 0.000e+00
1469 4.273e-03 -1.190e-03 1.611e-03 0.000e+00
1470 4.122e-03 1.057e-03 8.669e-04 0.000e+00
1471 -8.719e-04 -3.211e-03 -1.908e-03 0.000e+00
1472 1.282e-03 4.336e-04 -1.920e-03 0.000e+00
1473 1.618e-03 1.638e-03 -4.108e-03 0.000e+00
1474 -2.830e-04 4.655e-03 3.161e-03 0.000e+00
1475 2.636e-03 -6.649e-04 3.473e-03 0.000e+00
1476 3.137e-03 5.428e-04 -7.568e-05 0.000e+00
1477 1.875e-03 1.936e-03 -3.295e-03 0.000e+00
1478 2.245e-03 -4.502e-03 -1.673e-03 0.000e+00
1479 3.611e-03 9.098e-04 -3.305e-03 0.000e+00
1480 4.873e-03 1.523e-03 -8.945e-05 0.000e+00
1481 2.805e-04 4.237e-03 -3.688e-03 0.000e+00
1482 2.761e-03 2.431e-03 1.475e-03 0.000e+00
1483 -3.531e-03 -3.125e-03 -2.335e-03 0.000e+00
1484 8.161e-04 2.105e-03 -2.686e-03 0.000e+00
1485 -1.276e-03 -3.234e-03 -5.633e-03 0.000e+00
1486 -2.573e-03 -3.257e-03 2.666e-04 0.000e+00
1487 -1.399e-03 2.759e-03 3.469e-03 0.000e+00
1488 -7.183e-04 -3.533e-03 -5.886e-03 0.000e+00
1489 4.777e-04 -1.136e-03 -7.969e-03 0.000e+00
1490 3.952e-03 -4.333e-03 -7.814e-04 0.000e+00
1491 1.448e-03 2.114e-03 2.278e-04 0.000e+00
1492 -1.267e-03 3.775e-03 1.901e-03 0.000e+00
1493 -3.690e-03 -3.755e-03 3.902e-03 0.000e+00
1494 -4.976e-04 -3.954e-03 2.563e-03 0.000e+00
1495 -4.736e-03 1.189e-03 -2.839e-03 0.000e+00
1496 -1.848e-03 7.796e-04 2.486e-03 0.000e+00
1497 3.596e-04 2.885e-03 2.568e-03 0.000e+00
1498 -1.773e-03 2.348e-03 1.649e-03 0.000e+00
1499 1.062e-03 -2.790e-03 -2.584e-03 0.000e+00
1500 4.701e-03 -4.463e-03 4.689e-03 0.000e+00
1501 -4.136e-03 6.975e-04 1.000e-03 0.000e+00
1502 -1.606e-03 2.875e-03 3.791e-04 0.000e+00
1503 9.281e-04 -3.271e-03 -3.210e-03 0.000e+00
1504 -3.917e-03 1.706e-03 2.168e-03 0.000e+00
1505 -2.936e-04 3.514e-03 -7.703e-04 0.000e+00
1506 2.154e-03 1.424e-03 -4.055e-03 0.000e+00
1507 -1.103e-04 1.780e-03 -1.481e-03 0.000e+00
1508 1.119e-04 4.391e-03 -4.328e-03 0.000e+00
1509 -6.628e-04 -2.589e-03 1.121e-03 0.000e+00
1510 -1.245e-03 -4.412e-03 5.276e-04 0.000e+00
1511 -6.218e-03 8.079e-04 -7.452e-03 0.000e+00
1512 -1.412e-03 -3.502e-03 -7.968e-03 0.000e+00
1513 -1.963e-03 5.664e-04 -9.270e-04 0.000e+00
1514 2.082e-03 -4.202e-03 -3.027e-03 0.000e+00
1515 -7.492e-04 2.522e-03 -1.610e-03 0.000e+00
1516 -1.228e-03 2.650e-03 -2.557e-03 0.000e+00
1517 -1.198e-03 -3.741e-03 -2.292e-03 0.000e+00
1518 4.502e-04 -4.093e-03 -8.779e-04 0.000e+00
1519 -1.060e-03 1.148e-03 -2.994e-04 0.000e+00
1520 3.025e-04 3.845e-03 -1.200e-04 0.000e+00
1521 -3.966e-03 -2.580e-03 1.797e-03 0.000e+00
1522 4.295e-04 1.908e-03 -5.781e-03 0.000e+00
1523 -1.933e-03 2.092e-03 -3.462e-04 0.000e+00
1524 -6.445e-03 -3.430e-03 1.128e-03 0.000e+00
1525 1.694e-03 -4.059e-03 -2.872e-03 0.000e+00
1526 5.175e-03 1.699e-03 1.288e-03 0.000e+00
1527 4.400e-03 6.739e-05 -4.607e-03 0.000e+00
1528 4.389e-03 6.075e-03 -1.531e-03 9.878e+01
1529 1.796e-03 5.355e-03 2.839e-03 8.169e+00
1530 2.964e-03 -3.968e-03 -6.342e-04 0.000e+00
1531 -1.240e-03 -4.168e-03 4.579e-04 0.000e+00
1532 1.001e-04 1.959e-03 3.368e-03 0.000e+00
1533 7.643e-03 -4.385e-03 -5.902e-05 0.000e+00
1534 -2.666e-03 -3.798e-03 -1.504e-03 0.000e+00
1535 1.105e-03 -4.557e-03 -2.619e-04 0.000e+00
1536 -2.736e-03 2.248e-03 1.443e-04 0.000e+00
1537 -1.727e-03 9.194e-04 8.785e-05 0.000e+00
1538 -1.018e-03 1.700e-03 -1.168e-03 0.000e+00
1539 -1.743e-03 -4.126e-03 1.195e-03 0.000e+00
1540 4.297e-03 -3.858e-03 2.474e-03 0.000e+00
1541 -3.859e-03 -3.348e-03 2.581e-03 0.000e+00
1542 1.776e-05 2.500e-04 -2.177e-03 0.000e+00
1543 3.184e-04 -4.435e-03 -3.558e-03 0.000e+00
1544 5.750e-03 2.260e-04 -3.053e-04 0.000e+00
1545 4.962e-03 9.361e-04 -2.527e-03 0.000e+00
1546 -1.529e-03 -4.018e-03 -2.629e-04 0.000e+00
1547 6.967e-03 4.412e-03 6.417e-03 0.000e+00
1548 4.813e-03 -4.433e-03 -7.370e-04 0.000e+00
1549 -4.449e-03 -3.679e-03 -1.205e-03 0.000e+00
1550 3.179e-03 4.219e-03 -2.044e-03 0.000e+00
1551 4.106e-03 -3.620e-03 -2.733e-03 0.000e+00
1552 1.575e-03 6.062e-03 4.114e-03 9.655e+01
1553 -1.524e-03 2.864e-03 3.015e-03 0.000e+00
1554 2.343e-03 5.391e-04 -1.465e-03 0.000e+00
1555 -7.351e-04 -3.888e-03 -2.892e-03 0.000e+00
1556 6.876e-04 1.578e-03 -1.478e-03 0.000e+00
1557 2.510e-03 -2.355e-03 2.508e-04 0.000e+00
1558 4.189e-04 1.338e-03 -4.481e-03 0.000e+00
1559 -2.804e-04 -4.250e-03 2.147e-03 0.000e+00
1560 -2.709e-03 -1.068e-03 -3.865e-03 0.000e+00
1561 -1.748e-03 -1.027e-03 -3.208e-03 0.000e+00
1562 1.254e-03 5.178e-03 1.407e-03 1.288e+02
1563 7.000e-03 -3.696e-03 2.186e-03 0.000e+00
1564 9.870e-04 -3.960e-03 4.737e-04 0.000e+00
1565 4.478e-03 6.398e-04 1.608e-03 0.000e+00
1566 4.727e-03 4.178e-03 -4.122e-03 0.000e+00
1567 -3.246e-03 -3.462e-03 -1.721e-03 0.000e+00
1568 -2.604e-03 1.867e-03 4.086e-04 0.000e+00
1569 -1.457e-03 6.847e-03 -3.936e-03 4.741e+01
1570 3.906e-03 -8.317e-04 3.776e-04 0.000e+00
1571 5.309e-03 5.743e-04 -1.342e-03 0.000e+00
1572 -1.929e-03 1.944e-03 3.594e-03 0.000e+00
1573 -4.060e-04 -4.321e-03 -3.591e-03 0.000e+00
1574 -4.887e-03 -4.345e-03 3.299e-03 0.000e+00
1575 1.118e-03 1.289e-03 4.120e-03 0.000e+00
1576 1.088e-03 -2.530e-03 6.450e-04 0.000e+00
1577 -1.700e-03 -3.991e-03 -3.475e-03 0.000e+00
1578 -3.075e-03 4.225e-03 -1.453e-03 0.000e+00
1579 -1.090e-03 -9.466e-04 -1.009e-03 0.000e+00
1580 3.256e-03 2.532e-03 5.924e-03 0.000e+00
1581 4.433e-03 -2.635e-03 8.432e-04 0.000e+00
1582 1.489e-03 -5.563e-04 -1.995e-03 0.000e+00
1583 -1.664e-03 2.296e-03 6.430e-03 0.000e+00
1584 -5.085e-03 2.823e-03 9.724e-04 0.000e+00
1585 7.738e-04 -3.808e-03 -1.578e-03 0.000e+00
1586 4.528e-03 -3.505e-03 2.327e-03 0.000e+00
1587 2.941e-03 1.398e-03 1.335e-05 0.000e+00
1588 6.884e-03 1.840e-03 -7.498e-04 0.000e+00
1589 2.269e-03 2.557e-03 6.304e-03 0.000e+00
1590 -5.030e-03 -2.628e-04 -3.289e-04 0.000e+00
1591 -8.996e-04 3.675e-03 1.700e-03 0.000e+00
1592 1.183e-03 2.554e-04 2.567e-04 0.000e+00
1593 3.643e-04 -4.542e-03 2.492e-04 0.000e+00
1594 -1.104e-03 2.232e-04 3.685e-04 0.000e+00
1595 4.466e-04 -4.600e-03 1.184e-03 0.000e+00
1596 3.086e-03 -4.624e-03 -5.198e-04 0.000e+00
1597 5.086e-03 1.201e-03 5.501e-04 0.000e+00
1598 1.860e-03 -3.213e-03 4.535e-05 0.000e+00
1599 -3.792e-04 -1.288e-03 -1.191e-03 0.000e+00
1600 3.811e-03 -4.253e-03 1.018e-03 0.000e+00
1601 -1.650e-03 1.612e-03 -3.883e-03 0.000e+00
1602 -3.853e-03 4.187e-03 2.647e-03 0.000e+00
1603 3.097e-03 -4.316e-03 -4.847e-03 0.000e+00
1604 6.448e-05 3.246e-03 2.253e-03 0.000e+00
1605 7.042e-04 3.885e-03 -1.753e-03 0.000e+00
1606 -4.324e-04 -2.358e-03 6.819e-04 0.000e+00
1607 1.402e-03 -3.429e-03 -5.973e-04 0.000e+00
1608 -2.153e-03 -4.511e-03 2.957e-04 0.000e+00
1609 -1.849e-03 1.514e-03 -2.935e-03 0.000e+00
1610 3.488e-03 -4.306e-03 1.901e-03 0.000e+00
1611 4.728e-03 -3.200e-03 1.990e-03 0.000e+00
1612 -2.356e-03 3.215e-03 5.847e-04 0.000e+00
1613 9.092e-04 7.028e-03 1.078e-03 6.652e+01
1614 2.812e-03 -2.867e-03 1.222e-03 0.000e+00
1615 -3.464e-03 -4.820e-04 2.820e-03 0.000e+00
1616 9.369e-03 2.139e-03 -6.895e-04 0.000e+00
1617 -1.468e-03 3.858e-03 3.053e-03 0.000e+00
1618 1.405e-03 2.239e-03 9.251e-04 0.000e+00
1619 -3.863e-03 -4.579e-03 2.660e-03 0.000e+00
1620 -1.101e-03 -2.847e-03 5.757e-03 0.000e+00
1621 -8.137e-04 1.340e-04 7.549e-04 0.000e+00
1622 2.266e-03 -1.712e-04 -1.896e-03 0.000e+00
1623 8.700e-03 9.899e-04 -2.984e-03 0.000e+00
1624 1.109e-03 -3.765e-03 -3.902e-03 0.000e+00
1625 1.680e-03 2.603e-03 -1.657e-03 0.000e+00
1626 2.633e-04 -3.818e-03 -4.782e-04 0.000e+00
1627 2.498e-03 6.292e-05 -8.700e-04 0.000e+00
1628 4.676e-05 -4.588e-03 -9.337e-04 0.000e+00
1629 -2.038e-03 -1.561e-04 -2.147e-03 0.000e+00
1630 1.888e-03 -4.555e-03 2.209e-03 0.000e+00
1631 3.743e-03 -3.712e-03 4.089e-03 0.000e+00
1632 -1.647e-05 2.336e-03 -2.529e-03 0.000e+00
1633 2.868e-03 2.765e-03 -5.094e-03 0.000e+00
1634 -3.314e-04 -4.040e-03 -1.205e-03 0.000e+00
1635 1.961e-03 -4.129e-03 2.577e-03 0.000e+00
1636 -1.802e-03 -3.162e-03 -6.750e-03 0.000e+00
1637 2.760e-03 4.068e-03 5.976e-03 0.000e+00
1638 -2.155e-03 -4.289e-03 -2.018e-05 0.000e+00
1639 3.892e-03 9.299e-03 2.714e-03 -1.423e+01
1640 3.035e-03 2.655e-03 1.377e-03 0.000e+00
1641 -4.374e-04 -3.775e-03 3.560e-03 0.000e+00
1642 -8.485e-04 8.076e-04 -1.692e-03 0.000e+00
1643 4.666e-04 9.176e-04 5.977e-03 0.000e+00
1644 3.296e-03 2.453e-03 3.772e-03 0.000e+00
1645 -2.621e-03 -3.520e-03 -2.558e-03 0.000e+00
1646 -1.191e-03 4.785e-03 -1.532e-03 1.164e+00
1647 2.125e-03 2.495e-03 -2.302e-03 0.000e+00
1648 2.201e-04 3.539e-03 5.090e-03 0.000e+00
1649 -1.161e-03 3.069e-03 -1.173e-03 0.000e+00
1650 5.788e-03 2.870e-03 2.069e-04 0.000e+00
1651 -7.541e-04 -4.618e-03 -2.582e-03 0.000e+00
1652 -2.491e-03 3.621e-03 6.448e-03 0.000e+00
1653 -1.020e-03 -4.364e-03 3.014e-03 0.000e+00
1654 -2.575e-03 2.939e-03 8.621e-04 0.000e+00
1655 -4.250e-03 -3.665e-03 -2.346e-03 0.000e+00
1656 1.252e-03 -4.453e-03 2.076e-03 0.000e+00
1657 3.853e-03 -4.232e-03 -2.998e-03 0.000e+00
1658 -5.209e-03 -3.751e-03 -4.511e-04 0.000e+00
1659 -4.496e-03 4.591e-03 1.820e-03 0.000e+00
1660 2.097e-03 2.489e-03 4.139e-04 0.000e+00
1661 5.446e-03 -2.868e-04 -1.360e-03 0.000e+00
1662 -7.181e-04 4.540e-03 -1.373e-03 0.000e+00
1663 -7.862e-03 5.134e-04 7.043e-03 0.000e+00
1664 2.785e-05 8.281e-04 4.617e-04 0.000e+00
1665 2.419e-04 5.781e-03 1.897e-03 7.020e+01
1666 -6.168e-03 -4.553e-03 -1.174e-03 0.000e+00
1667 9.701e-04 4.461e-03 4.893e-03 0.000e+00
1668 4.517e-03 7.164e-03 6.038e-04 9.756e+01
1669 -1.273e-03 1.758e-03 -4.474e-03 0.000e+00
1670 -4.402e-03 -2.847e-03 3.510e-03 0.000e+00
1671 4.280e-03 -4.554e-03 -2.334e-03 0.000e+00
1672 2.365e-03 -4.971e-04 3.602e-04 0.000e+00
1673 2.852e-03 2.261e-04 3.034e-03 0.000e+00
1674 2.038e-03 4.971e-04 1.961e-03 0.000e+00
1675 -3.308e-03 6.513e-03 -4.440e-04 -4.297e+01
1676 -9.343e-04 3.563e-04 -3.304e-03 0.000e+00
1677 5.950e-03 -1.064e-03 -4.860e-03 0.000e+00
1678 -2.372e-04 2.259e-03 -3.179e-03 0.000e+00
1679 -6.467e-04 -2.340e-03 3.981e-03 0.000e+00
1680 -3.810e-03 -2.627e-03 3.130e-03 0.000e+00
1681 -3.408e-03 -3.478e-03 3.083e-03 0.000e+00
1682 -1.758e-03 1.297e-03 1.404e-03 0.000e+00
1683 6.997e-04 6.151e-04 -8.892e-06 0.000e+00
1684 -1.364e-04 -2.994e-03 -1.719e-03 0.000e+00
1685 2.528e-03 4.384e-03 -4.044e-03 0.000e+00
1686 1.365e-03 1.321e-03 1.118e-03 0.000e+00
1687 4.556e-03 1.925e-03 -4.676e-04 0.000e+00
1688 -2.305e-04 9.744e-04 -2.413e-04 0.000e+00
1689 -3.322e-03 -3.649e-03 -1.473e-03 0.000e+00
1690 -7.767e-04 1.281e-03 2.481e-03 0.000e+00
1691 3.223e-03 -3.076e-03 -8.154e-06 0.000e+00
1692 -4.474e-03 9.709e-04 2.141e-03 0.000e+00
1693 5.142e-03 1.489e-03 4.420e-03 0.000e+00
1694 3.840e-04 -4.523e-03 9.848e-03 0.000e+00
1695 3.111e-03 5.305e-03 -7.539e-03 -4.341e+01
1696 2.084e-03 8.697e-04 3.803e-03 0.000e+00
1697 1.620e-04 6.055e-03 -7.951e-04 8.009e+01
1698 -5.717e-03 2.681e-04 -6.665e-04 0.000e+00
1699 2.319e-04 1.768e-03 1.664e-03 0.000e+00
1700 2.630e-03 1.206e-03 3.310e-03 0.000e+00
1701 3.623e-03 1.244e-03 -4.127e-03 0.000e+00
1702 1.995e-03 5.041e-03 -1.670e-03 -3.720e+01
1703 -1.992e-03 6.251e-04 -2.384e-03 0.000e+00
1704 3.351e-03 3.236e-03 6.080e-03 0.000e+00
1705 -3.172e-03 -3.814e-03 3.585e-03 0.000e+00
1706 -4.924e-03 -7.496e-04 3.841e-03 0.000e+00
1707 1.380e-03 -6.386e-04 1.966e-03 0.000e+00
1708 4.720e-03 -1.221e-03 2.356e-03 0.000e+00
1709 2.778e-03 -2.525e-03 4.726e-03 0.000e+00
1710 5.383e-03 -4.479e-03 -3.831e-03 0.000e+00
1711 1.950e-03 -3.086e-03 1.539e-03 0.000e+00
1712 1.642e-03 -2.007e-03 8.084e-04 0.000e+00
1713 -7.415e-04 3.362e-03 -1.246e-04 0.000e+00
1714 -6.675e-04 -4.059e-03 1.125e-03 0.000e+00
1715 4.090e-03 -4.091e-03 2.037e-03 0.000e+00
1716 -3.997e-03 1.673e-03 -2.417e-03 0.000e+00
1717 6.594e-03 3.732e-03 1.029e-03 0.000e+00
1718 1.715e-03 1.420e-03 -4.542e-03 0.000e+00
1719 6.834e-04 -3.982e-03 -2.237e-04 0.000e+00
1720 4.983e-04 3.501e-03 -4.823e-03 0.000e+00
1721 3.998e-03 -4.069e-03 3.294e-05 0.000e+00
1722 3.765e-03 -3.076e-03 -6.347e-04 0.000e+00
1723 2.388e-04 -3.780e-03 2.564e-04 0.000e+00
1724 -7.597e-04 4.310e-03 -1.309e-03 0.000e+00
1725 6.179e-03 1.234e-03 -1.298e-05 0.000e+00
1726 2.267e-04 5.688e-03 2.724e-03 1.772e+01
1727 1.761e-03 -3.967e-03 -2.430e-03 0.000e+00
1728 4.624e-04 -3.917e-03 -1.597e-03 0.000e+00
1729 8.739e-04 -3.330e-03 1.584e-03 0.000e+00
1730 -1.788e-03 -3.282e-03 3.197e-03 0.000e+00
1731 2.478e-03 3.829e-04 -3.760e-03 0.000e+00
1732 1.856e-03 1.270e-03 5.791e-04 0.000e+00
1733 -1.308e-03 1.179e-03 -2.840e-03 0.000e+00
1734 1.850e-03 2.029e-03 -2.991e-03 0.000e+00
1735 -4.496e-05 5.723e-03 -1.184e-03 1.256e+02
1736 1.693e-03 -4.350e-03 1.062e-03 0.000e+00
1737 3.185e-03 -7.909e-04 2.962e-03 0.000e+00
1738 2.565e-03 -9.234e-04 -2.219e-03 0.000e+00
1739 2.309e-03 4.201e-04 -4.628e-03 0.000e+00
1740 3.067e-03 2.344e-03 -3.280e-03 0.000e+00
1741 -1.055e-03 -2.027e-03 -3.316e-03 0.000e+00
1742 -1.255e-03 -6.413e-05 4.578e-03 0.000e+00
1743 1.416e-03 -3.972e-03 3.086e-03 0.000e+00
1744 -5.244e-03 2.604e-03 -1.421e-03 0.000e+00
1745 -3.012e-03 2.009e-03 -9.595e-04 0.000e+00
1746 3.656e-04 -2.619e-03 -5.802e-03 0.000e+00
1747 1.723e-03 -4.564e-03 3.945e-03 0.000e+00
1748 -6.541e-03 2.496e-03 4.809e-03 0.000e+00
1749 -5.088e-03 5.156e-03 -2.544e-04 3.719e+00
1750 3.355e-03 5.398e-03 -4.395e-03 8.535e+01
1751 -2.659e-03 -1.206e-04 3.452e-03 0.000e+00
1752 1.198e-03 4.001e-03 -7.875e-04 0.000e+00
1753 3.825e-03 -4.599e-03 -4.857e-03 0.000e+00
1754 -2.433e-03 -4.607e-03 -2.764e-03 0.000e+00
1755 1.611e-03 2.437e-03 7.396e-04 0.000e+00
1756 -8.969e-04 1.601e-03 8.977e-04 0.000e+00
1757 1.725e-03 5.167e-04 -4.581e-03 0.000e+00
1758 2.220e-03 -3.857e-03 1.397e-03 0.000e+00
1759 -6.530e-04 5.246e-03 1.103e-03 -2.797e+01
1760 5.395e-03 2.075e-03 -1.007e-03 0.000e+00
1761 -2.624e-03 -4.413e-03 -3.863e-03 0.000e+00
1762 -2.378e-03 -4.521e-03 6.433e-04 0.000e+00
1763 4.766e-04 -4.077e-03 -3.701e-03 0.000e+00
1764 -4.459e-03 1.646e-03 -2.589e-03 0.000e+00
1765 2.344e-03 1.023e-03 2.320e-03 0.000e+00
1766 1.345e-03 -3.884e-03 1.546e-03 0.000e+00
1767 1.892e-03 -4.478e-03 -2.872e-03 0.000e+00
1768 7.341e-03 -3.355e-03 4.485e-03 0.000e+00
1769 2.795e-04 1.224e-03 -9.158e-03 0.000e+00
1770 -5.881e-04 -4.202e-03 2.846e-03 0.000e+00
1771 2.735e-03 -2.463e-03 5.114e-03 0.000e+00
1772 9.338e-04 -2.860e-03 -4.756e-04 0.000e+00
1773 -2.780e-03 3.629e-03 -1.251e-03 0.000e+00
1774 1.983e-03 -4.575e-03 -5.498e-03 0.000e+00
1775 3.000e-03 2.287e-03 1.880e-04 0.000e+00
1776 -2.302e-03 -3.464e-03 -1.144e-03 0.000e+00
1777 -4.942e-04 2.871e-03 4.374e-03 0.000e+00
1778 5.269e-04 6.266e-03 1.714e-03 4.307e+01
1779 3.623e-03 -2.158e-03 -1.249e-03 0.000e+00
1780 1.091e-03 2.292e-03 5.726e-03 0.000e+00
1781 3.010e-03 3.343e-03 2.278e-05 0.000e+00
1782 5.330e-04 -3.318e-03 1.235e-02 0.000e+00
1783 5.856e-03 7.200e-03 5.788e-03 3.779e+01
1784 -1.264e-03 1.299e-03 2.027e-03 0.000e+00
1785 -4.475e-04 2.035e-03 -5.874e-03 0.000e+00
1786 -2.065e-04 -4.153e-03 2.836e-05 0.000e+00
1787 -4.235e-03 -2.897e-03 -7.619e-04 0.000e+00
1788 2.828e-03 -4.614e-03 4.745e-03 0.000e+00
1789 3.033e-04 -4.295e-03 2.150e-03 0.000e+00
1790 2.907e-03 1.413e-03 4.026e-05 0.000e+00
1791 4.728e-04 -1.405e-04 2.981e-04 0.000e+00
1792 -1.095e-03 1.772e-03 3.798e-03 0.000e+00
1793 -7.552e-05 -7.013e-04 -1.161e-03 0.000e+00
1794 -8.169e-04 3.710e-03 3.881e-03 0.000e+00
1795 8.690e-04 1.217e-03 9.797e-04 0.000e+00
1796 2.012e-03 -1.718e-04 -1.616e-03 0.000e+00
1797 9.390e-04 4.432e-04 -2.984e-03 0.000e+00
1798 6.134e-04 2.173e-03 -5.164e-03 0.000e+00
1799 1.101e-03 -3.893e-03 9.882e-04 0.000e+00
1800 -6.078e-04 -3.847e-03 1.016e-03 0.000e+00
1801 1.660e-03 -4.643e-03 -2.277e-03 0.000e+00
1802 -3.009e-03 -4.248e-03 -4.462e-03 0.000e+00
1803 -1.236e-03 -2.380e-04 -9.840e-04 0.000e+00
1804 3.004e-03 3.133e-03 9.347e-04 0.000e+00
1805 5.899e-04 -3.855e-03 -2.665e-03 0.000e+00
1806 2.360e-05 3.039e-03 -2.024e-03 0.000e+00
1807 7.712e-03 2.289e-03 2.314e-03 0.000e+00
1808 3.517e-03 2.153e-03 8.984e-04 0.000e+00
1809 3.358e-03 1.008e-03 5.056e-03 0.000e+00
1810 -1.904e-04 2.180e-03 3.884e-03 0.000e+00
1811 4.318e-04 4.319e-03 -1.580e-03 0.000e+00
1812 2.833e-03 -3.500e-03 -3.868e-03 0.000e+00
1813 -4.574e-04 -3.844e-03 1.813e-03 0.000e+00
1814 -3.489e-03 6.782e-03 -2.146e-03 1.195e+02
1815 -2.776e-04 -3.540e-03 6.480e-03 0.000e+00
1816 -2.259e-03 -4.404e-03 2.534e-03 0.000e+00
1817 -2.464e-03 -3.022e-04 2.981e-04 0.000e+00
1818 3.451e-04 9.819e-04 -2.402e-03 0.000e+00
1819 3.775e-03 2.339e-03 3.246e-03 0.000e+00
1820 -1.035e-03 4.754e-04 -3.222e-03 0.000e+00
1821 -3.916e-03 -2.796e-05 5.915e-04 0.000e+00
1822 -2.147e-03 2.820e-03 -2.436e-03 0.000e+00
1823 4.406e-03 -4.336e-03 2.196e-03 0.000e+00
1824 -2.462e-03 1.590e-03 -8.595e-04 0.000e+00
1825 1.583e-03 -3.690e-03 -8.480e-04 0.000e+00
1826 -5.760e-03 -3.574e-03 2.962e-03 0.000e+00
1827 -4.020e-03 -3.962e-03 2.147e-03 0.000e+00
1828 1.291e-03 -3.912e-03 3.597e-03 0.000e+00
1829 -4.543e-04 -3.274e-05 -1.851e-03 0.000e+00
1830 9.440e-04 1.436e-03 1.258e-03 0.000e+00
1831 -1.197e-03 1.614e-03 -2.771e-03 0.000e+00
1832 -2.245e-03 -4.357e-03 1.366e-03 0.000e+00
1833 2.361e-05 -2.856e-03 -2.485e-03 0.000e+00
1834 -2.473e-03 6.882e-04 5.510e-03 0.000e+00
1835 -2.261e-03 -3.675e-03 -2.432e-03 0.000e+00
1836 3.091e-03 -4.365e-03 5.909e-04 0.000e+00
1837 -2.918e-03 -9.680e-04 -1.562e-03 0.000e+00
1838 -5.479e-03 1.712e-03 -3.158e-03 0.000e+00
1839 -3.121e-03 2.275e-03 1.831e-03 0.000e+00
1840 8.924e-05 5.156e-05 -7.475e-04 0.000e+00
1841 6.231e-04 -4.237e-03 3.634e-04 0.000e+00
1842 3.976e-03 -3.625e-03 2.844e-03 0.000e+00
1843 4.803e-03 -4.179e-03 1.684e-03 0.000e+00
1844 1.097e-03 -2.274e-04 -2.101e-03 0.000e+00
1845 2.960e-03 -3.153e-03 6.355e-03 0.000e+00
1846 7.625e-04 -3.544e-03 -1.560e-03 0.000e+00
1847 -2.230e-03 -3.483e-03 -1.762e-03 0.000e+00
1848 -3.266e-03 4.627e-03 7.890e-04 0.000e+00
1849 -6.578e-03 -4.189e-03 -3.653e-04 0.000e+00
1850 -3.043e-03 3.849e-04 4.660e-04 0.000e+00
1851 -2.493e-03 1.644e-03 -2.435e-03 0.000e+00
1852 5.516e-03 3.221e-04 -4.295e-03 0.000e+00
1853 -5.904e-03 3.340e-03 -2.121e-03 0.000e+00
1854 -2.173e-03 -4.387e-03 -1.404e-03 0.000e+00
1855 -1.871e-03 5.494e-04 -2.163e-03 0.000e+00
1856 9.538e-04 -2.204e-03 -1.376e-03 0.000e+00
1857 1.066e-03 1.105e-03 -8.800e-04 0.000e+00
1858 -5.053e-03 1.374e-03 -3.479e-03 0.000e+00
1859 -1.909e-03 -3.117e-03 -1.541e-03 0.000e+00
1860 1.651e-03 3.881e-03 5.760e-03 0.000e+00
1861 -2.773e-03 -3.197e-03 -4.760e-03 0.000e+00
1862 1.357e-03 -3.921e-03 -4.541e-04 0.000e+00
1863 -6.758e-04 -3.999e-03 2.118e-03 0.000e+00
1864 4.764e-03 1.310e-03 2.269e-03 0.000e+00
1865 1.307e-03 1.139e-03 -2.188e-03 0.000e+00
1866 4.139e-03 -4.338e-03 5.104e-03 0.000e+00
1867 -6.025e-03 2.045e-03 -1.786e-03 0.000e+00
1868 1.339e-03 -4.288e-03 2.406e-03 0.000e+00
1869 -4.076e-03 -8.993e-05 -2.112e-03 0.000e+00
1870 1.444e-03 1.039e-03 3.198e-03 0.000e+00
1871 -3.088e-03 1.051e-03 2.375e-05 0.000e+00
1872 -5.184e-03 -4.481e-03 5.657e-04 0.000e+00
1873 -4.825e-03 -4.249e-03 6.716e-03 0.000e+00
1874 4.870e-03 1.000e-03 -9.660e-04 0.000e+00
1875 -3.445e-03 1.995e-03 8.552e-04 0.000e+00
1876 3.449e-03 -4.511e-03 3.278e-03 0.000e+00
1877 1.108e-03 1.984e-04 -6.006e-04 0.000e+00
1878 1.563e-04 1.710e-03 -1.767e-03 0.000e+00
1879 5.047e-04 9.384e-04 -4.393e-04 0.000e+00
1880 -1.582e-04 -2.958e-03 -2.736e-03 0.000e+00
1881 -2.472e-04 -3.146e-03 7.589e-04 0.000e+00
1882 -2.019e-03 -6.852e-04 -2.983e-04 0.000e+00
1883 2.468e-03 1.646e-03 3.639e-04 0.000e+00
1884 -5.939e-03 -8.660e-04 5.257e-04 0.000e+00
1885 -5.264e-04 1.760e-03 -1.620e-03 0.000e+00
1886 -2.712e-03 2.415e-03 4.711e-04 0.000e+00
1887 2.421e-03 1.614e-04 -4.169e-03 0.000e+00
1888 -1.849e-03 -4.312e-03 -3.210e-03 0.000e+00
1889 3.629e-03 -3.538e-03 -2.703e-03 0.000e+00
1890 3.457e-03 -4.355e-03 -7.483e-04 0.000e+00
1891 8.768e-04 1.117e-03 1.483e-03 0.000e+00
1892 -3.173e-03 -3.195e-03 -3.055e-03 0.000e+00
1893 -5.803e-04 -1.924e-04 2.808e-03 0.000e+00
1894 2.548e-03 -3.303e-03 9.774e-04 0.000e+00
1895 -2.464e-04 1.195e-03 7.388e-04 0.000e+00
1896 -4.965e-05 -3.742e-03 1.895e-03 0.000e+00
1897 -2.138e-03 -4.590e-03 -8.086e-04 0.000e+00
1898 -2.126e-03 -3.878e-03 -4.936e-03 0.000e+00
1899 -1.049e-03 -4.520e-03 -2.911e-03 0.000e+00
1900 -1.830e-03 -4.348e-03 3.113e-03 0.000e+00
1901 3.644e-04 4.670e-03 6.612e-04 0.000e+00
1902 1.548e-03 -5.152e-04 -1.902e-03 0.000e+00
1903 -4.139e-03 2.441e-03 -1.430e-03 0.000e+00
1904 -4.320e-03 -4.634e-03 7.616e-04 0.000e+00
1905 2.512e-03 2.528e-03 4.532e-03 0.000e+00
1906 -3.940e-03 5.972e-04 1.464e-03 0.000e+00
1907 1.235e-03 -4.438e-03 6.833e-04 0.000e+00
1908 -6.093e-03 -4.326e-03 2.420e-03 0.000e+00
1909 8.695e-05 3.312e-04 3.034e-03 0.000e+00
1910 2.178e-03 -1.781e-03 8.910e-04 0.000e+00
1911 -2.808e-03 -3.876e-03 -1.744e-03 0.000e+00
1912 1.952e-03 3.982e-03 -3.623e-03 0.000e+00
1913 -6.400e-04 2.031e-03 -3.853e-04 0.000e+00
1914 2.478e-03 -2.403e-03 1.964e-03 0.000e+00
1915 -1.197e-03 -2.866e-03 1.718e-04 0.000e+00
1916 -3.611e-03 -3.847e-03 -5.004e-04 0.000e+00
1917 6.908e-04 6.674e-03 2.362e-04 -8.354e+00
1918 -1.801e-03 3.514e-03 -9.812e-05 0.000e+00
1919 -1.892e-03 -2.751e-03 -2.854e-03 0.000e+00
1920 -5.234e-03 -3.589e-03 4.728e-03 0.000e+00
1921 1.160e-03 3.370e-03 -2.867e-03 0.000e+00
1922 -1.982e-03 4.939e-03 8.788e-04 2.581e+01
1923 -2.971e-03 -4.047e-03 2.274e-03 0.000e+00
1924 -4.122e-03 -4.416e-03 -7.802e-04 0.000e+00
1925 1.953e-03 1.674e-04 4.114e-04 0.000e+00
1926 1.496e-03 4.756e-03 -5.324e-03 0.000e+00
1927 -4.525e-03 5.534e-03 1.784e-03 3.976e+01
1928 -3.356e-03 -1.118e-03 6.553e-03 0.000e+00
1929 -4.241e-04 2.496e-03 -1.827e-03 0.000e+00
1930 1.687e-03 -4.074e-03 8.749e-04 0.000e+00
1931 3.311e-04 -4.118e-03 -4.375e-04 0.000e+00
1932 6.190e-04 -4.213e-03 5.875e-04 0.000e+00
1933 -8.224e-04 1.239e-03 1.782e-03 0.000e+00
1934 4.270e-06 3.282e-04 2.917e-03 0.000e+00
1935 1.519e-04 -4.199e-03 2.191e-03 0.000e+00
1936 6.452e-03 -4.248e-03 3.592e-04 0.000e+00
1937 5.658e-04 3.517e-03 2.652e-03 0.000e+00
1938 -1.813e-03 -4.571e-03 -1.029e-03 0.000e+00
1939 -1.583e-03 -7.221e-04 -4.870e-04 0.000e+00
1940 -3.998e-03 6.600e-04 -2.739e-04 0.000e+00
1941 1.552e-04 -3.474e-03 2.240e-03 0.000e+00
1942 -2.216e-03 2.998e-03 4.753e-04 0.000e+00
1943 -1.514e-03 -4.394e-03 -1.723e-03 0.000e+00
1944 -3.298e-03 2.945e-03 -4.835e-04 0.000e+00
1945 3.629e-03 3.647e-03 7.558e-03 0.000e+00
1946 4.066e-04 3.407e-03 6.476e-04 0.000e+00
1947 -2.204e-03 -2.819e-03 1.969e-03 0.000e+00
1948 -2.059e-03 -3.856e-03 -4.254e-03 0.000e+00
1949 3.759e-04 2.741e-03 -3.562e-04 0.000e+00
1950 9.736e-04 -4.033e-03 2.695e-03 0.000e+00
1951 -7.669e-04 2.722e-03 1.023e-03 0.000e+00
1952 -3.809e-03 8.247e-04 1.292e-03 0.000e+00
1953 -1.064e-03 3.671e-03 7.582e-03 0.000e+00
1954 -1.043e-03 -4.395e-03 4.383e-04 0.000e+00
1955 2.595e-03 1.753e-03 -3.164e-03 0.000e+00
1956 4.433e-04 -2.147e-03 -9.806e-04 0.000e+00
1957 0.000e+00 -3.408e-03 -1.439e-03 0.000e+00
1958 1.412e-03 -1.936e-04 2.056e-03 0.000e+00
1959 2.134e-03 1.854e-05 1.293e-03 0.000e+00
1960 -1.905e-04 4.512e-04 2.214e-03 0.000e+00
1961 1.037e-03 -4.526e-03 7.782e-04 0.000e+00
1962 -7.335e-03 -3.144e-03 -4.010e-03 0.000e+00
1963 -4.620e-03 -2.568e-03 4.853e-03 0.000e+00
1964 -2.489e-03 3.264e-03 0.000e+00 0.000e+00
1965 -2.066e-03 1.661e-03 5.660e-03 0.000e+00
1966 8.824e-04 -4.233e-03 1.297e-03 0.000e+00
1967 -3.236e-03 4.401e-03 -2.030e-03 0.000e+00
1968 3.661e-03 -3.604e-03 -3.037e-03 0.000e+00
1969 -5.490e-03 -3.314e-03 2.714e-03 0.000e+00
1970 2.721e-03 2.531e-03 1.970e-03 0.000e+00
1971 -2.552e-03 -5.620e-04 1.681e-03 0.000e+00
1972 -5.917e-03 -2.363e-03 -1.951e-03 0.000e+00
1973 5.938e-04 -1.311e-03 7.514e-03 0.000e+00
1974 -1.850e-03 -4.263e-03 8.217e-03 0.000e+00
1975 -4.427e-03 -3.173e-03 -3.183e-03 0.000e+00
1976 -1.030e-03 1.127e-04 -3.243e-04 0.000e+00
1977 -1.231e-03 -3.201e-03 -4.673e-03 0.000e+00
1978 8.597e-04 1.972e-03 -3.765e-03 0.000e+00
1979 -7.149e-03 1.211e-03 -1.891e-03 0.000e+00
1980 5.534e-03 -4.386e-03 7.014e-03 0.000e+00
1981 -1.374e-03 -3.035e-03 -4.231e-03 0.000e+00
1982 3.649e-04 4.378e-04 2.684e-04 0.000e+00
1983 -7.323e-03 1.462e-03 3.651e-03 0.000e+00
1984 -2.344e-03 -3.553e-03 3.967e-03 0.000e+00
1985 1.018e-03 -3.088e-03 -8.079e-04 0.000e+00
1986 -2.807e-03 3.073e-03 -4.515e-03 0.000e+00
1987 -3.847e-03 -3.037e-03 9.689e-03 0.000e+00
1988 -1.226e-03 -9.721e-04 1.515e-03 0.000e+00
1989 -4.925e-04 1.380e-03 7.638e-05 0.000e+00
1990 -1.860e-03 2.817e-03 -1.888e-03 0.000e+00
1991 -3.908e-03 1.512e-03 2.057e-03 0.000e+00
1992 -1.787e-03 1.446e-03 -8.574e-04 0.000e+00
1993 -2.767e-03 2.467e-03 2.316e-03 0.000e+00
1994 3.796e-03 2.094e-03 1.089e-03 0.000e+00
1995 4.544e-03 -3.374e-03 -4.297e-05 0.000e+00
1996 -6.138e-04 -2.760e-03 -1.935e-03 0.000e+00
1997 -3.733e-03 -4.165e-05 7.455e-04 0.000e+00
1998 -1.526e-03 6.188e-05 -1.320e-03 0.000e+00
1999 9.354e-04 1.216e-03 -5.743e-03 0.000e+00
2000 -4.755e-03 -3.192e-03 9.903e-04 0.000e+00
2001 2.263e-03 2.519e-03 -6.968e-04 0.000e+00
2002 2.175e-04 -8.625e-04 3.549e-03 0.000e+00
2003 4.363e-03 -3.670e-03 4.307e-04 0.000e+00
2004 -9.070e-03 3.729e-03 -4.014e-03 0.000e+00
2005 3.133e-04 -3.681e-03 -9.147e-04 0.000e+00
2006 -7.287e-03 -6.875e-04 9.189e-04 0.000e+00
2007 -1.942e-03 2.572e-03 3.826e-03 0.000e+00
2008 -5.442e-03 2.867e-03 1.087e-03 0.000e+00
2009 -4.278e-05 -3.761e-03 3.089e-04 0.000e+00
2010 -1.601e-03 -4.206e-03 2.380e-03 0.000e+00
2011 -3.233e-03 4.484e-03 -1.677e-03 0.000e+00
2012 -1.458e-03 -2.754e-03 -9.156e-04 0.000e+00
2013 2.298e-03 5.428e-04 5.607e-03 0.000e+00
2014 2.760e-03 -3.954e-03 -1.883e-03 0.000e+00
2015 -6.903e-03 2.388e-03 -4.871e-04 0.000e+00
2016 -1.021e-03 -3.825e-03 -1.164e-03 0.000e+00
2017 1.072e-04 -3.050e-03 -1.029e-03 0.000e+00
2018 1.616e-03 1.354e-03 6.476e-03 0.000e+00
2019 5.559e-03 -3.717e-03 4.111e-03 0.000e+00
2020 -7.727e-04 3.867e-03 2.539e-03 0.000e+00
2021 -5.479e-03 2.198e-03 -2.756e-03 0.000e+00
2022 -6.785e-03 -3.187e-03 -1.290e-03 0.000e+00
2023 -8.578e-04 -3.929e-03 -1.585e-03 0.000e+00
2024 -3.387e-03 2.073e-03 -1.539e-03 0.000e+00
2025 2.837e-03 2.564e-03 1.398e-03 0.000e+00
2026 1.383e-03 -4.021e-03 3.641e-04 0.000e+00
2027 9.996e-04 -2.109e-04 -1.514e-03 0.000e+00
2028 -4.221e-03 1.713e-03 1.645e-03 0.000e+00
2029 2.195e-03 1.804e-03 -2.857e-03 0.000e+00
2030 -8.092e-04 7.631e-04 2.395e-03 0.000e+00
2031 2.738e-03 7.907e-04 -9.282e-05 0.000e+00
2032 1.511e-03 -2.740e-03 -3.590e-03 0.000e+00
2033 -3.637e-03 2.636e-03 3.360e-03 0.000e+00
2034 -6.472e-03 5.704e-03 2.446e-03 2.185e+01
2035 -4.314e-03 -2.620e-03 -1.394e-04 0.000e+00
2036 -3.663e-03 1.086e-03 1.639e-03 0.000e+00
2037 -4.397e-03 1.041e-03 -1.488e-03 0.000e+00
2038 8.121e-04 1.263e-03 -3.191e-03 0.000e+00
2039 -8.162e-06 3.836e-03 1.361e-03 0.000e+00
2040 -6.755e-04 3.534e-03 -2.168e-04 0.000e+00
2041 4.603e-04 5.297e-03 2.433e-03 9.480e+01
2042 -1.026e-03 7.105e-04 2.092e-03 0.000e+00
2043 4.481e-03 4.871e-03 -1.629e-03 3.428e+01
2044 -2.177e-03 -3.598e-03 4.144e-03 0.000e+00
2045 3.037e-04 2.876e-03 -5.601e-03 0.000e+00
2046 -1.873e-03 -4.495e-03 6.575e-04 0.000e+00
2047 -2.571e-03 -4.173e-04 1.357e-03 0.000e+00
