Bin I L V PA
0 6.517e-05 1.640e-04 -8.726e-05 0.000e+00
1 2.543e-04 3.329e-04 4.733e-04 0.000e+00
2 7.550e-04 4.352e-04 -3.782e-04 0.000e+00
3 8.267e-04 -9.946e-04 -4.520e-05 0.000e+00
4 -6.665e-05 1.839e-04 6.891e-04 0.000e+00
5 1.382e-03 -4.830e-04 -6.458e-04 0.000e+00
6 5.295e-04 -6.821e-04 1.889e-04 0.000e+00
7 2.229e-04 7.833e-04 2.784e-04 0.000e+00
8 -4.017e-04 2.568e-04 -2.185e-06 0.000e+00
9 -2.696e-04 -9.548e-04 1.548e-04 0.000e+00
10 4.189e-04 -9.667e-04 5.249e-04 0.000e+00
11 -1.714e-05 -7.541e-04 -2.916e-04 0.000e+00
12 -1.206e-03 2.195e-04 -1.570e-04 0.000e+00
13 -4.538e-04 8.364e-05 1.007e-03 0.000e+00
14 4.119e-04 -7.441e-07 5.123e-04 0.000e+00
15 1.396e-03 -6.790e-04 -9.951e-04 0.000e+00
16 1.551e-04 8.121e-04 -6.762e-04 0.000e+00
17 -1.060e-03 1.296e-03 1.359e-04 3.265e+01
18 1.689e-03 3.689e-04 -3.034e-04 0.000e+00
19 3.073e-04 -9.333e-04 -1.249e-03 0.000e+00
20 8.240e-05 -9.676e-04 -7.473e-05 0.000e+00
21 -3.493e-04 -1.005e-03 -8.500e-04 0.000e+00
22 1.037e-03 -6.370e-05 -2.024e-04 0.000e+00
23 6.106e-04 7.684e-04 -3.588e-04 0.000e+00
24 2.020e-04 5.325e-04 1.228e-04 0.000e+00
25 1.083e-03 -3.947e-05 -9.304e-05 0.000e+00
26 3.168e-04 -9.794e-04 1.613e-04 0.000e+00
27 4.772e-04 1.438e-03 1.441e-05 -1.909e+01
28 -5.857e-04 4.756e-04 9.098e-04 0.000e+00
29 1.117e-03 6.399e-04 -6.023e-04 0.000e+00
30 5.739e-04 -9.057e-04 -2.802e-05 0.000e+00
31 1.325e-03 -6.941e-04 4.526e-04 0.000e+00
32 3.525e-04 -6.948e-04 -4.960e-04 0.000e+00
33 -6.181e-04 3.366e-04 -9.639e-04 0.000e+00
34 2.629e-04 6.360e-04 -7.902e-05 0.000e+00
35 -1.482e-03 3.162e-04 -1.740e-04 0.000e+00
36 5.345e-04 3.549e-04 1.704e-04 0.000e+00
37 -6.568e-04 7.967e-04 -7.428e-04 0.000e+00
38 -1.165e-03 5.513e-04 4.729e-04 0.000e+00
39 -7.787e-04 4.584e-04 -4.595e-04 0.000e+00
40 2.903e-04 -8.119e-04 -1.539e-03 0.000e+00
41 5.983e-04 6.767e-04 4.917e-04 0.000e+00
42 3.598e-06 -7.488e-04 1.505e-03 0.000e+00
43 3.700e-05 -9.082e-04 -8.255e-04 0.000e+00
44 2.866e-05 7.634e-04 3.258e-04 0.000e+00
45 5.776e-04 6.287e-05 9.445e-04 0.000e+00
46 4.296e-06 2.762e-04 5.902e-04 0.000e+00
47 -7.132e-05 3.467e-04 -4.426e-04 0.000e+00
48 7.742e-04 4.913e-04 5.237e-04 0.000e+00
49 3.977e-04 -8.075e-04 -4.783e-05 0.000e+00
50 -8.384e-06 -7.235e-04 -3.216e-04 0.000e+00
51 -4.005e-04 -8.591e-04 -9.882e-04 0.000e+00
52 -1.206e-03 -4.588e-04 3.631e-04 0.000e+00
53 1.553e-04 -8.049e-04 -1.190e-04 0.000e+00
54 3.659e-05 -7.549e-04 -6.934e-04 0.000e+00
55 -2.445e-04 -6.433e-05 7.362e-04 0.000e+00
56 -1.042e-03 -9.096e-04 8.631e-05 0.000e+00
57 2.008e-04 -7.465e-04 2.306e-04 0.000e+00
58 -1.823e-04 -9.089e-04 -5.803e-04 0.000e+00
59 -9.791e-04 3.581e-04 2.495e-04 0.000e+00
60 8.515e-04 -8.697e-04 -8.509e-05 0.000e+00
61 -3.066e-04 -9.309e-04 7.023e-04 0.000e+00
62 3.649e-04 1.007e-03 -8.840e-04 0.000e+00
63 -7.248e-04 -8.206e-04 1.312e-03 0.000e+00
64 -4.341e-04 -7.900e-04 2.716e-04 0.000e+00
65 3.581e-04 1.046e-03 6.329e-05 3.893e+01
66 3.979e-04 1.011e-03 -4.452e-04 0.000e+00
67 -3.102e-04 -9.586e-04 7.923e-04 0.000e+00
68 -8.834e-04 -9.915e-04 3.648e-04 0.000e+00
69 5.049e-05 -9.582e-04 -1.512e-03 0.000e+00
70 -6.818e-04 3.974e-04 -1.688e-04 0.000e+00
71 1.084e-03 9.050e-04 -2.028e-04 0.000e+00
72 -1.422e-03 -8.564e-04 7.260e-04 0.000e+00
73 4.341e-04 1.950e-04 -8.024e-05 0.000e+00
74 -7.125e-04 5.088e-04 4.859e-04 0.000e+00
75 4.451e-05 -9.959e-04 -7.181e-04 0.000e+00
76 -6.311e-06 -8.956e-04 -4.283e-04 0.000e+00
77 -6.364e-04 -9.648e-04 -4.806e-04 0.000e+00
78 1.089e-03 6.127e-04 -6.670e-04 0.000e+00
79 5.534e-04 -7.421e-04 1.293e-04 0.000e+00
80 -1.717e-04 -7.939e-04 4.869e-04 0.000e+00
81 -5.320e-05 -1.005e-03 4.550e-05 0.000e+00
82 -9.700e-04 2.545e-04 -8.516e-04 0.000e+00
83 -5.185e-04 -7.764e-04 2.264e-04 0.000e+00
84 2.240e-04 1.574e-04 5.384e-04 0.000e+00
85 -6.104e-04 -6.219e-04 -7.547e-04 0.000e+00
86 -1.929e-04 6.516e-04 1.069e-03 0.000e+00
87 -1.083e-03 4.819e-04 4.033e-05 0.000e+00
88 -7.438e-04 4.220e-04 -1.455e-03 0.000e+00
89 1.126e-04 -6.745e-04 -1.402e-04 0.000e+00
90 6.807e-05 -8.302e-04 -1.435e-04 0.000e+00
91 -9.247e-04 1.371e-04 -3.879e-05 0.000e+00
92 1.910e-04 -7.668e-04 1.333e-03 0.000e+00
93 -1.924e-04 -8.891e-04 -1.196e-03 0.000e+00
94 4.319e-04 -8.817e-04 5.743e-04 0.000e+00
95 7.492e-05 -1.004e-05 -2.991e-04 0.000e+00
96 -1.953e-05 7.030e-04 5.890e-04 0.000e+00
97 1.798e-04 -6.467e-04 -7.378e-05 0.000e+00
98 9.504e-05 -8.297e-04 2.193e-04 0.000e+00
99 -4.887e-04 -1.012e-03 2.737e-04 0.000e+00
100 -6.648e-04 2.228e-04 4.942e-04 0.000e+00
101 -1.253e-03 6.264e-04 7.290e-04 0.000e+00
102 3.361e-04 4.543e-05 -9.019e-04 0.000e+00
103 -1.390e-07 -1.047e-04 -3.487e-04 0.000e+00
104 -6.033e-04 -6.629e-04 8.476e-04 0.000e+00
105 -7.401e-04 1.021e-03 4.576e-04 3.811e+01
106 -5.367e-06 8.632e-04 -1.300e-04 0.000e+00
107 1.032e-03 -4.920e-04 -1.217e-04 0.000e+00
108 -5.803e-04 -9.803e-05 -6.206e-05 0.000e+00
109 -3.951e-04 -9.210e-04 3.270e-04 0.000e+00
110 1.151e-03 -9.828e-04 -2.525e-04 0.000e+00
111 7.405e-04 2.466e-04 -1.782e-04 0.000e+00
112 1.693e-04 1.808e-03 -3.177e-04 -6.630e+01
113 -1.392e-04 8.565e-04 -7.461e-04 0.000e+00
114 3.211e-04 5.488e-04 9.839e-05 0.000e+00
115 -1.663e-04 -5.472e-05 7.761e-04 0.000e+00
116 -9.076e-04 2.247e-04 -4.715e-04 0.000e+00
117 -5.742e-04 3.107e-04 -6.800e-04 0.000e+00
118 -1.811e-04 3.292e-04 6.820e-04 0.000e+00
119 4.755e-04 -6.722e-05 2.030e-04 0.000e+00
120 -7.302e-04 -5.501e-05 -3.180e-04 0.000e+00
121 -3.598e-04 -7.340e-04 -7.571e-06 0.000e+00
122 -2.458e-04 8.155e-04 1.127e-03 0.000e+00
123 -8.705e-04 -4.554e-04 4.269e-04 0.000e+00
124 -5.098e-04 -1.010e-03 -5.523e-04 0.000e+00
125 5.536e-04 1.220e-03 8.332e-04 -4.479e+01
126 -2.192e-04 2.733e-04 -3.037e-04 0.000e+00
127 1.410e-03 -5.021e-04 2.528e-05 0.000e+00
128 6.106e-04 -7.541e-05 -7.020e-04 0.000e+00
129 -9.677e-04 -8.245e-04 1.112e-04 0.000e+00
130 7.224e-04 -1.009e-03 -1.855e-03 0.000e+00
131 5.127e-04 -8.869e-04 6.068e-04 0.000e+00
132 -5.883e-04 -7.970e-04 -2.578e-04 0.000e+00
133 -2.475e-04 -1.039e-04 -1.271e-03 0.000e+00
134 1.030e-03 5.629e-04 -9.808e-04 0.000e+00
135 -3.065e-04 1.678e-04 5.694e-04 0.000e+00
136 -2.713e-04 7.048e-04 4.393e-04 0.000e+00
137 -1.750e-04 3.437e-04 -4.770e-04 0.000e+00
138 4.360e-04 -9.819e-04 4.090e-04 0.000e+00
139 6.073e-04 -9.002e-04 3.544e-04 0.000e+00
140 7.000e-04 -7.383e-04 -2.522e-04 0.000e+00
141 -6.932e-05 6.730e-04 -1.066e-03 0.000e+00
142 4.211e-06 -8.646e-04 8.326e-04 0.000e+00
143 -8.138e-04 -1.969e-04 -3.176e-06 0.000e+00
144 -1.131e-03 1.578e-03 -4.229e-04 -2.651e+01
145 1.316e-03 -9.833e-04 -9.915e-04 0.000e+00
146 1.358e-03 -9.902e-04 1.750e-04 0.000e+00
147 -4.564e-04 -1.057e-04 5.506e-05 0.000e+00
148 7.181e-05 7.920e-04 -6.183e-05 0.000e+00
149 4.112e-04 3.614e-04 3.916e-04 0.000e+00
150 -4.337e-04 -5.089e-04 6.962e-04 0.000e+00
151 7.443e-04 8.027e-04 -1.671e-03 0.000e+00
152 -7.086e-04 6.806e-04 1.046e-03 0.000e+00
153 -1.480e-04 -6.416e-04 5.803e-04 0.000e+00
154 1.316e-03 2.685e-04 1.104e-03 0.000e+00
155 1.054e-03 3.348e-04 1.205e-03 0.000e+00
156 1.486e-03 -9.937e-04 4.378e-04 0.000e+00
157 6.550e-04 -7.848e-04 -6.153e-04 0.000e+00
158 2.682e-04 4.098e-04 5.990e-05 0.000e+00
159 1.055e-03 2.543e-04 1.382e-03 0.000e+00
160 -3.446e-04 1.450e-04 1.841e-04 0.000e+00
161 -8.399e-04 -7.451e-04 2.522e-04 0.000e+00
162 4.619e-04 -8.946e-04 9.306e-04 0.000e+00
163 3.808e-04 1.321e-03 -3.989e-05 -8.569e+01
164 7.709e-04 -2.634e-04 -7.067e-04 0.000e+00
165 6.321e-04 1.197e-03 -3.009e-04 -7.142e+01
166 -9.336e-04 1.453e-04 9.447e-04 0.000e+00
167 3.692e-04 -9.475e-04 -2.558e-04 0.000e+00
168 8.205e-05 -7.799e-04 -7.802e-04 0.000e+00
169 3.583e-05 -9.319e-04 -4.139e-04 0.000e+00
170 -2.911e-05 1.434e-03 -1.249e-04 -6.218e+01
171 -1.537e-03 7.256e-05 -1.972e-04 0.000e+00
172 -3.115e-04 -6.418e-04 -1.405e-03 0.000e+00
173 -1.061e-03 -2.404e-04 4.668e-04 0.000e+00
174 -1.414e-03 2.834e-04 -4.663e-04 0.000e+00
175 8.939e-04 -1.323e-04 -2.980e-04 0.000e+00
176 9.797e-04 3.568e-04 1.931e-04 0.000e+00
177 1.206e-03 9.193e-04 7.346e-04 0.000e+00
178 1.111e-03 -9.451e-04 6.603e-04 0.000e+00
179 -1.206e-04 -8.667e-04 -3.062e-04 0.000e+00
180 1.689e-04 1.913e-05 -4.585e-05 0.000e+00
181 -8.541e-05 -9.090e-04 2.262e-05 0.000e+00
182 -6.817e-04 1.343e-03 -4.165e-04 4.043e+01
183 -5.839e-04 8.759e-04 -3.076e-04 0.000e+00
184 8.129e-04 5.044e-04 -2.441e-04 0.000e+00
185 3.705e-04 -1.611e-04 -2.753e-05 0.000e+00
186 -7.613e-04 3.330e-04 -4.784e-04 0.000e+00
187 1.561e-04 2.502e-04 2.389e-04 0.000e+00
188 2.796e-04 1.905e-04 6.836e-04 0.000e+00
189 5.933e-04 -6.901e-04 -4.870e-04 0.000e+00
190 -1.097e-03 4.980e-04 -3.751e-04 0.000e+00
191 -8.423e-04 3.480e-04 -3.454e-04 0.000e+00
192 -1.253e-04 -7.358e-04 1.182e-03 0.000e+00
193 -9.706e-06 8.758e-04 1.923e-04 0.000e+00
194 6.351e-04 -5.716e-04 -7.231e-04 0.000e+00
195 5.193e-04 1.132e-04 -4.856e-05 0.000e+00
196 -2.384e-04 -7.454e-04 -5.473e-04 0.000e+00
197 2.914e-05 5.705e-04 8.679e-05 0.000e+00
198 1.563e-04 -4.878e-04 1.683e-04 0.000e+00
199 -5.052e-04 4.200e-04 -6.633e-04 0.000e+00
200 -2.554e-04 -5.984e-05 -4.641e-05 0.000e+00
201 -5.533e-04 1.179e-03 -9.872e-05 6.043e+01
202 4.995e-05 -9.345e-04 -1.066e-03 0.000e+00
203 -8.241e-04 -4.608e-05 -6.692e-04 0.000e+00
204 8.731e-04 3.788e-04 -3.631e-04 0.000e+00
205 -2.164e-04 2.623e-04 6.635e-04 0.000e+00
206 4.299e-04 7.438e-04 -5.302e-04 0.000e+00
207 5.618e-04 -7.821e-04 -3.249e-04 0.000e+00
208 1.029e-04 4.123e-04 8.029e-04 0.000e+00
209 -1.167e-03 1.214e-04 1.200e-04 0.000e+00
210 6.310e-04 -8.875e-04 7.104e-04 0.000e+00
211 -4.056e-04 5.276e-04 -5.318e-04 0.000e+00
212 7.174e-04 1.067e-03 -3.114e-04 -4.099e+01
213 -8.841e-04 1.166e-04 1.714e-04 0.000e+00
214 9.727e-06 -5.662e-04 1.361e-03 0.000e+00
215 4.776e-04 3.050e-04 5.493e-04 0.000e+00
216 -2.494e-04 2.548e-04 -1.399e-03 0.000e+00
217 5.010e-04 -7.439e-04 5.548e-04 0.000e+00
218 -5.210e-04 2.519e-03 -1.215e-03 -5.963e+01
219 -8.250e-04 -8.936e-04 6.613e-04 0.000e+00
220 7.857e-04 -8.978e-04 1.106e-03 0.000e+00
221 4.417e-04 -9.988e-04 -2.390e-04 0.000e+00
222 -3.276e-04 1.407e-03 7.620e-04 -7.340e+01
223 -6.132e-04 3.224e-04 -2.377e-04 0.000e+00
224 -4.105e-04 1.057e-03 -1.109e-03 -8.027e+01
225 -6.728e-04 6.888e-04 3.802e-04 0.000e+00
226 -5.080e-04 1.288e-03 4.173e-04 -2.231e+01
227 1.069e-03 -7.374e-04 -6.070e-04 0.000e+00
228 2.981e-04 3.796e-04 -7.089e-04 0.000e+00
229 -4.899e-04 2.364e-04 -4.770e-04 0.000e+00
230 7.047e-04 -6.369e-04 -1.025e-03 0.000e+00
231 -2.265e-04 4.515e-04 -5.090e-04 0.000e+00
232 -7.077e-04 -5.283e-04 9.955e-05 0.000e+00
233 -1.542e-03 4.053e-04 1.052e-03 0.000e+00
234 -1.113e-04 2.785e-04 -7.015e-05 0.000e+00
235 -1.784e-04 1.482e-04 -4.503e-04 0.000e+00
236 8.513e-04 -9.884e-04 6.065e-05 0.000e+00
237 -1.296e-04 -9.740e-04 7.407e-04 0.000e+00
238 -1.823e-05 1.270e-03 -1.099e-04 -6.364e+01
239 1.248e-03 -5.411e-04 6.306e-04 0.000e+00
240 -2.674e-05 -7.438e-04 1.593e-04 0.000e+00
241 1.648e-04 3.743e-04 8.942e-04 0.000e+00
242 4.026e-04 -7.716e-04 -2.241e-04 0.000e+00
243 -4.987e-04 -8.980e-04 1.169e-04 0.000e+00
244 2.785e-04 1.265e-03 9.909e-04 7.121e+01
245 -6.669e-04 1.205e-03 2.984e-04 3.225e+01
246 2.089e-04 -8.248e-04 2.355e-04 0.000e+00
247 8.968e-04 -6.338e-04 2.645e-04 0.000e+00
248 -3.719e-04 -7.909e-04 1.024e-03 0.000e+00
249 -3.061e-04 2.451e-04 5.017e-04 0.000e+00
250 2.336e-04 -8.278e-04 -2.147e-04 0.000e+00
251 9.448e-04 -1.421e-04 2.119e-04 0.000e+00
252 -5.984e-04 2.810e-04 1.046e-03 0.000e+00
253 -4.582e-04 6.139e-04 1.826e-05 0.000e+00
254 -5.042e-04 4.011e-04 -5.121e-04 0.000e+00
255 -7.328e-04 1.981e-04 -9.803e-04 0.000e+00
256 2.089e-04 -1.838e-04 5.536e-04 0.000e+00
257 1.986e-04 -8.259e-04 4.068e-04 0.000e+00
258 -7.177e-05 3.005e-04 2.925e-04 0.000e+00
259 2.122e-04 1.643e-03 -9.136e-04 1.271e+01
260 2.974e-04 -9.289e-04 3.180e-04 0.000e+00
261 -9.139e-05 7.456e-04 -6.678e-04 0.000e+00
262 -5.754e-04 4.965e-04 2.245e-04 0.000e+00
263 5.384e-04 -1.582e-05 -6.143e-04 0.000e+00
264 4.444e-04 6.672e-04 -8.044e-04 0.000e+00
265 -7.167e-05 -9.160e-04 -1.575e-03 0.000e+00
266 -2.261e-04 7.534e-05 -7.138e-04 0.000e+00
267 -9.951e-04 -1.769e-04 -1.226e-03 0.000e+00
268 1.001e-03 5.329e-04 7.405e-04 0.000e+00
269 -7.611e-04 -1.007e-03 -5.054e-04 0.000e+00
270 5.002e-04 -5.503e-04 -8.315e-04 0.000e+00
271 -1.273e-04 2.367e-05 1.113e-04 0.000e+00
272 -9.348e-04 9.381e-04 -2.136e-04 0.000e+00
273 -3.094e-04 -8.534e-04 -1.225e-04 0.000e+00
274 -3.479e-04 -8.634e-04 1.580e-04 0.000e+00
275 -1.161e-03 6.493e-04 -3.224e-04 0.000e+00
276 9.154e-04 -8.881e-04 -3.343e-04 0.000e+00
277 -8.119e-04 -9.198e-04 7.477e-04 0.000e+00
278 4.580e-06 4.309e-04 -1.214e-03 0.000e+00
279 7.016e-04 0.000e+00 -2.748e-04 0.000e+00
280 3.731e-04 -6.068e-04 2.292e-04 0.000e+00
281 -1.750e-04 4.218e-04 4.652e-04 0.000e+00
282 -7.542e-04 -1.002e-03 3.313e-04 0.000e+00
283 -1.394e-03 -7.740e-04 -2.879e-04 0.000e+00
284 5.565e-04 3.364e-06 -4.279e-04 0.000e+00
285 -3.113e-04 6.675e-04 -5.238e-04 0.000e+00
286 1.798e-03 2.962e-04 -7.132e-04 0.000e+00
287 7.978e-04 -8.822e-04 7.029e-06 0.000e+00
288 -6.811e-04 3.074e-04 -8.466e-04 0.000e+00
289 1.171e-03 1.155e-03 4.642e-04 -5.930e+01
290 -2.320e-04 4.581e-04 -6.053e-05 0.000e+00
291 -1.259e-05 -5.753e-05 1.687e-04 0.000e+00
292 -1.189e-04 2.134e-04 8.602e-04 0.000e+00
293 -9.093e-06 4.604e-04 -4.982e-04 0.000e+00
294 3.005e-04 -5.139e-04 2.810e-04 0.000e+00
295 7.111e-04 -5.827e-04 1.200e-03 0.000e+00
296 -8.321e-04 6.645e-04 -4.086e-04 0.000e+00
297 -8.152e-04 4.189e-04 -7.473e-04 0.000e+00
298 2.545e-04 -8.581e-04 5.949e-04 0.000e+00
299 -1.723e-04 -9.667e-04 -3.753e-04 0.000e+00
300 -5.585e-04 1.439e-04 8.336e-04 0.000e+00
301 8.298e-04 -9.687e-04 -8.804e-05 0.000e+00
302 2.139e-04 -7.738e-04 3.735e-05 0.000e+00
303 -4.135e-04 4.903e-04 -3.424e-04 0.000e+00
304 -1.293e-04 -3.961e-04 1.540e-04 0.000e+00
305 -9.278e-04 -5.295e-04 -1.102e-03 0.000e+00
306 -3.687e-04 9.019e-04 -2.797e-04 0.000e+00
307 4.769e-04 1.550e-04 5.352e-04 0.000e+00
308 6.942e-04 -9.708e-04 -2.691e-04 0.000e+00
309 -1.595e-04 5.551e-04 -5.347e-05 0.000e+00
310 2.355e-04 -9.950e-04 -1.147e-04 0.000e+00
311 -4.175e-04 4.780e-04 -4.659e-04 0.000e+00
312 -5.747e-04 4.709e-04 9.046e-05 0.000e+00
313 7.439e-04 -5.842e-04 -1.753e-04 0.000e+00
314 -2.056e-05 3.342e-04 1.854e-04 0.000e+00
315 4.533e-04 -2.156e-06 -6.043e-04 0.000e+00
316 7.845e-05 5.726e-04 6.400e-04 0.000e+00
317 2.133e-04 8.457e-04 4.308e-04 0.000e+00
318 -1.790e-04 3.485e-04 4.161e-04 0.000e+00
319 -5.900e-04 2.199e-04 1.801e-04 0.000e+00
320 -4.839e-04 4.688e-04 8.930e-04 0.000e+00
321 9.145e-04 6.999e-04 -5.428e-04 0.000e+00
322 4.098e-04 -7.732e-04 -6.203e-04 0.000e+00
323 -7.179e-04 -6.261e-04 1.629e-03 0.000e+00
324 3.110e-04 -9.578e-04 1.191e-04 0.000e+00
325 1.851e-04 -9.928e-04 4.781e-04 0.000e+00
326 -1.078e-03 2.715e-04 -1.198e-03 0.000e+00
327 -8.985e-04 4.915e-04 -8.181e-04 0.000e+00
328 -8.154e-04 -4.953e-04 -6.200e-04 0.000e+00
329 -2.978e-04 -1.529e-05 7.776e-04 0.000e+00
330 -3.454e-04 1.121e-03 1.841e-03 -5.891e-01
331 8.571e-04 3.535e-04 -1.145e-03 0.000e+00
332 -6.067e-04 4.902e-04 1.008e-03 0.000e+00
333 -5.172e-04 -8.621e-04 -1.315e-04 0.000e+00
334 2.434e-04 1.797e-05 6.744e-04 0.000e+00
335 -3.796e-04 3.300e-04 7.700e-04 0.000e+00
336 -1.236e-03 7.933e-04 -5.663e-04 0.000e+00
337 -4.664e-05 5.293e-04 -5.609e-05 0.000e+00
338 -5.966e-04 5.067e-04 7.456e-04 0.000e+00
339 3.600e-04 2.140e-04 -4.466e-04 0.000e+00
340 4.599e-04 -7.966e-04 1.375e-04 0.000e+00
341 2.437e-04 -8.444e-04 -2.461e-04 0.000e+00
342 6.248e-05 -9.629e-04 -1.890e-04 0.000e+00
343 -1.035e-03 -9.029e-04 2.782e-04 0.000e+00
344 2.296e-03 6.008e-04 7.676e-04 0.000e+00
345 -1.041e-04 -8.659e-04 3.500e-04 0.000e+00
346 3.717e-05 -8.100e-04 -1.290e-03 0.000e+00
347 -9.110e-04 4.987e-04 3.110e-04 0.000e+00
348 -4.813e-04 -5.511e-04 8.380e-04 0.000e+00
349 8.056e-05 2.483e-04 4.194e-04 0.000e+00
350 2.806e-04 -9.502e-04 3.474e-04 0.000e+00
351 -4.627e-05 1.044e-03 -1.331e-03 4.039e+01
352 -9.098e-04 2.483e-04 3.231e-04 0.000e+00
353 -1.346e-03 1.054e-03 1.730e-04 7.953e+00
354 -5.582e-04 -8.359e-04 4.759e-04 0.000e+00
355 -5.009e-04 9.700e-05 -7.938e-04 0.000e+00
356 5.302e-04 -6.569e-04 -6.665e-04 0.000e+00
357 -5.693e-04 2.922e-04 -1.017e-04 0.000e+00
358 -1.503e-04 2.732e-04 1.599e-03 0.000e+00
359 3.119e-04 1.360e-03 4.754e-04 -4.322e+01
360 -3.114e-04 -7.109e-04 3.486e-04 0.000e+00
361 2.224e-04 2.264e-04 -1.344e-03 0.000e+00
362 4.804e-04 9.606e-05 1.311e-03 0.000e+00
363 -7.088e-04 -1.762e-04 5.874e-04 0.000e+00
364 8.657e-04 1.592e-03 -1.274e-04 -3.546e+01
365 8.642e-05 8.624e-04 1.372e-04 0.000e+00
366 7.272e-04 -4.806e-04 -7.366e-04 0.000e+00
367 7.933e-04 7.145e-04 -6.333e-04 0.000e+00
368 -1.029e-03 -8.329e-04 -4.192e-04 0.000e+00
369 -2.957e-04 2.723e-04 -6.904e-04 0.000e+00
370 -3.328e-04 4.506e-05 -7.686e-04 0.000e+00
371 -1.209e-04 1.384e-03 5.031e-04 -7.160e+01
372 3.106e-04 1.640e-04 -4.011e-04 0.000e+00
373 -2.790e-04 1.061e-03 -9.842e-04 1.420e+00
374 -2.883e-04 -7.307e-04 -1.156e-03 0.000e+00
375 -2.618e-04 8.829e-04 2.523e-04 0.000e+00
376 -1.733e-05 -2.892e-04 -4.177e-04 0.000e+00
377 -4.597e-04 -8.363e-04 -4.821e-04 0.000e+00
378 5.263e-04 4.998e-04 -6.130e-04 0.000e+00
379 2.343e-04 8.252e-04 7.754e-04 0.000e+00
380 2.256e-04 -6.017e-05 1.428e-03 0.000e+00
381 3.585e-04 7.734e-04 -2.165e-04 0.000e+00
382 3.641e-04 9.406e-04 0.000e+00 0.000e+00
383 -1.525e-03 5.517e-04 3.197e-04 0.000e+00
384 3.052e-04 -8.534e-04 8.191e-04 0.000e+00
385 -3.996e-04 -1.610e-04 -2.696e-04 0.000e+00
386 -1.120e-03 6.529e-04 -8.799e-04 0.000e+00
387 -3.026e-05 -4.920e-04 9.878e-04 0.000e+00
388 -7.750e-04 -6.619e-04 6.858e-04 0.000e+00
389 -7.372e-04 -6.830e-04 6.520e-04 0.000e+00
390 -1.017e-03 -8.528e-04 -6.293e-04 0.000e+00
391 -1.501e-05 3.261e-05 5.051e-04 0.000e+00
392 6.839e-04 -4.393e-05 9.874e-04 0.000e+00
393 9.701e-05 -2.075e-04 -3.325e-04 0.000e+00
394 4.446e-04 -7.600e-04 4.566e-04 0.000e+00
395 3.281e-04 -9.567e-04 8.879e-04 0.000e+00
396 -4.027e-05 2.359e-04 -6.810e-04 0.000e+00
397 -3.039e-04 -2.047e-05 -7.773e-04 0.000e+00
398 2.189e-04 1.428e-03 -5.177e-04 2.909e+00
399 6.354e-06 -1.152e-05 -3.901e-04 0.000e+00
400 -4.840e-04 1.435e-04 -6.293e-04 0.000e+00
401 -8.735e-04 7.946e-04 3.304e-04 0.000e+00
402 7.207e-04 1.046e-04 -6.440e-04 0.000e+00
403 -2.672e-05 7.181e-04 1.373e-04 0.000e+00
404 6.783e-04 -9.938e-04 -2.949e-04 0.000e+00
405 -8.828e-04 8.228e-04 4.805e-04 0.000e+00
406 4.379e-04 -1.554e-04 1.757e-04 0.000e+00
407 -7.196e-04 3.677e-04 5.203e-04 0.000e+00
408 2.399e-04 5.862e-04 -1.039e-04 0.000e+00
409 -1.018e-03 -7.870e-04 -5.729e-04 0.000e+00
410 2.951e-05 -8.842e-04 1.521e-03 0.000e+00
411 3.603e-04 4.997e-04 6.587e-04 0.000e+00
412 7.901e-05 -5.681e-04 -2.227e-04 0.000e+00
413 -6.309e-04 1.021e-03 -9.367e-04 -1.055e+01
414 3.585e-04 7.058e-04 1.203e-03 0.000e+00
415 -8.266e-04 -5.169e-04 3.432e-04 0.000e+00
416 -7.270e-05 7.257e-04 -6.976e-04 0.000e+00
417 3.724e-04 -7.288e-04 6.977e-04 0.000e+00
418 -4.992e-04 1.745e-03 8.491e-04 5.065e+01
419 -1.619e-04 -1.002e-03 -9.621e-04 0.000e+00
420 -1.810e-05 -5.370e-04 1.253e-03 0.000e+00
421 -1.380e-04 1.466e-03 5.328e-05 -8.939e+01
422 7.255e-05 -6.489e-04 8.436e-04 0.000e+00
423 1.400e-04 3.291e-04 -9.765e-04 0.000e+00
424 3.336e-04 -2.870e-04 -7.913e-05 0.000e+00
425 -6.474e-04 -8.667e-04 3.319e-05 0.000e+00
426 -5.519e-06 -7.527e-04 1.476e-03 0.000e+00
427 -1.264e-03 2.358e-04 -1.708e-03 0.000e+00
428 -1.538e-04 -8.229e-04 7.121e-04 0.000e+00
429 -5.704e-04 1.388e-03 1.098e-03 6.332e+01
430 5.578e-04 4.862e-04 -1.021e-04 0.000e+00
431 6.345e-04 -6.955e-04 -1.454e-04 0.000e+00
432 -4.798e-04 -9.023e-04 -1.000e-04 0.000e+00
433 1.062e-03 -1.006e-03 -3.665e-04 0.000e+00
434 8.409e-04 -8.980e-06 3.998e-04 0.000e+00
435 9.444e-04 -6.832e-04 3.121e-04 0.000e+00
436 -4.324e-04 2.658e-04 -1.734e-03 0.000e+00
437 2.491e-04 -7.415e-04 -7.086e-04 0.000e+00
438 -1.578e-03 6.893e-04 -1.232e-03 0.000e+00
439 2.501e-04 1.252e-03 9.764e-04 6.428e+01
440 -4.503e-04 1.531e-03 -3.534e-04 6.636e+01
441 -2.421e-04 -2.979e-04 1.745e-04 0.000e+00
442 -3.638e-04 -8.908e-04 5.296e-04 0.000e+00
443 -7.317e-04 -8.431e-04 -3.797e-04 0.000e+00
444 4.417e-05 9.790e-04 -1.394e-04 0.000e+00
445 2.777e-04 8.365e-04 -4.082e-04 0.000e+00
446 -1.113e-04 4.269e-04 5.708e-04 0.000e+00
447 -4.454e-04 4.117e-04 -1.777e-04 0.000e+00
448 -1.014e-03 -9.733e-04 5.363e-05 0.000e+00
449 -6.243e-04 -8.318e-04 7.372e-04 0.000e+00
450 -6.788e-04 -8.675e-04 3.695e-04 0.000e+00
451 -6.670e-05 4.487e-04 5.055e-06 0.000e+00
452 -5.238e-04 4.608e-04 1.783e-04 0.000e+00
453 2.262e-04 -9.728e-04 2.167e-04 0.000e+00
454 -5.844e-04 -8.356e-04 5.212e-04 0.000e+00
455 -9.772e-05 -7.418e-04 6.267e-04 0.000e+00
456 2.476e-04 -8.466e-04 1.363e-04 0.000e+00
457 -2.785e-05 3.220e-04 -1.798e-04 0.000e+00
458 -4.506e-05 7.014e-07 -1.246e-03 0.000e+00
459 -2.184e-05 -8.536e-04 -1.171e-03 0.000e+00
460 -7.248e-04 -9.566e-04 -1.606e-03 0.000e+00
461 4.258e-05 -9.145e-04 -3.076e-04 0.000e+00
462 -4.807e-04 2.582e-04 -6.950e-04 0.000e+00
463 4.115e-04 -8.691e-04 -8.672e-04 0.000e+00
464 -2.011e-04 -8.369e-04 6.374e-05 0.000e+00
465 -6.697e-04 -8.819e-04 7.389e-04 0.000e+00
466 4.954e-04 7.739e-04 1.263e-03 0.000e+00
467 -7.000e-04 7.695e-04 3.976e-04 0.000e+00
468 3.235e-04 -9.737e-04 -7.687e-05 0.000e+00
469 -2.185e-04 1.198e-03 4.626e-04 5.288e+01
470 4.967e-04 1.467e-04 -3.514e-04 0.000e+00
471 -6.208e-04 1.063e-05 -7.197e-04 0.000e+00
472 2.157e-04 1.005e-03 -2.165e-04 0.000e+00
473 -1.922e-03 5.495e-04 5.284e-06 0.000e+00
474 -3.076e-04 6.113e-04 -1.116e-04 0.000e+00
475 5.389e-04 -7.099e-04 -9.797e-04 0.000e+00
476 -1.313e-04 -8.548e-04 5.574e-04 0.000e+00
477 5.610e-04 -6.732e-04 -1.094e-03 0.000e+00
478 -2.058e-04 2.936e-09 -9.052e-05 0.000e+00
479 6.687e-04 1.626e-04 2.120e-04 0.000e+00
480 1.498e-04 1.098e-03 -9.732e-04 -7.006e+01
481 2.534e-04 -1.270e-04 -1.759e-05 0.000e+00
482 -9.396e-05 5.431e-04 3.070e-04 0.000e+00
483 2.069e-05 -8.551e-04 2.599e-04 0.000e+00
484 -1.532e-05 3.100e-04 -6.808e-04 0.000e+00
485 1.992e-04 -5.467e-04 1.340e-04 0.000e+00
486 -5.067e-04 8.775e-04 1.451e-04 0.000e+00
487 -3.442e-04 1.086e-03 -1.383e-04 -7.506e+01
488 -4.529e-04 -1.011e-03 -3.803e-04 0.000e+00
489 3.067e-04 -7.925e-04 -3.015e-04 0.000e+00
490 5.888e-04 1.112e-03 5.096e-04 -1.160e+01
491 -1.188e-04 2.285e-04 -1.056e-04 0.000e+00
492 1.483e-04 4.020e-04 4.458e-04 0.000e+00
493 -3.676e-04 -8.937e-04 1.363e-04 0.000e+00
494 1.742e-03 -9.714e-05 -1.012e-04 0.000e+00
495 -2.776e-04 -7.509e-04 1.799e-04 0.000e+00
496 8.751e-05 1.054e-03 4.432e-04 3.439e+01
497 -2.664e-04 4.153e-04 -2.789e-05 0.000e+00
498 -4.856e-04 4.869e-04 -2.778e-04 0.000e+00
499 7.891e-04 -1.705e-04 -7.298e-04 0.000e+00
500 -5.544e-06 6.498e-04 3.514e-04 0.000e+00
501 1.254e-04 -8.304e-04 2.977e-04 0.000e+00
502 2.151e-04 -9.032e-04 4.173e-04 0.000e+00
503 -4.270e-04 2.358e-05 4.665e-04 0.000e+00
504 -1.095e-04 -5.869e-05 -7.092e-04 0.000e+00
505 6.759e-04 2.234e-04 -7.485e-05 0.000e+00
506 8.202e-04 6.905e-04 -3.417e-05 0.000e+00
507 4.093e-04 -8.425e-04 9.893e-04 0.000e+00
508 4.395e-05 3.990e-04 5.162e-04 0.000e+00
509 -1.295e-03 1.129e-03 1.676e-04 4.544e+01
510 5.925e-04 3.124e-04 -1.774e-04 0.000e+00
511 3.119e-04 1.340e-03 1.093e-04 6.812e+01
512 5.605e-04 1.161e-05 7.025e-04 0.000e+00
513 4.371e-04 -7.934e-04 1.501e-03 0.000e+00
514 9.925e-04 5.370e-04 5.612e-04 0.000e+00
515 -1.458e-04 -9.485e-04 3.130e-04 0.000e+00
516 -8.165e-04 5.149e-05 1.178e-03 0.000e+00
517 -1.444e-04 3.924e-04 1.094e-03 0.000e+00
518 1.481e-04 3.017e-05 4.428e-04 0.000e+00
519 1.110e-03 4.393e-04 7.832e-04 0.000e+00
520 4.628e-04 -9.653e-04 2.292e-05 0.000e+00
521 -1.377e-03 -4.595e-04 4.475e-04 0.000e+00
522 -5.684e-04 -8.934e-04 -8.272e-04 0.000e+00
523 7.109e-06 -2.757e-04 8.769e-04 0.000e+00
524 -2.702e-04 -6.816e-04 2.431e-04 0.000e+00
525 6.918e-05 6.409e-04 1.453e-03 0.000e+00
526 -1.347e-03 -7.585e-04 3.782e-04 0.000e+00
527 -3.953e-04 -4.950e-04 3.712e-04 0.000e+00
528 1.156e-03 -8.854e-04 -1.230e-04 0.000e+00
529 -1.554e-03 6.032e-04 1.184e-05 0.000e+00
530 1.518e-03 -8.032e-04 -1.047e-04 0.000e+00
531 8.904e-05 6.021e-04 8.436e-04 0.000e+00
532 1.096e-04 -9.827e-04 1.222e-04 0.000e+00
533 -4.545e-04 -3.240e-05 -6.862e-04 0.000e+00
534 1.603e-04 1.071e-03 4.795e-05 -7.850e+01
535 -1.501e-04 -8.059e-04 2.106e-04 0.000e+00
536 -2.379e-04 2.282e-04 6.837e-04 0.000e+00
537 9.556e-04 -7.099e-04 -1.322e-03 0.000e+00
538 6.025e-04 -1.872e-04 1.993e-04 0.000e+00
539 -8.133e-04 4.410e-04 1.745e-04 0.000e+00
540 -1.904e-04 -9.414e-04 6.466e-04 0.000e+00
541 8.327e-04 -6.261e-04 -1.304e-03 0.000e+00
542 1.058e-04 -9.913e-05 4.494e-04 0.000e+00
543 7.622e-04 -5.254e-05 3.231e-04 0.000e+00
544 -3.204e-04 1.005e-04 -2.054e-04 0.000e+00
545 8.519e-04 -6.070e-04 4.312e-04 0.000e+00
546 7.953e-04 -7.547e-04 -9.393e-04 0.000e+00
547 9.892e-04 7.522e-04 -1.000e-03 0.000e+00
548 1.449e-03 -7.653e-04 -1.383e-03 0.000e+00
549 1.481e-04 2.666e-04 -9.532e-05 0.000e+00
550 -2.821e-04 -6.633e-04 -2.186e-04 0.000e+00
551 4.439e-04 8.834e-04 -3.356e-04 0.000e+00
552 6.771e-05 6.322e-04 2.343e-04 0.000e+00
553 -5.258e-04 1.119e-03 2.996e-04 -2.782e+01
554 -4.198e-04 -8.554e-04 -1.105e-03 0.000e+00
555 -6.309e-04 -6.881e-04 2.320e-04 0.000e+00
556 9.233e-05 -7.768e-04 -1.141e-03 0.000e+00
557 -6.704e-04 1.241e-03 -6.738e-04 -1.588e+01
558 5.876e-05 6.738e-04 2.955e-04 0.000e+00
559 4.397e-04 -7.899e-04 1.127e-03 0.000e+00
560 -9.635e-04 -9.172e-04 1.378e-03 0.000e+00
561 -5.500e-05 -8.989e-04 7.986e-04 0.000e+00
562 -6.914e-05 -1.043e-04 -1.864e-03 0.000e+00
563 -2.535e-04 -7.490e-04 -3.987e-04 0.000e+00
564 -3.787e-04 3.658e-04 -2.962e-04 0.000e+00
565 3.179e-04 -7.135e-04 -5.251e-04 0.000e+00
566 6.614e-04 7.833e-04 6.891e-05 0.000e+00
567 7.893e-04 6.425e-05 7.965e-04 0.000e+00
568 -1.428e-03 5.194e-04 1.674e-04 0.000e+00
569 2.872e-04 -2.024e-04 -2.914e-04 0.000e+00
570 5.296e-05 1.179e-03 -2.664e-04 -5.823e+01
571 -7.984e-04 -9.799e-04 3.202e-04 0.000e+00
572 -3.825e-04 8.537e-04 1.453e-03 0.000e+00
573 8.049e-05 1.431e-03 -2.391e-04 3.308e+01
574 5.388e-04 -1.013e-03 3.306e-04 0.000e+00
575 1.876e-05 1.130e-03 2.843e-04 -3.435e+01
576 -2.933e-04 -8.625e-04 -1.524e-03 0.000e+00
577 -1.273e-04 1.322e-04 -8.175e-05 0.000e+00
578 4.614e-04 6.749e-04 -4.451e-04 0.000e+00
579 -7.504e-04 2.389e-04 2.603e-04 0.000e+00
580 8.757e-04 -1.006e-03 3.083e-04 0.000e+00
581 -1.364e-04 2.875e-04 3.503e-04 0.000e+00
582 -1.153e-04 -2.620e-04 -4.571e-04 0.000e+00
583 1.009e-04 -2.866e-04 -8.914e-04 0.000e+00
584 7.199e-05 -8.724e-04 4.319e-04 0.000e+00
585 -6.928e-04 -7.070e-04 1.395e-03 0.000e+00
586 1.979e-04 8.470e-04 6.360e-04 0.000e+00
587 -2.425e-04 2.287e-04 1.080e-03 0.000e+00
588 -1.894e-04 -2.121e-04 -2.426e-04 0.000e+00
589 -4.753e-04 -8.726e-04 -4.108e-04 0.000e+00
590 -7.845e-04 -8.021e-04 -5.053e-04 0.000e+00
591 -2.517e-04 -8.074e-04 -1.698e-04 0.000e+00
592 -7.278e-04 -1.592e-04 -1.169e-03 0.000e+00
593 -6.268e-04 -7.752e-04 -1.158e-03 0.000e+00
594 -5.791e-04 1.029e-03 -8.213e-05 2.488e+01
595 -2.553e-04 -6.139e-04 -1.967e-04 0.000e+00
596 -9.290e-04 8.491e-04 -7.118e-04 0.000e+00
597 -9.373e-04 -8.534e-04 1.795e-04 0.000e+00
598 6.756e-04 -2.841e-04 -6.023e-04 0.000e+00
599 -1.587e-04 -1.053e-04 5.094e-04 0.000e+00
600 3.402e-04 8.218e-04 9.659e-04 0.000e+00
601 -8.981e-04 -6.785e-04 -3.933e-04 0.000e+00
602 4.734e-04 2.723e-04 3.806e-05 0.000e+00
603 5.444e-07 -4.516e-04 4.760e-04 0.000e+00
604 -1.043e-03 -7.184e-04 1.162e-03 0.000e+00
605 7.753e-04 -1.657e-04 -8.540e-04 0.000e+00
606 2.818e-04 7.733e-04 5.579e-04 0.000e+00
607 -1.016e-03 8.590e-04 -4.079e-05 0.000e+00
608 4.825e-04 -7.319e-04 -7.794e-04 0.000e+00
609 -1.396e-04 7.426e-04 8.565e-04 0.000e+00
610 2.639e-04 9.071e-04 -6.382e-04 0.000e+00
611 1.042e-03 5.079e-05 -4.001e-05 0.000e+00
612 3.919e-04 -5.009e-04 -5.642e-04 0.000e+00
613 -5.706e-04 8.408e-04 1.170e-04 0.000e+00
614 4.182e-04 8.859e-04 6.154e-04 0.000e+00
615 -9.217e-04 7.513e-04 -8.340e-05 0.000e+00
616 5.667e-04 3.609e-04 -5.433e-04 0.000e+00
617 9.724e-05 4.195e-04 -5.546e-04 0.000e+00
618 9.900e-04 3.404e-07 -2.614e-04 0.000e+00
619 1.583e-04 3.778e-04 -6.463e-04 0.000e+00
620 -1.422e-04 4.353e-05 -4.954e-04 0.000e+00
621 3.627e-04 4.102e-04 9.957e-04 0.000e+00
622 -1.917e-03 2.583e-04 4.282e-05 0.000e+00
623 -3.337e-04 -8.862e-04 7.352e-04 0.000e+00
624 -7.496e-04 -4.619e-05 9.756e-04 0.000e+00
625 -8.801e-04 8.517e-04 3.232e-05 0.000e+00
626 7.016e-04 2.450e-04 -6.824e-04 0.000e+00
627 4.061e-04 2.313e-04 2.798e-04 0.000e+00
628 1.584e-03 -9.289e-04 -1.172e-05 0.000e+00
629 8.300e-04 2.865e-04 4.643e-04 0.000e+00
630 -2.050e-05 -8.322e-04 7.989e-04 0.000e+00
631 -1.885e-04 4.499e-04 -3.959e-04 0.000e+00
632 -3.167e-04 -9.796e-04 4.303e-05 0.000e+00
633 -1.067e-03 1.446e-04 -4.605e-04 0.000e+00
634 4.893e-04 -1.370e-04 -4.034e-04 0.000e+00
635 1.238e-03 6.767e-04 6.066e-04 0.000e+00
636 -4.234e-04 1.100e-03 2.127e-05 4.836e+01
637 -3.465e-05 -7.498e-04 -7.862e-04 0.000e+00
638 -4.475e-04 8.117e-04 -3.421e-04 0.000e+00
639 1.213e-03 -8.504e-04 -5.283e-04 0.000e+00
640 2.726e-04 -1.875e-04 4.085e-05 0.000e+00
641 -2.153e-04 5.193e-04 7.269e-04 0.000e+00
642 2.248e-05 -1.003e-03 -2.397e-04 0.000e+00
643 -6.444e-04 1.007e-03 -5.425e-04 0.000e+00
644 -2.812e-05 -6.407e-04 -4.028e-04 0.000e+00
645 3.798e-05 3.176e-04 -7.450e-04 0.000e+00
646 -7.044e-04 -4.897e-05 4.269e-05 0.000e+00
647 6.070e-04 2.047e-04 1.518e-04 0.000e+00
648 8.001e-04 -8.835e-04 -8.115e-04 0.000e+00
649 2.873e-04 5.990e-04 -6.663e-05 0.000e+00
650 8.116e-04 -6.702e-04 4.890e-04 0.000e+00
651 1.003e-03 5.556e-04 4.168e-04 0.000e+00
652 3.080e-04 7.231e-04 1.534e-04 0.000e+00
653 -6.660e-04 -8.715e-04 8.791e-05 0.000e+00
654 2.598e-04 1.133e-03 -9.186e-05 7.255e+01
655 1.970e-05 5.301e-04 6.547e-04 0.000e+00
656 1.180e-04 2.713e-04 -3.575e-04 0.000e+00
657 -6.549e-05 5.361e-04 6.066e-04 0.000e+00
658 1.593e-03 -4.344e-05 -8.398e-04 0.000e+00
659 -2.066e-04 2.906e-04 7.862e-04 0.000e+00
660 3.608e-04 -1.322e-05 -5.718e-04 0.000e+00
661 -1.770e-03 6.513e-04 4.421e-04 0.000e+00
662 7.881e-04 1.087e-03 -2.065e-04 -2.374e+01
663 -5.288e-04 6.692e-05 2.324e-04 0.000e+00
664 -7.984e-04 6.650e-04 -2.013e-04 0.000e+00
665 7.125e-04 1.989e-04 7.197e-04 0.000e+00
666 1.109e-04 5.515e-04 -3.851e-04 0.000e+00
667 -2.010e-04 -9.984e-04 -1.796e-05 0.000e+00
668 -1.027e-03 -9.712e-04 7.958e-04 0.000e+00
669 3.867e-05 -3.035e-04 5.751e-04 0.000e+00
670 -6.369e-04 1.748e-04 -6.676e-04 0.000e+00
671 3.024e-04 -7.806e-04 -4.338e-04 0.000e+00
672 1.365e-03 -2.117e-04 -1.187e-03 0.000e+00
673 -8.225e-04 7.854e-04 -2.343e-04 0.000e+00
674 -1.160e-03 3.797e-04 3.385e-04 0.000e+00
675 4.367e-04 -7.708e-04 -6.004e-06 0.000e+00
676 -1.020e-05 2.643e-04 1.959e-04 0.000e+00
677 -1.017e-04 1.365e-03 6.779e-04 -4.649e+01
678 -7.805e-04 1.165e-03 -4.411e-04 -2.771e+01
679 6.016e-04 2.390e-04 -8.822e-05 0.000e+00
680 -1.349e-03 -8.109e-04 5.626e-04 0.000e+00
681 2.335e-04 -1.615e-04 -2.800e-04 0.000e+00
682 -7.137e-05 2.619e-05 -2.224e-05 0.000e+00
683 3.030e-04 5.352e-04 4.104e-05 0.000e+00
684 2.013e-04 1.012e-03 6.594e-04 0.000e+00
685 7.570e-04 -1.011e-03 -7.507e-04 0.000e+00
686 1.981e-04 -7.252e-04 -9.908e-04 0.000e+00
687 -4.234e-04 5.035e-05 1.832e-04 0.000e+00
688 3.398e-04 -5.227e-04 1.509e-04 0.000e+00
689 2.345e-04 3.563e-04 -3.751e-04 0.000e+00
690 -5.951e-04 -7.085e-04 5.819e-04 0.000e+00
691 -7.602e-04 -6.637e-04 -3.341e-04 0.000e+00
692 -5.855e-04 1.276e-04 1.362e-04 0.000e+00
693 -3.306e-04 3.496e-04 5.379e-04 0.000e+00
694 -5.695e-04 3.444e-04 2.979e-06 0.000e+00
695 4.868e-04 -8.281e-04 -1.950e-07 0.000e+00
696 4.423e-04 -4.651e-04 3.690e-04 0.000e+00
697 -5.084e-04 9.734e-06 -4.271e-04 0.000e+00
698 2.436e-04 4.307e-04 8.419e-04 0.000e+00
699 4.128e-04 -6.823e-04 -4.387e-04 0.000e+00
700 -1.087e-04 3.935e-05 -8.796e-05 0.000e+00
701 5.324e-04 4.965e-04 -2.261e-04 0.000e+00
702 -3.371e-04 -6.256e-05 1.009e-03 0.000e+00
703 -1.121e-03 3.617e-04 -7.994e-04 0.000e+00
704 -3.400e-04 7.656e-04 -4.225e-04 0.000e+00
705 -1.444e-04 2.819e-04 5.872e-04 0.000e+00
706 -7.230e-05 -7.985e-04 2.581e-04 0.000e+00
707 5.014e-04 -8.053e-04 -4.311e-05 0.000e+00
708 1.875e-04 9.445e-04 -5.799e-04 0.000e+00
709 -6.664e-04 1.169e-04 -2.675e-04 0.000e+00
710 -1.012e-03 1.369e-03 1.266e-03 -8.833e+01
711 4.295e-04 1.001e-04 2.203e-04 0.000e+00
712 -1.239e-03 7.464e-04 9.684e-04 0.000e+00
713 5.695e-07 8.706e-04 5.568e-04 0.000e+00
714 6.540e-04 3.465e-04 -1.670e-04 0.000e+00
715 1.602e-04 1.146e-03 1.203e-04 1.729e+00
716 9.112e-06 -9.809e-04 5.738e-05 0.000e+00
717 3.830e-04 -9.488e-04 -2.078e-04 0.000e+00
718 -2.616e-04 -1.003e-03 -9.370e-05 0.000e+00
719 1.852e-04 -1.501e-04 2.029e-04 0.000e+00
720 -3.305e-04 1.455e-04 5.110e-04 0.000e+00
721 4.870e-04 6.953e-04 8.721e-04 0.000e+00
722 -8.540e-04 1.146e-03 4.350e-05 -4.765e+01
723 -2.756e-04 -1.349e-04 -6.629e-04 0.000e+00
724 1.480e-03 -1.009e-03 2.292e-04 0.000e+00
725 -7.259e-04 5.657e-04 4.873e-04 0.000e+00
726 1.234e-05 -7.928e-04 -1.543e-03 0.000e+00
727 1.595e-04 1.046e-04 1.310e-03 0.000e+00
728 -1.225e-03 -7.892e-04 4.050e-04 0.000e+00
729 2.599e-04 4.514e-04 4.048e-04 0.000e+00
730 -5.678e-04 7.831e-04 -7.053e-04 0.000e+00
731 1.233e-03 -9.474e-04 2.925e-04 0.000e+00
732 1.037e-03 4.959e-04 -1.253e-04 0.000e+00
733 3.472e-04 -5.809e-04 -1.871e-04 0.000e+00
734 7.113e-04 3.737e-04 -2.885e-04 0.000e+00
735 2.218e-04 3.328e-04 5.061e-04 0.000e+00
736 -1.867e-04 -8.343e-04 1.055e-04 0.000e+00
737 -1.587e-04 -7.677e-04 -5.886e-04 0.000e+00
738 6.543e-04 5.794e-06 9.222e-04 0.000e+00
739 1.360e-03 -1.978e-04 6.154e-04 0.000e+00
740 -4.484e-04 -8.502e-04 1.430e-04 0.000e+00
741 4.079e-04 6.530e-04 -7.475e-05 0.000e+00
742 7.332e-04 6.629e-04 -2.054e-04 0.000e+00
743 3.114e-05 -9.373e-04 9.657e-04 0.000e+00
744 -3.190e-04 4.512e-04 1.259e-03 0.000e+00
745 -1.554e-03 1.034e-03 -2.289e-04 -5.936e+01
746 -7.852e-04 1.113e-03 5.173e-04 -2.122e+01
747 -6.503e-04 -9.055e-04 -1.356e-04 0.000e+00
748 -1.467e-03 -9.649e-04 6.426e-04 0.000e+00
749 7.632e-04 1.239e-03 -2.498e-04 2.145e+01
750 -3.597e-05 3.645e-04 1.211e-03 0.000e+00
751 2.214e-04 -8.485e-04 -5.728e-04 0.000e+00
752 4.424e-05 2.840e-04 2.802e-04 0.000e+00
753 4.348e-05 9.311e-05 9.294e-04 0.000e+00
754 1.182e-03 2.564e-04 -1.004e-03 0.000e+00
755 -2.192e-03 -7.845e-04 -6.802e-04 0.000e+00
756 -7.808e-05 4.693e-04 7.285e-04 0.000e+00
757 6.724e-04 -9.665e-04 1.727e-04 0.000e+00
758 -5.361e-04 4.238e-04 6.054e-04 0.000e+00
759 6.082e-04 -5.374e-04 2.136e-04 0.000e+00
760 6.797e-04 1.824e-04 -2.262e-04 0.000e+00
761 5.107e-04 6.164e-04 1.937e-04 0.000e+00
762 4.627e-04 -6.043e-04 7.918e-05 0.000e+00
763 -4.411e-04 3.105e-05 -1.369e-04 0.000e+00
764 -3.609e-04 -8.131e-04 7.193e-05 0.000e+00
765 5.511e-04 2.630e-04 9.961e-04 0.000e+00
766 -7.456e-05 -8.267e-04 -7.206e-04 0.000e+00
767 -8.679e-04 2.603e-04 -9.297e-04 0.000e+00
768 4.099e-04 -4.084e-05 2.266e-04 0.000e+00
769 -6.421e-04 1.182e-04 3.089e-04 0.000e+00
770 3.039e-04 -2.592e-04 -7.366e-05 0.000e+00
771 -8.756e-04 2.252e-04 4.702e-04 0.000e+00
772 2.204e-04 3.545e-04 -6.440e-04 0.000e+00
773 7.553e-04 -8.772e-04 -1.919e-04 0.000e+00
774 2.062e-05 7.831e-04 1.431e-03 0.000e+00
775 1.347e-03 -2.629e-05 -1.903e-04 0.000e+00
776 3.973e-04 -9.516e-04 3.726e-04 0.000e+00
777 5.513e-04 3.915e-04 -4.849e-05 0.000e+00
778 8.809e-04 -6.232e-04 -1.475e-04 0.000e+00
779 4.153e-04 -6.423e-05 3.799e-04 0.000e+00
780 -1.807e-04 5.790e-04 4.439e-04 0.000e+00
781 -4.526e-04 5.648e-04 -5.279e-06 0.000e+00
782 1.061e-04 -9.197e-04 -2.215e-04 0.000e+00
783 -1.283e-03 -5.710e-04 1.152e-04 0.000e+00
784 1.144e-03 -4.812e-04 5.431e-04 0.000e+00
785 2.126e-05 -6.009e-04 -4.120e-04 0.000e+00
786 4.564e-04 -7.940e-04 5.748e-04 0.000e+00
787 4.477e-04 -1.274e-04 -7.335e-04 0.000e+00
788 -4.685e-04 -7.918e-04 -2.989e-04 0.000e+00
789 5.964e-04 -1.978e-05 1.604e-04 0.000e+00
790 -3.830e-04 -9.819e-04 -1.020e-03 0.000e+00
791 3.308e-04 9.233e-04 4.456e-04 0.000e+00
792 4.677e-04 -9.548e-04 -7.007e-04 0.000e+00
793 1.491e-03 -7.884e-04 1.263e-04 0.000e+00
794 -1.672e-04 1.191e-03 -2.421e-04 5.601e+01
795 5.698e-04 -5.257e-05 5.506e-04 0.000e+00
796 1.940e-04 1.410e-04 8.883e-06 0.000e+00
797 -2.826e-04 5.837e-05 -3.633e-04 0.000e+00
798 1.892e-04 4.768e-04 -2.672e-04 0.000e+00
799 8.578e-04 3.764e-04 -5.677e-04 0.000e+00
800 8.068e-04 6.620e-04 -8.960e-05 0.000e+00
801 -6.488e-04 -6.057e-04 -6.708e-04 0.000e+00
802 -5.429e-04 4.437e-04 -6.617e-04 0.000e+00
803 4.679e-04 7.241e-05 -1.236e-03 0.000e+00
804 -5.891e-04 5.867e-04 1.018e-03 0.000e+00
805 4.228e-04 -9.439e-04 -4.988e-04 0.000e+00
806 1.239e-03 5.334e-04 -2.619e-04 0.000e+00
807 -7.709e-04 -5.171e-04 4.255e-04 0.000e+00
808 -9.002e-04 2.340e-04 -5.504e-04 0.000e+00
809 -1.235e-03 -8.173e-04 -6.283e-04 0.000e+00
810 -5.452e-04 -1.008e-03 4.760e-04 0.000e+00
811 9.006e-04 5.196e-04 -6.519e-04 0.000e+00
812 -5.944e-04 1.592e-03 -1.126e-03 4.406e+01
813 -2.934e-04 -8.073e-04 3.859e-04 0.000e+00
814 -4.961e-04 -8.851e-04 -2.304e-04 0.000e+00
815 -1.028e-04 6.508e-04 5.449e-04 0.000e+00
816 -4.907e-04 7.115e-04 -3.020e-04 0.000e+00
817 -1.029e-04 3.906e-04 6.676e-04 0.000e+00
818 3.497e-04 -8.722e-04 -5.614e-04 0.000e+00
819 5.916e-04 2.117e-04 -8.864e-04 0.000e+00
820 -2.749e-04 1.119e-04 1.951e-04 0.000e+00
821 4.882e-04 -9.032e-04 -1.490e-03 0.000e+00
822 5.603e-04 2.976e-04 7.872e-04 0.000e+00
823 -3.081e-04 1.262e-05 1.730e-03 0.000e+00
824 -5.706e-04 -9.777e-04 -6.082e-04 0.000e+00
825 9.448e-05 9.601e-04 2.659e-04 0.000e+00
826 8.139e-04 7.137e-04 -3.583e-04 0.000e+00
827 7.967e-04 -9.734e-04 4.680e-05 0.000e+00
828 9.218e-04 -7.854e-04 9.984e-04 0.000e+00
829 4.906e-04 2.108e-04 -1.203e-04 0.000e+00
830 7.008e-04 -9.660e-04 4.884e-04 0.000e+00
831 1.055e-03 4.855e-04 3.378e-04 0.000e+00
832 -7.206e-04 1.147e-03 4.002e-04 -3.137e+01
833 -3.780e-04 -6.510e-05 9.412e-04 0.000e+00
834 -7.853e-04 6.588e-05 3.270e-06 0.000e+00
835 -8.916e-04 -7.303e-04 -1.206e-03 0.000e+00
836 -2.794e-04 8.626e-04 -5.475e-04 0.000e+00
837 -4.596e-04 -6.452e-04 -4.207e-04 0.000e+00
838 -6.405e-05 3.683e-04 -1.426e-04 0.000e+00
839 9.837e-05 -9.015e-04 9.235e-04 0.000e+00
840 -2.292e-04 -6.502e-04 9.486e-06 0.000e+00
841 1.917e-04 1.253e-03 -3.141e-04 4.878e+01
842 -3.806e-05 -7.258e-04 -2.956e-04 0.000e+00
843 -1.347e-04 -7.056e-04 7.371e-04 0.000e+00
844 6.749e-04 5.763e-04 1.149e-03 0.000e+00
845 -4.357e-04 8.548e-04 8.475e-04 0.000e+00
846 3.720e-04 9.126e-04 2.379e-04 0.000e+00
847 -2.768e-04 -7.270e-04 -5.829e-04 0.000e+00
848 -3.910e-04 -1.156e-04 6.365e-04 0.000e+00
849 -2.484e-05 -2.645e-04 3.751e-04 0.000e+00
850 -1.304e-03 -8.718e-04 7.664e-04 0.000e+00
851 6.685e-04 -6.452e-04 -4.038e-04 0.000e+00
852 2.761e-04 6.198e-04 -5.865e-04 0.000e+00
853 -1.082e-03 7.667e-04 -1.089e-04 0.000e+00
854 6.625e-04 -4.538e-05 -3.975e-04 0.000e+00
855 -4.959e-04 -6.900e-04 -3.301e-05 0.000e+00
856 2.614e-05 8.488e-04 2.752e-04 0.000e+00
857 -7.538e-04 9.712e-04 6.154e-04 0.000e+00
858 4.102e-04 6.188e-04 -7.809e-04 0.000e+00
859 -5.616e-04 -7.334e-04 1.965e-04 0.000e+00
860 -7.719e-04 -9.162e-04 2.954e-04 0.000e+00
861 5.022e-04 -8.584e-04 7.062e-04 0.000e+00
862 7.816e-04 1.156e-03 1.628e-04 6.239e+01
863 -3.940e-04 -9.824e-04 -6.979e-04 0.000e+00
864 5.321e-04 -1.030e-05 -6.487e-04 0.000e+00
865 -4.856e-04 -7.733e-04 1.735e-04 0.000e+00
866 -3.195e-04 4.783e-04 4.751e-04 0.000e+00
867 -1.878e-04 -1.807e-04 4.652e-04 0.000e+00
868 1.879e-04 -8.383e-04 6.677e-04 0.000e+00
869 -8.038e-04 7.804e-04 6.107e-04 0.000e+00
870 1.603e-05 -7.673e-04 6.247e-04 0.000e+00
871 -1.034e-03 -9.612e-04 8.015e-04 0.000e+00
872 4.271e-04 9.830e-04 -6.568e-04 0.000e+00
873 1.133e-03 2.734e-04 -2.176e-04 0.000e+00
874 7.556e-04 -6.933e-04 -7.007e-04 0.000e+00
875 -4.173e-04 -6.959e-04 -1.221e-04 0.000e+00
876 -1.448e-03 1.055e-03 -3.052e-04 -1.773e+01
877 2.770e-04 1.657e-04 6.041e-04 0.000e+00
878 -8.532e-05 7.811e-04 1.123e-04 0.000e+00
879 -2.314e-04 3.868e-04 -3.962e-04 0.000e+00
880 -7.514e-05 3.348e-04 5.410e-04 0.000e+00
881 -6.247e-04 -6.876e-04 5.385e-05 0.000e+00
882 1.734e-04 -9.639e-04 -6.152e-04 0.000e+00
883 -1.872e-04 -6.530e-04 -6.378e-04 0.000e+00
884 5.891e-04 -8.589e-04 2.127e-05 0.000e+00
885 -1.334e-04 -8.304e-04 1.936e-04 0.000e+00
886 -1.631e-04 6.383e-04 -6.412e-04 0.000e+00
887 3.387e-04 -3.427e-05 1.294e-03 0.000e+00
888 1.301e-03 -8.166e-04 1.033e-03 0.000e+00
889 -1.812e-04 4.659e-04 1.956e-04 0.000e+00
890 -7.222e-04 1.552e-04 2.252e-05 0.000e+00
891 -5.290e-05 6.499e-04 4.765e-04 0.000e+00
892 8.720e-04 -8.206e-04 6.167e-04 0.000e+00
893 8.780e-04 -6.009e-04 -1.143e-03 0.000e+00
894 7.675e-04 2.705e-04 -3.707e-04 0.000e+00
895 1.287e-05 -9.669e-04 7.763e-04 0.000e+00
896 -2.839e-05 -1.004e-03 5.870e-04 0.000e+00
897 -1.108e-03 1.273e-03 8.126e-04 2.659e+01
898 -2.348e-04 -1.854e-04 -9.434e-04 0.000e+00
899 -3.494e-04 -2.581e-05 7.760e-05 0.000e+00
900 -5.315e-04 -9.913e-04 -2.225e-06 0.000e+00
901 -9.801e-04 -4.544e-05 -1.095e-04 0.000e+00
902 5.413e-04 2.216e-04 3.132e-04 0.000e+00
903 1.112e-03 1.827e-03 -1.084e-03 1.518e+01
904 -5.312e-04 -9.764e-04 4.250e-04 0.000e+00
905 8.813e-04 -1.012e-03 -1.438e-03 0.000e+00
906 -2.243e-04 6.994e-04 -3.736e-04 0.000e+00
907 -9.527e-05 2.819e-04 1.073e-05 0.000e+00
908 -8.197e-04 -9.235e-04 3.094e-04 0.000e+00
909 -1.907e-04 6.996e-04 8.838e-04 0.000e+00
910 -2.916e-04 6.138e-04 -3.581e-04 0.000e+00
911 7.636e-04 7.831e-05 -1.054e-03 0.000e+00
912 2.275e-04 -9.902e-04 -2.459e-04 0.000e+00
913 4.862e-04 1.166e-04 -4.972e-04 0.000e+00
914 1.472e-04 -8.798e-04 -5.610e-04 0.000e+00
915 1.035e-03 -1.943e-05 2.297e-05 0.000e+00
916 1.121e-03 -2.220e-04 8.693e-04 0.000e+00
917 5.026e-04 3.393e-04 1.671e-04 0.000e+00
918 -6.492e-04 1.270e-03 5.951e-04 -9.108e+01
919 9.069e-04 -6.605e-04 -1.836e-04 0.000e+00
920 -7.337e-04 3.676e-04 -2.045e-04 0.000e+00
921 -2.480e-04 6.301e-04 -9.532e-05 0.000e+00
922 -3.700e-04 -8.570e-04 -4.099e-04 0.000e+00
923 1.636e-04 -9.885e-04 7.273e-04 0.000e+00
924 -8.150e-04 -8.329e-04 -4.484e-04 0.000e+00
925 5.901e-04 -9.714e-04 -7.008e-05 0.000e+00
926 1.767e-04 -1.003e-03 -1.972e-04 0.000e+00
927 -6.120e-04 -5.829e-04 9.761e-05 0.000e+00
928 1.592e-05 9.383e-04 3.640e-04 0.000e+00
929 1.022e-03 8.110e-04 2.310e-06 0.000e+00
930 -5.853e-04 5.694e-04 7.417e-05 0.000e+00
931 -1.890e-04 -9.971e-04 4.387e-04 0.000e+00
932 7.278e-04 5.561e-04 3.213e-04 0.000e+00
933 8.001e-04 9.897e-04 3.361e-04 0.000e+00
934 8.614e-04 -5.696e-04 1.139e-03 0.000e+00
935 -5.338e-05 8.928e-04 5.108e-04 0.000e+00
936 1.360e-05 1.093e-03 -7.003e-04 -6.544e+01
937 -8.619e-04 -4.683e-04 1.242e-03 0.000e+00
938 -3.650e-04 -8.336e-04 1.235e-04 0.000e+00
939 -2.576e-05 -7.308e-04 1.115e-03 0.000e+00
940 3.352e-04 2.529e-04 -5.210e-04 0.000e+00
941 7.220e-04 1.821e-04 6.397e-04 0.000e+00
942 -5.489e-04 5.847e-04 6.107e-04 0.000e+00
943 1.665e-04 -1.867e-04 2.545e-04 0.000e+00
944 -1.612e-04 6.177e-04 -4.499e-04 0.000e+00
945 -4.666e-04 -6.496e-04 -2.865e-04 0.000e+00
946 1.013e-03 -8.067e-04 -9.519e-07 0.000e+00
947 2.328e-06 -9.430e-04 -4.297e-05 0.000e+00
948 5.198e-04 -1.014e-03 4.178e-04 0.000e+00
949 3.838e-04 9.098e-04 -3.332e-04 0.000e+00
950 4.222e-04 2.657e-04 -7.607e-04 0.000e+00
951 2.475e-04 4.576e-04 -1.010e-04 0.000e+00
952 -8.009e-04 -6.350e-04 1.227e-04 0.000e+00
953 5.540e-04 -9.599e-04 2.056e-04 0.000e+00
954 8.656e-04 4.847e-04 -2.089e-04 0.000e+00
955 6.075e-04 -5.518e-04 6.177e-04 0.000e+00
956 -9.382e-05 -7.695e-04 1.028e-03 0.000e+00
957 1.438e-04 -4.528e-05 -7.915e-05 0.000e+00
958 -2.580e-06 -1.007e-03 8.934e-04 0.000e+00
959 -5.337e-04 -9.551e-04 -5.722e-04 0.000e+00
960 -1.033e-04 7.740e-05 -1.452e-04 0.000e+00
961 1.163e-03 -9.974e-04 9.662e-04 0.000e+00
962 -4.995e-04 1.332e-03 -5.519e-04 -3.048e+01
963 -4.333e-04 3.145e-04 -7.060e-04 0.000e+00
964 2.825e-04 -9.136e-04 1.108e-04 0.000e+00
965 -4.474e-04 -1.010e-04 -1.522e-04 0.000e+00
966 -7.517e-04 4.218e-04 1.253e-03 0.000e+00
967 -1.488e-04 -5.429e-05 -5.514e-04 0.000e+00
968 -6.102e-04 -9.677e-04 1.271e-04 0.000e+00
969 4.679e-04 1.621e-03 1.606e-04 2.062e+01
970 7.670e-04 -6.785e-04 8.089e-05 0.000e+00
971 -9.199e-05 1.364e-03 6.166e-04 -7.419e+01
972 3.195e-04 8.410e-04 1.259e-03 0.000e+00
973 -1.212e-03 1.376e-04 5.287e-04 0.000e+00
974 8.714e-04 1.283e-04 -1.135e-03 0.000e+00
975 1.368e-04 1.446e-03 -1.307e-06 -4.957e+01
976 1.751e-03 5.325e-04 1.134e-03 0.000e+00
977 7.254e-04 -1.312e-04 9.822e-05 0.000e+00
978 1.198e-04 3.219e-04 -4.635e-04 0.000e+00
979 -3.296e-04 -9.429e-04 -1.870e-03 0.000e+00
980 5.668e-05 2.725e-04 -5.170e-04 0.000e+00
981 -6.802e-04 1.351e-03 -4.372e-04 -5.367e+01
982 -6.676e-04 -7.976e-04 2.647e-04 0.000e+00
983 -5.883e-04 4.045e-04 2.710e-04 0.000e+00
984 6.958e-04 -1.218e-04 6.605e-04 0.000e+00
985 6.198e-04 2.454e-04 -1.030e-03 0.000e+00
986 4.610e-04 -9.957e-04 -3.563e-04 0.000e+00
987 -3.310e-04 -7.276e-04 -6.625e-04 0.000e+00
988 -1.583e-05 -1.961e-06 -2.117e-04 0.000e+00
989 -1.044e-03 4.264e-04 7.678e-04 0.000e+00
990 -1.380e-05 -4.647e-04 3.079e-04 0.000e+00
991 -5.510e-04 7.637e-04 4.766e-04 0.000e+00
992 1.323e-03 -7.822e-04 1.423e-04 0.000e+00
993 -1.241e-03 3.111e-05 1.259e-04 0.000e+00
994 4.197e-04 -1.825e-04 -3.810e-04 0.000e+00
995 -5.550e-05 1.442e-04 1.390e-03 0.000e+00
996 -1.453e-04 2.010e-04 2.037e-04 0.000e+00
997 -7.403e-04 4.278e-04 -8.671e-04 0.000e+00
998 1.397e-03 -1.009e-03 6.091e-06 0.000e+00
999 2.057e-05 -7.757e-04 5.143e-04 0.000e+00
1000 -9.188e-04 -4.655e-04 1.527e-04 0.000e+00
1001 -5.927e-05 9.422e-04 -2.267e-04 0.000e+00
1002 1.408e-04 -7.058e-04 -2.438e-05 0.000e+00
1003 5.637e-04 3.691e-04 -4.679e-04 0.000e+00
1004 1.053e-04 -1.009e-03 6.037e-05 0.000e+00
1005 3.446e-04 -6.869e-04 -2.348e-04 0.000e+00
1006 4.540e-04 3.385e-04 4.038e-04 0.000e+00
1007 2.853e-04 6.547e-04 1.173e-03 0.000e+00
1008 -3.059e-04 -4.630e-04 -7.175e-04 0.000e+00
1009 1.084e-03 1.041e-03 -2.066e-04 5.323e+01
1010 7.203e-04 7.663e-05 -1.665e-04 0.000e+00
1011 -9.700e-04 -7.485e-04 -1.695e-04 0.000e+00
1012 -8.057e-04 6.718e-04 4.492e-04 0.000e+00
1013 1.123e-03 -9.274e-04 -5.353e-04 0.000e+00
1014 1.042e-05 7.406e-04 1.217e-04 0.000e+00
1015 1.248e-04 -8.095e-04 5.508e-04 0.000e+00
1016 -3.816e-04 -8.932e-04 5.864e-04 0.000e+00
1017 5.371e-04 7.519e-04 4.992e-04 0.000e+00
1018 -1.484e-04 -9.507e-04 1.028e-03 0.000e+00
1019 -3.586e-04 -9.098e-04 -2.243e-04 0.000e+00
1020 7.619e-05 -7.365e-04 1.420e-03 0.000e+00
1021 -5.393e-04 -4.207e-04 -2.770e-04 0.000e+00
1022 -1.330e-03 -1.003e-03 7.106e-05 0.000e+00
1023 -4.565e-04 4.755e-05 3.008e-04 0.000e+00
1024 5.061e-04 -9.551e-04 4.587e-04 0.000e+00
1025 3.394e-04 4.388e-04 -7.780e-04 0.000e+00
1026 -1.073e-03 1.006e-03 2.372e-04 0.000e+00
1027 -4.749e-04 1.605e-04 -3.347e-04 0.000e+00
1028 3.443e-04 9.498e-05 1.221e-03 0.000e+00
1029 -5.751e-04 1.139e-04 -4.018e-04 0.000e+00
1030 -5.191e-04 -7.160e-04 3.408e-04 0.000e+00
1031 -1.997e-04 -8.311e-04 1.411e-03 0.000e+00
1032 1.484e-04 -9.127e-04 -5.534e-04 0.000e+00
1033 5.802e-04 1.071e-03 -4.060e-05 -9.567e+01
1034 2.051e-04 -1.010e-03 2.118e-04 0.000e+00
1035 -7.926e-04 -9.826e-04 -6.176e-04 0.000e+00
1036 2.957e-04 5.087e-04 -9.698e-04 0.000e+00
1037 -8.607e-04 -9.633e-04 7.521e-04 0.000e+00
1038 7.555e-04 -9.144e-04 7.386e-04 0.000e+00
1039 8.447e-04 -9.461e-04 6.119e-04 0.000e+00
1040 -7.753e-04 9.694e-04 -9.234e-04 0.000e+00
1041 -4.320e-04 7.219e-04 1.678e-03 0.000e+00
1042 1.863e-04 -1.599e-05 4.654e-04 0.000e+00
1043 1.360e-03 -7.422e-04 -3.697e-04 0.000e+00
1044 1.042e-03 3.832e-05 -1.058e-05 0.000e+00
1045 1.325e-03 -9.396e-04 7.153e-04 0.000e+00
1046 -2.637e-04 -8.012e-04 6.808e-04 0.000e+00
1047 -4.863e-04 4.488e-04 5.629e-04 0.000e+00
1048 3.560e-04 4.854e-04 -5.253e-04 0.000e+00
1049 5.970e-04 -7.721e-04 -3.720e-04 0.000e+00
1050 3.457e-06 -9.606e-04 -5.720e-04 0.000e+00
1051 -1.217e-03 2.699e-04 3.393e-04 0.000e+00
1052 -7.267e-04 -7.337e-04 -7.847e-04 0.000e+00
1053 -8.951e-04 1.023e-04 -3.431e-04 0.000e+00
1054 -4.230e-04 8.597e-05 8.150e-04 0.000e+00
1055 4.102e-04 -8.376e-04 3.139e-04 0.000e+00
1056 1.981e-04 -9.406e-04 3.060e-04 0.000e+00
1057 -2.141e-04 -9.685e-04 -5.886e-04 0.000e+00
1058 2.685e-05 6.633e-04 -6.697e-04 0.000e+00
1059 3.542e-04 -8.827e-04 -4.185e-04 0.000e+00
1060 -1.896e-04 7.034e-04 -1.324e-03 0.000e+00
1061 5.573e-04 4.339e-04 7.637e-04 0.000e+00
1062 -7.827e-06 5.405e-04 3.798e-04 0.000e+00
1063 -1.066e-03 -9.360e-04 1.278e-03 0.000e+00
1064 7.514e-04 5.284e-04 6.074e-04 0.000e+00
1065 7.652e-04 -3.301e-04 -1.269e-04 0.000e+00
1066 1.205e-04 -8.243e-04 -7.107e-04 0.000e+00
1067 3.509e-04 5.805e-04 -1.037e-03 0.000e+00
1068 -1.215e-04 -7.757e-04 -1.087e-03 0.000e+00
1069 1.908e-04 1.152e-04 -1.098e-04 0.000e+00
1070 -1.192e-03 1.136e-05 1.515e-04 0.000e+00
1071 7.261e-04 1.442e-03 1.074e-03 -3.699e+00
1072 1.006e-03 1.509e-03 1.202e-03 2.417e+01
1073 -5.956e-04 1.741e-04 7.659e-04 0.000e+00
1074 9.828e-04 -6.778e-04 -3.995e-04 0.000e+00
1075 -5.811e-04 7.064e-04 7.586e-04 0.000e+00
1076 1.051e-03 2.533e-04 5.885e-04 0.000e+00
1077 8.132e-04 6.648e-04 -1.295e-05 0.000e+00
1078 -1.644e-04 -9.121e-04 5.127e-04 0.000e+00
1079 -1.448e-04 -1.787e-04 5.402e-04 0.000e+00
1080 -1.588e-03 -8.033e-04 -2.763e-04 0.000e+00
1081 8.156e-05 2.802e-04 2.394e-04 0.000e+00
1082 4.003e-04 6.797e-04 7.582e-04 0.000e+00
1083 -4.986e-04 -6.551e-04 1.115e-03 0.000e+00
1084 -1.133e-03 8.113e-04 4.379e-04 0.000e+00
1085 -9.309e-04 -2.057e-04 -1.002e-03 0.000e+00
1086 1.004e-03 -9.559e-04 7.980e-04 0.000e+00
1087 -6.666e-05 -5.806e-04 -1.001e-03 0.000e+00
1088 3.026e-04 2.754e-04 -6.143e-04 0.000e+00
1089 6.408e-04 4.059e-04 -4.971e-04 0.000e+00
1090 -4.672e-04 -2.302e-05 1.923e-04 0.000e+00
1091 4.674e-04 -5.726e-04 1.864e-04 0.000e+00
1092 -7.055e-04 5.774e-04 -1.885e-04 0.000e+00
1093 -4.094e-04 -3.028e-04 -7.435e-04 0.000e+00
1094 8.018e-05 5.009e-04 7.846e-04 0.000e+00
1095 7.919e-05 6.911e-04 8.718e-04 0.000e+00
1096 3.940e-04 -5.784e-06 4.140e-04 0.000e+00
1097 2.565e-04 -9.757e-04 -3.949e-04 0.000e+00
1098 -4.440e-04 -9.945e-04 2.256e-04 0.000e+00
1099 9.661e-04 2.656e-04 -9.490e-05 0.000e+00
1100 1.154e-03 -9.314e-04 -7.195e-04 0.000e+00
1101 1.066e-03 -9.155e-04 -5.122e-04 0.000e+00
1102 -3.716e-04 -9.937e-04 -5.164e-04 0.000e+00
1103 -7.357e-04 3.239e-04 2.313e-04 0.000e+00
1104 -8.327e-04 -9.975e-04 1.745e-03 0.000e+00
1105 2.701e-04 6.005e-04 8.392e-05 0.000e+00
1106 9.262e-04 4.791e-04 -8.480e-04 0.000e+00
1107 -4.957e-04 -4.862e-04 2.331e-03 0.000e+00
1108 -4.798e-04 8.245e-05 -4.457e-04 0.000e+00
1109 2.561e-03 2.255e-04 6.002e-04 0.000e+00
1110 -6.610e-04 2.693e-04 2.796e-04 0.000e+00
1111 4.988e-04 1.421e-04 8.382e-04 0.000e+00
1112 -6.297e-04 8.198e-04 -3.658e-04 0.000e+00
1113 1.145e-04 8.052e-04 -3.842e-04 0.000e+00
1114 3.887e-04 1.068e-03 -4.380e-05 -6.181e+01
1115 1.941e-04 2.718e-04 5.340e-04 0.000e+00
1116 1.455e-03 -2.867e-04 -1.138e-03 0.000e+00
1117 0.000e+00 -6.658e-04 -1.320e-03 0.000e+00
1118 1.348e-03 -9.593e-04 9.377e-04 0.000e+00
1119 -2.881e-04 1.501e-04 9.178e-05 0.000e+00
1120 1.390e-03 7.318e-04 -1.116e-04 0.000e+00
1121 -6.956e-04 4.274e-04 -3.605e-04 0.000e+00
1122 -1.819e-04 1.557e-04 7.152e-05 0.000e+00
1123 -2.954e-04 -6.274e-04 -4.766e-05 0.000e+00
1124 7.622e-04 9.742e-05 -3.110e-04 0.000e+00
1125 7.500e-04 -9.660e-04 -7.381e-04 0.000e+00
1126 1.497e-03 3.421e-04 -7.400e-04 0.000e+00
1127 4.406e-04 3.677e-04 -6.956e-05 0.000e+00
1128 1.137e-04 -8.667e-04 6.091e-04 0.000e+00
1129 6.027e-05 8.006e-04 4.298e-04 0.000e+00
1130 -6.468e-04 7.890e-04 -8.999e-04 0.000e+00
1131 5.460e-04 -2.703e-04 1.274e-04 0.000e+00
1132 7.345e-05 -2.375e-04 3.373e-04 0.000e+00
1133 -1.875e-04 -5.204e-05 -6.554e-04 0.000e+00
1134 -8.830e-04 1.261e-04 -6.740e-04 0.000e+00
1135 -7.349e-05 1.503e-04 -2.632e-04 0.000e+00
1136 -5.586e-04 -8.281e-04 7.533e-05 0.000e+00
1137 8.305e-04 -8.372e-04 9.870e-04 0.000e+00
1138 6.829e-04 3.968e-05 -1.020e-03 0.000e+00
1139 -1.640e-04 2.115e-04 3.744e-04 0.000e+00
1140 5.549e-04 5.439e-04 8.772e-05 0.000e+00
1141 1.610e-04 -7.033e-04 2.680e-04 0.000e+00
1142 8.145e-04 -9.790e-04 1.092e-04 0.000e+00
1143 5.649e-04 5.564e-04 -4.449e-04 0.000e+00
1144 -3.895e-04 -8.963e-04 9.071e-04 0.000e+00
1145 1.218e-03 1.013e-03 -3.983e-05 0.000e+00
1146 -8.688e-04 6.110e-04 1.303e-03 0.000e+00
1147 -5.725e-04 1.989e-04 4.041e-04 0.000e+00
1148 6.526e-04 -9.800e-04 8.360e-04 0.000e+00
1149 7.872e-04 5.209e-04 -5.080e-04 0.000e+00
1150 9.134e-04 1.086e-03 -8.471e-04 -9.170e+01
1151 -5.262e-05 6.356e-04 3.536e-04 0.000e+00
1152 -7.888e-04 -7.569e-04 -6.813e-05 0.000e+00
1153 -4.374e-05 -7.324e-04 7.963e-05 0.000e+00
1154 6.965e-04 5.823e-04 8.133e-04 0.000e+00
1155 -3.625e-04 1.005e-03 8.087e-04 0.000e+00
1156 1.651e-03 -7.070e-04 -1.099e-03 0.000e+00
1157 7.285e-04 -7.224e-04 2.636e-04 0.000e+00
1158 8.098e-04 5.107e-04 6.058e-04 0.000e+00
1159 6.879e-05 -7.644e-04 -1.213e-04 0.000e+00
1160 9.021e-05 1.093e-03 3.482e-04 -9.013e+01
1161 7.281e-05 -8.582e-04 -4.751e-04 0.000e+00
1162 8.760e-04 5.996e-04 3.373e-04 0.000e+00
1163 2.925e-04 5.845e-04 6.642e-04 0.000e+00
1164 1.581e-03 2.346e-04 -1.008e-03 0.000e+00
1165 4.823e-04 2.705e-04 -1.171e-03 0.000e+00
1166 1.135e-03 3.680e-04 -5.600e-04 0.000e+00
1167 2.383e-04 6.424e-04 5.879e-04 0.000e+00
1168 1.458e-04 -9.712e-04 1.423e-03 0.000e+00
1169 -1.734e-04 -8.297e-04 9.326e-04 0.000e+00
1170 9.315e-05 -9.945e-04 -7.031e-04 0.000e+00
1171 5.361e-04 1.139e-04 8.228e-05 0.000e+00
1172 -2.007e-04 -8.184e-04 -2.205e-04 0.000e+00
1173 -1.110e-04 -7.210e-04 -2.487e-04 0.000e+00
1174 -6.886e-04 -8.706e-04 1.284e-03 0.000e+00
1175 2.676e-04 1.026e-03 4.615e-04 -4.615e+01
1176 -2.821e-04 9.315e-04 4.030e-04 0.000e+00
1177 -1.649e-04 9.797e-05 4.542e-04 0.000e+00
1178 4.329e-04 5.403e-05 5.681e-04 0.000e+00
1179 6.568e-04 -6.945e-04 2.048e-05 0.000e+00
1180 -1.580e-05 2.823e-04 -3.811e-04 0.000e+00
1181 6.903e-04 -8.493e-04 -1.493e-03 0.000e+00
1182 8.145e-04 2.877e-04 1.446e-03 0.000e+00
1183 -4.419e-04 5.524e-04 4.814e-04 0.000e+00
1184 6.986e-04 -1.546e-04 3.844e-04 0.000e+00
1185 5.768e-04 -7.763e-04 4.899e-04 0.000e+00
1186 4.789e-04 4.913e-04 7.647e-04 0.000e+00
1187 7.784e-04 -9.937e-04 3.262e-04 0.000e+00
1188 3.796e-04 7.868e-04 -7.325e-04 0.000e+00
1189 1.875e-04 2.155e-04 2.043e-04 0.000e+00
1190 -9.074e-04 -9.852e-04 6.873e-04 0.000e+00
1191 3.894e-05 -8.341e-04 4.951e-04 0.000e+00
1192 -2.507e-04 -6.797e-04 -4.137e-04 0.000e+00
1193 7.249e-04 5.386e-04 -4.585e-05 0.000e+00
1194 5.098e-04 -1.807e-04 3.768e-04 0.000e+00
1195 -1.932e-04 -7.829e-04 -2.333e-04 0.000e+00
1196 8.553e-04 5.221e-04 9.877e-04 0.000e+00
1197 -3.572e-04 -6.213e-04 2.315e-04 0.000e+00
1198 1.882e-04 -6.144e-04 9.647e-04 0.000e+00
1199 7.415e-04 -6.998e-04 4.468e-04 0.000e+00
1200 1.004e-03 -9.708e-04 -4.008e-05 0.000e+00
1201 -2.884e-04 5.962e-04 2.045e-04 0.000e+00
1202 -3.022e-04 2.186e-04 -2.459e-04 0.000e+00
1203 -2.935e-04 -9.451e-04 -7.686e-05 0.000e+00
1204 -2.653e-04 -7.001e-04 -9.288e-04 0.000e+00
1205 3.620e-04 5.555e-04 -3.678e-04 0.000e+00
1206 4.504e-05 -5.870e-04 3.681e-04 0.000e+00
1207 5.362e-04 3.546e-04 -3.829e-04 0.000e+00
1208 6.050e-04 -8.824e-04 -1.330e-04 0.000e+00
1209 3.908e-04 1.080e-04 -8.613e-04 0.000e+00
1210 8.669e-05 -9.248e-04 2.629e-04 0.000e+00
1211 7.359e-04 5.851e-04 9.927e-04 0.000e+00
1212 2.584e-04 1.493e-03 8.194e-04 5.867e+01
1213 6.097e-04 1.057e-03 8.254e-04 2.139e+01
1214 -6.361e-04 4.112e-04 5.866e-04 0.000e+00
1215 -1.146e-03 6.365e-04 2.430e-05 0.000e+00
1216 4.461e-04 -8.012e-04 9.931e-04 0.000e+00
1217 -4.413e-04 -9.996e-04 4.085e-04 0.000e+00
1218 8.858e-04 6.411e-04 -3.953e-04 0.000e+00
1219 -9.019e-05 -9.453e-04 2.243e-04 0.000e+00
1220 -2.580e-04 1.487e-04 1.862e-04 0.000e+00
1221 4.086e-04 -1.556e-04 -8.674e-04 0.000e+00
1222 1.108e-03 -8.300e-04 -3.089e-04 0.000e+00
1223 -1.587e-04 -9.022e-04 -2.368e-04 0.000e+00
1224 1.684e-03 5.678e-04 -7.819e-04 0.000e+00
1225 6.810e-04 -8.975e-05 -3.505e-04 0.000e+00
1226 1.828e-03 1.402e-04 -8.728e-04 0.000e+00
1227 8.792e-04 -6.251e-04 2.589e-04 0.000e+00
1228 9.207e-04 -8.199e-04 5.099e-05 0.000e+00
1229 2.043e-03 -9.127e-04 -6.321e-04 0.000e+00
1230 1.410e-03 1.145e-03 1.099e-04 6.786e+01
1231 1.458e-04 4.497e-04 -9.636e-04 0.000e+00
1232 9.142e-04 2.540e-04 -1.189e-03 0.000e+00
1233 1.962e-03 3.107e-04 -2.741e-04 0.000e+00
1234 1.656e-03 4.803e-04 -6.927e-04 0.000e+00
1235 9.285e-04 8.075e-04 -7.678e-05 0.000e+00
1236 2.352e-03 5.012e-04 -7.352e-04 0.000e+00
1237 1.124e-03 3.334e-04 3.491e-04 0.000e+00
1238 2.223e-03 -5.957e-04 6.153e-05 0.000e+00
1239 1.068e-03 -2.274e-04 1.112e-03 0.000e+00
1240 2.858e-03 -5.042e-04 -1.551e-03 0.000e+00
1241 1.492e-03 4.042e-04 9.496e-05 0.000e+00
1242 1.556e-03 -5.198e-04 4.652e-04 0.000e+00
1243 2.826e-03 1.013e-03 7.182e-04 0.000e+00
1244 1.637e-03 -6.667e-04 4.193e-04 0.000e+00
1245 3.209e-03 -7.961e-04 6.753e-04 0.000e+00
1246 3.293e-03 8.047e-04 1.534e-04 0.000e+00
1247 2.332e-03 4.206e-04 -8.056e-04 0.000e+00
1248 3.154e-03 9.284e-04 7.652e-04 0.000e+00
1249 2.588e-03 1.265e-03 -3.279e-04 3.796e+01
1250 3.312e-03 2.457e-03 7.503e-04 5.897e+01
1251 3.499e-03 1.030e-03 -3.286e-04 4.127e+01
1252 2.224e-03 9.566e-04 1.577e-04 0.000e+00
1253 3.345e-03 1.361e-03 -4.058e-04 3.798e+01
1254 4.018e-03 1.741e-03 -2.323e-04 2.711e+01
1255 4.278e-03 1.800e-03 -1.785e-05 4.324e+01
1256 5.344e-03 2.199e-03 -1.389e-03 4.129e+01
1257 5.550e-03 3.126e-03 1.160e-04 4.171e+01
1258 5.117e-03 1.980e-03 -1.196e-03 5.293e+01
1259 5.914e-03 2.270e-03 6.724e-04 2.361e+01
1260 5.820e-03 1.495e-03 3.253e-04 4.197e+01
1261 6.328e-03 1.880e-04 -1.757e-04 0.000e+00
1262 5.907e-03 2.432e-03 1.471e-04 3.013e+01
1263 6.715e-03 2.724e-03 -1.958e-04 2.627e+01
1264 7.701e-03 1.454e-03 -8.082e-04 4.067e+01
1265 8.083e-03 3.290e-03 -8.615e-05 3.104e+01
1266 8.442e-03 3.584e-03 -2.160e-04 3.471e+01
1267 8.904e-03 4.115e-03 4.539e-04 3.419e+01
1268 9.766e-03 3.727e-03 7.183e-04 3.153e+01
1269 1.174e-02 4.110e-03 1.025e-03 3.194e+01
1270 1.207e-02 4.010e-03 -7.838e-04 2.723e+01
1271 1.146e-02 3.821e-03 3.590e-04 2.656e+01
1272 1.361e-02 5.032e-03 -2.221e-04 3.178e+01
1273 1.363e-02 5.578e-03 -5.558e-04 3.129e+01
1274 1.576e-02 5.565e-03 3.468e-04 2.898e+01
1275 1.714e-02 6.964e-03 6.228e-04 3.045e+01
1276 1.883e-02 6.127e-03 -8.461e-04 3.278e+01
1277 2.040e-02 7.287e-03 5.000e-04 3.070e+01
1278 2.016e-02 8.663e-03 1.934e-04 3.270e+01
1279 2.234e-02 1.040e-02 -1.656e-04 2.824e+01
1280 2.529e-02 9.394e-03 8.981e-05 2.914e+01
1281 2.752e-02 1.070e-02 -4.364e-04 2.826e+01
1282 3.002e-02 1.247e-02 -5.194e-04 2.884e+01
1283 3.120e-02 1.231e-02 -1.103e-03 2.730e+01
1284 3.337e-02 1.275e-02 -3.392e-04 2.928e+01
1285 3.575e-02 1.421e-02 -1.410e-03 2.657e+01
1286 3.840e-02 1.375e-02 -2.185e-04 2.784e+01
1287 4.175e-02 1.554e-02 -1.052e-03 2.782e+01
1288 4.621e-02 1.606e-02 -1.087e-03 2.788e+01
1289 4.888e-02 1.672e-02 -1.866e-03 2.710e+01
1290 5.206e-02 1.844e-02 -2.300e-03 2.841e+01
1291 5.561e-02 2.003e-02 -1.453e-03 2.814e+01
1292 6.038e-02 2.225e-02 -3.362e-03 2.580e+01
1293 6.427e-02 2.248e-02 -2.988e-03 2.668e+01
1294 7.094e-02 2.399e-02 -2.961e-03 2.619e+01
1295 7.604e-02 2.611e-02 -1.881e-03 2.622e+01
1296 8.128e-02 2.505e-02 -2.091e-03 2.701e+01
1297 8.616e-02 2.785e-02 -2.054e-03 2.534e+01
1298 9.075e-02 2.869e-02 -2.173e-03 2.598e+01
1299 9.753e-02 3.126e-02 -3.321e-03 2.519e+01
1300 1.034e-01 3.179e-02 -3.713e-03 2.493e+01
1301 1.110e-01 3.502e-02 -3.731e-03 2.552e+01
1302 1.169e-01 3.619e-02 -3.553e-03 2.424e+01
1303 1.240e-01 3.795e-02 -2.250e-03 2.425e+01
1304 1.324e-01 3.908e-02 -3.117e-03 2.378e+01
1305 1.387e-01 4.153e-02 -2.987e-03 2.304e+01
1306 1.496e-01 4.359e-02 -3.817e-03 2.289e+01
1307 1.605e-01 4.670e-02 -4.716e-03 2.301e+01
1308 1.717e-01 4.837e-02 -3.736e-03 2.251e+01
1309 1.858e-01 4.873e-02 -2.932e-03 2.265e+01
1310 1.987e-01 4.859e-02 -3.187e-03 2.182e+01
1311 2.082e-01 5.505e-02 -4.322e-03 2.157e+01
1312 2.136e-01 6.613e-02 -6.983e-03 2.087e+01
1313 2.165e-01 8.193e-02 -7.809e-03 2.089e+01
1314 2.235e-01 9.489e-02 -9.237e-03 2.003e+01
1315 2.373e-01 1.023e-01 -1.055e-02 2.011e+01
1316 2.633e-01 1.031e-01 -1.057e-02 1.959e+01
1317 2.911e-01 1.030e-01 -1.022e-02 1.931e+01
1318 3.179e-01 1.041e-01 -9.248e-03 1.867e+01
1319 3.436e-01 1.112e-01 -1.125e-02 1.827e+01
1320 3.674e-01 1.183e-01 -1.258e-02 1.808e+01
1321 3.949e-01 1.284e-01 -1.383e-02 1.761e+01
1322 4.252e-01 1.364e-01 -1.556e-02 1.744e+01
1323 4.548e-01 1.454e-01 -1.714e-02 1.640e+01
1324 4.860e-01 1.594e-01 -1.939e-02 1.590e+01
1325 5.205e-01 1.731e-01 -2.136e-02 1.562e+01
1326 5.623e-01 1.878e-01 -2.191e-02 1.487e+01
1327 6.181e-01 1.960e-01 -2.392e-02 1.451e+01
1328 6.873e-01 1.969e-01 -2.294e-02 1.392e+01
1329 7.616e-01 1.957e-01 -2.249e-02 1.360e+01
1330 8.301e-01 1.985e-01 -2.351e-02 1.292e+01
1331 8.849e-01 2.067e-01 -2.689e-02 1.219e+01
1332 9.218e-01 2.253e-01 -2.838e-02 1.169e+01
1333 9.472e-01 2.440e-01 -3.548e-02 1.102e+01
1334 9.680e-01 2.638e-01 -3.781e-02 1.043e+01
1335 9.851e-01 2.805e-01 -4.050e-02 9.723e+00
1336 1.000e+00 2.993e-01 -4.270e-02 8.908e+00
1337 9.983e-01 3.211e-01 -4.702e-02 8.093e+00
1338 9.820e-01 3.496e-01 -5.177e-02 7.326e+00
1339 9.554e-01 3.844e-01 -5.996e-02 6.484e+00
1340 9.206e-01 4.227e-01 -6.377e-02 5.876e+00
1341 8.817e-01 4.554e-01 -6.807e-02 5.278e+00
1342 8.430e-01 4.839e-01 -7.413e-02 4.646e+00
1343 8.027e-01 5.077e-01 -7.772e-02 3.916e+00
1344 7.648e-01 5.276e-01 -8.257e-02 3.023e+00
1345 7.328e-01 5.419e-01 -8.304e-02 2.124e+00
1346 7.031e-01 5.471e-01 -8.542e-02 1.131e+00
1347 6.783e-01 5.450e-01 -8.488e-02 1.224e-01
1348 6.538e-01 5.371e-01 -8.657e-02 -9.219e-01
1349 6.317e-01 5.261e-01 -8.654e-02 -2.048e+00
1350 6.107e-01 5.103e-01 -8.614e-02 -3.203e+00
1351 5.946e-01 4.958e-01 -8.757e-02 -4.240e+00
1352 5.774e-01 4.819e-01 -8.744e-02 -5.298e+00
1353 5.641e-01 4.718e-01 -8.842e-02 -6.330e+00
1354 5.560e-01 4.654e-01 -9.267e-02 -7.528e+00
1355 5.477e-01 4.595e-01 -9.438e-02 -8.636e+00
1356 5.412e-01 4.531e-01 -9.665e-02 -9.994e+00
1357 5.318e-01 4.424e-01 -9.773e-02 -1.145e+01
1358 5.219e-01 4.268e-01 -9.831e-02 -1.295e+01
1359 5.122e-01 4.058e-01 -9.816e-02 -1.440e+01
1360 5.035e-01 3.807e-01 -9.622e-02 -1.592e+01
1361 5.012e-01 3.511e-01 -9.486e-02 -1.774e+01
1362 5.029e-01 3.193e-01 -9.182e-02 -1.946e+01
1363 5.120e-01 2.893e-01 -8.795e-02 -2.116e+01
1364 5.248e-01 2.666e-01 -8.525e-02 -2.274e+01
1365 5.390e-01 2.541e-01 -8.305e-02 -2.353e+01
1366 5.428e-01 2.523e-01 -8.208e-02 -2.445e+01
1367 5.328e-01 2.522e-01 -7.937e-02 -2.510e+01
1368 5.074e-01 2.441e-01 -7.362e-02 -2.575e+01
1369 4.730e-01 2.298e-01 -6.793e-02 -2.656e+01
1370 4.325e-01 2.105e-01 -5.939e-02 -2.748e+01
1371 3.912e-01 1.917e-01 -5.304e-02 -2.892e+01
1372 3.514e-01 1.695e-01 -4.821e-02 -3.096e+01
1373 3.173e-01 1.546e-01 -4.438e-02 -3.344e+01
1374 2.861e-01 1.435e-01 -4.433e-02 -3.639e+01
1375 2.628e-01 1.387e-01 -4.417e-02 -3.971e+01
1376 2.428e-01 1.380e-01 -4.404e-02 -4.315e+01
1377 2.269e-01 1.371e-01 -4.318e-02 -4.560e+01
1378 2.111e-01 1.365e-01 -4.082e-02 -4.755e+01
1379 1.968e-01 1.335e-01 -3.948e-02 -4.936e+01
1380 1.804e-01 1.264e-01 -3.569e-02 -5.056e+01
1381 1.644e-01 1.171e-01 -3.198e-02 -5.175e+01
1382 1.487e-01 1.078e-01 -2.906e-02 -5.325e+01
1383 1.347e-01 9.701e-02 -2.457e-02 -5.445e+01
1384 1.223e-01 8.845e-02 -2.095e-02 -5.545e+01
1385 1.146e-01 7.967e-02 -1.964e-02 -5.663e+01
1386 1.050e-01 7.156e-02 -1.800e-02 -5.749e+01
1387 1.003e-01 6.677e-02 -1.409e-02 -5.779e+01
1388 9.619e-02 6.329e-02 -1.419e-02 -5.903e+01
1389 9.274e-02 5.886e-02 -1.208e-02 -5.996e+01
1390 8.833e-02 5.445e-02 -1.317e-02 -6.029e+01
1391 8.618e-02 4.826e-02 -1.088e-02 -6.144e+01
1392 8.166e-02 4.281e-02 -1.001e-02 -6.214e+01
1393 7.707e-02 3.858e-02 -7.096e-03 -6.250e+01
1394 7.377e-02 3.359e-02 -5.720e-03 -6.544e+01
1395 6.832e-02 2.880e-02 -5.106e-03 -6.539e+01
1396 6.301e-02 2.505e-02 -5.028e-03 -6.730e+01
1397 5.770e-02 2.170e-02 -4.285e-03 -6.650e+01
1398 5.382e-02 1.692e-02 -3.559e-03 -6.785e+01
1399 4.965e-02 1.266e-02 -2.537e-03 -7.049e+01
1400 4.591e-02 1.043e-02 -2.176e-03 -7.196e+01
1401 4.153e-02 8.036e-03 -1.459e-03 -7.637e+01
1402 3.689e-02 6.683e-03 3.270e-04 -6.762e+01
1403 3.563e-02 3.760e-03 -9.760e-04 -7.530e+01
1404 3.173e-02 3.191e-03 -5.275e-04 -8.268e+01
1405 2.721e-02 3.582e-03 1.285e-03 -8.151e+01
1406 2.460e-02 4.359e-04 7.207e-04 0.000e+00
1407 2.109e-02 7.512e-04 1.665e-04 0.000e+00
1408 1.859e-02 2.444e-03 4.863e-04 -7.828e+01
1409 1.584e-02 8.127e-04 -5.954e-04 0.000e+00
1410 1.410e-02 1.738e-04 7.731e-05 0.000e+00
1411 1.236e-02 5.112e-04 -5.666e-04 0.000e+00
1412 9.303e-03 4.592e-04 4.285e-04 0.000e+00
1413 9.086e-03 -6.112e-04 2.608e-04 0.000e+00
1414 7.815e-03 2.746e-04 -5.684e-04 0.000e+00
1415 5.864e-03 4.221e-04 2.165e-05 0.000e+00
1416 6.699e-03 -8.391e-04 -8.026e-04 0.000e+00
1417 4.645e-03 -1.456e-04 3.197e-04 0.000e+00
1418 3.913e-03 6.847e-05 4.753e-04 0.000e+00
1419 3.018e-03 -9.958e-04 4.619e-04 0.000e+00
1420 1.715e-03 2.414e-04 -1.180e-03 0.000e+00
1421 2.456e-03 -9.893e-04 8.299e-05 0.000e+00
1422 2.676e-03 -2.028e-04 -5.552e-04 0.000e+00
1423 1.904e-03 3.234e-04 -1.073e-03 0.000e+00
1424 1.291e-03 -8.644e-04 5.768e-04 0.000e+00
1425 8.516e-04 -4.368e-05 1.206e-04 0.000e+00
1426 1.036e-03 2.397e-04 -7.002e-04 0.000e+00
1427 1.399e-03 9.179e-05 3.517e-04 0.000e+00
1428 6.590e-04 7.796e-04 -9.124e-04 0.000e+00
1429 6.181e-04 -9.064e-04 -1.878e-04 0.000e+00
1430 2.618e-04 5.350e-04 5.984e-05 0.000e+00
1431 6.703e-04 -9.473e-04 -1.213e-04 0.000e+00
1432 -7.077e-04 -5.221e-04 -1.345e-03 0.000e+00
1433 8.418e-04 7.292e-04 4.192e-05 0.000e+00
1434 7.179e-04 6.870e-04 -4.154e-04 0.000e+00
1435 3.383e-04 -9.744e-04 -4.569e-05 0.000e+00
1436 -1.127e-04 6.187e-04 6.902e-04 0.000e+00
1437 3.247e-04 -7.122e-04 3.555e-04 0.000e+00
1438 1.005e-03 5.529e-05 6.124e-04 0.000e+00
1439 4.908e-04 5.492e-04 1.544e-04 0.000e+00
1440 7.673e-04 -7.975e-04 6.423e-04 0.000e+00
1441 1.232e-04 -6.967e-04 1.190e-04 0.000e+00
1442 -6.999e-04 -9.189e-04 -6.817e-04 0.000e+00
1443 -5.512e-04 1.461e-03 2.541e-04 -8.226e+01
1444 4.211e-04 -8.060e-04 -8.736e-04 0.000e+00
1445 3.364e-06 -8.128e-04 4.355e-04 0.000e+00
1446 -6.527e-04 -8.780e-04 1.310e-03 0.000e+00
1447 4.657e-04 -9.231e-04 -4.570e-04 0.000e+00
1448 1.057e-03 1.169e-04 8.018e-04 0.000e+00
1449 5.775e-04 -9.823e-04 -6.607e-05 0.000e+00
1450 3.784e-04 -7.880e-04 9.141e-05 0.000e+00
1451 1.115e-03 2.814e-04 -9.795e-04 0.000e+00
1452 -1.149e-04 5.706e-04 -5.353e-04 0.000e+00
1453 7.667e-04 2.623e-04 1.705e-04 0.000e+00
1454 -7.562e-05 -8.596e-04 -3.028e-05 0.000e+00
1455 7.691e-04 7.123e-05 6.682e-05 0.000e+00
1456 -9.131e-05 6.886e-04 -2.411e-04 0.000e+00
1457 1.340e-03 2.361e-04 -5.781e-04 0.000e+00
1458 -5.540e-04 -9.788e-04 -1.132e-04 0.000e+00
1459 3.346e-04 -2.186e-04 9.392e-06 0.000e+00
1460 -4.548e-04 4.500e-04 -3.320e-04 0.000e+00
1461 6.417e-05 -8.807e-04 -2.325e-04 0.000e+00
1462 -2.971e-04 6.808e-04 -7.372e-04 0.000e+00
1463 7.350e-04 2.537e-04 -4.520e-04 0.000e+00
1464 -7.537e-04 3.357e-04 1.689e-05 0.000e+00
1465 -1.866e-03 -1.544e-05 6.948e-04 0.000e+00
1466 -5.982e-04 -7.960e-04 8.455e-04 0.000e+00
1467 -1.214e-03 -1.002e-03 3.539e-04 0.000e+00
1468 2.368e-04 5.983e-04 -5.335e-04 0.000e+00
1469 8.382e-04 -9.772e-04 -8.338e-05 0.000e+00
1470 3.309e-04 7.644e-04 -4.695e-04 0.000e+00
1471 6.677e-04 4.315e-04 -4.972e-04 0.000e+00
1472 3.722e-04 -9.258e-04 6.080e-05 0.000e+00
1473 9.492e-04 -5.560e-04 4.041e-04 0.000e+00
1474 9.817e-05 6.675e-04 -8.571e-04 0.000e+00
1475 1.198e-03 5.243e-04 -1.112e-04 0.000e+00
1476 -1.817e-04 9.039e-04 8.311e-04 0.000e+00
1477 -2.071e-05 -4.551e-04 4.567e-04 0.000e+00
1478 2.101e-04 -8.134e-04 2.042e-04 0.000e+00
1479 -2.267e-04 2.509e-04 7.813e-04 0.000e+00
1480 1.032e-04 2.819e-04 3.799e-04 0.000e+00
1481 6.931e-04 7.392e-04 3.605e-04 0.000e+00
1482 8.749e-04 6.872e-04 -1.468e-03 0.000e+00
1483 9.344e-04 4.536e-04 4.195e-04 0.000e+00
1484 -4.511e-05 2.680e-04 -2.272e-05 0.000e+00
1485 2.134e-04 2.620e-04 3.558e-04 0.000e+00
1486 5.904e-04 1.091e-03 -1.151e-03 -4.962e+01
1487 1.115e-03 3.886e-04 1.185e-04 0.000e+00
1488 1.448e-03 -6.727e-04 -3.247e-04 0.000e+00
1489 1.556e-04 -8.934e-04 -1.929e-04 0.000e+00
1490 7.087e-05 2.668e-04 -4.245e-04 0.000e+00
1491 4.343e-04 -9.469e-04 1.138e-03 0.000e+00
1492 1.539e-04 -9.897e-04 -1.349e-03 0.000e+00
1493 1.413e-04 -1.012e-03 -7.161e-04 0.000e+00
1494 7.335e-04 -9.944e-04 -1.501e-03 0.000e+00
1495 8.314e-05 5.363e-04 4.274e-04 0.000e+00
1496 9.211e-04 6.902e-04 7.540e-05 0.000e+00
1497 9.285e-04 -6.103e-04 1.159e-05 0.000e+00
1498 2.784e-04 -9.886e-04 -9.115e-05 0.000e+00
1499 -5.754e-04 -9.717e-04 2.454e-04 0.000e+00
1500 -1.072e-04 -8.385e-04 -2.046e-04 0.000e+00
1501 2.302e-04 -5.058e-04 5.241e-04 0.000e+00
1502 -4.619e-04 6.251e-04 4.727e-04 0.000e+00
1503 -1.591e-04 1.458e-03 -4.661e-04 7.058e+01
1504 7.569e-04 -9.340e-04 2.481e-04 0.000e+00
1505 -8.342e-04 -1.113e-05 1.175e-04 0.000e+00
1506 -4.533e-04 1.207e-03 7.629e-06 -1.004e+02
1507 1.243e-03 -1.006e-03 6.665e-04 0.000e+00
1508 6.006e-04 3.999e-04 1.420e-04 0.000e+00
1509 -2.108e-04 -8.243e-04 6.143e-04 0.000e+00
1510 -3.435e-04 4.077e-04 -3.198e-04 0.000e+00
1511 8.866e-04 -7.271e-04 -2.645e-04 0.000e+00
1512 3.347e-04 5.134e-04 5.616e-04 0.000e+00
1513 -1.796e-04 8.369e-04 -4.621e-04 0.000e+00
1514 -5.239e-04 7.848e-04 6.539e-04 0.000e+00
1515 2.059e-05 -9.684e-04 -5.819e-04 0.000e+00
1516 -1.354e-03 -5.655e-04 -8.353e-04 0.000e+00
1517 3.909e-04 6.929e-04 7.134e-06 0.000e+00
1518 -1.422e-04 1.015e-03 1.736e-04 0.000e+00
1519 6.207e-05 7.071e-04 -5.198e-05 0.000e+00
1520 -6.485e-04 -8.082e-04 -1.288e-04 0.000e+00
1521 8.652e-05 5.760e-04 -2.651e-05 0.000e+00
1522 3.493e-04 2.549e-04 1.189e-04 0.000e+00
1523 5.661e-04 8.931e-05 6.567e-04 0.000e+00
1524 5.595e-04 1.966e-04 9.246e-05 0.000e+00
1525 -4.277e-04 -1.543e-04 5.145e-04 0.000e+00
1526 7.283e-04 6.667e-05 5.632e-04 0.000e+00
1527 -4.898e-04 -9.051e-04 3.189e-04 0.000e+00
1528 -2.561e-04 9.301e-04 -7.931e-04 0.000e+00
1529 6.335e-04 -6.664e-04 -1.458e-03 0.000e+00
1530 -5.459e-04 -8.580e-04 -6.056e-06 0.000e+00
1531 -6.135e-04 6.188e-04 2.528e-05 0.000e+00
1532 -1.212e-03 -3.463e-05 -5.991e-06 0.000e+00
1533 -2.989e-04 4.122e-04 2.887e-04 0.000e+00
1534 -9.932e-04 2.166e-04 -2.610e-04 0.000e+00
1535 -8.380e-05 -8.416e-04 -5.789e-04 0.000e+00
1536 -1.274e-04 -9.759e-04 9.397e-04 0.000e+00
1537 -4.322e-04 -9.928e-04 -6.136e-04 0.000e+00
1538 -9.666e-05 -9.846e-04 5.271e-04 0.000e+00
1539 -2.851e-04 4.481e-04 -2.994e-05 0.000e+00
1540 6.762e-04 -6.752e-04 6.057e-04 0.000e+00
1541 -6.251e-04 3.923e-04 -6.263e-04 0.000e+00
1542 -1.558e-04 -8.091e-04 4.252e-05 0.000e+00
1543 4.256e-04 -1.559e-04 2.333e-04 0.000e+00
1544 1.057e-03 -8.348e-04 -2.251e-04 0.000e+00
1545 4.761e-04 6.075e-04 -6.996e-04 0.000e+00
1546 8.543e-04 6.889e-04 -3.330e-04 0.000e+00
1547 2.375e-04 -6.708e-04 8.685e-06 0.000e+00
1548 1.661e-04 4.377e-04 6.779e-04 0.000e+00
1549 4.700e-04 -9.120e-04 -6.536e-04 0.000e+00
1550 -3.802e-04 -2.034e-04 -1.105e-03 0.000e+00
1551 -2.977e-04 2.670e-04 1.567e-03 0.000e+00
1552 3.041e-04 -7.980e-04 1.101e-03 0.000e+00
1553 3.984e-04 5.116e-04 9.081e-04 0.000e+00
1554 -1.020e-03 -9.937e-04 5.209e-04 0.000e+00
1555 1.287e-04 4.197e-04 -4.218e-04 0.000e+00
1556 -2.312e-05 -8.858e-04 7.650e-04 0.000e+00
1557 1.390e-05 4.319e-04 -6.171e-04 0.000e+00
1558 9.485e-04 9.674e-05 4.149e-04 0.000e+00
1559 4.572e-05 -3.054e-04 -1.040e-04 0.000e+00
1560 -6.752e-04 -7.672e-04 -5.487e-05 0.000e+00
1561 6.459e-04 7.169e-04 -3.328e-05 0.000e+00
1562 -1.462e-04 7.054e-04 -1.710e-04 0.000e+00
1563 9.177e-04 5.025e-04 1.266e-03 0.000e+00
1564 -9.765e-05 -9.462e-04 -2.406e-04 0.000e+00
1565 4.498e-04 -8.082e-04 -2.105e-04 0.000e+00
1566 4.646e-04 -9.903e-04 -8.669e-04 0.000e+00
1567 9.138e-04 -9.584e-04 5.465e-04 0.000e+00
1568 8.585e-04 8.446e-04 -5.912e-04 0.000e+00
1569 6.114e-04 6.697e-04 -1.096e-03 0.000e+00
1570 1.336e-04 4.175e-04 4.005e-04 0.000e+00
1571 -4.617e-04 -8.897e-04 7.912e-04 0.000e+00
1572 6.232e-04 -9.998e-04 -4.947e-04 0.000e+00
1573 2.438e-04 -1.677e-05 -1.171e-04 0.000e+00
1574 4.863e-04 7.447e-04 5.107e-04 0.000e+00
1575 -1.780e-04 -9.362e-04 1.574e-03 0.000e+00
1576 1.183e-03 -7.266e-04 2.639e-04 0.000e+00
1577 1.192e-03 4.695e-04 -3.511e-04 0.000e+00
1578 -1.356e-04 -9.216e-04 3.489e-04 0.000e+00
1579 2.086e-04 -1.001e-03 2.906e-05 0.000e+00
1580 -1.131e-04 -1.303e-04 -4.895e-04 0.000e+00
1581 1.105e-03 -7.239e-04 7.399e-04 0.000e+00
1582 3.423e-04 4.611e-04 -5.933e-04 0.000e+00
1583 1.142e-03 7.709e-04 -1.060e-03 0.000e+00
1584 -2.066e-04 -8.139e-04 9.163e-04 0.000e+00
1585 6.813e-05 5.536e-04 -8.370e-04 0.000e+00
1586 -2.874e-04 -9.156e-04 -3.253e-04 0.000e+00
1587 3.112e-04 1.072e-03 -9.020e-04 -1.046e+01
1588 6.655e-04 1.519e-03 4.042e-04 -8.297e+01
1589 -2.974e-04 -7.332e-04 1.439e-04 0.000e+00
1590 -9.879e-04 -6.734e-04 -3.474e-04 0.000e+00
1591 1.280e-05 7.875e-04 -6.698e-04 0.000e+00
1592 -1.798e-04 4.888e-05 -1.378e-05 0.000e+00
1593 2.948e-04 8.000e-05 -5.719e-04 0.000e+00
1594 2.787e-05 8.842e-04 1.483e-04 0.000e+00
1595 5.105e-04 6.864e-05 -1.124e-04 0.000e+00
1596 5.397e-04 1.160e-03 -2.032e-04 -1.973e+01
1597 8.192e-04 -8.313e-04 -5.783e-04 0.000e+00
1598 4.431e-04 -8.895e-04 -4.001e-04 0.000e+00
1599 -5.590e-04 -9.686e-04 3.751e-04 0.000e+00
1600 -1.150e-03 -8.561e-04 5.260e-05 0.000e+00
1601 -3.202e-04 5.310e-04 -7.765e-05 0.000e+00
1602 2.275e-04 -1.915e-05 -9.497e-04 0.000e+00
1603 8.101e-04 2.357e-04 -1.436e-04 0.000e+00
1604 4.295e-04 1.862e-04 -3.895e-04 0.000e+00
1605 2.055e-05 6.906e-04 6.220e-05 0.000e+00
1606 -7.804e-04 1.200e-03 3.024e-04 -1.492e+01
1607 -1.084e-03 -8.827e-04 -1.614e-04 0.000e+00
1608 2.203e-04 -9.376e-04 -1.883e-04 0.000e+00
1609 2.814e-04 1.310e-03 -9.407e-04 3.301e+01
1610 1.656e-03 6.552e-04 -7.734e-04 0.000e+00
1611 3.010e-05 -6.428e-04 -7.890e-05 0.000e+00
1612 -5.650e-04 -2.640e-05 8.055e-04 0.000e+00
1613 -1.506e-03 -1.954e-04 -1.065e-03 0.000e+00
1614 8.159e-04 8.727e-04 -1.326e-04 0.000e+00
1615 -6.863e-04 7.401e-04 3.660e-04 0.000e+00
1616 -4.160e-04 6.219e-04 -2.693e-04 0.000e+00
1617 1.800e-04 -9.867e-04 -6.138e-04 0.000e+00
1618 5.190e-05 -9.701e-04 -7.280e-04 0.000e+00
1619 4.087e-04 1.280e-04 -1.218e-03 0.000e+00
1620 9.749e-05 -8.289e-04 -9.339e-06 0.000e+00
1621 -8.615e-04 4.475e-04 8.726e-04 0.000e+00
1622 8.354e-04 -9.075e-04 2.546e-04 0.000e+00
1623 1.857e-04 6.181e-04 2.181e-04 0.000e+00
1624 6.536e-04 9.194e-04 -3.844e-04 0.000e+00
1625 1.703e-04 9.344e-04 3.363e-04 0.000e+00
1626 9.644e-04 -7.683e-04 9.168e-04 0.000e+00
1627 -5.365e-04 8.796e-04 -2.676e-05 0.000e+00
1628 1.236e-03 7.858e-05 -9.741e-05 0.000e+00
1629 -8.868e-04 5.399e-04 4.327e-04 0.000e+00
1630 -1.011e-03 5.500e-04 9.880e-05 0.000e+00
1631 -9.483e-04 7.536e-04 -5.410e-04 0.000e+00
1632 1.355e-04 2.685e-04 -3.678e-04 0.000e+00
1633 4.307e-04 2.560e-04 -9.867e-04 0.000e+00
1634 6.321e-04 -1.973e-05 5.900e-04 0.000e+00
1635 -4.395e-04 2.760e-04 -2.067e-04 0.000e+00
1636 -2.039e-04 -6.654e-04 -4.520e-04 0.000e+00
1637 -1.901e-04 -9.597e-04 2.258e-04 0.000e+00
1638 -3.017e-05 -8.234e-04 9.489e-04 0.000e+00
1639 -3.230e-05 2.426e-04 3.925e-04 0.000e+00
1640 2.660e-04 -8.826e-04 6.594e-04 0.000e+00
1641 -1.446e-04 4.423e-06 -4.563e-05 0.000e+00
1642 9.495e-04 8.981e-04 -2.936e-04 0.000e+00
1643 -8.317e-04 -9.498e-04 -8.232e-04 0.000e+00
1644 -1.069e-03 -8.507e-04 3.300e-04 0.000e+00
1645 9.818e-04 -9.044e-04 4.920e-04 0.000e+00
1646 7.459e-04 8.317e-04 -3.222e-04 0.000e+00
1647 5.003e-04 -9.562e-04 -2.763e-04 0.000e+00
1648 2.442e-05 -8.162e-04 -5.759e-04 0.000e+00
1649 5.435e-04 -8.813e-04 5.025e-05 0.000e+00
1650 1.091e-04 -7.067e-04 -5.531e-04 0.000e+00
1651 -5.583e-04 1.153e-03 9.083e-04 2.374e+01
1652 8.231e-04 7.055e-04 -1.231e-04 0.000e+00
1653 -2.335e-05 -7.485e-04 1.406e-03 0.000e+00
1654 -2.424e-05 -9.280e-04 -9.764e-04 0.000e+00
1655 8.580e-04 -8.233e-04 4.678e-04 0.000e+00
1656 1.295e-04 6.934e-04 -1.869e-05 0.000e+00
1657 5.526e-04 -8.765e-04 -7.808e-04 0.000e+00
1658 -2.912e-05 -9.576e-04 1.682e-04 0.000e+00
1659 -2.457e-04 -9.144e-04 -1.008e-03 0.000e+00
1660 -2.547e-04 5.327e-04 -3.427e-05 0.000e+00
1661 6.861e-04 -8.142e-04 9.722e-05 0.000e+00
1662 -6.380e-04 5.793e-05 -4.838e-04 0.000e+00
1663 -4.598e-04 -2.063e-05 -3.855e-04 0.000e+00
1664 7.895e-04 1.929e-05 1.014e-04 0.000e+00
1665 7.281e-04 -9.648e-04 4.702e-04 0.000e+00
1666 -1.343e-04 7.885e-04 -4.776e-04 0.000e+00
1667 -1.286e-04 -9.929e-04 -7.442e-05 0.000e+00
1668 7.288e-05 2.742e-04 -2.840e-04 0.000e+00
1669 4.701e-04 -8.383e-04 2.138e-04 0.000e+00
1670 -5.263e-04 -9.350e-05 7.841e-04 0.000e+00
1671 1.159e-03 -9.627e-04 -6.674e-04 0.000e+00
1672 -7.526e-04 -1.627e-05 1.657e-03 0.000e+00
1673 9.609e-04 -3.486e-05 -3.147e-04 0.000e+00
1674 -4.395e-04 5.206e-04 -7.578e-04 0.000e+00
1675 1.125e-04 -9.081e-04 -5.566e-04 0.000e+00
1676 5.902e-04 5.435e-04 -4.132e-04 0.000e+00
1677 -1.941e-04 1.856e-05 6.822e-04 0.000e+00
1678 1.759e-03 8.993e-04 -6.246e-04 0.000e+00
1679 -1.178e-03 7.294e-04 -9.729e-05 0.000e+00
1680 2.655e-04 -7.801e-04 -1.148e-03 0.000e+00
1681 -3.700e-04 8.813e-04 -6.456e-04 0.000e+00
1682 1.251e-03 -1.001e-03 -2.449e-04 0.000e+00
1683 4.990e-04 6.994e-04 9.471e-04 0.000e+00
1684 6.808e-04 -6.463e-04 -4.285e-04 0.000e+00
1685 -9.150e-04 7.701e-04 9.574e-04 0.000e+00
1686 5.978e-04 -5.260e-05 -2.295e-04 0.000e+00
1687 4.556e-04 8.977e-05 -3.561e-04 0.000e+00
1688 3.300e-04 4.513e-04 -5.110e-04 0.000e+00
1689 7.950e-04 9.206e-04 -9.050e-04 0.000e+00
1690 2.390e-04 -8.358e-04 7.344e-04 0.000e+00
1691 -6.008e-04 6.349e-04 7.787e-04 0.000e+00
1692 -2.273e-04 -5.961e-04 -6.049e-04 0.000e+00
1693 4.264e-04 3.917e-05 -6.866e-04 0.000e+00
1694 -4.070e-04 1.164e-03 -4.432e-04 -1.575e+01
1695 2.317e-04 -8.117e-04 -1.533e-04 0.000e+00
1696 2.043e-04 5.989e-04 2.863e-04 0.000e+00
1697 5.200e-04 -1.876e-04 5.240e-04 0.000e+00
1698 9.939e-04 -8.624e-04 -8.580e-04 0.000e+00
1699 2.986e-05 -9.315e-04 -1.386e-03 0.000e+00
1700 -4.063e-04 8.982e-04 6.160e-04 0.000e+00
1701 -2.052e-04 1.183e-03 -1.266e-04 9.363e+00
1702 6.754e-05 6.995e-04 9.958e-05 0.000e+00
1703 1.141e-03 -9.777e-04 4.607e-04 0.000e+00
1704 2.305e-04 -8.724e-04 -1.499e-04 0.000e+00
1705 -9.821e-04 2.673e-04 1.616e-04 0.000e+00
1706 6.125e-05 -7.352e-04 -5.482e-04 0.000e+00
1707 7.596e-04 -1.923e-04 1.530e-04 0.000e+00
1708 7.500e-04 -9.437e-04 -2.511e-04 0.000e+00
1709 5.449e-04 6.196e-05 4.375e-04 0.000e+00
1710 -2.335e-04 6.774e-04 -9.618e-04 0.000e+00
1711 -1.071e-03 -9.935e-04 -5.523e-04 0.000e+00
1712 -1.056e-03 -9.155e-04 -5.190e-04 0.000e+00
1713 4.155e-05 6.676e-04 -3.650e-04 0.000e+00
1714 -4.126e-04 -6.997e-04 -4.615e-04 0.000e+00
1715 -8.248e-04 5.978e-04 -5.236e-04 0.000e+00
1716 2.179e-04 -8.736e-04 -5.407e-05 0.000e+00
1717 -2.932e-04 -9.679e-04 -2.965e-04 0.000e+00
1718 -4.665e-04 -1.011e-03 -6.228e-04 0.000e+00
1719 -6.808e-04 6.457e-04 2.880e-04 0.000e+00
1720 4.422e-04 -9.794e-04 -8.591e-04 0.000e+00
1721 8.117e-04 5.136e-04 -3.682e-06 0.000e+00
1722 -1.548e-03 1.327e-04 -2.045e-04 0.000e+00
1723 4.155e-04 4.812e-04 7.433e-04 0.000e+00
1724 -2.956e-04 7.502e-04 -5.599e-05 0.000e+00
1725 4.269e-04 3.397e-04 -5.828e-04 0.000e+00
1726 -5.205e-04 7.612e-04 -9.937e-05 0.000e+00
1727 -4.577e-04 -1.158e-04 2.795e-04 0.000e+00
1728 2.343e-04 -5.918e-04 -2.993e-04 0.000e+00
1729 -1.386e-04 -5.393e-04 -3.823e-05 0.000e+00
1730 3.431e-04 -7.379e-04 -1.799e-03 0.000e+00
1731 -3.317e-04 -7.199e-04 1.150e-04 0.000e+00
1732 3.276e-04 -9.545e-04 -4.325e-04 0.000e+00
1733 -7.267e-04 -5.494e-04 -2.633e-04 0.000e+00
1734 4.027e-04 -2.075e-04 -1.913e-04 0.000e+00
1735 -1.568e-04 4.340e-05 -2.756e-04 0.000e+00
1736 -1.159e-03 -6.897e-06 -3.351e-04 0.000e+00
1737 -1.770e-04 -9.734e-04 -3.663e-04 0.000e+00
1738 -5.335e-04 -4.607e-05 2.142e-04 0.000e+00
1739 1.955e-04 1.364e-03 -1.882e-04 -9.369e+01
1740 4.589e-04 -9.700e-04 3.146e-04 0.000e+00
1741 1.671e-05 -5.553e-04 -1.136e-03 0.000e+00
1742 1.103e-03 1.970e-04 -1.482e-03 0.000e+00
1743 -4.958e-04 -2.637e-04 -4.456e-04 0.000e+00
1744 -1.028e-03 -1.397e-04 2.224e-04 0.000e+00
1745 -1.145e-03 -8.779e-04 -9.099e-04 0.000e+00
1746 -5.448e-04 -9.928e-04 -4.389e-04 0.000e+00
1747 -1.784e-04 -6.316e-04 -2.596e-04 0.000e+00
1748 -4.619e-04 2.134e-03 3.655e-04 -1.232e+01
1749 1.279e-05 7.296e-04 -3.936e-04 0.000e+00
1750 2.227e-04 5.104e-04 1.515e-04 0.000e+00
1751 6.758e-05 -7.949e-04 5.419e-04 0.000e+00
1752 -6.982e-04 -1.979e-04 -7.234e-04 0.000e+00
1753 5.474e-04 1.837e-04 3.113e-05 0.000e+00
1754 3.129e-05 1.101e-04 -3.863e-04 0.000e+00
1755 -5.339e-04 -9.225e-04 3.372e-05 0.000e+00
1756 -1.327e-04 8.884e-04 1.013e-03 0.000e+00
1757 8.624e-04 -1.108e-04 1.818e-04 0.000e+00
1758 -2.388e-04 3.750e-04 -8.285e-05 0.000e+00
1759 -5.050e-04 2.418e-04 -1.524e-04 0.000e+00
1760 -1.622e-03 -3.460e-04 8.282e-04 0.000e+00
1761 3.919e-04 5.230e-04 6.075e-04 0.000e+00
1762 -1.218e-03 -6.221e-04 4.768e-04 0.000e+00
1763 -3.402e-04 5.799e-05 -7.705e-04 0.000e+00
1764 6.075e-04 2.502e-04 4.664e-04 0.000e+00
1765 -7.843e-04 5.046e-05 -1.183e-03 0.000e+00
1766 -1.961e-05 -7.551e-04 -5.653e-04 0.000e+00
1767 -6.965e-04 -1.801e-04 -8.174e-04 0.000e+00
1768 -7.951e-05 -9.268e-04 -2.648e-04 0.000e+00
1769 -5.657e-04 -8.334e-04 1.714e-03 0.000e+00
1770 6.877e-04 2.245e-04 9.218e-04 0.000e+00
1771 -1.434e-04 -2.925e-04 1.002e-03 0.000e+00
1772 -3.708e-04 -9.819e-04 1.096e-03 0.000e+00
1773 1.371e-03 -5.846e-04 2.649e-05 0.000e+00
1774 -1.687e-04 2.719e-04 -5.666e-04 0.000e+00
1775 -7.227e-04 6.871e-05 7.882e-04 0.000e+00
1776 -9.688e-05 -7.713e-04 5.102e-04 0.000e+00
1777 -4.536e-04 -6.481e-04 -4.090e-04 0.000e+00
1778 -8.242e-04 5.769e-04 -7.675e-04 0.000e+00
1779 -1.509e-04 6.299e-04 7.961e-04 0.000e+00
1780 -1.934e-04 2.712e-04 -6.335e-04 0.000e+00
1781 -2.856e-04 3.407e-04 -9.739e-04 0.000e+00
1782 3.886e-04 -8.549e-04 -2.592e-04 0.000e+00
1783 1.663e-04 1.778e-05 8.862e-04 0.000e+00
1784 1.783e-04 9.869e-04 -1.059e-03 0.000e+00
1785 2.129e-04 4.830e-04 -3.551e-04 0.000e+00
1786 -2.403e-04 -2.987e-04 -1.970e-04 0.000e+00
1787 -1.911e-04 3.529e-04 2.141e-04 0.000e+00
1788 7.927e-04 7.200e-04 3.890e-04 0.000e+00
1789 4.964e-04 -9.652e-04 1.004e-03 0.000e+00
1790 9.834e-04 -9.741e-04 4.779e-04 0.000e+00
1791 5.402e-04 -9.943e-04 6.001e-04 0.000e+00
1792 -6.749e-05 6.723e-04 -4.065e-05 0.000e+00
1793 -1.692e-04 -8.298e-04 -8.531e-05 0.000e+00
1794 -8.750e-04 4.964e-04 -9.836e-04 0.000e+00
1795 4.369e-04 -9.008e-04 2.199e-04 0.000e+00
1796 -3.247e-04 5.013e-04 7.463e-04 0.000e+00
1797 3.957e-04 -4.801e-05 1.960e-04 0.000e+00
1798 5.522e-04 1.384e-04 3.857e-04 0.000e+00
1799 1.280e-03 1.404e-03 -2.022e-05 -5.531e+01
1800 8.519e-04 1.537e-04 8.031e-04 0.000e+00
1801 6.686e-05 9.107e-04 9.130e-04 0.000e+00
1802 -3.890e-04 -1.780e-05 6.400e-04 0.000e+00
1803 -1.557e-04 6.793e-04 2.911e-04 0.000e+00
1804 7.632e-04 -8.712e-04 1.729e-04 0.000e+00
1805 -1.473e-03 5.003e-04 -1.123e-04 0.000e+00
1806 -2.769e-04 -8.952e-04 -4.218e-04 0.000e+00
1807 -3.433e-04 -9.019e-04 -1.034e-03 0.000e+00
1808 -1.633e-04 5.202e-04 3.697e-04 0.000e+00
1809 -5.976e-04 -6.745e-06 1.104e-03 0.000e+00
1810 -8.670e-04 6.540e-04 -2.507e-04 0.000e+00
1811 3.885e-04 5.894e-04 -5.280e-04 0.000e+00
1812 -7.259e-05 -9.951e-04 -5.361e-04 0.000e+00
1813 -2.862e-04 -8.046e-04 -5.969e-05 0.000e+00
1814 3.783e-04 -7.987e-04 -6.027e-05 0.000e+00
1815 1.999e-04 1.906e-04 -9.442e-04 0.000e+00
1816 3.646e-04 -7.232e-04 1.392e-06 0.000e+00
1817 4.570e-05 2.859e-04 3.897e-04 0.000e+00
1818 -1.958e-04 -9.839e-04 -7.833e-04 0.000e+00
1819 3.493e-04 5.444e-04 -2.866e-04 0.000e+00
1820 9.526e-04 -8.906e-06 4.204e-04 0.000e+00
1821 2.554e-04 -9.854e-04 -1.214e-03 0.000e+00
1822 -2.833e-04 -7.543e-04 -5.759e-04 0.000e+00
1823 8.197e-05 -1.011e-03 1.323e-04 0.000e+00
1824 5.301e-04 -8.784e-04 2.960e-04 0.000e+00
1825 1.830e-04 2.677e-04 4.765e-04 0.000e+00
1826 -5.585e-04 4.591e-04 -4.003e-04 0.000e+00
1827 -6.171e-04 -9.669e-04 -3.983e-04 0.000e+00
1828 -5.032e-04 5.531e-05 1.858e-04 0.000e+00
1829 2.086e-04 -9.729e-04 2.868e-04 0.000e+00
1830 -3.904e-04 -4.606e-05 1.498e-03 0.000e+00
1831 1.013e-03 3.185e-04 -6.002e-05 0.000e+00
1832 1.289e-03 8.808e-04 2.885e-04 0.000e+00
1833 -3.752e-04 1.272e-04 1.507e-04 0.000e+00
1834 -1.113e-04 -7.951e-04 -7.029e-04 0.000e+00
1835 6.746e-04 -7.614e-04 -6.485e-04 0.000e+00
1836 -6.303e-04 -6.245e-04 -8.105e-04 0.000e+00
1837 -6.446e-04 5.435e-04 1.607e-04 0.000e+00
1838 -5.341e-04 -6.487e-04 -2.232e-04 0.000e+00
1839 -1.732e-04 6.076e-04 -2.255e-04 0.000e+00
1840 6.947e-04 -9.659e-04 -1.497e-03 0.000e+00
1841 1.993e-03 3.896e-04 -4.436e-04 0.000e+00
1842 -4.351e-05 -9.384e-04 1.532e-04 0.000e+00
1843 1.535e-04 9.321e-04 5.581e-04 0.000e+00
1844 3.845e-04 2.243e-04 1.473e-04 0.000e+00
1845 -8.018e-06 -4.729e-04 5.647e-04 0.000e+00
1846 -5.711e-05 5.367e-04 -1.375e-04 0.000e+00
1847 1.443e-04 7.558e-04 -4.032e-04 0.000e+00
1848 -1.099e-03 -7.283e-05 -9.106e-05 0.000e+00
1849 -8.762e-04 -7.191e-04 -7.902e-04 0.000e+00
1850 7.559e-04 2.555e-04 2.458e-05 0.000e+00
1851 8.850e-04 7.898e-05 3.801e-04 0.000e+00
1852 7.286e-04 1.352e-05 7.474e-05 0.000e+00
1853 -1.117e-03 1.001e-03 8.830e-04 0.000e+00
1854 3.355e-04 -7.947e-04 -5.085e-04 0.000e+00
1855 -9.550e-05 -1.280e-05 -1.318e-03 0.000e+00
1856 -2.958e-04 -9.877e-04 6.565e-04 0.000e+00
1857 -4.906e-05 -8.191e-04 -1.517e-04 0.000e+00
1858 1.525e-04 2.565e-04 4.346e-04 0.000e+00
1859 -6.400e-04 1.113e-04 1.064e-03 0.000e+00
1860 -8.971e-04 2.713e-04 2.302e-04 0.000e+00
1861 7.106e-05 9.775e-04 -3.237e-04 0.000e+00
1862 2.806e-04 1.128e-04 -1.147e-03 0.000e+00
1863 1.025e-04 -9.326e-04 1.199e-04 0.000e+00
1864 -7.189e-04 1.020e-03 3.613e-04 7.319e+00
1865 6.841e-04 1.844e-03 1.277e-03 9.486e+00
1866 8.441e-05 7.498e-04 3.649e-04 0.000e+00
1867 5.713e-04 -2.086e-04 -7.084e-04 0.000e+00
1868 5.548e-04 -8.411e-04 2.038e-04 0.000e+00
1869 1.151e-03 -8.438e-04 -1.546e-04 0.000e+00
1870 1.919e-05 -6.982e-04 1.942e-04 0.000e+00
1871 1.300e-03 -7.751e-04 -2.272e-04 0.000e+00
1872 -3.912e-04 -9.631e-04 6.367e-04 0.000e+00
1873 -7.656e-04 -5.876e-04 -2.332e-05 0.000e+00
1874 -7.404e-04 3.272e-04 8.253e-04 0.000e+00
1875 2.161e-04 9.986e-04 -1.967e-04 0.000e+00
1876 4.105e-06 -2.451e-04 -7.500e-04 0.000e+00
1877 -3.350e-04 -7.576e-04 -2.079e-04 0.000e+00
1878 1.377e-03 -7.951e-04 -5.344e-04 0.000e+00
1879 -4.648e-04 -1.010e-03 -3.017e-04 0.000e+00
1880 -5.223e-04 6.468e-04 -5.737e-05 0.000e+00
1881 -6.345e-04 -7.449e-04 4.541e-04 0.000e+00
1882 -3.469e-04 -5.876e-04 2.164e-04 0.000e+00
1883 -7.260e-04 -6.719e-04 -2.891e-04 0.000e+00
1884 -7.071e-04 -4.558e-04 1.221e-04 0.000e+00
1885 1.283e-03 1.252e-04 5.403e-04 0.000e+00
1886 8.136e-04 5.594e-04 3.328e-04 0.000e+00
1887 4.269e-05 -5.220e-04 -2.875e-04 0.000e+00
1888 -6.306e-04 -7.988e-04 7.504e-04 0.000e+00
1889 6.924e-04 -5.828e-04 3.285e-04 0.000e+00
1890 -1.257e-03 -9.117e-04 -1.071e-03 0.000e+00
1891 4.043e-04 -9.156e-04 -6.745e-04 0.000e+00
1892 -1.343e-03 -9.071e-04 -4.064e-05 0.000e+00
1893 8.133e-04 1.005e-03 -2.683e-04 0.000e+00
1894 1.988e-04 -9.499e-04 5.840e-04 0.000e+00
1895 6.143e-04 4.357e-04 3.487e-04 0.000e+00
1896 2.852e-04 4.514e-04 -8.406e-05 0.000e+00
1897 -2.429e-04 4.493e-04 3.576e-04 0.000e+00
1898 1.009e-03 -9.351e-04 3.372e-04 0.000e+00
1899 -1.105e-04 6.935e-05 3.846e-04 0.000e+00
1900 -2.473e-04 -5.251e-06 -1.337e-03 0.000e+00
1901 1.359e-04 1.405e-04 -5.623e-04 0.000e+00
1902 -3.038e-04 -9.429e-04 1.530e-04 0.000e+00
1903 -9.321e-04 7.436e-04 9.499e-04 0.000e+00
1904 -1.180e-03 -6.900e-04 6.426e-04 0.000e+00
1905 1.049e-04 -7.805e-05 -2.199e-05 0.000e+00
1906 -9.548e-04 1.733e-03 8.823e-04 6.899e+01
1907 -5.575e-04 7.606e-06 1.031e-03 0.000e+00
1908 -2.747e-04 7.226e-04 -4.980e-04 0.000e+00
1909 -4.379e-04 -1.008e-03 -1.784e-04 0.000e+00
1910 -8.311e-05 -5.188e-04 8.196e-04 0.000e+00
1911 4.600e-04 3.813e-04 -4.909e-04 0.000e+00
1912 7.689e-05 -6.682e-04 -1.007e-04 0.000e+00
1913 4.001e-04 -9.028e-04 1.142e-03 0.000e+00
1914 1.393e-04 3.057e-07 6.262e-04 0.000e+00
1915 -5.421e-04 9.165e-04 2.641e-04 0.000e+00
1916 -5.901e-04 -8.364e-04 1.476e-03 0.000e+00
1917 -4.157e-04 2.813e-04 8.757e-05 0.000e+00
1918 -6.093e-04 1.060e-03 3.827e-05 -8.151e+01
1919 2.994e-05 3.812e-05 -3.838e-04 0.000e+00
1920 4.523e-05 -6.835e-04 1.998e-04 0.000e+00
1921 -2.837e-04 -8.804e-04 6.928e-04 0.000e+00
1922 -8.579e-04 5.088e-04 -1.118e-04 0.000e+00
1923 1.032e-03 8.677e-04 6.091e-06 0.000e+00
1924 1.350e-03 -7.040e-04 -1.009e-03 0.000e+00
1925 4.226e-05 -1.272e-04 5.824e-04 0.000e+00
1926 1.105e-03 7.258e-04 2.283e-05 0.000e+00
1927 2.031e-04 -1.100e-04 -6.220e-04 0.000e+00
1928 -7.285e-04 -1.007e-03 -4.673e-05 0.000e+00
1929 -2.324e-04 -9.779e-04 7.802e-05 0.000e+00
1930 -1.701e-04 -8.539e-04 4.881e-04 0.000e+00
1931 8.636e-04 -2.781e-04 -6.013e-04 0.000e+00
1932 -1.834e-03 4.685e-04 -9.383e-05 0.000e+00
1933 -3.417e-04 7.386e-04 1.967e-05 0.000e+00
1934 -7.864e-04 -9.722e-04 5.350e-04 0.000e+00
1935 -4.581e-04 -7.298e-04 -3.009e-04 0.000e+00
1936 -6.820e-04 1.250e-05 7.209e-04 0.000e+00
1937 -6.441e-04 -2.795e-04 -5.037e-05 0.000e+00
1938 -8.178e-04 8.926e-04 6.460e-04 0.000e+00
1939 -1.297e-03 -9.783e-04 5.158e-04 0.000e+00
1940 -6.709e-04 3.507e-04 6.467e-04 0.000e+00
1941 9.586e-05 -7.304e-04 -8.544e-05 0.000e+00
1942 9.449e-04 4.589e-04 -2.176e-04 0.000e+00
1943 7.656e-04 4.737e-04 4.113e-04 0.000e+00
1944 -2.251e-04 3.085e-04 2.790e-04 0.000e+00
1945 -1.782e-04 2.814e-05 -4.749e-04 0.000e+00
1946 6.609e-04 -7.614e-04 -4.608e-04 0.000e+00
1947 -1.404e-04 6.647e-04 4.038e-04 0.000e+00
1948 7.091e-04 -8.325e-04 6.118e-04 0.000e+00
1949 -5.068e-04 -7.316e-04 -6.634e-05 0.000e+00
1950 -2.891e-04 2.272e-04 5.740e-04 0.000e+00
1951 -5.368e-04 -9.549e-04 -8.452e-05 0.000e+00
1952 -5.079e-04 2.192e-04 1.213e-04 0.000e+00
1953 1.163e-04 -7.773e-04 2.643e-04 0.000e+00
1954 3.133e-04 -8.183e-04 7.222e-05 0.000e+00
1955 -9.779e-04 6.216e-04 3.206e-04 0.000e+00
1956 6.858e-04 7.788e-04 -1.520e-04 0.000e+00
1957 -3.028e-04 4.683e-06 -1.438e-03 0.000e+00
1958 5.324e-04 -8.104e-04 -3.153e-04 0.000e+00
1959 -7.973e-04 -9.758e-04 -6.185e-04 0.000e+00
1960 -1.090e-03 3.389e-04 7.527e-04 0.000e+00
1961 -6.882e-04 -9.779e-04 -5.464e-04 0.000e+00
1962 4.469e-04 -8.133e-04 3.904e-04 0.000e+00
1963 -1.464e-03 -8.807e-04 3.400e-04 0.000e+00
1964 -2.895e-04 1.178e-04 4.084e-04 0.000e+00
1965 -4.671e-04 -9.768e-04 7.587e-06 0.000e+00
1966 6.101e-05 5.968e-04 -4.886e-04 0.000e+00
1967 2.922e-04 -6.284e-04 -1.419e-03 0.000e+00
1968 -1.857e-04 -6.249e-04 5.215e-04 0.000e+00
1969 -7.604e-04 -8.088e-04 -5.184e-04 0.000e+00
1970 -9.546e-04 -9.227e-04 -2.887e-04 0.000e+00
1971 2.411e-04 1.639e-04 -1.297e-03 0.000e+00
1972 2.285e-04 -9.784e-04 -4.515e-04 0.000e+00
1973 -8.604e-04 4.711e-04 -3.354e-04 0.000e+00
1974 -6.559e-04 -9.923e-04 -2.337e-04 0.000e+00
1975 4.232e-04 -7.230e-04 -3.183e-04 0.000e+00
1976 7.523e-04 -8.191e-04 -5.282e-06 0.000e+00
1977 7.266e-04 -9.938e-04 6.610e-04 0.000e+00
1978 3.531e-04 -2.283e-04 7.395e-06 0.000e+00
1979 1.062e-03 -6.952e-04 -3.966e-04 0.000e+00
1980 -2.322e-04 5.886e-04 1.273e-04 0.000e+00
1981 7.125e-05 -7.999e-04 1.003e-04 0.000e+00
1982 -7.874e-04 4.086e-04 4.313e-04 0.000e+00
1983 -5.751e-04 9.667e-04 -1.026e-03 0.000e+00
1984 -1.177e-03 6.019e-05 1.209e-03 0.000e+00
1985 1.177e-04 -9.197e-04 1.012e-03 0.000e+00
1986 7.342e-04 6.700e-04 9.230e-04 0.000e+00
1987 4.986e-04 5.738e-04 -4.801e-04 0.000e+00
1988 1.308e-04 -7.649e-04 5.074e-04 0.000e+00
1989 1.308e-04 3.876e-06 1.453e-03 0.000e+00
1990 -2.767e-04 7.770e-04 4.259e-04 0.000e+00
1991 4.349e-04 -5.276e-04 4.440e-04 0.000e+00
1992 -1.434e-04 1.526e-03 2.291e-05 -1.050e+02
1993 -1.290e-04 -9.907e-04 5.597e-04 0.000e+00
1994 2.403e-04 3.053e-04 -1.285e-03 0.000e+00
1995 8.085e-04 -8.823e-04 -2.869e-04 0.000e+00
1996 4.732e-04 2.921e-04 6.071e-05 0.000e+00
1997 -2.558e-04 -8.433e-04 4.909e-04 0.000e+00
1998 -2.607e-04 -6.656e-04 2.507e-05 0.000e+00
1999 -4.365e-04 3.412e-04 3.125e-04 0.000e+00
2000 1.328e-03 4.157e-04 -3.080e-04 0.000e+00
2001 -4.893e-04 2.554e-04 2.013e-04 0.000e+00
2002 3.115e-04 7.190e-04 7.229e-04 0.000e+00
2003 8.916e-04 -5.383e-04 -3.664e-04 0.000e+00
2004 -1.042e-03 2.453e-04 -4.354e-04 0.000e+00
2005 9.224e-04 7.733e-04 7.723e-05 0.000e+00
2006 -1.893e-04 -9.474e-04 -4.818e-05 0.000e+00
2007 2.006e-04 9.944e-04 1.995e-04 0.000e+00
2008 -1.198e-03 1.377e-04 -4.793e-04 0.000e+00
2009 -2.611e-04 -5.467e-04 -3.252e-04 0.000e+00
2010 1.731e-04 1.092e-03 2.600e-04 -5.143e+01
2011 3.022e-04 -8.570e-04 9.495e-04 0.000e+00
2012 -1.090e-03 -1.204e-04 2.763e-05 0.000e+00
2013 -1.740e-05 2.878e-04 4.347e-04 0.000e+00
2014 7.326e-04 -9.371e-04 1.111e-04 0.000e+00
2015 -1.069e-04 4.501e-04 -2.487e-04 0.000e+00
2016 -3.199e-04 -7.268e-04 -2.937e-05 0.000e+00
2017 5.708e-04 -7.533e-04 -1.414e-04 0.000e+00
2018 3.692e-04 2.056e-04 2.511e-04 0.000e+00
2019 -1.588e-04 1.350e-04 -3.563e-04 0.000e+00
2020 7.381e-05 -8.914e-06 1.456e-03 0.000e+00
2021 -2.847e-04 -1.907e-04 -3.849e-04 0.000e+00
2022 3.257e-05 -8.867e-04 -6.736e-05 0.000e+00
2023 -2.013e-04 -8.742e-04 5.527e-04 0.000e+00
2024 -7.178e-05 -6.912e-04 -1.426e-03 0.000e+00
2025 1.372e-04 4.490e-04 2.407e-04 0.000e+00
2026 1.210e-03 -7.832e-04 -7.280e-05 0.000e+00
2027 -1.721e-04 -9.449e-04 1.048e-03 0.000e+00
2028 -4.651e-04 3.005e-04 1.544e-04 0.000e+00
2029 2.373e-04 6.950e-04 9.723e-04 0.000e+00
2030 3.068e-04 4.895e-05 -2.077e-05 0.000e+00
2031 -3.983e-04 4.882e-05 4.365e-04 0.000e+00
2032 -1.423e-03 4.398e-04 3.165e-04 0.000e+00
2033 -1.308e-03 -1.495e-04 5.508e-04 0.000e+00
2034 -9.443e-04 -9.764e-04 3.266e-05 0.000e+00
2035 2.733e-04 1.430e-04 -9.014e-04 0.000e+00
2036 -2.550e-04 -9.193e-04 -1.166e-03 0.000e+00
2037 -3.162e-05 1.885e-04 -6.687e-04 0.000e+00
2038 1.009e-03 -7.210e-04 1.916e-04 0.000e+00
2039 -5.367e-04 -7.869e-04 -8.025e-04 0.000e+00
2040 -5.309e-04 -9.930e-04 7.370e-04 0.000e+00
2041 -5.117e-04 6.586e-04 -3.089e-04 0.000e+00
2042 2.813e-04 8.491e-04 6.334e-04 0.000e+00
2043 1.275e-04 -2.293e-04 8.878e-05 0.000e+00
2044 1.218e-04 -5.798e-04 2.012e-04 0.000e+00
2045 -7.880e-04 1.561e-03 -1.820e-04 -8.767e+01
2046 -2.778e-04 -1.010e-03 4.429e-04 0.000e+00
2047 -4.147e-04 -1.837e-04 1.685e-04 0.000e+00
