Bin I L V PA
0 -5.092e-04 -3.990e-03 -2.263e-03 0.000e+00
1 -7.199e-03 1.547e-03 -1.154e-03 0.000e+00
2 -3.111e-03 -3.585e-03 -1.123e-03 0.000e+00
3 3.188e-03 2.424e-03 -1.250e-03 0.000e+00
4 -5.919e-04 2.624e-03 5.147e-03 0.000e+00
5 -4.521e-04 -8.830e-04 2.202e-03 0.000e+00
6 1.657e-03 -3.124e-03 -1.993e-04 0.000e+00
7 1.936e-03 -3.411e-03 4.132e-03 0.000e+00
8 4.148e-03 -3.859e-03 3.868e-04 0.000e+00
9 1.405e-03 -3.236e-03 -1.138e-03 0.000e+00
10 2.162e-03 1.767e-03 -5.232e-03 0.000e+00
11 1.555e-03 -3.422e-03 3.248e-04 0.000e+00
12 -1.235e-03 5.135e-03 2.729e-04 -4.347e+01
13 -3.500e-03 -4.028e-03 4.791e-03 0.000e+00
14 -1.916e-03 -3.964e-03 1.714e-05 0.000e+00
15 2.467e-04 2.562e-03 2.053e-03 0.000e+00
16 -6.547e-04 -4.110e-03 2.590e-03 0.000e+00
17 2.843e-03 5.916e-03 2.243e-03 -9.196e+01
18 -5.515e-03 1.375e-03 -2.011e-03 0.000e+00
19 5.154e-03 -3.895e-03 -2.299e-03 0.000e+00
20 3.039e-03 3.374e-04 4.087e-03 0.000e+00
21 2.755e-03 -1.059e-04 1.702e-03 0.000e+00
22 -2.399e-03 -3.376e-03 2.623e-04 0.000e+00
23 2.198e-03 -3.819e-03 8.463e-03 0.000e+00
24 -5.181e-04 1.729e-03 -5.104e-03 0.000e+00
25 1.262e-04 6.533e-03 2.429e-03 -3.941e+00
26 1.982e-03 -3.651e-03 2.032e-03 0.000e+00
27 4.570e-04 -3.679e-03 -1.077e-04 0.000e+00
28 2.944e-04 1.253e-03 2.102e-03 0.000e+00
29 -6.756e-04 1.758e-03 -2.473e-03 0.000e+00
30 7.081e-05 5.278e-03 -1.744e-03 -5.330e+01
31 -1.158e-03 1.509e-03 -1.346e-03 0.000e+00
32 -3.381e-03 1.182e-03 7.018e-05 0.000e+00
33 -1.658e-03 -3.239e-03 -1.398e-03 0.000e+00
34 -2.142e-03 7.814e-04 3.402e-04 0.000e+00
35 -3.634e-03 -7.460e-06 -2.422e-03 0.000e+00
36 -1.296e-03 1.913e-04 -1.247e-03 0.000e+00
37 6.338e-03 1.398e-03 -2.552e-03 0.000e+00
38 6.903e-03 -3.023e-03 1.287e-03 0.000e+00
39 4.383e-03 -4.031e-03 2.091e-03 0.000e+00
40 -2.464e-03 3.386e-03 -7.706e-04 0.000e+00
41 9.526e-04 -4.295e-03 -2.310e-03 0.000e+00
42 -4.157e-03 2.523e-03 1.246e-03 0.000e+00
43 1.972e-03 -3.610e-03 -8.128e-03 0.000e+00
44 3.430e-03 3.783e-03 1.745e-03 0.000e+00
45 -2.954e-03 8.933e-03 -2.967e-03 2.731e+01
46 -4.557e-03 -4.489e-04 -5.958e-03 0.000e+00
47 1.348e-03 -3.876e-03 4.136e-03 0.000e+00
48 4.610e-03 -1.079e-03 -6.796e-04 0.000e+00
49 2.616e-03 -3.102e-03 8.183e-04 0.000e+00
50 1.306e-03 -3.992e-03 4.771e-04 0.000e+00
51 -2.668e-03 2.781e-03 1.399e-03 0.000e+00
52 5.941e-04 -2.970e-03 6.985e-05 0.000e+00
53 1.671e-03 3.853e-03 -1.065e-03 0.000e+00
54 1.620e-03 -4.176e-03 2.140e-03 0.000e+00
55 -4.473e-03 2.649e-03 4.026e-04 0.000e+00
56 1.017e-03 7.427e-04 7.161e-04 0.000e+00
57 2.852e-03 3.520e-03 -2.949e-03 0.000e+00
58 2.277e-03 8.307e-04 2.342e-03 0.000e+00
59 -2.464e-03 -3.793e-03 -1.203e-03 0.000e+00
60 1.317e-03 -3.732e-03 2.009e-03 0.000e+00
61 4.440e-05 -3.466e-03 4.489e-03 0.000e+00
62 -2.007e-04 1.046e-03 -1.980e-03 0.000e+00
63 -2.897e-04 -2.168e-04 -5.602e-04 0.000e+00
64 -2.268e-03 3.543e-03 3.613e-03 0.000e+00
65 -3.696e-03 -3.063e-03 1.338e-03 0.000e+00
66 2.656e-03 -3.668e-03 6.466e-04 0.000e+00
67 -1.580e-03 -8.478e-05 8.387e-04 0.000e+00
68 -1.765e-03 -5.084e-05 1.787e-03 0.000e+00
69 -9.486e-04 3.317e-03 4.406e-03 0.000e+00
70 3.910e-03 -3.952e-03 -2.508e-04 0.000e+00
71 -2.742e-03 1.379e-03 -1.202e-03 0.000e+00
72 5.284e-05 7.510e-03 8.627e-04 3.191e+01
73 -1.577e-04 2.151e-03 -3.847e-03 0.000e+00
74 -1.887e-03 -3.661e-03 -1.514e-04 0.000e+00
75 -1.721e-03 -4.213e-03 7.333e-03 0.000e+00
76 -4.121e-03 5.819e-03 1.308e-03 5.168e+01
77 -3.198e-03 8.545e-04 -1.511e-03 0.000e+00
78 -2.842e-03 3.823e-03 1.177e-03 0.000e+00
79 -4.896e-03 -2.357e-03 7.368e-04 0.000e+00
80 9.546e-04 -4.121e-03 3.393e-03 0.000e+00
81 -3.270e-03 1.749e-05 -8.029e-04 0.000e+00
82 -1.005e-03 1.395e-03 1.356e-03 0.000e+00
83 1.643e-03 3.721e-03 -4.392e-03 0.000e+00
84 -7.528e-04 -3.041e-03 1.831e-04 0.000e+00
85 2.965e-03 -3.556e-03 7.109e-04 0.000e+00
86 2.551e-03 1.495e-03 2.908e-03 0.000e+00
87 -1.372e-03 6.827e-04 3.381e-03 0.000e+00
88 5.193e-04 3.498e-04 -2.168e-03 0.000e+00
89 3.924e-04 4.909e-05 2.675e-03 0.000e+00
90 -2.366e-04 -2.436e-03 1.118e-03 0.000e+00
91 -7.920e-04 -3.301e-03 1.846e-03 0.000e+00
92 2.163e-03 3.186e-03 -2.974e-04 0.000e+00
93 -3.401e-03 7.622e-04 2.634e-03 0.000e+00
94 -3.353e-03 1.848e-03 7.366e-03 0.000e+00
95 -4.348e-04 -2.777e-04 -2.021e-03 0.000e+00
96 1.914e-03 5.468e-04 -6.105e-03 0.000e+00
97 -6.140e-04 -3.875e-03 -8.080e-04 0.000e+00
98 -5.694e-03 -3.825e-03 4.964e-04 0.000e+00
99 -1.889e-03 2.809e-03 4.107e-03 0.000e+00
100 1.969e-03 2.316e-03 5.696e-06 0.000e+00
101 2.115e-03 3.659e-03 5.468e-03 0.000e+00
102 3.539e-03 9.662e-04 1.364e-03 0.000e+00
103 -1.069e-03 -2.547e-03 3.254e-03 0.000e+00
104 -2.685e-03 -3.481e-03 -2.413e-03 0.000e+00
105 2.553e-03 -3.227e-04 -6.192e-04 0.000e+00
106 -6.150e-03 2.185e-03 -1.926e-03 0.000e+00
107 -4.398e-03 5.856e-04 -2.148e-03 0.000e+00
108 9.849e-04 -2.999e-03 -1.872e-03 0.000e+00
109 -2.585e-03 4.252e-03 4.054e-03 0.000e+00
110 1.689e-03 -3.864e-03 1.337e-03 0.000e+00
111 9.241e-04 -2.028e-03 -9.408e-04 0.000e+00
112 -3.189e-03 -3.516e-03 -1.160e-03 0.000e+00
113 -2.943e-03 -3.533e-03 3.570e-03 0.000e+00
114 -2.767e-03 4.637e-03 -6.591e-03 -4.319e+01
115 -3.009e-04 -3.929e-03 2.414e-04 0.000e+00
116 7.018e-03 -3.652e-05 -1.977e-03 0.000e+00
117 1.643e-03 1.176e-03 -1.301e-03 0.000e+00
118 -1.824e-03 -4.234e-03 -1.004e-03 0.000e+00
119 -1.627e-03 1.143e-03 5.389e-03 0.000e+00
120 2.918e-03 -1.336e-04 4.287e-03 0.000e+00
121 -1.095e-03 -2.637e-03 -2.487e-03 0.000e+00
122 -3.726e-04 -4.014e-03 2.852e-03 0.000e+00
123 -2.439e-04 -3.559e-03 -2.481e-03 0.000e+00
124 3.237e-03 1.515e-03 3.469e-03 0.000e+00
125 -4.485e-03 -2.318e-03 -2.988e-03 0.000e+00
126 1.221e-03 2.160e-04 -4.086e-04 0.000e+00
127 1.944e-03 1.268e-03 3.481e-03 0.000e+00
128 3.793e-03 -6.654e-04 6.822e-04 0.000e+00
129 6.177e-03 1.262e-03 2.017e-03 0.000e+00
130 3.057e-03 -7.432e-04 -9.387e-04 0.000e+00
131 -1.233e-04 -2.920e-03 1.824e-03 0.000e+00
132 -2.121e-03 3.413e-03 1.199e-04 0.000e+00
133 4.910e-03 7.881e-04 1.799e-03 0.000e+00
134 -4.039e-03 1.199e-03 -5.051e-04 0.000e+00
135 1.875e-03 -4.068e-03 -4.245e-03 0.000e+00
136 -1.883e-04 4.574e-03 -3.149e-03 -6.354e+01
137 -7.856e-04 -3.657e-03 2.598e-03 0.000e+00
138 -2.186e-03 -3.546e-03 9.559e-04 0.000e+00
139 3.823e-04 -3.843e-03 -3.269e-03 0.000e+00
140 5.797e-03 -3.544e-03 4.325e-03 0.000e+00
141 -1.509e-03 -3.618e-03 7.958e-04 0.000e+00
142 5.042e-04 -8.148e-05 -5.831e-04 0.000e+00
143 1.557e-03 -3.332e-03 -8.833e-04 0.000e+00
144 7.825e-04 -2.671e-03 -2.120e-03 0.000e+00
145 7.200e-05 -4.069e-03 4.171e-03 0.000e+00
146 1.382e-03 -4.093e-03 -4.728e-03 0.000e+00
147 1.089e-03 -2.457e-03 -1.754e-03 0.000e+00
148 -2.358e-03 -2.172e-04 -3.852e-03 0.000e+00
149 2.605e-03 -3.735e-03 2.918e-03 0.000e+00
150 7.782e-04 -2.118e-03 -5.815e-03 0.000e+00
151 3.630e-03 -4.279e-03 1.488e-03 0.000e+00
152 -2.079e-03 2.521e-03 5.475e-04 0.000e+00
153 -4.551e-03 -3.085e-03 1.357e-03 0.000e+00
154 -1.955e-03 -2.145e-03 2.388e-05 0.000e+00
155 1.005e-03 2.793e-03 -4.586e-03 0.000e+00
156 -3.850e-04 -1.060e-04 1.206e-03 0.000e+00
157 -2.451e-03 -2.917e-03 2.272e-03 0.000e+00
158 -3.525e-03 2.143e-03 1.884e-03 0.000e+00
159 2.358e-03 2.315e-03 1.043e-03 0.000e+00
160 -3.386e-03 3.296e-03 -1.807e-03 0.000e+00
161 -1.317e-03 6.329e-04 -2.979e-03 0.000e+00
162 1.218e-03 -4.340e-04 6.055e-03 0.000e+00
163 9.187e-04 -4.133e-03 -4.763e-03 0.000e+00
164 1.494e-03 6.675e-03 -8.082e-04 4.767e+01
165 -5.072e-04 3.686e-03 4.356e-03 0.000e+00
166 3.498e-03 -2.098e-03 2.400e-03 0.000e+00
167 -7.209e-04 1.582e-03 -6.558e-03 0.000e+00
168 -3.409e-04 4.524e-03 8.761e-04 2.091e+01
169 2.482e-03 6.556e-04 2.587e-03 0.000e+00
170 7.544e-04 1.557e-03 -1.104e-03 0.000e+00
171 3.873e-03 2.928e-04 2.635e-04 0.000e+00
172 6.241e-03 -2.996e-03 -1.506e-03 0.000e+00
173 -5.542e-04 -3.771e-03 -1.480e-03 0.000e+00
174 1.719e-03 -1.953e-03 1.938e-03 0.000e+00
175 2.014e-03 1.296e-03 -1.055e-02 0.000e+00
176 1.120e-03 -2.955e-03 2.325e-04 0.000e+00
177 -3.772e-04 2.517e-03 2.346e-03 0.000e+00
178 -2.648e-03 8.284e-04 3.372e-03 0.000e+00
179 -4.715e-04 -3.470e-03 2.975e-03 0.000e+00
180 -1.194e-03 1.993e-04 1.945e-05 0.000e+00
181 3.525e-03 5.252e-05 -2.743e-03 0.000e+00
182 -2.107e-03 -2.593e-03 8.339e-04 0.000e+00
183 -4.491e-03 -4.118e-03 -7.799e-04 0.000e+00
184 -6.146e-03 -3.251e-03 -4.163e-05 0.000e+00
185 2.143e-03 2.121e-03 1.087e-04 0.000e+00
186 4.009e-03 -3.075e-03 -1.996e-03 0.000e+00
187 1.519e-03 7.348e-04 1.720e-03 0.000e+00
188 2.192e-04 -3.724e-03 -1.278e-03 0.000e+00
189 7.531e-03 -3.816e-03 -4.520e-03 0.000e+00
190 -1.558e-03 -3.426e-03 -6.289e-03 0.000e+00
191 -1.181e-03 4.110e-04 3.534e-03 0.000e+00
192 1.290e-03 5.539e-03 -1.499e-04 3.272e+01
193 6.223e-04 3.275e-03 -8.945e-04 0.000e+00
194 3.771e-03 3.043e-03 1.575e-03 0.000e+00
195 7.166e-03 3.072e-03 3.658e-04 0.000e+00
196 5.260e-03 2.787e-03 -4.086e-03 0.000e+00
197 -2.621e-03 -2.531e-03 6.440e-03 0.000e+00
198 -4.727e-04 6.895e-03 -6.059e-04 4.130e+01
199 2.926e-03 -3.204e-03 3.951e-03 0.000e+00
200 1.586e-03 -2.630e-03 3.842e-03 0.000e+00
201 -2.741e-04 -3.770e-03 7.196e-04 0.000e+00
202 -4.768e-03 6.883e-04 2.577e-03 0.000e+00
203 4.427e-03 2.752e-03 -2.936e-03 0.000e+00
204 8.152e-04 2.134e-03 -9.922e-04 0.000e+00
205 -1.324e-03 -4.040e-03 -5.700e-04 0.000e+00
206 9.201e-04 -3.467e-03 -6.066e-03 0.000e+00
207 3.067e-03 2.776e-03 3.021e-03 0.000e+00
208 1.326e-04 1.919e-03 7.454e-03 0.000e+00
209 3.505e-03 2.653e-03 -5.460e-03 0.000e+00
210 4.836e-03 -1.947e-03 7.839e-04 0.000e+00
211 7.736e-04 -2.074e-03 -2.527e-03 0.000e+00
212 2.376e-03 4.213e-03 -4.252e-03 0.000e+00
213 4.631e-03 2.266e-03 3.753e-04 0.000e+00
214 1.835e-03 -2.481e-04 -3.418e-03 0.000e+00
215 5.848e-03 -3.912e-03 1.110e-03 0.000e+00
216 2.408e-03 -3.911e-03 -1.413e-04 0.000e+00
217 7.180e-04 -3.979e-03 4.220e-03 0.000e+00
218 3.892e-03 1.542e-03 1.058e-03 0.000e+00
219 4.778e-03 2.201e-03 -2.555e-03 0.000e+00
220 1.463e-03 -4.285e-03 -1.578e-03 0.000e+00
221 7.734e-03 7.715e-04 -1.811e-04 0.000e+00
222 2.117e-03 -1.753e-04 1.573e-03 0.000e+00
223 2.304e-03 -3.164e-04 6.753e-04 0.000e+00
224 4.616e-04 -3.478e-04 -3.464e-03 0.000e+00
225 1.283e-03 -2.496e-03 -5.315e-03 0.000e+00
226 1.782e-03 1.407e-04 -1.347e-03 0.000e+00
227 -5.413e-04 1.988e-03 -3.214e-03 0.000e+00
228 1.413e-03 1.757e-04 -1.488e-04 0.000e+00
229 -1.036e-03 -4.262e-03 5.214e-03 0.000e+00
230 6.551e-03 1.381e-03 -2.177e-05 0.000e+00
231 4.733e-03 8.386e-04 -1.171e-03 0.000e+00
232 7.535e-03 5.076e-03 1.631e-03 -9.749e+01
233 5.777e-03 -3.669e-03 1.268e-03 0.000e+00
234 6.367e-03 6.596e-04 -2.662e-03 0.000e+00
235 1.159e-02 6.313e-03 -3.096e-03 -1.027e+02
236 1.257e-02 7.436e-03 -7.856e-03 6.212e+01
237 2.063e-02 4.186e-03 -8.176e-04 0.000e+00
238 3.269e-02 6.416e-03 2.446e-03 -1.019e+02
239 6.461e-02 7.006e-03 -2.450e-04 -1.017e+02
240 9.969e-02 1.040e-02 1.957e-03 6.677e+01
241 1.722e-01 5.876e-03 4.565e-03 4.759e+01
242 3.030e-01 2.215e-02 6.851e-03 -3.921e+00
243 4.712e-01 8.772e-02 2.840e-03 -1.647e+01
244 6.891e-01 2.041e-01 3.833e-03 -2.413e+01
245 8.801e-01 3.218e-01 1.237e-02 -2.818e+01
246 9.830e-01 4.142e-01 1.878e-02 -3.200e+01
247 1.000e+00 4.496e-01 2.497e-02 -3.615e+01
248 9.366e-01 4.326e-01 2.875e-02 -3.979e+01
249 8.326e-01 3.708e-01 2.816e-02 -4.362e+01
250 7.326e-01 3.062e-01 2.001e-02 -4.878e+01
251 6.797e-01 2.799e-01 1.557e-02 -5.520e+01
252 6.624e-01 2.849e-01 6.974e-03 -6.148e+01
253 6.586e-01 3.133e-01 -3.085e-04 -6.748e+01
254 6.439e-01 3.381e-01 -6.696e-03 -7.330e+01
255 6.250e-01 3.577e-01 -2.205e-02 -7.868e+01
256 5.999e-01 3.698e-01 -3.286e-02 -8.419e+01
257 5.773e-01 3.684e-01 -5.238e-02 -9.014e+01
258 5.578e-01 3.559e-01 -8.042e-02 -9.554e+01
259 5.334e-01 3.313e-01 -9.391e-02 -9.971e+01
260 5.033e-01 2.987e-01 -9.729e-02 -1.031e+02
261 4.471e-01 2.400e-01 -9.834e-02 -1.072e+02
262 3.613e-01 1.807e-01 -8.628e-02 6.881e+01
263 2.750e-01 1.046e-01 -6.457e-02 6.699e+01
264 1.868e-01 5.500e-02 -4.037e-02 6.715e+01
265 1.162e-01 2.594e-02 -1.913e-02 6.592e+01
266 6.952e-02 7.168e-03 -2.927e-03 -7.976e+01
267 3.542e-02 1.763e-02 7.226e-03 -8.498e+01
268 2.608e-02 1.618e-02 1.846e-03 -9.414e+01
269 1.820e-02 8.479e-03 -7.019e-04 -9.342e+01
270 1.536e-02 4.924e-03 6.182e-03 -8.671e+01
271 1.306e-02 8.462e-03 -3.831e-04 -9.854e+01
272 1.336e-02 5.615e-03 3.634e-03 -1.029e+02
273 9.005e-03 7.272e-03 -1.584e-03 -9.380e+01
274 3.000e-03 -1.290e-04 8.179e-04 0.000e+00
275 1.992e-03 7.461e-03 1.170e-03 6.907e+01
276 7.914e-03 2.812e-03 -2.284e-03 0.000e+00
277 2.521e-03 3.753e-03 -1.971e-03 0.000e+00
278 -3.752e-04 4.119e-04 -7.280e-03 0.000e+00
279 3.980e-03 4.627e-03 -2.925e-03 5.607e+01
280 3.403e-03 2.890e-03 8.540e-04 0.000e+00
281 -2.218e-03 -3.876e-03 1.670e-03 0.000e+00
282 -9.700e-04 1.449e-03 5.936e-03 0.000e+00
283 2.303e-03 4.988e-03 2.254e-03 2.726e+01
284 1.006e-03 -4.530e-05 3.217e-04 0.000e+00
285 -2.572e-03 3.710e-03 -1.592e-03 0.000e+00
286 9.589e-04 -3.062e-03 4.251e-03 0.000e+00
287 3.136e-03 1.023e-03 1.943e-03 0.000e+00
288 2.066e-03 -2.708e-03 -2.093e-03 0.000e+00
289 6.916e-03 2.734e-03 -1.872e-03 0.000e+00
290 2.887e-03 -4.163e-03 -2.132e-03 0.000e+00
291 2.250e-03 -3.808e-03 5.306e-03 0.000e+00
292 -2.422e-03 3.810e-03 -4.086e-03 0.000e+00
293 -2.273e-03 4.248e-03 -1.043e-03 0.000e+00
294 3.008e-03 4.273e-03 3.305e-04 0.000e+00
295 6.342e-03 -3.302e-03 1.827e-03 0.000e+00
296 -2.147e-03 3.637e-03 2.456e-03 0.000e+00
297 4.843e-03 6.851e-04 3.972e-03 0.000e+00
298 1.562e-03 -2.385e-03 5.155e-03 0.000e+00
299 2.576e-03 2.481e-03 5.632e-04 0.000e+00
300 5.059e-03 2.669e-03 -2.919e-03 0.000e+00
301 4.423e-04 -3.943e-03 1.192e-03 0.000e+00
302 9.550e-05 -4.278e-03 6.858e-05 0.000e+00
303 1.600e-03 1.684e-03 -6.057e-04 0.000e+00
304 -1.772e-03 1.548e-04 -4.326e-03 0.000e+00
305 -1.384e-04 3.258e-03 3.954e-03 0.000e+00
306 6.170e-03 -3.697e-03 -5.037e-03 0.000e+00
307 9.933e-04 1.981e-03 1.023e-03 0.000e+00
308 4.493e-03 -4.085e-03 -2.605e-03 0.000e+00
309 -1.931e-03 -4.248e-03 -2.369e-03 0.000e+00
310 1.774e-04 -4.150e-03 -1.452e-03 0.000e+00
311 1.642e-03 -2.776e-03 2.299e-03 0.000e+00
312 -5.955e-04 1.964e-03 -2.313e-03 0.000e+00
313 6.033e-03 -3.364e-03 -3.347e-03 0.000e+00
314 -4.489e-03 2.688e-03 -1.182e-03 0.000e+00
315 7.515e-04 -4.191e-03 -1.558e-03 0.000e+00
316 6.369e-04 -3.990e-03 9.725e-04 0.000e+00
317 -4.326e-04 5.695e-03 3.141e-03 1.366e+01
318 -6.199e-04 1.066e-03 -1.293e-03 0.000e+00
319 -3.086e-03 -4.245e-03 -1.306e-03 0.000e+00
320 -1.976e-03 4.622e-04 1.817e-03 0.000e+00
321 3.136e-03 3.443e-03 9.988e-04 0.000e+00
322 1.027e-03 7.867e-04 2.322e-03 0.000e+00
323 -2.950e-03 -4.110e-03 -2.181e-03 0.000e+00
324 -1.229e-03 -3.052e-03 -1.123e-03 0.000e+00
325 6.185e-04 6.751e-04 4.011e-03 0.000e+00
326 -6.531e-04 -3.107e-03 -4.371e-03 0.000e+00
327 -3.357e-03 -2.984e-03 -1.472e-03 0.000e+00
328 -1.186e-03 -3.691e-03 -1.669e-03 0.000e+00
329 5.409e-04 5.009e-04 -3.688e-03 0.000e+00
330 -3.429e-03 3.509e-03 1.310e-03 0.000e+00
331 2.436e-03 -2.350e-03 2.202e-03 0.000e+00
332 1.311e-03 -3.551e-03 -1.590e-03 0.000e+00
333 -2.786e-03 -3.467e-03 -3.062e-03 0.000e+00
334 9.690e-04 3.679e-03 -2.725e-03 0.000e+00
335 -1.353e-03 2.751e-03 -2.830e-04 0.000e+00
336 8.749e-04 1.011e-03 -3.600e-04 0.000e+00
337 2.609e-03 -3.738e-03 -5.865e-03 0.000e+00
338 -5.228e-03 -3.869e-04 -6.432e-03 0.000e+00
339 4.355e-06 -3.488e-03 4.325e-03 0.000e+00
340 -3.053e-03 -3.931e-03 -1.039e-03 0.000e+00
341 9.803e-05 -1.178e-03 -1.251e-03 0.000e+00
342 -2.046e-03 2.744e-03 -7.003e-04 0.000e+00
343 7.207e-03 -2.353e-03 -8.943e-04 0.000e+00
344 -1.175e-03 9.164e-04 -1.343e-03 0.000e+00
345 -2.318e-03 2.549e-03 4.369e-03 0.000e+00
346 -7.335e-04 2.274e-03 -1.707e-03 0.000e+00
347 -4.355e-06 -3.249e-03 -5.696e-06 0.000e+00
348 2.038e-03 5.484e-04 -6.602e-04 0.000e+00
349 1.370e-03 -2.866e-03 -1.805e-03 0.000e+00
350 -5.243e-05 9.660e-04 8.628e-04 0.000e+00
351 4.258e-03 2.980e-03 -1.422e-03 0.000e+00
352 -1.441e-04 5.442e-03 4.173e-05 -5.373e+00
353 -3.806e-03 -6.546e-04 7.406e-05 0.000e+00
354 -2.848e-03 -2.489e-03 -2.912e-04 0.000e+00
355 -1.877e-03 5.081e-03 -4.880e-03 -5.954e+00
356 -3.761e-03 5.321e-04 2.075e-03 0.000e+00
357 3.539e-03 -4.233e-03 -5.710e-04 0.000e+00
358 -1.593e-03 -4.100e-03 -7.721e-04 0.000e+00
359 -9.930e-04 5.398e-04 -1.964e-03 0.000e+00
360 3.508e-03 1.335e-04 2.783e-03 0.000e+00
361 -9.454e-04 -3.104e-03 2.114e-03 0.000e+00
362 1.917e-03 -3.339e-04 -4.033e-03 0.000e+00
363 2.066e-03 -3.967e-03 -1.630e-03 0.000e+00
364 -1.385e-03 4.104e-03 2.077e-03 0.000e+00
365 8.359e-06 1.512e-03 9.040e-04 0.000e+00
366 -2.376e-03 -6.482e-04 2.708e-03 0.000e+00
367 1.298e-03 1.621e-03 3.531e-03 0.000e+00
368 -1.681e-03 -3.582e-04 2.636e-03 0.000e+00
369 -4.389e-03 3.261e-03 -6.159e-03 0.000e+00
370 -4.585e-03 -4.008e-03 2.812e-03 0.000e+00
371 2.521e-03 2.179e-03 -5.172e-03 0.000e+00
372 -8.964e-04 -2.164e-03 -1.172e-03 0.000e+00
373 -2.012e-03 9.592e-04 3.673e-03 0.000e+00
374 4.891e-03 -2.484e-03 -3.680e-03 0.000e+00
375 -3.291e-03 2.850e-03 -2.495e-03 0.000e+00
376 1.894e-03 2.648e-03 -1.803e-03 0.000e+00
377 -7.709e-04 -3.294e-03 -2.149e-03 0.000e+00
378 1.208e-03 -3.604e-03 -1.198e-03 0.000e+00
379 -4.459e-04 1.614e-03 -3.615e-03 0.000e+00
380 2.519e-03 1.662e-03 -4.190e-03 0.000e+00
381 7.978e-04 1.497e-03 -6.750e-04 0.000e+00
382 2.708e-03 -3.537e-03 9.175e-05 0.000e+00
383 1.317e-03 -2.648e-03 -5.150e-03 0.000e+00
384 1.315e-03 -3.823e-04 2.949e-03 0.000e+00
385 1.615e-04 -9.080e-04 -4.996e-03 0.000e+00
386 5.056e-03 2.095e-03 -9.255e-05 0.000e+00
387 -1.400e-03 5.409e-03 -3.041e-04 5.860e+01
388 4.122e-04 2.401e-03 -3.213e-03 0.000e+00
389 -5.494e-03 7.460e-06 6.583e-06 0.000e+00
390 2.942e-04 -3.798e-03 6.924e-04 0.000e+00
391 -4.651e-04 4.296e-03 1.850e-03 0.000e+00
392 2.128e-03 -2.620e-03 -1.472e-03 0.000e+00
393 4.799e-03 -4.137e-03 2.249e-05 0.000e+00
394 1.001e-03 1.170e-03 -3.507e-04 0.000e+00
395 1.812e-03 1.736e-04 1.335e-03 0.000e+00
396 1.679e-03 2.686e-03 -1.806e-03 0.000e+00
397 1.708e-03 -3.975e-03 2.631e-03 0.000e+00
398 7.491e-05 2.816e-03 1.411e-04 0.000e+00
399 7.715e-04 7.041e-05 4.036e-03 0.000e+00
400 -7.889e-04 -3.774e-03 2.482e-03 0.000e+00
401 -8.335e-04 -4.232e-03 1.851e-03 0.000e+00
402 1.540e-03 -4.209e-03 1.859e-03 0.000e+00
403 -1.480e-03 -4.228e-03 -2.939e-03 0.000e+00
404 -5.048e-03 5.547e-03 2.258e-03 1.056e+01
405 3.202e-03 -3.864e-03 4.797e-03 0.000e+00
406 3.427e-03 3.369e-04 2.393e-03 0.000e+00
407 3.452e-03 -4.273e-03 2.878e-04 0.000e+00
408 6.114e-03 -3.544e-03 -2.243e-03 0.000e+00
409 1.506e-03 1.698e-03 6.331e-04 0.000e+00
410 9.381e-04 -3.495e-03 1.500e-03 0.000e+00
411 -1.619e-03 3.362e-03 -2.099e-03 0.000e+00
412 3.585e-03 2.403e-03 6.035e-04 0.000e+00
413 -3.342e-03 1.085e-03 -1.640e-03 0.000e+00
414 -2.976e-03 -3.268e-03 -9.409e-05 0.000e+00
415 -2.034e-03 1.379e-03 4.457e-03 0.000e+00
416 -5.514e-04 -3.718e-03 2.068e-03 0.000e+00
417 -8.337e-04 -4.250e-03 -3.773e-03 0.000e+00
418 -2.726e-04 3.622e-03 2.509e-03 0.000e+00
419 2.400e-03 -3.166e-03 6.847e-04 0.000e+00
420 1.419e-03 5.924e-04 -3.799e-03 0.000e+00
421 -2.972e-04 5.243e-04 1.162e-03 0.000e+00
422 3.404e-03 -3.948e-03 -4.000e-03 0.000e+00
423 -4.413e-03 1.692e-03 -1.035e-03 0.000e+00
424 3.423e-03 2.274e-03 3.232e-03 0.000e+00
425 -5.765e-03 -2.446e-03 3.339e-04 0.000e+00
426 1.310e-03 1.969e-03 1.006e-03 0.000e+00
427 5.785e-03 3.757e-03 -4.872e-03 0.000e+00
428 3.167e-03 5.736e-03 -5.524e-03 4.635e+01
429 9.276e-04 1.655e-03 2.298e-04 0.000e+00
430 -6.930e-03 2.761e-03 -3.928e-03 0.000e+00
431 -1.379e-03 5.883e-04 -4.466e-03 0.000e+00
432 1.742e-03 -1.304e-03 6.562e-03 0.000e+00
433 -8.434e-04 -4.124e-03 -3.679e-03 0.000e+00
434 2.390e-03 3.868e-03 -1.028e-03 0.000e+00
435 -2.557e-03 -3.239e-03 -4.988e-04 0.000e+00
436 7.602e-04 -2.741e-03 -8.730e-04 0.000e+00
437 5.154e-05 4.285e-03 2.895e-03 0.000e+00
438 -4.553e-03 -3.603e-03 9.428e-05 0.000e+00
439 3.713e-03 -3.361e-03 1.732e-03 0.000e+00
440 -3.302e-03 1.044e-04 -1.517e-03 0.000e+00
441 -3.421e-04 -4.188e-03 4.753e-03 0.000e+00
442 -1.819e-03 -3.569e-03 5.790e-04 0.000e+00
443 -1.002e-03 -3.831e-03 -2.440e-03 0.000e+00
444 3.139e-03 -3.948e-03 1.574e-03 0.000e+00
445 -1.807e-03 -3.485e-03 3.136e-05 0.000e+00
446 -1.116e-03 2.990e-03 1.127e-03 0.000e+00
447 1.159e-04 4.008e-03 5.948e-03 0.000e+00
448 4.676e-03 1.865e-03 1.350e-04 0.000e+00
449 2.244e-03 4.100e-03 -3.948e-04 0.000e+00
450 3.949e-03 3.214e-03 2.152e-04 0.000e+00
451 -4.198e-03 1.188e-03 -2.649e-03 0.000e+00
452 -1.577e-04 -4.049e-03 2.569e-03 0.000e+00
453 -3.728e-04 6.657e-05 -3.372e-03 0.000e+00
454 -2.958e-03 8.697e-04 -4.266e-03 0.000e+00
455 2.190e-03 9.808e-04 5.465e-03 0.000e+00
456 -1.575e-03 3.394e-03 -2.616e-03 0.000e+00
457 -5.371e-03 3.881e-03 -1.755e-03 0.000e+00
458 -1.719e-03 4.100e-03 -4.492e-04 0.000e+00
459 3.941e-03 4.627e-03 3.848e-04 -8.245e+00
460 4.956e-03 -3.638e-03 1.895e-04 0.000e+00
461 6.117e-04 -3.807e-03 -3.751e-03 0.000e+00
462 3.153e-04 -3.768e-03 1.226e-03 0.000e+00
463 -2.728e-03 1.124e-03 -3.993e-03 0.000e+00
464 3.000e-03 3.481e-03 -2.371e-03 0.000e+00
465 -1.453e-03 -9.607e-05 2.901e-03 0.000e+00
466 -1.474e-03 -2.609e-03 4.216e-03 0.000e+00
467 2.443e-04 6.410e-03 -1.369e-04 4.710e+00
468 -4.158e-03 -4.053e-03 -9.601e-04 0.000e+00
469 -7.003e-04 2.384e-03 -9.546e-04 0.000e+00
470 -5.773e-03 -3.597e-03 -9.223e-04 0.000e+00
471 -1.314e-03 1.768e-03 -7.284e-03 0.000e+00
472 -6.711e-04 -3.363e-03 -6.608e-03 0.000e+00
473 -6.966e-04 -4.179e-03 2.289e-04 0.000e+00
474 -8.124e-04 5.956e-04 8.529e-04 0.000e+00
475 -2.801e-03 1.353e-03 -2.285e-04 0.000e+00
476 2.756e-03 2.707e-03 -3.104e-03 0.000e+00
477 6.393e-03 -4.158e-03 -1.073e-03 0.000e+00
478 3.844e-04 -3.563e-03 -2.335e-03 0.000e+00
479 3.595e-03 2.084e-04 -2.151e-03 0.000e+00
480 9.687e-04 -4.023e-03 4.082e-03 0.000e+00
481 2.463e-03 1.104e-03 -3.166e-03 0.000e+00
482 3.170e-03 -2.286e-03 -3.034e-03 0.000e+00
483 -7.792e-04 1.898e-03 2.183e-03 0.000e+00
484 -3.435e-03 -3.497e-03 -1.260e-03 0.000e+00
485 3.960e-03 5.658e-03 -3.466e-03 -8.299e+01
486 -3.904e-04 -3.794e-03 -2.970e-03 0.000e+00
487 3.695e-03 -1.155e-04 -2.078e-03 0.000e+00
488 9.746e-04 1.469e-03 1.224e-03 0.000e+00
489 -4.067e-03 -3.402e-03 -6.395e-04 0.000e+00
490 -6.656e-04 2.044e-03 -1.125e-03 0.000e+00
491 1.643e-04 5.305e-04 -2.560e-03 0.000e+00
492 -5.337e-03 2.697e-04 2.102e-03 0.000e+00
493 -5.372e-04 2.714e-04 -9.749e-04 0.000e+00
494 3.598e-04 -2.305e-04 1.123e-03 0.000e+00
495 1.362e-03 1.396e-03 1.177e-03 0.000e+00
496 -9.807e-04 3.077e-04 7.635e-03 0.000e+00
497 2.144e-03 -4.187e-03 5.104e-03 0.000e+00
498 -6.369e-04 5.592e-04 -1.803e-03 0.000e+00
499 -1.294e-03 2.204e-03 -2.747e-04 0.000e+00
500 1.645e-03 -4.269e-03 -2.768e-04 0.000e+00
501 -6.329e-03 -4.284e-03 -1.267e-03 0.000e+00
502 -1.413e-03 8.759e-05 8.443e-04 0.000e+00
503 -6.865e-04 3.835e-03 -8.272e-04 0.000e+00
504 2.062e-03 -7.067e-04 4.789e-03 0.000e+00
505 3.091e-03 3.191e-03 1.711e-04 0.000e+00
506 -2.499e-03 4.534e-03 1.313e-03 -6.430e+01
507 -1.724e-03 2.672e-03 2.521e-03 0.000e+00
508 1.827e-03 -3.781e-03 6.461e-04 0.000e+00
509 1.783e-03 1.729e-03 2.541e-03 0.000e+00
510 -3.649e-03 -3.418e-03 2.059e-03 0.000e+00
511 2.344e-03 4.597e-03 7.750e-04 3.835e+01
