Bin I L V PA
0 5.844e-03 1.283e-02 -3.904e-03 0.000e+00
1 1.054e-03 8.414e-03 -4.507e-03 0.000e+00
2 1.467e-02 -1.772e-02 1.390e-03 0.000e+00
3 -2.309e-03 5.198e-03 1.409e-02 0.000e+00
4 -4.361e-03 7.357e-03 2.479e-02 0.000e+00
5 -1.714e-02 -1.706e-02 3.817e-04 0.000e+00
6 1.206e-02 5.458e-03 -4.139e-03 0.000e+00
7 7.757e-03 -1.410e-02 9.988e-03 0.000e+00
8 3.900e-03 -1.974e-02 -1.529e-03 0.000e+00
9 7.895e-03 2.734e-03 -2.151e-02 0.000e+00
10 2.007e-02 -1.369e-02 4.302e-03 0.000e+00
11 7.721e-03 6.460e-03 1.071e-02 0.000e+00
12 1.611e-02 -1.963e-02 -1.702e-03 0.000e+00
13 -8.990e-03 2.406e-02 1.861e-02 4.580e+01
14 9.336e-03 -1.479e-02 -2.919e-02 0.000e+00
15 -1.110e-02 2.451e-03 6.711e-03 0.000e+00
16 -1.134e-02 -1.197e-03 -1.826e-02 0.000e+00
17 2.205e-02 1.930e-02 1.743e-02 -2.270e+01
18 -3.228e-03 -2.489e-03 4.898e-03 0.000e+00
19 -8.273e-03 -1.820e-02 5.515e-03 0.000e+00
20 -1.511e-02 -1.581e-02 1.331e-02 0.000e+00
21 9.552e-04 -1.911e-02 1.957e-02 0.000e+00
22 -1.393e-02 5.211e-03 1.907e-02 0.000e+00
23 4.273e-03 1.226e-03 -1.352e-03 0.000e+00
24 1.636e-03 -1.988e-02 3.552e-02 0.000e+00
25 -7.156e-03 1.030e-02 -6.165e-03 0.000e+00
26 -1.014e-02 -1.703e-03 -1.143e-02 0.000e+00
27 -1.520e-02 -4.761e-03 -1.828e-02 0.000e+00
28 -2.631e-03 1.065e-02 4.072e-03 0.000e+00
29 -2.204e-02 -1.954e-02 1.769e-02 0.000e+00
30 5.662e-03 -2.022e-02 1.273e-02 0.000e+00
31 1.211e-03 2.412e-03 -5.508e-03 0.000e+00
32 3.124e-03 1.767e-02 2.565e-04 0.000e+00
33 -8.585e-03 -4.161e-04 -8.785e-03 0.000e+00
34 -2.312e-02 -1.991e-02 -7.304e-03 0.000e+00
35 -1.932e-02 -2.039e-02 1.440e-02 0.000e+00
36 5.639e-03 -1.768e-02 1.852e-02 0.000e+00
37 -8.969e-03 -1.804e-02 -2.187e-02 0.000e+00
38 2.373e-02 -1.430e-02 1.635e-03 0.000e+00
39 -2.173e-02 7.590e-04 -1.949e-02 0.000e+00
40 1.479e-02 -1.864e-02 -7.375e-03 0.000e+00
41 7.040e-04 1.705e-02 -4.977e-04 0.000e+00
42 -2.012e-02 -1.830e-02 3.166e-02 0.000e+00
43 6.052e-05 6.366e-03 1.152e-02 0.000e+00
44 -7.745e-03 -2.019e-02 -6.813e-03 0.000e+00
45 -1.579e-02 -2.179e-03 9.835e-03 0.000e+00
46 -8.739e-03 -3.959e-03 -1.134e-02 0.000e+00
47 -3.220e-02 2.556e-02 7.879e-03 2.360e+01
48 1.180e-02 4.267e-04 8.945e-03 0.000e+00
49 -1.064e-02 -1.417e-02 -3.598e-03 0.000e+00
50 9.750e-03 -5.089e-03 1.119e-02 0.000e+00
51 -2.269e-02 -4.996e-03 2.475e-03 0.000e+00
52 -3.133e-03 1.402e-03 1.824e-03 0.000e+00
53 -1.223e-02 -1.969e-02 -1.511e-02 0.000e+00
54 -4.575e-03 2.645e-03 -1.227e-02 0.000e+00
55 1.008e-02 2.485e-02 -8.562e-03 6.145e+01
56 2.241e-03 -1.848e-02 -2.670e-03 0.000e+00
57 1.610e-02 5.248e-03 -1.803e-02 0.000e+00
58 -1.575e-02 6.908e-03 -1.345e-03 0.000e+00
59 1.631e-03 -1.376e-02 8.540e-03 0.000e+00
60 -7.858e-03 -9.857e-03 -2.705e-02 0.000e+00
61 3.298e-03 2.026e-02 -9.398e-03 -2.116e+01
62 -4.078e-03 9.932e-03 -1.064e-02 0.000e+00
63 -1.101e-02 -2.067e-02 -3.139e-03 0.000e+00
64 2.028e-02 -2.013e-02 5.202e-03 0.000e+00
65 -2.110e-02 1.757e-02 -9.910e-03 0.000e+00
66 9.234e-03 5.597e-03 1.719e-02 0.000e+00
67 1.123e-02 1.246e-02 -1.804e-02 0.000e+00
68 -3.585e-03 4.171e-03 6.139e-03 0.000e+00
69 3.641e-03 -1.781e-02 -5.770e-03 0.000e+00
70 -9.304e-04 -1.862e-02 -1.992e-02 0.000e+00
71 -2.409e-03 -1.826e-02 -4.590e-03 0.000e+00
72 4.446e-03 1.096e-02 6.888e-03 0.000e+00
73 2.047e-02 3.974e-03 -7.712e-03 0.000e+00
74 2.817e-03 -1.878e-02 3.008e-03 0.000e+00
75 1.458e-02 -2.062e-02 -1.622e-03 0.000e+00
76 -4.845e-03 1.414e-02 -2.308e-02 0.000e+00
77 4.520e-03 2.775e-03 -3.208e-03 0.000e+00
78 -1.883e-02 9.505e-03 1.347e-02 0.000e+00
79 -2.184e-02 2.534e-02 1.855e-02 3.135e+01
80 6.737e-05 1.312e-02 1.187e-02 0.000e+00
81 3.236e-03 -3.486e-03 1.132e-03 0.000e+00
82 1.482e-02 1.934e-02 -6.013e-03 2.300e+01
83 6.260e-03 1.509e-02 -8.088e-03 0.000e+00
84 9.273e-03 1.026e-02 4.017e-02 0.000e+00
85 1.133e-02 8.218e-03 -1.611e-02 0.000e+00
86 -1.013e-03 1.402e-02 -5.903e-03 0.000e+00
87 2.090e-02 -1.200e-02 8.970e-04 0.000e+00
88 9.671e-03 -1.181e-02 3.397e-03 0.000e+00
89 -6.809e-03 -3.340e-03 -9.339e-03 0.000e+00
90 1.193e-02 -1.430e-02 -4.001e-03 0.000e+00
91 -7.846e-03 3.758e-03 -1.036e-02 0.000e+00
92 5.485e-03 -1.794e-02 -1.232e-02 0.000e+00
93 3.492e-03 7.549e-03 -1.519e-02 0.000e+00
94 3.017e-03 1.222e-03 2.728e-03 0.000e+00
95 1.507e-02 -1.770e-02 -6.783e-03 0.000e+00
96 -1.180e-02 -2.035e-02 9.752e-03 0.000e+00
97 -1.225e-03 -1.992e-02 -2.402e-02 0.000e+00
98 -5.603e-03 5.980e-03 -1.468e-02 0.000e+00
99 4.427e-03 -1.419e-02 5.327e-03 0.000e+00
100 1.856e-02 3.607e-03 -5.248e-03 0.000e+00
101 -5.328e-04 -1.671e-02 1.269e-02 0.000e+00
102 -6.228e-03 -1.788e-02 -1.261e-02 0.000e+00
103 -1.253e-02 2.095e-03 -4.270e-03 0.000e+00
104 -4.633e-03 2.134e-02 -1.859e-03 -1.461e+01
105 -2.447e-04 -1.927e-02 -1.366e-02 0.000e+00
106 -4.697e-04 2.373e-02 1.760e-02 3.496e+01
107 -8.297e-03 -1.749e-02 9.714e-03 0.000e+00
108 1.269e-02 -1.982e-02 1.329e-02 0.000e+00
109 1.437e-02 -1.749e-02 -4.327e-03 0.000e+00
110 -1.598e-02 9.619e-03 -1.658e-03 0.000e+00
111 1.420e-03 8.341e-03 3.046e-02 0.000e+00
112 3.638e-03 7.447e-03 -2.213e-02 0.000e+00
113 -6.191e-04 -1.753e-02 -1.278e-02 0.000e+00
114 1.442e-02 1.015e-02 -9.088e-03 0.000e+00
115 -9.149e-03 6.968e-03 -2.373e-03 0.000e+00
116 -6.990e-03 7.475e-03 4.703e-04 0.000e+00
117 7.161e-03 5.339e-04 1.879e-02 0.000e+00
118 -1.391e-03 -1.232e-02 -3.110e-03 0.000e+00
119 3.213e-02 3.708e-03 9.401e-03 0.000e+00
120 1.599e-02 2.083e-02 9.484e-03 8.048e+00
121 2.052e-02 3.557e-02 -2.496e-03 2.489e+01
122 1.963e-02 3.282e-02 -1.323e-02 9.855e+00
123 4.382e-02 5.595e-02 -7.491e-03 1.527e+01
124 7.353e-02 6.508e-02 1.314e-03 2.057e+01
125 8.850e-02 8.420e-02 -1.107e-02 1.496e+01
126 8.981e-02 8.691e-02 -2.769e-03 1.790e+01
127 1.254e-01 1.064e-01 -3.861e-03 2.038e+01
128 1.251e-01 1.240e-01 -2.653e-02 1.842e+01
129 1.548e-01 1.368e-01 -1.613e-03 1.800e+01
130 1.722e-01 1.507e-01 -7.130e-03 1.422e+01
131 2.027e-01 1.794e-01 -4.140e-03 1.576e+01
132 2.061e-01 1.905e-01 1.411e-02 1.513e+01
133 2.128e-01 2.225e-01 -1.200e-03 1.536e+01
134 2.701e-01 2.275e-01 2.482e-05 1.191e+01
135 2.984e-01 2.327e-01 -1.043e-04 8.886e+00
136 3.183e-01 2.853e-01 -2.210e-02 4.947e+00
137 3.420e-01 2.665e-01 -3.401e-02 3.136e+00
138 3.573e-01 3.028e-01 -4.161e-02 1.617e+00
139 3.860e-01 3.220e-01 -4.420e-02 -3.374e-01
140 4.193e-01 3.403e-01 -6.112e-02 -5.889e+00
141 4.404e-01 3.850e-01 -8.398e-02 -7.190e+00
142 4.658e-01 3.488e-01 -6.774e-02 -1.191e+01
143 4.623e-01 3.466e-01 -8.398e-02 -1.422e+01
144 4.496e-01 3.256e-01 -8.441e-02 -1.876e+01
145 4.513e-01 3.110e-01 -1.124e-01 -2.035e+01
146 3.984e-01 2.682e-01 -6.888e-02 -2.278e+01
147 3.988e-01 2.604e-01 -8.883e-02 -2.692e+01
148 3.818e-01 2.245e-01 -1.085e-01 -2.801e+01
149 3.386e-01 2.020e-01 -7.016e-02 -3.467e+01
150 3.066e-01 1.726e-01 -7.174e-02 -3.681e+01
151 3.081e-01 1.472e-01 -8.483e-02 -3.926e+01
152 2.404e-01 1.241e-01 -6.624e-02 -4.281e+01
153 2.319e-01 1.129e-01 -5.048e-02 -4.503e+01
154 2.380e-01 7.575e-02 -5.304e-02 -5.696e+01
155 1.904e-01 8.141e-02 -6.406e-02 -4.681e+01
156 1.866e-01 6.591e-02 -3.699e-02 -5.416e+01
157 1.466e-01 5.269e-02 -4.039e-02 -5.981e+01
158 1.650e-01 5.823e-02 -2.455e-02 -4.594e+01
159 1.374e-01 3.156e-02 -2.012e-02 -6.426e+01
160 1.086e-01 2.772e-02 -1.502e-02 -5.487e+01
161 9.948e-02 2.980e-02 1.651e-03 -7.128e+01
162 1.214e-01 2.623e-02 -2.909e-02 -7.041e+01
163 1.068e-01 2.375e-02 1.518e-02 -8.576e+01
164 1.116e-01 2.664e-02 -1.026e-02 -6.947e+01
165 6.385e-02 6.082e-03 -3.228e-02 0.000e+00
166 7.461e-02 -1.815e-02 -1.400e-02 0.000e+00
167 4.150e-02 2.075e-03 -6.681e-03 0.000e+00
168 5.004e-02 1.290e-02 -4.023e-03 0.000e+00
169 5.202e-02 2.228e-02 -3.598e-03 -1.030e+01
170 3.662e-02 -1.366e-02 1.333e-02 0.000e+00
171 2.747e-02 -1.816e-02 -5.148e-03 0.000e+00
172 2.681e-02 -1.411e-02 -5.624e-03 0.000e+00
173 3.114e-02 7.267e-03 8.642e-03 0.000e+00
174 2.646e-02 1.906e-02 -2.091e-02 1.218e+01
175 3.502e-02 -5.182e-03 1.950e-03 0.000e+00
176 2.954e-02 -1.956e-02 -1.787e-02 0.000e+00
177 3.704e-02 7.503e-03 -1.230e-02 0.000e+00
178 -5.807e-03 1.238e-02 -1.865e-03 0.000e+00
179 4.022e-02 -2.494e-03 1.925e-02 0.000e+00
180 7.217e-03 -1.750e-02 -6.283e-03 0.000e+00
181 7.634e-03 1.543e-02 8.996e-03 0.000e+00
182 8.499e-04 1.173e-02 1.098e-02 0.000e+00
183 6.413e-03 5.778e-03 9.820e-04 0.000e+00
184 1.324e-02 -1.956e-02 1.289e-02 0.000e+00
185 1.694e-02 1.428e-02 -8.950e-03 0.000e+00
186 2.863e-03 4.820e-03 5.782e-03 0.000e+00
187 -5.744e-04 1.945e-03 -1.622e-02 0.000e+00
188 -1.468e-02 4.654e-03 1.805e-02 0.000e+00
189 1.168e-02 -1.106e-02 8.059e-03 0.000e+00
190 1.923e-02 2.017e-03 -1.361e-02 0.000e+00
191 8.580e-03 -2.612e-03 -4.965e-03 0.000e+00
192 2.339e-03 1.080e-03 6.816e-03 0.000e+00
193 -5.899e-03 5.518e-03 -7.412e-03 0.000e+00
194 1.427e-02 1.723e-02 -5.501e-03 0.000e+00
195 -7.486e-03 4.332e-03 -5.617e-03 0.000e+00
196 1.631e-02 -1.464e-02 -7.165e-03 0.000e+00
197 -1.162e-02 -1.932e-02 2.655e-02 0.000e+00
198 3.470e-03 9.735e-03 -1.062e-03 0.000e+00
199 1.310e-02 1.638e-03 1.066e-02 0.000e+00
200 -1.605e-02 -1.712e-02 3.521e-03 0.000e+00
201 1.634e-02 2.243e-02 1.377e-02 -8.520e+00
202 1.346e-02 -4.893e-03 -3.927e-03 0.000e+00
203 -7.701e-03 -1.403e-02 -6.286e-03 0.000e+00
204 -4.487e-03 3.607e-03 -1.060e-02 0.000e+00
205 -9.437e-03 1.603e-02 -3.458e-02 0.000e+00
206 -2.877e-03 -3.647e-03 1.525e-02 0.000e+00
207 -1.388e-03 -1.827e-02 -5.727e-03 0.000e+00
208 -1.319e-02 -4.095e-03 1.230e-02 0.000e+00
209 1.107e-02 2.695e-03 -8.880e-03 0.000e+00
210 5.024e-03 -1.805e-02 -3.274e-02 0.000e+00
211 6.399e-03 -1.995e-02 4.136e-03 0.000e+00
212 -2.877e-04 7.402e-03 1.312e-02 0.000e+00
213 1.672e-02 7.592e-03 1.835e-02 0.000e+00
214 3.112e-02 -1.909e-02 1.829e-02 0.000e+00
215 2.245e-02 -3.989e-03 7.888e-03 0.000e+00
216 -2.293e-03 -1.550e-02 1.036e-02 0.000e+00
217 -5.860e-04 -1.960e-02 3.681e-02 0.000e+00
218 4.261e-03 7.837e-04 4.085e-03 0.000e+00
219 2.784e-02 1.114e-03 -5.375e-03 0.000e+00
220 5.269e-03 -5.204e-03 2.736e-03 0.000e+00
221 6.180e-03 -1.698e-02 -5.733e-03 0.000e+00
222 -1.454e-03 -1.832e-02 -1.810e-02 0.000e+00
223 2.325e-03 -1.308e-02 2.132e-02 0.000e+00
224 3.019e-05 4.807e-03 1.169e-02 0.000e+00
225 -4.482e-04 5.754e-03 -2.594e-02 0.000e+00
226 -3.365e-02 -1.966e-02 -3.404e-03 0.000e+00
227 -2.462e-02 -1.957e-02 -3.224e-04 0.000e+00
228 6.954e-03 6.655e-03 1.123e-02 0.000e+00
229 -7.965e-03 -1.522e-02 -9.820e-03 0.000e+00
230 -1.551e-02 1.476e-02 -1.344e-02 0.000e+00
231 -2.083e-02 1.866e-02 1.625e-02 0.000e+00
232 -2.152e-02 -5.395e-03 -9.189e-03 0.000e+00
233 4.778e-05 1.113e-02 2.842e-03 0.000e+00
234 -8.074e-03 1.779e-03 1.413e-02 0.000e+00
235 -1.212e-02 -2.045e-02 4.021e-03 0.000e+00
236 5.505e-03 -1.650e-02 3.327e-03 0.000e+00
237 1.443e-02 1.888e-02 -2.413e-02 0.000e+00
238 2.234e-02 1.737e-02 5.160e-03 0.000e+00
239 7.236e-03 5.759e-03 4.460e-03 0.000e+00
240 2.122e-02 -1.419e-02 -1.875e-03 0.000e+00
241 3.160e-03 -2.365e-03 3.538e-03 0.000e+00
242 -1.401e-02 -1.556e-02 3.314e-02 0.000e+00
243 8.981e-03 -1.631e-02 4.960e-03 0.000e+00
244 -1.248e-02 -1.690e-02 -1.174e-02 0.000e+00
245 -9.039e-03 -2.053e-02 -8.235e-03 0.000e+00
246 1.910e-02 -3.014e-03 -3.330e-02 0.000e+00
247 1.071e-02 -1.628e-02 -2.110e-02 0.000e+00
248 5.885e-03 -2.029e-02 -2.037e-02 0.000e+00
249 1.422e-02 -1.052e-02 -2.275e-02 0.000e+00
250 -3.668e-03 1.586e-02 -2.160e-03 0.000e+00
251 1.410e-02 -8.733e-04 -1.111e-03 0.000e+00
252 -6.401e-03 1.600e-02 1.395e-02 0.000e+00
253 -2.793e-03 -3.866e-03 -9.614e-03 0.000e+00
254 7.501e-03 3.669e-03 1.078e-03 0.000e+00
255 5.521e-03 2.679e-03 -4.539e-03 0.000e+00
256 -3.033e-03 -1.714e-02 -2.472e-02 0.000e+00
257 1.561e-02 -1.415e-02 2.120e-02 0.000e+00
258 1.167e-02 -1.915e-04 3.448e-03 0.000e+00
259 4.634e-03 -1.741e-02 2.167e-03 0.000e+00
260 -2.521e-02 -1.359e-02 -3.380e-03 0.000e+00
261 2.906e-03 -1.941e-02 -1.274e-02 0.000e+00
262 8.329e-03 -1.822e-02 -2.521e-03 0.000e+00
263 -1.964e-02 1.182e-03 -1.414e-02 0.000e+00
264 3.431e-03 5.182e-03 -6.930e-04 0.000e+00
265 -1.304e-02 -1.979e-02 -1.921e-02 0.000e+00
266 -6.218e-03 5.122e-03 -5.617e-04 0.000e+00
267 -7.345e-03 1.422e-02 1.476e-02 0.000e+00
268 3.151e-03 1.213e-02 -1.257e-02 0.000e+00
269 -3.801e-03 8.116e-03 2.217e-02 0.000e+00
270 2.188e-02 1.999e-03 1.037e-03 0.000e+00
271 2.956e-03 4.426e-03 1.024e-02 0.000e+00
272 -1.138e-02 -6.535e-04 5.154e-03 0.000e+00
273 1.268e-02 -1.585e-02 -8.403e-03 0.000e+00
274 4.892e-04 4.078e-03 1.960e-03 0.000e+00
275 2.853e-02 1.420e-02 -1.102e-03 0.000e+00
276 1.323e-02 7.508e-03 -2.995e-02 0.000e+00
277 -2.654e-02 -2.307e-03 -1.277e-02 0.000e+00
278 -1.439e-02 2.756e-03 -9.436e-04 0.000e+00
279 -1.369e-02 9.631e-04 -2.131e-03 0.000e+00
280 -1.273e-02 1.749e-02 -3.004e-02 0.000e+00
281 4.989e-03 -1.700e-02 -2.332e-02 0.000e+00
282 6.222e-03 -1.992e-03 1.258e-02 0.000e+00
283 -1.087e-02 2.168e-02 1.854e-02 -9.110e+01
284 4.437e-03 -2.033e-02 -2.080e-03 0.000e+00
285 -7.637e-03 1.141e-02 5.697e-03 0.000e+00
286 -1.575e-02 6.752e-03 1.629e-02 0.000e+00
287 -1.393e-02 1.270e-02 -8.174e-04 0.000e+00
288 3.450e-03 2.588e-02 -1.496e-02 -4.345e+01
289 3.281e-03 -3.479e-03 -4.058e-03 0.000e+00
290 1.099e-03 -1.700e-02 -9.077e-03 0.000e+00
291 8.987e-03 2.385e-02 -6.852e-03 5.575e+01
292 -8.283e-03 1.771e-02 3.034e-03 0.000e+00
293 -1.478e-03 -9.574e-04 8.209e-03 0.000e+00
294 1.306e-03 -2.017e-02 1.531e-02 0.000e+00
295 1.313e-02 2.496e-02 -7.815e-03 -2.510e+01
296 -2.347e-02 7.315e-03 -5.518e-03 0.000e+00
297 2.069e-04 4.868e-03 -1.807e-02 0.000e+00
298 1.495e-02 -1.709e-02 1.418e-03 0.000e+00
299 1.039e-02 1.119e-02 2.802e-03 0.000e+00
300 -1.916e-02 -1.184e-02 6.663e-03 0.000e+00
301 2.067e-03 9.484e-03 -2.122e-02 0.000e+00
302 8.836e-03 2.740e-03 3.145e-04 0.000e+00
303 4.622e-03 -1.674e-02 -5.565e-03 0.000e+00
304 -3.751e-03 -1.914e-02 -1.731e-02 0.000e+00
305 1.186e-03 7.274e-03 5.375e-03 0.000e+00
306 -3.669e-02 2.755e-02 -2.247e-02 5.169e+01
307 -1.347e-02 1.197e-02 -1.578e-02 0.000e+00
308 1.074e-02 -1.910e-02 -1.685e-03 0.000e+00
309 -1.620e-02 -1.873e-02 -2.264e-02 0.000e+00
310 -1.273e-02 1.810e-02 1.530e-02 0.000e+00
311 -1.189e-02 1.810e-02 7.106e-03 0.000e+00
312 -9.617e-03 -1.803e-03 1.950e-02 0.000e+00
313 1.484e-02 -1.032e-03 3.441e-03 0.000e+00
314 1.671e-02 -1.674e-02 -1.482e-02 0.000e+00
315 -1.113e-02 -1.435e-03 -1.181e-02 0.000e+00
316 -2.354e-02 -1.811e-02 1.912e-02 0.000e+00
317 -1.677e-02 -1.603e-02 1.145e-02 0.000e+00
318 -6.481e-03 4.941e-03 -7.448e-03 0.000e+00
319 -2.640e-03 -2.996e-03 -6.915e-03 0.000e+00
320 1.184e-02 -1.497e-02 1.837e-02 0.000e+00
321 -2.588e-03 4.975e-03 1.618e-02 0.000e+00
322 -4.025e-04 6.935e-04 -8.176e-03 0.000e+00
323 -1.171e-02 -1.884e-02 -9.630e-03 0.000e+00
324 -6.471e-03 -1.914e-02 1.257e-02 0.000e+00
325 1.567e-02 7.224e-03 -1.856e-02 0.000e+00
326 6.340e-03 7.198e-03 1.006e-02 0.000e+00
327 -7.988e-03 7.574e-03 -1.136e-03 0.000e+00
328 -1.750e-02 -1.775e-02 -1.044e-02 0.000e+00
329 1.313e-02 -1.856e-02 -7.397e-03 0.000e+00
330 4.025e-04 -1.793e-02 -1.299e-02 0.000e+00
331 -2.520e-02 -1.996e-02 1.657e-02 0.000e+00
332 2.253e-03 2.375e-02 6.163e-03 -3.568e+00
333 8.354e-03 1.958e-02 -1.097e-02 8.291e+00
334 1.560e-02 1.972e-02 -1.807e-02 4.142e+01
335 1.457e-02 1.309e-02 1.248e-02 0.000e+00
336 7.130e-03 -5.219e-03 -1.432e-02 0.000e+00
337 -1.161e-02 6.929e-03 -7.860e-03 0.000e+00
338 8.058e-03 -1.446e-03 8.128e-03 0.000e+00
339 1.822e-02 -1.358e-04 -8.513e-03 0.000e+00
340 -2.999e-04 -1.608e-02 -9.637e-03 0.000e+00
341 1.294e-02 -1.796e-02 -2.929e-02 0.000e+00
342 2.565e-03 5.934e-04 2.141e-02 0.000e+00
343 -9.366e-03 4.133e-04 1.880e-03 0.000e+00
344 2.517e-03 -1.301e-02 -1.187e-02 0.000e+00
345 4.501e-03 -2.329e-03 1.169e-04 0.000e+00
346 2.175e-02 -1.384e-02 -2.743e-03 0.000e+00
347 1.729e-02 -1.371e-02 -7.191e-03 0.000e+00
348 2.075e-02 3.722e-02 -1.505e-02 1.493e+01
349 1.971e-02 9.252e-03 -2.969e-03 0.000e+00
350 1.099e-02 2.502e-02 3.183e-03 4.341e+01
351 3.596e-02 3.554e-02 -9.640e-03 6.607e+01
352 2.561e-02 -5.155e-04 -1.679e-02 0.000e+00
353 6.944e-02 1.605e-02 2.125e-02 0.000e+00
354 5.548e-02 5.111e-02 -2.212e-03 4.535e+01
355 8.301e-02 7.988e-02 -3.167e-03 4.147e+01
356 1.231e-01 1.019e-01 1.278e-02 4.145e+01
357 1.288e-01 1.289e-01 -7.592e-03 4.481e+01
358 1.956e-01 1.879e-01 1.059e-02 4.386e+01
359 2.329e-01 2.231e-01 1.661e-02 4.717e+01
360 2.764e-01 2.482e-01 4.213e-03 4.634e+01
361 3.347e-01 3.000e-01 -9.757e-03 4.715e+01
362 4.059e-01 3.064e-01 9.788e-03 4.663e+01
363 4.434e-01 3.747e-01 -2.642e-03 4.540e+01
364 4.726e-01 3.846e-01 -2.791e-02 4.537e+01
365 5.492e-01 4.138e-01 7.792e-03 4.525e+01
366 5.885e-01 4.580e-01 1.532e-03 4.731e+01
367 6.542e-01 4.676e-01 9.899e-03 4.626e+01
368 6.716e-01 4.972e-01 -6.118e-03 4.698e+01
369 7.133e-01 4.864e-01 -1.641e-03 4.645e+01
370 7.230e-01 5.089e-01 -4.052e-03 4.676e+01
371 7.372e-01 5.166e-01 -1.347e-02 4.578e+01
372 7.603e-01 5.439e-01 3.284e-03 4.666e+01
373 8.068e-01 5.304e-01 2.164e-03 4.548e+01
374 8.293e-01 5.467e-01 -4.695e-03 4.670e+01
375 8.888e-01 5.540e-01 -2.023e-02 4.700e+01
376 8.947e-01 5.552e-01 -2.599e-02 4.502e+01
377 9.290e-01 5.564e-01 1.131e-02 4.722e+01
378 9.697e-01 5.800e-01 1.918e-02 4.636e+01
379 9.775e-01 6.004e-01 9.539e-03 4.637e+01
380 9.909e-01 6.341e-01 1.335e-02 4.707e+01
381 1.000e+00 6.265e-01 1.055e-02 4.627e+01
382 9.669e-01 6.163e-01 1.324e-02 4.651e+01
383 9.469e-01 5.620e-01 2.217e-02 4.676e+01
384 9.220e-01 5.366e-01 3.410e-03 4.641e+01
385 8.493e-01 5.033e-01 2.014e-02 4.636e+01
386 7.806e-01 4.500e-01 7.622e-03 4.690e+01
387 6.812e-01 4.014e-01 -8.144e-03 4.691e+01
388 6.474e-01 3.350e-01 4.401e-03 4.659e+01
389 5.790e-01 2.769e-01 6.541e-03 4.726e+01
390 5.257e-01 2.327e-01 1.151e-03 4.580e+01
391 4.729e-01 2.339e-01 -1.802e-03 4.523e+01
392 4.275e-01 2.102e-01 1.704e-03 4.754e+01
393 4.227e-01 1.829e-01 -4.531e-04 4.862e+01
394 3.570e-01 1.775e-01 8.033e-03 4.739e+01
395 3.593e-01 1.314e-01 -1.995e-02 4.747e+01
396 3.260e-01 1.170e-01 1.043e-02 4.112e+01
397 3.053e-01 8.481e-02 -1.590e-02 4.872e+01
398 2.805e-01 8.444e-02 -4.112e-03 4.491e+01
399 2.439e-01 7.932e-02 -2.372e-02 5.209e+01
400 2.516e-01 4.427e-02 -7.866e-03 5.087e+01
401 2.489e-01 4.064e-02 -8.879e-03 4.324e+01
402 2.106e-01 4.310e-02 7.214e-03 4.423e+01
403 1.982e-01 4.945e-02 1.227e-02 5.116e+01
404 1.922e-01 6.091e-02 -2.765e-03 4.664e+01
405 1.852e-01 2.912e-02 3.108e-03 4.122e+01
406 1.472e-01 1.600e-02 1.926e-02 0.000e+00
407 1.327e-01 2.037e-02 -1.421e-02 5.996e+01
408 1.000e-01 1.291e-02 1.012e-02 0.000e+00
409 9.990e-02 3.555e-02 2.154e-02 4.236e+01
410 9.696e-02 4.512e-02 -9.504e-03 4.020e+01
411 8.328e-02 -1.338e-02 -2.537e-02 0.000e+00
412 8.371e-02 2.761e-02 -7.200e-03 5.997e+01
413 7.634e-02 -4.329e-03 -5.559e-03 0.000e+00
414 7.257e-02 1.610e-02 -8.058e-03 0.000e+00
415 4.032e-02 -1.742e-02 5.825e-03 0.000e+00
416 4.459e-02 -1.028e-03 2.329e-02 0.000e+00
417 4.236e-02 1.488e-02 1.343e-02 0.000e+00
418 4.698e-02 -1.872e-02 -1.507e-02 0.000e+00
419 9.349e-03 -2.019e-02 -2.451e-03 0.000e+00
420 3.536e-02 9.067e-03 5.681e-03 0.000e+00
421 2.496e-02 4.479e-03 -6.981e-03 0.000e+00
422 2.946e-02 -1.483e-02 2.540e-02 0.000e+00
423 2.754e-02 -1.437e-02 1.484e-02 0.000e+00
424 2.046e-02 -6.383e-04 -2.443e-03 0.000e+00
425 4.284e-03 -2.609e-03 2.877e-03 0.000e+00
426 1.796e-02 1.917e-02 -2.342e-03 -9.133e+01
427 2.483e-02 -2.073e-02 -6.799e-03 0.000e+00
428 9.392e-03 1.793e-02 -1.751e-02 0.000e+00
429 3.647e-02 1.846e-02 6.090e-03 0.000e+00
430 9.659e-03 1.623e-02 -7.979e-03 0.000e+00
431 1.659e-02 1.859e-02 -1.619e-02 0.000e+00
432 -1.399e-02 -1.717e-02 2.157e-02 0.000e+00
433 1.478e-03 1.591e-03 -7.974e-04 0.000e+00
434 1.981e-02 1.569e-02 -3.123e-02 0.000e+00
435 8.469e-04 5.606e-03 -8.263e-03 0.000e+00
436 7.331e-03 -1.569e-02 2.255e-04 0.000e+00
437 7.110e-03 1.237e-02 -2.229e-02 0.000e+00
438 1.356e-02 1.333e-02 6.441e-03 0.000e+00
439 6.875e-03 9.139e-03 4.396e-04 0.000e+00
440 -5.506e-04 -5.806e-03 7.131e-03 0.000e+00
441 5.131e-03 -1.178e-02 3.503e-03 0.000e+00
442 3.497e-02 5.731e-03 5.200e-03 0.000e+00
443 2.058e-03 -1.144e-02 -4.668e-02 0.000e+00
444 1.059e-02 -1.726e-02 -3.848e-03 0.000e+00
445 3.465e-03 1.423e-03 7.940e-03 0.000e+00
446 7.365e-03 -1.700e-02 -8.234e-03 0.000e+00
447 4.202e-03 -2.012e-02 1.415e-02 0.000e+00
448 4.874e-03 -3.002e-03 3.144e-02 0.000e+00
449 -8.437e-03 -4.832e-03 4.475e-03 0.000e+00
450 -9.338e-03 1.517e-02 1.917e-02 0.000e+00
451 -1.709e-02 -1.955e-03 1.618e-02 0.000e+00
452 -2.449e-02 4.404e-03 -1.012e-02 0.000e+00
453 -1.371e-02 2.951e-03 2.300e-03 0.000e+00
454 4.068e-03 1.136e-02 -1.309e-02 0.000e+00
455 -8.688e-03 7.596e-03 1.262e-03 0.000e+00
456 2.560e-03 2.504e-03 1.862e-03 0.000e+00
457 1.102e-02 1.036e-02 -8.088e-03 0.000e+00
458 -2.651e-03 -4.143e-03 1.465e-02 0.000e+00
459 -8.262e-03 5.965e-04 -6.606e-03 0.000e+00
460 -1.165e-02 -1.388e-04 2.277e-02 0.000e+00
461 -1.331e-02 7.664e-03 -2.633e-03 0.000e+00
462 -6.052e-05 -1.628e-03 2.299e-03 0.000e+00
463 -2.458e-02 -1.626e-02 -5.325e-03 0.000e+00
464 1.951e-02 3.895e-03 -1.397e-02 0.000e+00
465 -2.797e-02 4.186e-03 1.160e-02 0.000e+00
466 1.249e-02 -1.640e-02 2.700e-03 0.000e+00
467 7.853e-03 -1.762e-02 5.211e-03 0.000e+00
468 -8.569e-03 -1.930e-02 8.924e-03 0.000e+00
469 -2.725e-03 -1.815e-02 -1.133e-02 0.000e+00
470 -2.299e-03 2.489e-02 -2.177e-03 3.812e+01
471 8.132e-03 -5.102e-03 1.644e-02 0.000e+00
472 1.020e-03 -1.776e-02 -6.268e-03 0.000e+00
473 -1.069e-02 -2.056e-02 -4.015e-03 0.000e+00
474 3.001e-03 -1.719e-02 1.289e-03 0.000e+00
475 1.193e-02 1.194e-04 -2.634e-02 0.000e+00
476 -1.017e-02 1.172e-02 -1.878e-02 0.000e+00
477 -1.753e-02 3.171e-03 4.939e-03 0.000e+00
478 -1.940e-03 -1.194e-04 -1.133e-02 0.000e+00
479 6.188e-04 -4.800e-04 1.448e-02 0.000e+00
480 -1.369e-02 -1.957e-02 -9.749e-03 0.000e+00
481 9.780e-03 -1.938e-02 -5.962e-03 0.000e+00
482 1.455e-03 1.633e-02 1.999e-02 0.000e+00
483 -1.728e-02 -9.343e-03 1.828e-02 0.000e+00
484 1.588e-02 -1.760e-02 -4.497e-03 0.000e+00
485 -1.140e-02 3.232e-03 1.189e-02 0.000e+00
486 1.555e-02 -1.348e-02 2.506e-03 0.000e+00
487 2.322e-03 -1.406e-02 -3.630e-03 0.000e+00
488 5.479e-03 1.300e-02 -1.746e-02 0.000e+00
489 1.190e-02 6.146e-03 4.490e-03 0.000e+00
490 -8.379e-03 7.928e-03 1.288e-02 0.000e+00
491 6.144e-03 -1.999e-02 -2.056e-02 0.000e+00
492 3.725e-03 -1.727e-02 8.295e-03 0.000e+00
493 1.272e-02 -1.409e-02 -9.376e-05 0.000e+00
494 1.710e-03 1.615e-02 1.809e-02 0.000e+00
495 1.921e-02 1.473e-02 -2.552e-02 0.000e+00
496 -5.026e-04 -1.780e-02 -7.078e-04 0.000e+00
497 -2.560e-03 6.726e-03 7.083e-03 0.000e+00
498 2.009e-02 8.450e-03 1.838e-03 0.000e+00
499 -2.215e-03 1.814e-02 -4.726e-03 0.000e+00
500 -2.525e-02 7.101e-03 -1.005e-03 0.000e+00
501 -3.845e-03 -1.428e-03 -1.793e-03 0.000e+00
502 -9.271e-03 1.143e-02 9.376e-05 0.000e+00
503 3.099e-03 -8.821e-04 1.972e-02 0.000e+00
504 -1.933e-02 1.096e-02 1.011e-02 0.000e+00
505 6.856e-03 2.427e-02 1.831e-02 2.621e-01
506 1.624e-02 1.023e-02 -8.848e-03 0.000e+00
507 1.016e-02 -2.008e-02 3.223e-03 0.000e+00
508 -1.098e-02 -1.040e-03 -2.632e-02 0.000e+00
509 3.813e-03 4.211e-03 2.594e-02 0.000e+00
510 -1.365e-02 -2.049e-02 -5.624e-03 0.000e+00
511 3.375e-03 2.187e-03 -7.322e-03 0.000e+00
