Bin I L V PA
0 -7.694e-04 5.028e-03 3.230e-03 1.011e+01
1 -3.100e-03 -4.214e-03 3.709e-03 0.000e+00
2 9.702e-04 7.304e-04 -6.657e-04 0.000e+00
3 2.483e-03 -3.236e-03 1.251e-03 0.000e+00
4 6.188e-03 -3.732e-03 -1.576e-03 0.000e+00
5 3.623e-04 2.545e-03 -2.310e-03 0.000e+00
6 2.969e-03 5.010e-04 -1.391e-03 0.000e+00
7 3.252e-03 -2.510e-03 2.644e-03 0.000e+00
8 -1.233e-04 -2.484e-03 4.506e-05 0.000e+00
9 -3.314e-03 6.049e-03 -1.056e-03 5.088e+01
10 4.118e-03 -2.428e-03 1.372e-03 0.000e+00
11 3.120e-04 2.991e-03 -4.089e-03 0.000e+00
12 4.912e-03 3.148e-04 3.210e-03 0.000e+00
13 1.628e-03 -3.857e-03 -1.970e-03 0.000e+00
14 7.538e-04 3.388e-03 -2.760e-03 0.000e+00
15 3.704e-03 1.415e-03 -4.146e-03 0.000e+00
16 -1.556e-03 -3.017e-03 -3.791e-04 0.000e+00
17 -8.706e-04 -3.139e-03 7.251e-03 0.000e+00
18 -1.306e-03 -3.344e-03 -2.160e-03 0.000e+00
19 -1.695e-03 -3.964e-03 -3.724e-03 0.000e+00
20 8.124e-04 -3.026e-03 -2.522e-03 0.000e+00
21 5.981e-04 5.070e-04 1.531e-05 0.000e+00
22 -1.434e-03 3.419e-04 -7.585e-04 0.000e+00
23 -2.328e-03 1.657e-03 5.160e-04 0.000e+00
24 3.220e-03 -3.426e-03 -1.938e-03 0.000e+00
25 1.154e-03 -4.161e-03 2.139e-04 0.000e+00
26 1.040e-03 5.175e-04 -1.700e-03 0.000e+00
27 -4.505e-04 4.349e-03 -1.287e-03 5.707e+00
28 -4.942e-05 -3.565e-03 -4.533e-03 0.000e+00
29 2.393e-03 -3.477e-03 -4.082e-04 0.000e+00
30 6.365e-03 7.574e-04 -4.931e-03 0.000e+00
31 7.648e-04 9.514e-04 -4.709e-04 0.000e+00
32 1.315e-03 2.727e-04 -2.033e-05 0.000e+00
33 2.441e-03 2.730e-03 -2.470e-03 0.000e+00
34 3.703e-03 -2.129e-03 1.932e-03 0.000e+00
35 -6.503e-04 -3.419e-03 -7.654e-05 0.000e+00
36 1.088e-03 1.424e-03 -5.183e-03 0.000e+00
37 6.468e-04 -3.896e-03 1.082e-03 0.000e+00
38 1.360e-03 -4.431e-03 1.696e-03 0.000e+00
39 3.149e-03 3.433e-03 4.672e-04 0.000e+00
40 3.343e-03 -4.062e-03 -1.144e-04 0.000e+00
41 -5.948e-03 4.173e-03 -1.492e-03 0.000e+00
42 -2.486e-03 -4.264e-03 -6.006e-05 0.000e+00
43 2.944e-04 2.668e-03 5.362e-03 0.000e+00
44 -2.084e-03 -3.046e-03 -2.085e-03 0.000e+00
45 3.565e-03 3.834e-03 4.333e-03 0.000e+00
46 -2.074e-03 -2.769e-03 9.962e-04 0.000e+00
47 -3.461e-03 -7.854e-04 -1.552e-03 0.000e+00
48 1.643e-03 -3.933e-03 2.756e-03 0.000e+00
49 1.421e-03 4.994e-04 3.070e-03 0.000e+00
50 1.692e-05 2.359e-03 1.374e-03 0.000e+00
51 -3.269e-03 -3.431e-03 9.815e-04 0.000e+00
52 1.395e-03 -2.636e-03 -2.242e-03 0.000e+00
53 6.033e-04 -4.263e-04 2.672e-04 0.000e+00
54 2.368e-03 1.300e-03 -1.867e-03 0.000e+00
55 -2.194e-03 4.555e-03 -2.620e-03 -5.725e+01
56 4.152e-03 -3.164e-03 -1.117e-03 0.000e+00
57 1.775e-03 8.162e-03 1.629e-03 -8.647e+01
58 -2.229e-03 -5.095e-04 2.589e-03 0.000e+00
59 -2.662e-03 -5.042e-04 -3.190e-03 0.000e+00
60 9.520e-04 5.489e-03 1.260e-03 6.887e+01
61 2.677e-03 7.315e-04 -1.268e-03 0.000e+00
62 2.016e-03 3.744e-03 1.662e-03 0.000e+00
63 5.120e-04 -1.606e-04 -2.522e-03 0.000e+00
64 7.394e-04 5.358e-03 -1.214e-03 -9.968e+01
65 -7.431e-03 9.310e-04 -1.463e-03 0.000e+00
66 -2.448e-03 -3.951e-03 5.160e-03 0.000e+00
67 -1.848e-03 2.362e-04 1.576e-03 0.000e+00
68 -1.755e-03 -1.801e-04 -1.064e-03 0.000e+00
69 2.761e-03 2.451e-03 -1.053e-03 0.000e+00
70 -1.615e-03 7.725e-03 -2.933e-03 -9.053e+01
71 -8.839e-04 3.673e-03 -9.214e-04 0.000e+00
72 2.532e-04 -1.610e-04 -1.622e-03 0.000e+00
73 -1.151e-03 -3.774e-03 2.426e-04 0.000e+00
74 3.826e-04 1.521e-03 5.085e-03 0.000e+00
75 -7.548e-04 -1.042e-03 -1.944e-03 0.000e+00
76 6.306e-04 4.255e-04 5.856e-03 0.000e+00
77 2.484e-03 -4.224e-04 2.998e-03 0.000e+00
78 2.058e-03 2.596e-03 -5.527e-03 0.000e+00
79 -1.881e-03 1.139e-03 -2.530e-03 0.000e+00
80 5.437e-03 -4.168e-03 4.224e-03 0.000e+00
81 8.761e-04 4.987e-04 -2.476e-03 0.000e+00
82 2.622e-03 -7.855e-04 2.311e-03 0.000e+00
83 -4.896e-04 2.764e-03 2.721e-03 0.000e+00
84 -3.023e-03 -3.964e-03 1.705e-03 0.000e+00
85 -3.768e-03 -3.795e-03 -3.897e-03 0.000e+00
86 -2.434e-03 -3.511e-03 4.531e-04 0.000e+00
87 -1.442e-03 -2.210e-04 -3.720e-04 0.000e+00
88 -1.390e-03 5.517e-04 -2.571e-03 0.000e+00
89 5.947e-03 -4.046e-03 -4.222e-03 0.000e+00
90 3.916e-04 -3.641e-03 -4.537e-03 0.000e+00
91 -1.883e-03 -1.535e-03 -2.791e-03 0.000e+00
92 8.703e-04 3.669e-03 1.497e-03 0.000e+00
93 -2.040e-03 8.324e-04 -3.073e-05 0.000e+00
94 -3.806e-03 -3.088e-03 -6.236e-03 0.000e+00
95 1.688e-03 1.579e-03 8.691e-04 0.000e+00
96 -1.597e-03 1.145e-03 -5.023e-03 0.000e+00
97 6.231e-04 -3.074e-03 4.848e-03 0.000e+00
98 3.619e-03 -3.074e-03 2.101e-03 0.000e+00
99 1.822e-03 -4.160e-03 -2.994e-03 0.000e+00
100 -6.518e-05 -4.372e-03 -3.793e-03 0.000e+00
101 3.676e-03 1.635e-04 -1.385e-03 0.000e+00
102 -2.501e-03 -4.348e-03 -1.063e-03 0.000e+00
103 3.543e-03 3.664e-03 1.946e-03 0.000e+00
104 -3.423e-03 -4.389e-03 -1.766e-03 0.000e+00
105 -6.226e-03 3.428e-03 -2.258e-03 0.000e+00
106 -4.125e-03 -3.148e-03 1.751e-03 0.000e+00
107 -8.575e-04 9.696e-04 -5.523e-03 0.000e+00
108 -1.657e-03 6.089e-03 -7.859e-04 -9.106e+01
109 -7.692e-04 -4.406e-03 2.896e-03 0.000e+00
110 -3.725e-03 3.303e-03 1.514e-03 0.000e+00
111 -1.591e-03 2.040e-04 -4.022e-04 0.000e+00
112 2.510e-03 -3.698e-03 -4.981e-03 0.000e+00
113 1.413e-03 -3.648e-03 2.334e-03 0.000e+00
114 3.116e-03 8.255e-04 7.005e-03 0.000e+00
115 1.999e-03 1.228e-03 -4.446e-03 0.000e+00
116 -2.835e-03 2.333e-03 -3.293e-03 0.000e+00
117 4.061e-03 2.700e-03 -1.192e-03 0.000e+00
118 1.732e-03 4.658e-04 -5.197e-04 0.000e+00
119 -4.123e-03 2.552e-03 -3.879e-03 0.000e+00
120 -2.669e-03 -1.445e-04 -2.216e-03 0.000e+00
121 -1.184e-03 6.255e-03 1.558e-03 4.843e+01
122 -2.309e-03 4.757e-03 6.195e-03 -8.838e+01
123 1.651e-03 -2.141e-03 3.628e-03 0.000e+00
124 4.172e-03 -8.282e-04 3.795e-03 0.000e+00
125 -3.971e-04 -3.665e-03 4.871e-04 0.000e+00
126 -3.530e-03 4.876e-03 -3.325e-03 6.408e+01
127 2.618e-03 1.770e-03 4.245e-03 0.000e+00
128 -1.005e-03 4.092e-04 -2.228e-03 0.000e+00
129 1.357e-03 -4.031e-03 3.023e-03 0.000e+00
130 -1.652e-03 1.395e-03 9.469e-05 0.000e+00
131 -7.750e-04 3.102e-03 -1.649e-03 0.000e+00
132 1.409e-03 4.904e-03 4.489e-04 -2.181e+01
133 4.759e-04 -1.832e-03 5.138e-05 0.000e+00
134 9.038e-04 -4.351e-03 5.518e-03 0.000e+00
135 1.509e-03 8.491e-04 -2.077e-03 0.000e+00
136 -3.843e-03 -4.293e-03 -4.313e-03 0.000e+00
137 1.206e-03 -3.143e-03 -1.375e-03 0.000e+00
138 8.858e-04 3.334e-04 -3.834e-03 0.000e+00
139 -3.411e-03 -1.138e-03 -2.213e-03 0.000e+00
140 1.233e-03 -2.812e-03 -2.559e-03 0.000e+00
141 5.322e-03 1.429e-03 3.987e-03 0.000e+00
142 2.947e-03 -1.407e-04 -2.709e-03 0.000e+00
143 -7.249e-04 -3.896e-04 2.243e-03 0.000e+00
144 7.533e-04 1.215e-03 7.051e-04 0.000e+00
145 -3.095e-03 1.791e-04 2.267e-03 0.000e+00
146 1.408e-03 1.412e-03 -4.056e-03 0.000e+00
147 -1.564e-03 5.829e-04 6.706e-04 0.000e+00
148 -1.520e-03 2.012e-03 -4.910e-04 0.000e+00
149 6.781e-04 -2.168e-03 -3.555e-04 0.000e+00
150 -4.290e-03 -7.975e-04 -4.916e-03 0.000e+00
151 3.021e-03 -3.464e-03 1.329e-03 0.000e+00
152 1.111e-03 -3.890e-03 -1.800e-03 0.000e+00
153 3.759e-03 6.071e-03 -2.570e-03 2.980e+01
154 -1.188e-04 9.182e-04 1.918e-03 0.000e+00
155 -2.107e-03 -2.359e-03 -1.116e-03 0.000e+00
156 1.421e-03 2.132e-04 -1.271e-04 0.000e+00
157 -1.883e-03 1.783e-03 7.350e-04 0.000e+00
158 1.096e-03 3.983e-03 2.288e-03 0.000e+00
159 3.845e-03 -2.650e-03 5.121e-03 0.000e+00
160 -3.929e-03 -4.239e-03 -2.513e-03 0.000e+00
161 3.765e-05 3.001e-03 -7.797e-04 0.000e+00
162 9.497e-04 -3.667e-03 -2.993e-04 0.000e+00
163 -2.807e-03 -3.250e-03 1.517e-03 0.000e+00
164 2.175e-03 -4.370e-03 3.599e-03 0.000e+00
165 -2.066e-04 1.881e-03 6.788e-04 0.000e+00
166 3.500e-03 -4.394e-03 2.769e-03 0.000e+00
167 -2.702e-03 1.623e-03 8.052e-04 0.000e+00
168 3.182e-03 2.752e-03 5.535e-03 0.000e+00
169 -4.094e-03 4.052e-03 2.605e-03 0.000e+00
170 -2.555e-03 2.554e-03 -1.222e-03 0.000e+00
171 1.514e-03 -4.230e-03 -2.548e-04 0.000e+00
172 -5.034e-04 6.528e-03 2.484e-04 -1.023e+02
173 3.372e-03 -4.047e-03 1.972e-04 0.000e+00
174 2.430e-03 -2.648e-03 2.257e-03 0.000e+00
175 -3.608e-03 -2.656e-04 2.092e-03 0.000e+00
176 -3.703e-04 7.833e-03 5.815e-04 8.784e+00
177 -1.985e-03 -1.982e-03 3.588e-03 0.000e+00
178 -1.317e-03 2.745e-03 1.212e-03 0.000e+00
179 3.344e-03 6.569e-04 2.044e-03 0.000e+00
180 2.538e-03 1.659e-03 1.476e-03 0.000e+00
181 -1.051e-03 -4.107e-03 4.789e-03 0.000e+00
182 4.651e-05 -3.861e-03 -1.798e-03 0.000e+00
183 -2.985e-03 -3.800e-03 -1.877e-03 0.000e+00
184 2.068e-03 2.364e-03 -5.784e-03 0.000e+00
185 -4.104e-04 3.063e-03 -4.873e-03 0.000e+00
186 3.826e-03 2.410e-04 -1.165e-03 0.000e+00
187 -2.057e-03 5.371e-03 -4.630e-04 5.413e+01
188 -4.601e-03 -4.137e-03 -5.265e-03 0.000e+00
189 -2.969e-03 -2.523e-03 -2.669e-03 0.000e+00
190 9.569e-05 -2.499e-03 -3.824e-03 0.000e+00
191 -3.991e-04 -3.958e-03 -9.438e-04 0.000e+00
192 -3.475e-03 -3.967e-03 -2.752e-03 0.000e+00
193 -8.672e-03 -2.190e-03 -3.760e-03 0.000e+00
194 2.346e-03 -4.139e-03 -3.122e-03 0.000e+00
195 -1.325e-03 1.211e-03 1.659e-04 0.000e+00
196 5.231e-04 -4.339e-03 2.107e-03 0.000e+00
197 2.675e-04 -4.350e-03 -2.339e-03 0.000e+00
198 -9.295e-04 -1.265e-03 2.167e-03 0.000e+00
199 -3.299e-04 -4.387e-03 3.115e-04 0.000e+00
200 -3.452e-03 -8.419e-04 -8.100e-05 0.000e+00
201 -4.638e-03 3.134e-03 -2.191e-03 0.000e+00
202 -2.447e-03 1.351e-03 8.451e-04 0.000e+00
203 6.053e-03 -3.492e-03 -4.527e-03 0.000e+00
204 -2.184e-03 6.092e-04 -7.382e-03 0.000e+00
205 5.578e-03 -3.917e-03 1.028e-03 0.000e+00
206 7.385e-04 -3.816e-03 2.088e-03 0.000e+00
207 -1.684e-03 -3.169e-03 -3.064e-03 0.000e+00
208 1.104e-03 -3.097e-03 -1.960e-04 0.000e+00
209 1.103e-03 -1.027e-03 -1.429e-03 0.000e+00
210 4.893e-03 -3.899e-03 -1.216e-03 0.000e+00
211 2.609e-03 -3.039e-03 2.988e-03 0.000e+00
212 -1.356e-03 -4.249e-03 1.014e-03 0.000e+00
213 5.025e-03 1.299e-03 2.885e-03 0.000e+00
214 1.449e-03 2.958e-03 -3.724e-04 0.000e+00
215 -4.220e-03 1.662e-03 2.063e-03 0.000e+00
216 -7.238e-04 -4.028e-03 3.992e-04 0.000e+00
217 4.553e-03 3.043e-03 2.516e-03 0.000e+00
218 -2.152e-03 2.192e-05 1.702e-03 0.000e+00
219 4.186e-03 -3.160e-03 -7.312e-04 0.000e+00
220 -7.016e-04 -3.684e-03 -3.501e-04 0.000e+00
221 -2.390e-03 1.411e-03 -2.266e-04 0.000e+00
222 -2.329e-04 2.087e-03 3.584e-04 0.000e+00
223 2.723e-03 4.872e-03 4.232e-03 -5.294e+01
224 9.855e-04 5.641e-04 1.381e-03 0.000e+00
225 1.270e-03 -4.254e-03 1.528e-03 0.000e+00
226 -3.482e-04 2.096e-03 1.377e-03 0.000e+00
227 -3.332e-03 7.680e-04 4.012e-03 0.000e+00
228 -1.555e-03 2.853e-03 4.668e-03 0.000e+00
229 -4.779e-04 2.631e-03 -2.560e-03 0.000e+00
230 -1.803e-03 5.458e-04 3.030e-03 0.000e+00
231 3.483e-03 6.606e-04 2.703e-03 0.000e+00
232 -2.266e-03 -6.264e-04 1.483e-04 0.000e+00
233 2.579e-03 1.853e-03 -7.441e-04 0.000e+00
234 4.149e-03 2.735e-03 -3.424e-03 0.000e+00
235 4.507e-03 1.274e-03 -1.678e-05 0.000e+00
236 2.621e-03 4.715e-03 2.193e-03 -2.283e+01
237 -2.070e-03 3.255e-03 -3.625e-04 0.000e+00
238 6.212e-04 -4.273e-03 4.771e-03 0.000e+00
239 1.822e-03 4.331e-03 1.355e-03 0.000e+00
240 2.564e-03 -4.391e-03 -1.347e-03 0.000e+00
241 1.416e-03 1.335e-03 -9.673e-04 0.000e+00
242 9.324e-04 3.206e-03 2.729e-03 0.000e+00
243 6.514e-04 -2.645e-04 3.945e-03 0.000e+00
244 1.752e-03 3.590e-03 1.717e-03 0.000e+00
245 2.941e-03 2.126e-03 -1.823e-03 0.000e+00
246 5.244e-04 -4.079e-03 -1.224e-03 0.000e+00
247 -3.185e-03 3.118e-03 1.215e-03 0.000e+00
248 3.141e-04 5.490e-05 -4.351e-03 0.000e+00
249 -1.413e-03 -4.230e-03 1.555e-03 0.000e+00
250 5.175e-03 -3.702e-03 -1.990e-03 0.000e+00
251 -2.806e-03 8.609e-04 -5.106e-04 0.000e+00
252 9.626e-04 -2.869e-03 2.847e-04 0.000e+00
253 -3.261e-03 1.145e-03 4.630e-04 0.000e+00
254 5.104e-04 -4.020e-03 -4.873e-04 0.000e+00
255 -2.941e-03 1.123e-03 -1.125e-03 0.000e+00
256 3.080e-04 2.354e-03 -3.843e-03 0.000e+00
257 -2.239e-03 2.130e-05 1.703e-03 0.000e+00
258 -5.499e-03 -4.030e-03 -3.216e-03 0.000e+00
259 2.486e-03 -3.495e-03 3.573e-03 0.000e+00
260 4.070e-04 4.131e-03 1.465e-03 0.000e+00
261 -5.558e-03 5.808e-04 1.233e-03 0.000e+00
262 -2.145e-03 -4.264e-03 2.750e-03 0.000e+00
263 5.036e-04 -4.099e-03 8.943e-04 0.000e+00
264 -6.303e-04 5.763e-03 4.043e-03 -1.049e+02
265 -2.736e-03 -4.415e-03 2.736e-03 0.000e+00
266 2.798e-03 -3.855e-03 4.767e-03 0.000e+00
267 -1.331e-03 -3.665e-03 1.357e-03 0.000e+00
268 -1.104e-03 -2.046e-04 -2.869e-03 0.000e+00
269 2.240e-03 -2.990e-03 2.566e-03 0.000e+00
270 -2.893e-03 -2.784e-03 2.877e-03 0.000e+00
271 -9.519e-05 1.084e-03 2.362e-03 0.000e+00
272 7.860e-04 9.136e-04 2.113e-03 0.000e+00
273 -2.990e-03 8.198e-04 -2.324e-03 0.000e+00
274 8.119e-04 5.641e-03 -3.592e-03 1.729e+01
275 7.452e-04 3.767e-03 -1.030e-03 0.000e+00
276 -2.414e-03 -3.653e-03 -6.086e-03 0.000e+00
277 -5.614e-04 1.075e-03 -1.322e-03 0.000e+00
278 1.552e-03 2.994e-03 -2.836e-03 0.000e+00
279 -3.139e-03 -3.906e-03 -1.264e-03 0.000e+00
280 -1.103e-03 -2.726e-03 -2.463e-03 0.000e+00
281 3.898e-03 -4.308e-03 1.026e-03 0.000e+00
282 4.485e-04 -3.366e-03 7.629e-03 0.000e+00
283 -6.826e-04 -4.034e-03 1.568e-03 0.000e+00
284 6.123e-04 -4.076e-03 -1.559e-03 0.000e+00
285 -2.274e-03 2.094e-03 5.000e-04 0.000e+00
286 -2.617e-03 2.336e-03 -1.881e-03 0.000e+00
287 2.332e-04 5.963e-04 -1.664e-03 0.000e+00
288 4.836e-03 -3.677e-03 -1.427e-03 0.000e+00
289 -4.889e-03 -3.744e-03 4.587e-03 0.000e+00
290 5.472e-03 -3.128e-03 -2.287e-04 0.000e+00
291 -7.502e-03 -7.011e-04 3.110e-03 0.000e+00
292 6.550e-03 4.532e-03 -8.882e-04 -4.569e+01
293 2.508e-03 1.596e-03 -4.541e-03 0.000e+00
294 -2.203e-03 -3.298e-03 -4.990e-04 0.000e+00
295 -2.668e-03 -4.436e-03 -2.902e-03 0.000e+00
296 5.362e-03 -3.706e-03 1.604e-03 0.000e+00
297 1.333e-03 -4.419e-03 -3.166e-03 0.000e+00
298 -4.088e-03 -4.441e-03 3.588e-03 0.000e+00
299 -3.501e-03 -2.950e-03 4.112e-03 0.000e+00
300 -4.029e-03 -3.666e-03 4.648e-03 0.000e+00
301 -1.263e-03 1.767e-03 -1.336e-03 0.000e+00
302 2.928e-03 1.404e-03 -2.813e-03 0.000e+00
303 2.040e-03 -2.814e-03 7.402e-04 0.000e+00
304 -1.467e-03 6.320e-04 2.675e-03 0.000e+00
305 -1.746e-03 1.628e-03 7.723e-04 0.000e+00
306 1.160e-03 4.599e-03 9.906e-04 -9.757e+01
307 -1.423e-03 3.765e-04 2.687e-03 0.000e+00
308 -2.801e-03 -5.763e-04 2.579e-03 0.000e+00
309 -2.085e-03 -2.374e-03 9.797e-04 0.000e+00
310 -1.576e-03 6.012e-04 -9.909e-04 0.000e+00
311 7.737e-04 4.787e-03 1.167e-03 -6.762e+01
312 1.382e-03 -3.595e-03 -1.190e-03 0.000e+00
313 -3.549e-03 -7.019e-04 3.931e-03 0.000e+00
314 4.700e-05 2.375e-03 4.042e-04 0.000e+00
315 5.017e-03 -3.869e-03 -1.759e-04 0.000e+00
316 -2.041e-03 8.601e-04 3.443e-03 0.000e+00
317 -3.809e-04 -2.378e-03 2.808e-03 0.000e+00
318 1.617e-03 -3.799e-03 -2.656e-03 0.000e+00
319 -3.278e-03 -4.069e-03 -3.055e-03 0.000e+00
320 -3.243e-03 -3.416e-03 3.779e-03 0.000e+00
321 -5.577e-04 3.156e-04 -1.598e-04 0.000e+00
322 9.840e-04 -1.258e-03 -3.001e-03 0.000e+00
323 -4.356e-03 -2.672e-03 1.731e-03 0.000e+00
324 -2.884e-03 3.187e-03 7.060e-04 0.000e+00
325 3.591e-03 -3.844e-03 5.970e-04 0.000e+00
326 3.986e-04 2.324e-03 6.806e-03 0.000e+00
327 -1.625e-03 -2.659e-03 4.661e-03 0.000e+00
328 3.011e-03 -3.035e-03 -1.446e-03 0.000e+00
329 5.695e-03 1.002e-03 2.059e-04 0.000e+00
330 -6.980e-04 3.269e-04 -3.252e-03 0.000e+00
331 -2.163e-03 -3.633e-03 5.558e-05 0.000e+00
332 -3.182e-03 1.031e-03 -1.541e-03 0.000e+00
333 3.114e-03 -4.034e-03 -3.909e-03 0.000e+00
334 -3.043e-03 -2.054e-03 2.396e-04 0.000e+00
335 -1.729e-03 2.477e-03 -1.204e-03 0.000e+00
336 2.341e-04 -3.531e-03 -2.554e-04 0.000e+00
337 7.918e-04 2.281e-03 -1.508e-03 0.000e+00
338 1.802e-03 -3.034e-03 -1.827e-03 0.000e+00
339 -7.823e-04 4.773e-03 1.643e-03 5.640e+01
340 1.973e-03 -7.362e-06 3.545e-03 0.000e+00
341 -9.308e-04 1.353e-03 1.070e-03 0.000e+00
342 1.003e-03 -9.516e-04 -4.705e-03 0.000e+00
343 -8.838e-04 1.242e-03 5.064e-03 0.000e+00
344 2.858e-03 -4.191e-03 2.952e-05 0.000e+00
345 3.319e-03 -4.039e-03 2.461e-03 0.000e+00
346 -1.344e-04 2.325e-03 -1.133e-03 0.000e+00
347 1.127e-03 2.164e-03 1.357e-03 0.000e+00
348 -2.360e-03 1.141e-04 5.301e-03 0.000e+00
349 -8.821e-04 -1.205e-03 3.889e-03 0.000e+00
350 1.805e-03 -2.110e-03 -2.162e-03 0.000e+00
351 -3.761e-03 1.844e-03 -2.959e-04 0.000e+00
352 -2.059e-03 -4.137e-04 2.656e-04 0.000e+00
353 -1.040e-03 3.868e-03 -4.224e-03 0.000e+00
354 5.686e-03 1.467e-03 8.476e-04 0.000e+00
355 -1.784e-03 1.939e-04 4.713e-03 0.000e+00
356 2.604e-03 -3.961e-03 4.562e-03 0.000e+00
357 -7.758e-04 -3.146e-03 3.574e-04 0.000e+00
358 -2.086e-03 2.339e-03 -1.157e-03 0.000e+00
359 3.042e-03 -3.488e-03 2.008e-03 0.000e+00
360 -1.559e-03 3.846e-03 -3.238e-03 0.000e+00
361 -1.513e-03 5.075e-04 -1.151e-03 0.000e+00
362 1.927e-03 3.328e-03 -8.463e-04 0.000e+00
363 1.556e-03 -3.168e-03 -2.630e-03 0.000e+00
364 -2.235e-03 2.870e-03 -5.570e-03 0.000e+00
365 -2.887e-03 6.228e-04 -2.497e-03 0.000e+00
366 -4.219e-03 2.067e-03 -5.879e-03 0.000e+00
367 -9.585e-04 -1.623e-04 -1.160e-03 0.000e+00
368 -4.113e-03 3.055e-03 4.341e-04 0.000e+00
369 7.709e-04 3.450e-03 -2.916e-03 0.000e+00
370 -1.217e-04 7.324e-04 -2.771e-03 0.000e+00
371 -3.623e-04 -4.419e-03 -9.143e-04 0.000e+00
372 -1.436e-03 1.285e-03 3.348e-03 0.000e+00
373 -2.507e-03 -4.053e-03 -4.575e-03 0.000e+00
374 3.735e-03 2.675e-03 5.332e-03 0.000e+00
375 1.067e-03 -4.354e-03 1.574e-04 0.000e+00
376 3.017e-03 1.327e-04 3.789e-03 0.000e+00
377 4.656e-03 -3.055e-03 1.217e-03 0.000e+00
378 9.782e-04 7.484e-04 1.281e-03 0.000e+00
379 1.821e-03 1.507e-03 -3.263e-03 0.000e+00
380 -1.693e-05 -4.447e-03 -9.628e-04 0.000e+00
381 -5.846e-04 -8.389e-04 -4.729e-03 0.000e+00
382 -2.406e-03 -3.776e-03 -2.766e-04 0.000e+00
383 3.676e-03 -2.862e-03 -1.842e-03 0.000e+00
384 2.938e-03 2.981e-03 1.805e-03 0.000e+00
385 -1.256e-03 -3.671e-03 4.692e-04 0.000e+00
386 -4.914e-03 1.629e-03 -3.822e-04 0.000e+00
387 -7.084e-04 -3.494e-03 -1.244e-04 0.000e+00
388 2.920e-03 2.327e-03 2.358e-03 0.000e+00
389 -4.321e-03 -3.729e-03 1.124e-03 0.000e+00
390 1.776e-03 1.823e-04 -2.127e-04 0.000e+00
391 1.881e-03 -3.071e-03 -3.565e-03 0.000e+00
392 -2.549e-03 4.746e-03 -2.782e-03 -6.425e+00
393 -6.664e-04 -2.904e-03 -3.520e-03 0.000e+00
394 -1.780e-03 4.778e-03 -3.157e-03 -9.026e+01
395 -2.381e-03 -3.977e-03 2.742e-04 0.000e+00
396 2.904e-03 2.726e-03 1.992e-04 0.000e+00
397 3.951e-03 -3.799e-03 2.865e-03 0.000e+00
398 7.308e-03 -4.305e-03 2.093e-03 0.000e+00
399 -6.434e-04 2.747e-03 -8.420e-04 0.000e+00
400 -6.184e-04 3.151e-03 8.538e-04 0.000e+00
401 -2.333e-03 1.891e-03 5.099e-04 0.000e+00
402 -2.707e-03 4.648e-04 1.897e-04 0.000e+00
403 -3.642e-03 7.625e-04 1.179e-03 0.000e+00
404 4.455e-04 -3.986e-03 5.070e-04 0.000e+00
405 -9.935e-04 -3.376e-03 -1.155e-03 0.000e+00
406 -7.196e-03 -3.540e-03 3.416e-03 0.000e+00
407 -2.871e-03 1.932e-03 3.185e-04 0.000e+00
408 1.502e-03 2.133e-03 2.732e-03 0.000e+00
409 1.858e-03 -3.576e-03 -3.550e-04 0.000e+00
410 -4.175e-05 -4.156e-03 1.774e-03 0.000e+00
411 2.124e-04 1.419e-03 3.794e-03 0.000e+00
412 -1.079e-03 -4.387e-04 4.234e-03 0.000e+00
413 -1.011e-03 -2.583e-04 -5.350e-03 0.000e+00
414 8.918e-03 -4.401e-03 7.464e-04 0.000e+00
415 4.156e-03 3.490e-03 -1.829e-03 0.000e+00
416 -5.662e-04 -1.002e-03 1.117e-04 0.000e+00
417 -1.313e-03 -1.610e-03 -9.770e-06 0.000e+00
418 6.392e-03 -3.964e-03 -1.112e-03 0.000e+00
419 -4.171e-03 5.835e-04 8.338e-05 0.000e+00
420 -3.981e-04 -3.448e-03 2.524e-03 0.000e+00
421 -3.984e-03 -1.283e-03 -4.365e-03 0.000e+00
422 -2.279e-04 -3.801e-03 -4.735e-03 0.000e+00
423 4.208e-03 6.150e-04 -2.199e-03 0.000e+00
424 3.937e-03 1.901e-03 -5.630e-03 0.000e+00
425 -3.777e-05 2.112e-03 -5.394e-03 0.000e+00
426 4.232e-04 -2.814e-03 1.469e-03 0.000e+00
427 -5.764e-03 3.995e-03 -4.657e-03 0.000e+00
428 -1.004e-03 -3.036e-03 2.061e-03 0.000e+00
429 -1.737e-03 4.913e-03 2.252e-03 -9.090e+01
430 6.429e-03 1.726e-03 1.651e-03 0.000e+00
431 -1.182e-04 -4.289e-03 5.515e-03 0.000e+00
432 3.304e-03 -4.098e-03 3.752e-03 0.000e+00
433 -5.235e-03 4.506e-03 -5.709e-03 -1.092e+00
434 -3.579e-03 2.944e-03 3.553e-03 0.000e+00
435 3.252e-03 3.616e-03 1.625e-03 0.000e+00
436 -2.484e-03 -3.718e-03 4.335e-03 0.000e+00
437 0.000e+00 -2.618e-03 -3.182e-04 0.000e+00
438 -2.700e-03 6.536e-04 -1.412e-03 0.000e+00
439 -2.161e-03 3.395e-03 3.676e-04 0.000e+00
440 6.507e-03 2.129e-03 7.597e-04 0.000e+00
441 5.616e-03 -3.789e-03 2.385e-03 0.000e+00
442 1.555e-03 1.421e-03 -3.071e-03 0.000e+00
443 -3.148e-03 5.666e-03 5.794e-03 -8.538e+01
444 -1.522e-03 -8.114e-04 1.328e-03 0.000e+00
445 -6.961e-03 -3.536e-03 4.410e-03 0.000e+00
446 -6.453e-03 -2.669e-03 -2.661e-03 0.000e+00
447 -2.992e-03 1.251e-03 -8.088e-04 0.000e+00
448 1.504e-03 -3.698e-03 -1.175e-03 0.000e+00
449 -1.720e-03 -4.340e-03 -2.377e-03 0.000e+00
450 -8.100e-04 1.864e-03 5.966e-04 0.000e+00
451 8.207e-05 1.630e-03 -7.336e-05 0.000e+00
452 -2.803e-03 -3.408e-03 3.387e-03 0.000e+00
453 3.321e-05 -4.015e-03 -1.370e-03 0.000e+00
454 -9.469e-04 2.008e-03 1.941e-03 0.000e+00
455 1.478e-04 2.898e-04 2.700e-03 0.000e+00
456 1.577e-03 -3.227e-03 4.259e-03 0.000e+00
457 -2.652e-04 3.669e-03 2.177e-03 0.000e+00
458 -3.419e-03 -4.259e-03 3.572e-03 0.000e+00
459 -2.600e-03 1.826e-03 -9.818e-04 0.000e+00
460 2.588e-03 -3.914e-03 3.484e-04 0.000e+00
461 -2.831e-03 -3.069e-03 -4.525e-03 0.000e+00
462 4.646e-03 5.360e-04 1.664e-03 0.000e+00
463 4.017e-03 -2.120e-03 2.722e-03 0.000e+00
464 7.416e-03 -7.480e-04 -1.141e-03 0.000e+00
465 2.512e-03 -4.047e-03 -1.346e-03 0.000e+00
466 1.772e-03 2.725e-04 1.087e-03 0.000e+00
467 -1.835e-03 -2.454e-03 6.249e-04 0.000e+00
468 -8.058e-04 -4.506e-04 -2.029e-03 0.000e+00
469 -2.575e-03 4.156e-03 -2.910e-04 0.000e+00
470 -5.746e-03 -2.220e-04 5.636e-04 0.000e+00
471 -2.743e-03 -4.954e-04 -9.721e-04 0.000e+00
472 5.425e-03 3.828e-03 1.941e-03 0.000e+00
473 1.309e-04 -3.613e-03 5.715e-03 0.000e+00
474 1.628e-03 -3.134e-03 -2.983e-03 0.000e+00
475 -2.806e-03 1.199e-03 3.213e-03 0.000e+00
476 1.482e-04 1.204e-03 5.493e-04 0.000e+00
477 -2.303e-03 1.022e-03 -6.007e-04 0.000e+00
478 -3.519e-03 -8.101e-04 1.634e-03 0.000e+00
479 -6.094e-04 1.013e-03 1.817e-03 0.000e+00
480 -1.401e-03 -3.271e-03 3.051e-03 0.000e+00
481 4.676e-03 -3.700e-03 -4.076e-04 0.000e+00
482 3.057e-03 2.743e-03 2.578e-03 0.000e+00
483 -4.123e-03 6.904e-04 -4.867e-04 0.000e+00
484 6.721e-05 2.951e-03 -1.278e-03 0.000e+00
485 -6.680e-03 6.570e-03 -1.820e-03 -6.013e+01
486 -1.507e-03 2.395e-03 -1.666e-03 0.000e+00
487 -2.063e-04 1.184e-03 9.818e-04 0.000e+00
488 2.820e-03 1.463e-03 1.842e-03 0.000e+00
489 -6.071e-03 3.141e-04 -1.488e-03 0.000e+00
490 4.402e-04 2.319e-03 -4.843e-03 0.000e+00
491 -2.751e-03 -8.134e-04 2.459e-03 0.000e+00
492 -4.435e-03 2.084e-03 2.385e-03 0.000e+00
493 4.247e-03 -4.432e-03 -3.236e-03 0.000e+00
494 -1.273e-03 -3.979e-03 4.150e-03 0.000e+00
495 -1.066e-03 3.355e-05 1.867e-03 0.000e+00
496 -8.805e-04 -3.850e-03 4.963e-04 0.000e+00
497 -1.100e-03 -3.535e-03 1.702e-04 0.000e+00
498 -1.250e-03 -4.145e-03 -3.364e-03 0.000e+00
499 1.455e-03 8.299e-04 1.993e-03 0.000e+00
500 5.763e-03 -1.221e-03 -1.796e-03 0.000e+00
501 1.867e-04 9.631e-04 2.497e-03 0.000e+00
502 1.590e-03 1.870e-04 -2.012e-03 0.000e+00
503 -3.143e-03 -3.161e-03 -3.526e-03 0.000e+00
504 3.310e-03 2.355e-03 5.728e-04 0.000e+00
505 2.262e-03 -1.127e-03 -5.459e-04 0.000e+00
506 -2.607e-03 6.996e-04 -6.601e-03 0.000e+00
507 6.384e-03 2.423e-04 2.732e-03 0.000e+00
508 3.676e-04 3.649e-03 -2.668e-04 0.000e+00
509 -8.583e-04 -3.176e-03 -1.314e-03 0.000e+00
510 -2.282e-03 3.090e-03 -7.435e-04 0.000e+00
511 1.538e-03 -4.280e-03 -1.564e-04 0.000e+00
512 -2.511e-03 -3.522e-03 -2.126e-03 0.000e+00
513 -4.494e-03 1.450e-03 -2.956e-03 0.000e+00
514 -1.110e-03 -3.177e-03 3.075e-03 0.000e+00
515 -8.287e-04 -6.812e-04 2.502e-04 0.000e+00
516 -1.363e-04 2.333e-03 -2.357e-03 0.000e+00
517 2.409e-03 3.041e-03 2.678e-03 0.000e+00
518 4.004e-04 6.591e-04 -4.426e-03 0.000e+00
519 4.900e-03 -4.400e-03 1.291e-03 0.000e+00
520 -1.457e-03 1.566e-03 3.377e-03 0.000e+00
521 8.300e-05 -3.463e-03 -1.205e-03 0.000e+00
522 4.355e-03 -4.254e-03 -4.241e-03 0.000e+00
523 2.235e-03 2.163e-03 -1.012e-04 0.000e+00
524 3.613e-03 2.753e-03 3.604e-04 0.000e+00
525 5.208e-04 -1.570e-03 -2.086e-03 0.000e+00
526 4.954e-04 -2.560e-03 1.165e-03 0.000e+00
527 3.993e-03 2.749e-04 -2.796e-03 0.000e+00
528 9.305e-05 5.273e-03 -2.256e-03 4.365e+01
529 -5.394e-03 5.076e-03 1.281e-03 7.128e+01
530 -1.305e-03 1.296e-03 8.380e-03 0.000e+00
531 3.820e-03 -4.447e-03 -8.989e-04 0.000e+00
532 1.138e-03 1.440e-03 4.418e-03 0.000e+00
533 -2.470e-03 -4.431e-03 -4.661e-04 0.000e+00
534 -3.278e-03 -3.550e-03 9.517e-05 0.000e+00
535 3.222e-03 1.500e-03 -1.428e-03 0.000e+00
536 4.089e-03 1.018e-03 1.128e-03 0.000e+00
537 -1.379e-03 3.443e-04 -8.401e-04 0.000e+00
538 -4.399e-03 -4.033e-03 -1.454e-04 0.000e+00
539 -1.090e-03 -3.440e-03 4.525e-03 0.000e+00
540 -1.293e-03 4.935e-04 -4.825e-03 0.000e+00
541 5.289e-04 -1.375e-03 -1.272e-03 0.000e+00
542 -1.629e-03 -3.660e-03 1.428e-03 0.000e+00
543 3.840e-03 1.513e-03 9.523e-04 0.000e+00
544 3.492e-03 4.904e-04 4.018e-03 0.000e+00
545 -1.313e-03 -4.404e-03 -5.702e-03 0.000e+00
546 -4.146e-04 -4.069e-03 -5.920e-04 0.000e+00
547 3.816e-03 -3.533e-03 6.219e-04 0.000e+00
548 8.037e-03 -3.084e-03 -1.460e-03 0.000e+00
549 4.046e-03 2.041e-03 -1.263e-03 0.000e+00
550 8.539e-06 2.900e-04 -4.087e-03 0.000e+00
551 -2.112e-03 -2.607e-03 -2.560e-03 0.000e+00
552 2.073e-03 -4.315e-03 -2.908e-04 0.000e+00
553 -2.382e-03 2.968e-03 -5.363e-03 0.000e+00
554 -2.556e-03 -4.416e-03 6.588e-03 0.000e+00
555 -4.097e-04 -4.095e-03 1.130e-03 0.000e+00
556 -2.025e-03 -3.555e-03 8.893e-04 0.000e+00
557 -6.037e-03 -4.193e-03 3.303e-03 0.000e+00
558 -2.937e-03 3.966e-03 4.290e-03 0.000e+00
559 1.168e-03 1.980e-03 -1.592e-03 0.000e+00
560 -1.080e-03 -3.683e-03 -3.089e-03 0.000e+00
561 2.019e-03 -3.125e-03 -3.779e-04 0.000e+00
562 5.526e-04 -2.844e-03 -2.857e-03 0.000e+00
563 2.285e-03 2.182e-03 -4.166e-03 0.000e+00
564 -3.481e-04 5.129e-03 2.201e-04 -9.729e+01
565 2.326e-03 1.274e-03 -3.868e-04 0.000e+00
566 4.292e-03 -8.056e-04 -1.024e-03 0.000e+00
567 -2.370e-03 -4.131e-03 -2.037e-04 0.000e+00
568 -1.038e-03 -4.251e-03 3.788e-03 0.000e+00
569 1.972e-03 1.497e-03 -2.325e-03 0.000e+00
570 2.655e-03 3.065e-04 6.750e-04 0.000e+00
571 -2.296e-03 7.388e-05 1.551e-03 0.000e+00
572 -2.355e-03 7.238e-04 -6.191e-05 0.000e+00
573 -5.657e-03 1.331e-03 -1.136e-03 0.000e+00
574 2.846e-03 3.834e-03 1.894e-03 0.000e+00
575 2.414e-03 3.592e-03 -8.506e-04 0.000e+00
576 -6.812e-04 2.110e-03 1.250e-03 0.000e+00
577 2.510e-03 3.159e-03 -7.675e-05 0.000e+00
578 -5.041e-03 -2.601e-03 1.812e-03 0.000e+00
579 -2.448e-03 2.489e-03 -2.147e-03 0.000e+00
580 -4.368e-03 -3.525e-03 2.398e-03 0.000e+00
581 2.926e-03 4.359e-04 -8.897e-04 0.000e+00
582 3.808e-04 -3.449e-03 -4.350e-04 0.000e+00
583 -5.350e-05 2.442e-03 5.083e-04 0.000e+00
584 4.776e-03 -3.193e-03 2.634e-03 0.000e+00
585 4.010e-03 1.917e-03 -7.698e-04 0.000e+00
586 -7.948e-05 -2.326e-03 2.333e-03 0.000e+00
587 -7.138e-04 1.249e-03 -5.240e-03 0.000e+00
588 -5.612e-03 3.155e-03 7.543e-03 0.000e+00
589 -2.714e-03 6.059e-05 -6.538e-04 0.000e+00
590 4.838e-04 -4.292e-03 -3.908e-03 0.000e+00
591 3.001e-04 -4.013e-03 -3.625e-03 0.000e+00
592 3.646e-03 2.631e-03 -1.083e-03 0.000e+00
593 -5.968e-04 1.242e-04 -7.176e-04 0.000e+00
594 -8.307e-04 2.238e-03 5.498e-04 0.000e+00
595 -4.282e-03 4.430e-03 -1.711e-03 -2.058e+01
596 2.454e-04 -4.121e-03 -8.692e-04 0.000e+00
597 3.613e-03 -3.774e-03 -4.011e-03 0.000e+00
598 1.804e-03 8.028e-04 -5.574e-03 0.000e+00
599 -7.162e-04 -1.331e-03 2.471e-03 0.000e+00
600 -1.351e-03 4.650e-03 -8.920e-04 -3.789e+01
601 -3.606e-03 -3.837e-03 4.164e-04 0.000e+00
602 -3.590e-03 1.970e-03 2.276e-03 0.000e+00
603 -4.440e-03 -4.307e-03 1.749e-03 0.000e+00
604 3.237e-03 -2.036e-03 -1.446e-03 0.000e+00
605 -1.977e-03 2.206e-03 -3.956e-03 0.000e+00
606 -5.405e-03 -7.585e-04 4.087e-03 0.000e+00
607 -1.210e-03 -3.823e-03 -1.428e-03 0.000e+00
608 2.030e-03 -8.704e-04 2.953e-03 0.000e+00
609 -5.679e-04 -4.431e-03 4.603e-05 0.000e+00
610 -2.313e-03 -9.426e-05 1.220e-03 0.000e+00
611 2.124e-03 8.220e-04 -3.249e-03 0.000e+00
612 -3.353e-03 -4.381e-03 -5.836e-05 0.000e+00
613 1.947e-04 2.241e-03 -1.656e-03 0.000e+00
614 9.933e-05 1.472e-03 2.245e-03 0.000e+00
615 -1.388e-04 -5.495e-04 2.385e-03 0.000e+00
616 1.903e-03 1.639e-03 1.119e-03 0.000e+00
617 1.675e-03 -2.190e-03 -8.249e-04 0.000e+00
618 1.144e-03 3.341e-04 -8.710e-04 0.000e+00
619 7.251e-04 8.998e-05 -1.409e-03 0.000e+00
620 -1.423e-03 -3.966e-03 -2.215e-04 0.000e+00
621 -4.319e-03 1.822e-03 -8.694e-04 0.000e+00
622 1.055e-03 -3.536e-03 -1.933e-03 0.000e+00
623 -6.947e-04 -3.774e-03 3.555e-04 0.000e+00
624 1.508e-03 4.469e-03 5.246e-03 -4.825e+01
625 -3.313e-03 -4.361e-03 6.974e-04 0.000e+00
626 2.352e-03 -4.181e-03 -1.416e-03 0.000e+00
627 5.943e-03 -4.351e-03 2.331e-03 0.000e+00
628 -5.429e-05 2.603e-03 3.256e-05 0.000e+00
629 1.766e-03 -3.700e-03 -3.607e-03 0.000e+00
630 -4.431e-04 4.363e-03 6.817e-05 -2.661e+01
631 -1.996e-04 -2.203e-03 3.432e-04 0.000e+00
632 3.307e-03 3.952e-03 -6.219e-03 0.000e+00
633 4.039e-04 -3.263e-03 6.378e-03 0.000e+00
634 1.974e-03 2.996e-03 -5.431e-04 0.000e+00
635 -1.452e-03 -3.024e-03 -2.359e-03 0.000e+00
636 -4.021e-03 -3.772e-04 1.003e-03 0.000e+00
637 2.100e-03 -3.456e-03 3.985e-03 0.000e+00
638 2.773e-03 -4.363e-03 2.435e-03 0.000e+00
639 -7.314e-05 -3.196e-03 -2.407e-03 0.000e+00
640 2.867e-03 -3.724e-03 -1.981e-03 0.000e+00
641 1.209e-03 -4.028e-03 -3.774e-03 0.000e+00
642 -4.206e-03 -3.126e-03 5.615e-04 0.000e+00
643 2.191e-03 2.032e-04 1.907e-03 0.000e+00
644 -1.729e-03 2.465e-03 -3.880e-05 0.000e+00
645 -3.158e-03 -6.150e-04 -1.491e-03 0.000e+00
646 -1.486e-03 5.617e-03 -2.864e-04 -5.944e+01
647 2.409e-03 -4.387e-03 -2.248e-03 0.000e+00
648 -3.759e-03 -6.701e-04 -3.322e-03 0.000e+00
649 -2.683e-03 4.083e-04 4.819e-04 0.000e+00
650 2.752e-03 5.537e-03 1.149e-04 -2.828e+01
651 6.579e-04 9.839e-04 -2.797e-03 0.000e+00
652 4.864e-03 2.141e-03 -6.605e-04 0.000e+00
653 -2.100e-03 -4.223e-03 -3.183e-03 0.000e+00
654 3.457e-03 1.163e-03 -3.347e-03 0.000e+00
655 1.131e-03 -4.364e-03 -2.468e-03 0.000e+00
656 2.867e-03 -3.584e-03 -4.455e-04 0.000e+00
657 -2.182e-03 2.111e-03 1.609e-03 0.000e+00
658 2.434e-03 1.081e-03 -2.393e-03 0.000e+00
659 -1.674e-03 -1.983e-03 1.994e-03 0.000e+00
660 1.886e-03 -3.257e-03 -8.429e-04 0.000e+00
661 4.158e-04 -3.363e-03 -1.864e-03 0.000e+00
662 -4.709e-04 -4.371e-03 1.443e-03 0.000e+00
663 -5.796e-03 1.678e-03 -3.391e-03 0.000e+00
664 -5.840e-03 2.372e-03 1.004e-03 0.000e+00
665 -7.273e-05 -4.137e-03 1.243e-03 0.000e+00
666 2.961e-05 2.248e-03 3.775e-03 0.000e+00
667 -2.216e-03 2.250e-04 1.804e-03 0.000e+00
668 -4.961e-03 5.184e-04 -4.345e-03 0.000e+00
669 3.666e-03 2.673e-03 -9.991e-04 0.000e+00
670 -1.821e-03 -2.998e-03 -4.489e-03 0.000e+00
671 -2.500e-03 3.484e-03 -3.679e-03 0.000e+00
672 -3.810e-03 -4.157e-03 1.435e-03 0.000e+00
673 -1.199e-03 -2.234e-03 1.222e-03 0.000e+00
674 -5.305e-04 -2.895e-03 -6.787e-03 0.000e+00
675 1.395e-03 2.509e-03 2.906e-04 0.000e+00
676 3.867e-03 2.250e-03 3.250e-03 0.000e+00
677 -2.325e-03 1.341e-03 -1.904e-03 0.000e+00
678 -5.688e-03 -4.433e-03 3.946e-03 0.000e+00
679 -4.561e-03 7.991e-04 5.845e-03 0.000e+00
680 8.643e-04 -3.101e-03 2.855e-03 0.000e+00
681 -6.292e-04 1.376e-03 2.417e-03 0.000e+00
682 -1.223e-03 2.391e-03 1.795e-03 0.000e+00
683 2.712e-03 3.159e-03 1.289e-03 0.000e+00
684 4.843e-05 2.559e-03 3.679e-03 0.000e+00
685 1.817e-03 6.665e-04 -3.358e-03 0.000e+00
686 -1.671e-03 -2.967e-03 1.443e-04 0.000e+00
687 -7.598e-04 3.969e-05 4.737e-04 0.000e+00
688 9.007e-04 -3.555e-03 -1.423e-03 0.000e+00
689 1.493e-03 -3.616e-03 -1.193e-04 0.000e+00
690 3.151e-03 -2.616e-03 -7.553e-04 0.000e+00
691 1.066e-03 1.832e-03 -7.384e-04 0.000e+00
692 2.538e-03 -4.357e-03 -1.304e-03 0.000e+00
693 -8.285e-04 1.521e-03 -1.191e-03 0.000e+00
694 -4.834e-03 1.159e-03 1.390e-03 0.000e+00
695 -1.979e-03 -3.367e-03 1.129e-03 0.000e+00
696 -9.014e-04 2.177e-04 -2.106e-03 0.000e+00
697 -6.404e-03 -3.849e-03 3.291e-04 0.000e+00
698 2.575e-03 8.899e-04 -8.436e-04 0.000e+00
699 -1.798e-03 -4.307e-03 4.217e-03 0.000e+00
700 -2.863e-04 -2.490e-05 2.402e-03 0.000e+00
701 2.978e-03 -2.680e-03 6.465e-04 0.000e+00
702 3.423e-03 3.503e-03 1.652e-03 0.000e+00
703 -3.724e-03 4.506e-03 5.791e-03 -3.278e+01
704 3.180e-03 2.698e-03 5.647e-04 0.000e+00
705 -5.098e-03 -4.042e-03 4.549e-03 0.000e+00
706 -2.380e-03 1.832e-03 3.560e-03 0.000e+00
707 -2.863e-04 9.905e-04 2.272e-03 0.000e+00
708 -7.705e-04 4.848e-03 -3.015e-03 3.736e+01
709 -7.703e-03 2.065e-04 -2.470e-04 0.000e+00
710 -2.735e-03 -3.007e-03 3.607e-03 0.000e+00
711 4.504e-03 -3.521e-03 5.636e-03 0.000e+00
712 -3.164e-04 7.711e-04 2.108e-03 0.000e+00
713 -1.536e-03 1.521e-03 2.628e-03 0.000e+00
714 3.089e-03 2.433e-03 -1.609e-04 0.000e+00
715 -6.697e-03 6.315e-04 -2.630e-03 0.000e+00
716 -2.398e-03 6.569e-03 7.329e-03 -7.273e+01
717 -3.176e-03 -4.231e-03 9.337e-04 0.000e+00
718 -7.234e-04 -4.213e-05 -9.814e-04 0.000e+00
719 7.013e-04 2.498e-03 2.510e-03 0.000e+00
720 -2.383e-03 2.083e-03 2.510e-03 0.000e+00
721 -1.659e-03 1.188e-03 1.720e-03 0.000e+00
722 4.331e-03 6.667e-04 2.300e-03 0.000e+00
723 -1.580e-03 -4.795e-04 -1.583e-03 0.000e+00
724 -1.338e-03 -4.332e-03 3.261e-04 0.000e+00
725 3.587e-03 1.987e-03 1.100e-03 0.000e+00
726 4.834e-03 9.435e-04 1.454e-04 0.000e+00
727 4.316e-03 2.812e-03 -8.510e-04 0.000e+00
728 -1.124e-03 1.921e-03 1.323e-03 0.000e+00
729 -4.986e-03 -3.760e-03 1.115e-03 0.000e+00
730 1.272e-04 2.364e-03 -1.132e-03 0.000e+00
731 -2.978e-04 3.352e-03 8.477e-04 0.000e+00
732 -3.202e-03 -4.283e-04 2.807e-03 0.000e+00
733 2.786e-03 -3.259e-03 -4.077e-03 0.000e+00
734 -2.195e-03 9.523e-04 -5.216e-03 0.000e+00
735 8.851e-04 2.103e-03 8.623e-04 0.000e+00
736 3.174e-03 8.462e-04 -5.932e-03 0.000e+00
737 -4.034e-03 -3.835e-04 -1.938e-03 0.000e+00
738 -1.076e-03 -6.334e-04 -2.505e-03 0.000e+00
739 -3.203e-03 -3.438e-03 1.938e-03 0.000e+00
740 4.273e-05 -3.108e-03 6.320e-03 0.000e+00
741 9.568e-05 -3.729e-03 5.117e-03 0.000e+00
742 1.978e-03 1.966e-03 -1.106e-03 0.000e+00
743 -2.598e-03 2.157e-04 1.074e-03 0.000e+00
744 -1.813e-03 -3.067e-03 -2.096e-03 0.000e+00
745 1.367e-03 1.593e-03 4.489e-03 0.000e+00
746 -2.242e-03 -3.812e-03 -5.500e-03 0.000e+00
747 1.513e-04 -4.033e-03 3.399e-03 0.000e+00
748 -1.665e-03 -6.625e-04 4.298e-03 0.000e+00
749 -2.359e-03 8.331e-04 -4.388e-03 0.000e+00
750 2.332e-03 -3.622e-03 -1.134e-03 0.000e+00
751 -7.464e-04 -4.025e-03 3.962e-03 0.000e+00
752 6.189e-03 -3.755e-03 4.941e-03 0.000e+00
753 3.443e-04 3.899e-03 9.787e-04 0.000e+00
754 -1.426e-03 -3.819e-03 2.051e-03 0.000e+00
755 -1.997e-03 1.069e-03 2.263e-03 0.000e+00
756 -1.099e-04 -3.844e-03 7.494e-04 0.000e+00
757 4.656e-03 4.215e-03 -5.426e-03 0.000e+00
758 3.167e-03 -2.914e-03 -3.496e-03 0.000e+00
759 6.688e-03 -4.182e-03 4.164e-03 0.000e+00
760 -2.795e-03 3.961e-04 -1.880e-03 0.000e+00
761 -5.452e-04 -1.421e-04 6.270e-03 0.000e+00
762 2.747e-04 -4.163e-03 1.566e-03 0.000e+00
763 3.275e-03 2.860e-03 -1.150e-03 0.000e+00
764 9.393e-04 -4.165e-03 3.604e-03 0.000e+00
765 3.477e-03 5.340e-03 -1.959e-03 3.510e+01
766 9.460e-04 -4.035e-03 4.321e-04 0.000e+00
767 1.774e-03 2.094e-03 3.873e-03 0.000e+00
768 3.394e-03 -2.752e-04 6.900e-03 0.000e+00
769 -2.920e-03 -3.197e-03 2.561e-03 0.000e+00
770 2.375e-04 -2.915e-03 -3.057e-03 0.000e+00
771 -1.710e-03 -3.994e-03 -4.789e-03 0.000e+00
772 2.095e-04 5.293e-03 1.899e-03 2.027e+01
773 -7.592e-04 1.995e-03 3.078e-03 0.000e+00
774 4.575e-05 -4.195e-03 4.238e-03 0.000e+00
775 -1.351e-03 4.078e-03 3.547e-03 0.000e+00
776 3.547e-03 -3.942e-03 -8.534e-04 0.000e+00
777 3.479e-03 -3.784e-03 -1.846e-03 0.000e+00
778 -3.893e-03 -1.013e-03 -7.401e-04 0.000e+00
779 -1.417e-03 -3.405e-03 2.798e-03 0.000e+00
780 -1.300e-04 -3.849e-03 3.328e-03 0.000e+00
781 -6.048e-04 -3.723e-03 -2.402e-03 0.000e+00
782 -1.625e-04 -4.311e-03 1.960e-03 0.000e+00
783 -1.007e-03 1.714e-04 3.409e-03 0.000e+00
784 1.446e-03 -4.410e-03 1.709e-04 0.000e+00
785 8.218e-04 -3.621e-03 4.171e-03 0.000e+00
786 -4.695e-03 -5.773e-04 3.556e-03 0.000e+00
787 2.225e-04 4.938e-05 -2.207e-03 0.000e+00
788 -6.757e-04 -3.793e-03 -1.684e-03 0.000e+00
789 -1.389e-03 -4.932e-05 -2.363e-03 0.000e+00
790 6.297e-04 3.066e-05 1.010e-03 0.000e+00
791 -1.622e-03 2.260e-03 -2.487e-03 0.000e+00
792 1.721e-03 -2.975e-03 -5.721e-03 0.000e+00
793 -1.267e-03 1.824e-03 5.189e-03 0.000e+00
794 2.257e-04 -7.510e-05 1.357e-03 0.000e+00
795 1.549e-03 1.292e-03 -2.022e-03 0.000e+00
796 2.947e-03 -3.138e-03 -2.693e-03 0.000e+00
797 1.455e-03 2.529e-03 1.190e-03 0.000e+00
798 -1.559e-03 3.556e-03 -2.856e-03 0.000e+00
799 4.660e-03 -2.805e-03 5.625e-03 0.000e+00
800 4.418e-03 -3.636e-03 1.654e-03 0.000e+00
801 1.427e-03 -6.418e-04 4.653e-04 0.000e+00
802 4.101e-03 1.093e-03 3.640e-03 0.000e+00
803 3.611e-03 3.937e-03 -3.155e-03 0.000e+00
804 3.579e-03 -4.052e-03 -2.738e-03 0.000e+00
805 -7.934e-04 -3.778e-03 1.436e-03 0.000e+00
806 6.950e-05 -4.263e-03 6.099e-04 0.000e+00
807 -2.303e-03 3.706e-04 -5.236e-03 0.000e+00
808 3.534e-03 2.012e-03 1.529e-03 0.000e+00
809 1.369e-03 -4.039e-05 -2.249e-03 0.000e+00
810 3.505e-04 -2.912e-03 -9.721e-04 0.000e+00
811 -6.345e-03 -3.877e-03 -1.959e-03 0.000e+00
812 -2.602e-04 -4.178e-03 1.800e-03 0.000e+00
813 -1.254e-03 2.089e-03 4.369e-03 0.000e+00
814 -1.877e-03 -4.421e-03 8.412e-04 0.000e+00
815 -5.034e-04 -3.919e-03 -1.976e-03 0.000e+00
816 -3.698e-03 -2.956e-03 -4.767e-04 0.000e+00
817 4.130e-04 -4.198e-03 -2.853e-03 0.000e+00
818 -1.072e-03 8.156e-04 -2.404e-03 0.000e+00
819 -1.141e-04 -3.769e-03 3.620e-03 0.000e+00
820 -1.699e-03 3.954e-03 -1.003e-03 0.000e+00
821 1.361e-03 1.325e-03 1.038e-03 0.000e+00
822 3.495e-03 5.443e-04 8.132e-04 0.000e+00
823 1.366e-03 -2.807e-03 -1.170e-03 0.000e+00
824 1.207e-03 8.247e-04 -8.392e-04 0.000e+00
825 -2.642e-03 -3.751e-03 -2.557e-03 0.000e+00
826 -6.773e-03 2.871e-03 2.321e-03 0.000e+00
827 1.391e-03 2.705e-03 -1.568e-03 0.000e+00
828 -1.268e-05 -4.122e-03 2.878e-05 0.000e+00
829 1.401e-03 -7.231e-04 -1.936e-03 0.000e+00
830 -4.795e-03 7.514e-04 5.705e-04 0.000e+00
831 2.842e-04 -3.756e-03 1.429e-03 0.000e+00
832 4.678e-03 2.051e-03 3.991e-03 0.000e+00
833 3.455e-04 -2.549e-03 -4.357e-03 0.000e+00
834 1.220e-03 3.505e-03 -8.591e-05 0.000e+00
835 -1.732e-03 -3.946e-03 -1.787e-04 0.000e+00
836 5.763e-03 5.390e-04 -2.641e-03 0.000e+00
837 5.233e-03 -3.237e-03 -4.005e-04 0.000e+00
838 3.561e-03 2.445e-03 2.853e-03 0.000e+00
839 -5.711e-04 6.997e-04 2.028e-03 0.000e+00
840 1.703e-04 3.173e-03 3.953e-03 0.000e+00
841 -1.251e-04 -4.019e-03 1.913e-03 0.000e+00
842 -3.938e-03 1.676e-03 1.171e-04 0.000e+00
843 1.870e-03 -7.905e-04 9.003e-04 0.000e+00
844 -1.014e-03 1.069e-03 6.460e-04 0.000e+00
845 5.858e-03 -3.755e-03 -2.794e-03 0.000e+00
846 -6.051e-04 5.857e-04 -4.314e-04 0.000e+00
847 -3.426e-03 1.807e-03 -4.244e-04 0.000e+00
848 3.032e-03 -4.190e-03 -6.100e-03 0.000e+00
849 1.049e-03 2.560e-03 5.540e-03 0.000e+00
850 -1.304e-03 2.948e-03 4.222e-03 0.000e+00
851 8.243e-04 1.007e-03 3.152e-03 0.000e+00
852 -2.219e-03 3.290e-03 -3.741e-03 0.000e+00
853 -2.678e-03 9.909e-04 -2.471e-03 0.000e+00
854 -2.995e-03 2.240e-03 -1.929e-03 0.000e+00
855 -1.470e-03 -7.104e-04 2.756e-04 0.000e+00
856 2.942e-03 -4.418e-03 9.324e-04 0.000e+00
857 3.619e-03 -3.302e-03 1.488e-03 0.000e+00
858 -9.557e-04 7.367e-04 -4.751e-04 0.000e+00
859 -1.524e-04 -2.423e-03 -1.635e-03 0.000e+00
860 -1.187e-03 -1.725e-04 -3.281e-04 0.000e+00
861 5.232e-03 -9.666e-04 1.086e-03 0.000e+00
862 3.852e-03 -1.251e-03 1.656e-03 0.000e+00
863 8.552e-04 2.145e-04 -5.199e-04 0.000e+00
864 -8.987e-04 2.241e-03 -8.124e-05 0.000e+00
865 3.937e-03 -7.016e-04 -3.698e-03 0.000e+00
866 -2.381e-04 -3.659e-03 -1.934e-04 0.000e+00
867 1.282e-03 2.091e-03 -4.121e-03 0.000e+00
868 -1.701e-03 3.078e-03 -1.088e-03 0.000e+00
869 3.690e-03 3.126e-03 -5.616e-04 0.000e+00
870 3.321e-03 1.218e-03 -1.057e-03 0.000e+00
871 -2.926e-03 2.457e-03 -2.866e-04 0.000e+00
872 7.906e-04 -1.330e-03 -1.712e-03 0.000e+00
873 1.153e-03 -3.652e-03 1.177e-03 0.000e+00
874 -5.110e-03 7.894e-04 3.109e-03 0.000e+00
875 3.674e-03 1.108e-03 1.336e-03 0.000e+00
876 3.982e-03 4.252e-03 -4.406e-04 0.000e+00
877 -3.960e-03 4.234e-03 3.014e-03 0.000e+00
878 1.052e-03 5.825e-03 2.683e-03 9.136e+00
879 1.246e-03 -3.621e-03 -3.416e-03 0.000e+00
880 2.698e-03 2.181e-03 2.521e-03 0.000e+00
881 -1.270e-05 -2.448e-03 -2.694e-04 0.000e+00
882 2.420e-03 1.703e-03 -4.355e-03 0.000e+00
883 -2.851e-03 3.539e-03 -3.266e-03 0.000e+00
884 2.201e-04 1.724e-03 -1.860e-03 0.000e+00
885 -4.352e-03 5.971e-04 3.949e-03 0.000e+00
886 1.215e-03 -4.170e-03 -1.609e-03 0.000e+00
887 4.889e-03 -3.944e-03 -1.367e-03 0.000e+00
888 -3.813e-03 -3.476e-03 8.347e-04 0.000e+00
889 -5.429e-03 1.687e-03 4.359e-03 0.000e+00
890 -9.917e-04 -4.231e-03 -1.510e-03 0.000e+00
891 -1.384e-03 6.038e-04 3.153e-03 0.000e+00
892 9.259e-04 6.903e-04 5.361e-03 0.000e+00
893 -1.084e-03 -2.598e-03 -3.890e-03 0.000e+00
894 -5.915e-04 -3.755e-03 1.547e-03 0.000e+00
895 -4.188e-03 -4.055e-03 1.977e-03 0.000e+00
896 -2.628e-03 -3.175e-03 5.358e-04 0.000e+00
897 3.271e-03 3.002e-03 3.468e-03 0.000e+00
898 6.160e-05 -4.253e-03 -7.095e-04 0.000e+00
899 -2.557e-03 3.900e-03 2.154e-03 0.000e+00
900 -4.235e-04 3.583e-03 -3.707e-03 0.000e+00
901 -2.608e-03 2.168e-03 -1.406e-03 0.000e+00
902 7.405e-04 -4.169e-03 -5.055e-05 0.000e+00
903 2.104e-03 4.887e-03 -7.956e-04 5.644e+01
904 4.937e-04 -2.587e-04 -3.263e-03 0.000e+00
905 9.041e-04 -2.933e-03 -3.546e-03 0.000e+00
906 4.983e-03 2.517e-03 7.807e-04 0.000e+00
907 -8.255e-04 7.547e-04 -5.176e-03 0.000e+00
908 -8.435e-04 2.709e-03 -9.967e-04 0.000e+00
909 4.752e-05 -4.135e-03 6.196e-04 0.000e+00
910 -6.785e-03 -3.989e-03 1.604e-03 0.000e+00
911 6.340e-04 -2.255e-03 2.894e-03 0.000e+00
912 -1.781e-03 1.943e-03 -3.317e-03 0.000e+00
913 -9.195e-04 -3.449e-03 -2.895e-03 0.000e+00
914 -2.622e-03 1.172e-03 1.760e-04 0.000e+00
915 5.851e-04 4.307e-04 -9.910e-04 0.000e+00
916 3.691e-03 -9.438e-05 1.309e-03 0.000e+00
917 1.312e-03 -3.715e-03 -9.097e-04 0.000e+00
918 1.153e-03 -4.281e-03 -1.342e-03 0.000e+00
919 -3.933e-03 -4.030e-03 2.750e-03 0.000e+00
920 1.516e-03 1.376e-03 -2.245e-03 0.000e+00
921 -1.058e-03 2.058e-03 -2.671e-03 0.000e+00
922 1.147e-03 9.687e-04 -1.928e-03 0.000e+00
923 3.825e-03 1.067e-03 -2.230e-03 0.000e+00
924 3.146e-03 8.660e-04 -6.397e-04 0.000e+00
925 -4.147e-03 -4.392e-03 -3.129e-03 0.000e+00
926 7.445e-04 7.119e-04 5.827e-03 0.000e+00
927 6.307e-04 3.235e-03 -3.541e-04 0.000e+00
928 -1.340e-03 -3.316e-03 1.669e-03 0.000e+00
929 4.252e-03 -3.515e-03 2.955e-03 0.000e+00
930 -1.872e-03 -4.205e-03 5.278e-04 0.000e+00
931 -7.429e-04 -8.679e-04 -4.823e-03 0.000e+00
932 2.038e-03 -4.030e-03 -4.799e-04 0.000e+00
933 -3.316e-04 -3.812e-03 6.092e-04 0.000e+00
934 4.571e-03 2.754e-03 -4.182e-04 0.000e+00
935 8.118e-05 -2.805e-03 -2.852e-04 0.000e+00
936 -4.998e-04 -3.053e-03 -3.208e-03 0.000e+00
937 2.024e-03 -4.303e-03 -9.842e-04 0.000e+00
938 -2.007e-03 -3.465e-03 1.380e-03 0.000e+00
939 2.325e-03 -3.056e-03 3.053e-03 0.000e+00
940 -3.324e-03 3.426e-03 1.996e-03 0.000e+00
941 -1.647e-03 2.124e-04 -1.845e-03 0.000e+00
942 2.458e-03 -1.963e-03 -3.342e-04 0.000e+00
943 -1.414e-03 -4.132e-03 1.984e-03 0.000e+00
944 -1.635e-03 -3.732e-03 2.844e-04 0.000e+00
945 -1.024e-02 -4.297e-03 4.421e-03 0.000e+00
946 1.879e-03 -5.401e-04 -2.647e-03 0.000e+00
947 6.517e-03 -3.992e-03 5.886e-03 0.000e+00
948 5.880e-04 3.142e-03 -5.974e-05 0.000e+00
949 1.191e-04 1.659e-03 2.861e-03 0.000e+00
950 2.557e-03 1.990e-03 3.982e-04 0.000e+00
951 3.245e-04 2.099e-03 3.207e-03 0.000e+00
952 2.646e-03 3.389e-03 5.866e-03 0.000e+00
953 -5.171e-03 3.829e-03 -2.512e-03 0.000e+00
954 -2.343e-03 -4.306e-03 4.359e-04 0.000e+00
955 1.492e-03 2.746e-04 -8.099e-04 0.000e+00
956 -3.525e-04 1.767e-03 1.910e-03 0.000e+00
957 3.708e-03 -4.310e-03 4.359e-03 0.000e+00
958 -1.778e-04 -4.444e-03 -4.590e-03 0.000e+00
959 2.300e-04 2.406e-03 -4.437e-03 0.000e+00
960 -3.141e-03 1.475e-03 9.615e-04 0.000e+00
961 -4.139e-03 3.213e-03 1.504e-04 0.000e+00
962 -1.331e-03 2.476e-03 -7.341e-04 0.000e+00
963 -5.411e-04 2.282e-03 -5.152e-04 0.000e+00
964 -2.272e-03 3.801e-03 2.159e-03 0.000e+00
965 -2.810e-03 -3.818e-03 1.982e-03 0.000e+00
966 1.708e-03 -3.581e-03 1.415e-03 0.000e+00
967 1.292e-03 1.184e-03 5.449e-03 0.000e+00
968 2.894e-03 6.661e-03 -2.157e-03 -8.554e+01
969 -2.932e-03 1.134e-04 4.434e-03 0.000e+00
970 2.566e-05 2.582e-04 -2.337e-03 0.000e+00
971 1.260e-03 2.574e-03 -2.036e-03 0.000e+00
972 -1.425e-03 2.977e-03 -1.510e-03 0.000e+00
973 -3.566e-03 -5.051e-04 -9.159e-04 0.000e+00
974 -5.331e-03 2.218e-03 -2.865e-03 0.000e+00
975 -1.831e-03 -4.090e-03 -6.376e-04 0.000e+00
976 -4.461e-03 -4.294e-03 -5.617e-04 0.000e+00
977 -8.936e-04 3.271e-04 -2.894e-03 0.000e+00
978 -7.403e-04 8.114e-04 -2.594e-03 0.000e+00
979 2.657e-04 1.910e-03 -5.893e-03 0.000e+00
980 -7.620e-03 3.352e-03 -1.538e-03 0.000e+00
981 -1.446e-03 -3.994e-03 -5.117e-03 0.000e+00
982 3.439e-03 1.394e-03 -1.131e-04 0.000e+00
983 5.578e-04 -3.963e-03 3.216e-03 0.000e+00
984 -4.688e-04 -3.348e-03 -1.167e-03 0.000e+00
985 -2.937e-03 -3.907e-03 2.444e-03 0.000e+00
986 -4.589e-05 3.599e-03 2.322e-03 0.000e+00
987 8.666e-04 2.491e-03 3.316e-03 0.000e+00
988 -1.156e-03 2.085e-03 -4.806e-03 0.000e+00
989 4.941e-04 -3.031e-03 4.222e-03 0.000e+00
990 1.947e-03 1.068e-03 -3.264e-03 0.000e+00
991 -7.865e-04 -2.991e-03 3.110e-03 0.000e+00
992 -7.451e-04 2.454e-03 -3.130e-03 0.000e+00
993 6.130e-03 2.591e-03 1.011e-03 0.000e+00
994 3.865e-03 1.675e-03 -1.193e-03 0.000e+00
995 2.353e-03 -7.199e-04 9.641e-04 0.000e+00
996 -7.837e-04 7.180e-04 2.422e-03 0.000e+00
997 1.469e-03 1.579e-03 8.104e-04 0.000e+00
998 5.290e-03 3.325e-04 -2.102e-03 0.000e+00
999 -1.976e-03 -4.426e-03 1.399e-03 0.000e+00
1000 2.144e-03 7.011e-04 -4.950e-03 0.000e+00
1001 -3.156e-03 -4.142e-04 -3.790e-03 0.000e+00
1002 -7.911e-04 -4.026e-03 -5.175e-03 0.000e+00
1003 1.902e-03 -3.228e-03 -1.976e-03 0.000e+00
1004 2.557e-03 -4.389e-03 -3.874e-03 0.000e+00
1005 1.549e-03 8.284e-04 2.167e-03 0.000e+00
1006 -1.800e-04 1.681e-03 2.414e-03 0.000e+00
1007 -2.786e-03 -1.635e-04 2.315e-03 0.000e+00
1008 -8.881e-04 2.203e-03 8.236e-07 0.000e+00
1009 -4.202e-04 -4.197e-03 1.346e-04 0.000e+00
1010 4.812e-04 -3.729e-03 6.329e-03 0.000e+00
1011 5.376e-05 1.283e-03 -1.387e-03 0.000e+00
1012 -1.245e-03 3.866e-03 0.000e+00 0.000e+00
1013 -1.020e-03 -3.576e-03 -1.113e-03 0.000e+00
1014 -2.256e-03 -5.587e-04 7.010e-03 0.000e+00
1015 8.847e-04 -4.349e-04 1.437e-03 0.000e+00
1016 3.006e-03 3.472e-03 -1.440e-03 0.000e+00
1017 4.950e-03 -2.560e-03 4.489e-03 0.000e+00
1018 -9.453e-04 2.082e-04 4.784e-04 0.000e+00
1019 1.627e-04 2.808e-03 3.245e-03 0.000e+00
1020 -1.183e-03 2.620e-03 -3.580e-03 0.000e+00
1021 -1.080e-03 -4.180e-03 2.860e-03 0.000e+00
1022 3.774e-03 -3.080e-04 -2.750e-03 0.000e+00
1023 -3.833e-03 -1.662e-04 4.529e-03 0.000e+00
1024 -9.531e-04 -1.163e-03 3.149e-03 0.000e+00
1025 -2.343e-03 1.313e-03 -4.246e-04 0.000e+00
1026 -1.021e-03 -3.528e-03 -1.590e-03 0.000e+00
1027 4.580e-04 6.248e-03 1.681e-03 -4.578e+01
1028 -4.519e-03 -3.687e-03 2.350e-03 0.000e+00
1029 -1.162e-03 2.305e-03 2.899e-03 0.000e+00
1030 -5.223e-03 2.571e-04 -5.848e-03 0.000e+00
1031 -1.161e-04 -2.501e-03 -1.746e-04 0.000e+00
1032 2.698e-03 -4.115e-03 5.149e-03 0.000e+00
1033 6.640e-04 -3.453e-03 -3.344e-03 0.000e+00
1034 1.463e-03 1.268e-03 -1.938e-03 0.000e+00
1035 -1.253e-03 -4.000e-03 -3.076e-03 0.000e+00
1036 -6.016e-04 2.108e-03 3.922e-04 0.000e+00
1037 -3.254e-03 -2.409e-03 1.024e-03 0.000e+00
1038 2.467e-03 3.380e-03 5.884e-03 0.000e+00
1039 -1.070e-05 2.288e-03 2.978e-03 0.000e+00
1040 3.076e-04 -2.496e-03 2.390e-03 0.000e+00
1041 3.762e-04 -2.751e-03 -2.015e-04 0.000e+00
1042 3.932e-03 -3.888e-03 -1.612e-03 0.000e+00
1043 -9.958e-04 -3.405e-03 2.720e-03 0.000e+00
1044 -3.373e-03 1.602e-03 -2.083e-04 0.000e+00
1045 -1.290e-03 1.550e-03 -5.965e-04 0.000e+00
1046 3.955e-03 -4.204e-03 2.378e-03 0.000e+00
1047 -1.249e-03 -1.418e-03 -1.412e-03 0.000e+00
1048 -4.046e-04 6.508e-04 7.706e-04 0.000e+00
1049 1.703e-03 3.477e-03 1.773e-03 0.000e+00
1050 -1.671e-03 -3.649e-03 4.455e-03 0.000e+00
1051 -2.894e-03 2.434e-03 -1.606e-03 0.000e+00
1052 4.100e-03 3.363e-03 1.115e-03 0.000e+00
1053 5.617e-03 6.352e-04 7.026e-05 0.000e+00
1054 -5.967e-04 0.000e+00 2.435e-03 0.000e+00
1055 -2.237e-03 1.316e-03 -3.914e-03 0.000e+00
1056 -3.847e-03 -2.781e-03 2.017e-03 0.000e+00
1057 7.599e-04 2.343e-04 1.647e-03 0.000e+00
1058 6.258e-04 1.789e-03 -3.965e-03 0.000e+00
1059 -3.811e-03 -6.578e-05 8.110e-04 0.000e+00
1060 1.938e-03 -3.405e-03 -4.001e-03 0.000e+00
1061 1.294e-03 -3.737e-03 -2.804e-04 0.000e+00
1062 2.038e-03 -4.415e-03 1.164e-03 0.000e+00
1063 2.305e-04 2.666e-03 -2.680e-04 0.000e+00
1064 -2.474e-03 2.968e-04 -5.315e-04 0.000e+00
1065 -6.621e-04 1.681e-03 -2.961e-03 0.000e+00
1066 -1.779e-03 2.246e-03 -1.236e-03 0.000e+00
1067 6.126e-06 -2.785e-03 -2.153e-03 0.000e+00
1068 -1.826e-03 9.034e-04 -1.700e-03 0.000e+00
1069 1.029e-03 8.123e-04 -7.101e-03 0.000e+00
1070 5.744e-04 2.266e-03 9.724e-04 0.000e+00
1071 -9.120e-04 2.502e-03 -1.203e-03 0.000e+00
1072 2.661e-03 1.719e-04 -5.874e-03 0.000e+00
1073 -2.776e-03 1.915e-03 2.792e-03 0.000e+00
1074 3.519e-03 -3.482e-03 -8.120e-04 0.000e+00
1075 -1.956e-03 3.621e-03 -2.161e-03 0.000e+00
1076 3.236e-03 -2.990e-03 1.028e-03 0.000e+00
1077 1.882e-03 -3.955e-03 -2.062e-03 0.000e+00
1078 1.944e-03 3.258e-03 -4.216e-03 0.000e+00
1079 2.861e-03 -3.479e-03 3.398e-04 0.000e+00
1080 1.643e-03 3.078e-03 -2.838e-03 0.000e+00
1081 -6.745e-04 -1.118e-03 -3.449e-03 0.000e+00
1082 3.111e-03 2.702e-04 1.734e-03 0.000e+00
1083 1.187e-03 -2.727e-03 6.062e-07 0.000e+00
1084 -1.796e-03 1.987e-03 2.287e-03 0.000e+00
1085 1.165e-03 1.130e-03 3.089e-03 0.000e+00
1086 5.994e-04 1.340e-03 -3.474e-03 0.000e+00
1087 3.732e-03 4.196e-04 4.572e-03 0.000e+00
1088 -5.902e-03 -2.348e-03 -1.082e-03 0.000e+00
1089 6.232e-05 1.596e-03 -1.031e-03 0.000e+00
1090 -5.659e-03 -3.046e-03 -2.725e-03 0.000e+00
1091 4.121e-03 4.324e-04 -2.713e-03 0.000e+00
1092 -1.465e-03 2.101e-03 6.263e-04 0.000e+00
1093 -1.594e-03 2.799e-03 -3.535e-03 0.000e+00
1094 -4.672e-03 -3.393e-03 -1.187e-03 0.000e+00
1095 2.194e-03 4.403e-04 -7.932e-04 0.000e+00
1096 1.994e-03 -3.200e-03 -2.651e-03 0.000e+00
1097 1.809e-03 3.800e-03 2.275e-04 0.000e+00
1098 4.459e-03 -4.227e-03 -3.104e-03 0.000e+00
1099 3.136e-03 -4.236e-03 4.126e-03 0.000e+00
1100 5.703e-04 -2.549e-03 -4.253e-04 0.000e+00
1101 -2.298e-04 -3.762e-03 -7.211e-03 0.000e+00
1102 2.635e-04 2.923e-03 -3.738e-03 0.000e+00
1103 5.409e-04 -2.606e-03 5.024e-03 0.000e+00
1104 1.879e-03 4.446e-05 -1.463e-03 0.000e+00
1105 -2.998e-03 -3.872e-03 7.707e-05 0.000e+00
1106 4.073e-03 -3.448e-03 -1.545e-03 0.000e+00
1107 -6.952e-04 -4.418e-03 1.765e-03 0.000e+00
1108 3.291e-03 5.335e-03 5.524e-04 7.220e+01
1109 -3.896e-03 4.558e-03 -1.144e-03 6.315e+01
1110 3.086e-03 -3.982e-03 -2.269e-03 0.000e+00
1111 1.913e-03 -2.575e-03 1.079e-02 0.000e+00
1112 -4.977e-03 -4.238e-03 -7.986e-04 0.000e+00
1113 -6.020e-03 -8.335e-04 -4.177e-03 0.000e+00
1114 -3.795e-03 -4.149e-03 2.903e-03 0.000e+00
1115 1.201e-03 -3.339e-03 3.798e-03 0.000e+00
1116 -4.497e-03 2.008e-03 6.934e-03 0.000e+00
1117 -4.821e-03 3.488e-03 -5.599e-03 0.000e+00
1118 5.109e-03 -3.839e-03 3.137e-03 0.000e+00
1119 7.623e-04 -2.300e-04 -1.191e-03 0.000e+00
1120 -2.104e-03 -2.586e-03 -5.212e-04 0.000e+00
1121 6.552e-04 -6.453e-04 -4.227e-03 0.000e+00
1122 -2.307e-03 -3.783e-03 8.227e-03 0.000e+00
1123 2.577e-03 -4.379e-03 -3.960e-04 0.000e+00
1124 1.947e-03 1.834e-03 -3.184e-03 0.000e+00
1125 -3.495e-03 1.964e-03 -2.586e-03 0.000e+00
1126 1.575e-03 2.038e-03 -3.172e-03 0.000e+00
1127 1.989e-03 1.075e-03 -2.487e-03 0.000e+00
1128 2.093e-03 -4.051e-03 3.349e-05 0.000e+00
1129 -1.959e-03 -4.165e-03 7.127e-04 0.000e+00
1130 4.925e-04 -4.149e-03 1.296e-03 0.000e+00
1131 1.612e-03 -1.232e-03 -2.272e-03 0.000e+00
1132 3.953e-04 9.433e-04 -1.368e-03 0.000e+00
1133 -9.132e-03 -2.628e-03 -2.326e-03 0.000e+00
1134 2.118e-03 2.224e-03 -6.327e-03 0.000e+00
1135 -3.179e-04 -4.208e-05 -5.624e-04 0.000e+00
1136 -6.617e-04 8.367e-04 4.061e-05 0.000e+00
1137 1.322e-03 9.597e-04 -6.830e-03 0.000e+00
1138 -2.398e-03 -4.210e-03 -3.842e-03 0.000e+00
1139 2.600e-03 3.911e-03 4.084e-03 0.000e+00
1140 1.161e-03 -3.274e-03 -1.029e-03 0.000e+00
1141 2.138e-03 -3.024e-03 3.094e-03 0.000e+00
1142 4.937e-04 -2.413e-03 -3.445e-03 0.000e+00
1143 -3.856e-04 1.700e-03 1.380e-03 0.000e+00
1144 6.036e-04 9.221e-04 5.055e-03 0.000e+00
1145 -7.078e-04 -1.152e-03 -2.410e-04 0.000e+00
1146 3.403e-03 -3.437e-03 6.941e-04 0.000e+00
1147 1.094e-03 2.666e-03 -1.052e-03 0.000e+00
1148 -3.525e-05 -3.867e-03 3.275e-04 0.000e+00
1149 -1.805e-03 -4.169e-03 -1.497e-03 0.000e+00
1150 4.364e-04 -4.195e-03 -2.482e-03 0.000e+00
1151 1.542e-03 3.475e-03 7.366e-04 0.000e+00
1152 -4.306e-03 2.295e-03 -9.292e-04 0.000e+00
1153 2.106e-03 -4.041e-03 -1.384e-03 0.000e+00
1154 -4.657e-03 1.834e-03 -2.084e-03 0.000e+00
1155 1.006e-03 6.326e-03 4.511e-03 -1.511e+01
1156 -4.931e-03 -3.373e-03 3.572e-04 0.000e+00
1157 5.162e-03 -3.778e-03 6.682e-04 0.000e+00
1158 1.120e-03 2.272e-03 5.175e-03 0.000e+00
1159 -1.950e-03 3.083e-03 -3.501e-05 0.000e+00
1160 -2.679e-03 -4.049e-03 -3.132e-03 0.000e+00
1161 -4.998e-03 -4.176e-03 4.342e-03 0.000e+00
1162 -3.082e-03 -2.922e-03 -5.273e-03 0.000e+00
1163 7.530e-04 1.513e-03 7.667e-03 0.000e+00
1164 2.036e-03 3.562e-03 -4.383e-03 0.000e+00
1165 3.835e-04 -2.723e-04 1.450e-03 0.000e+00
1166 2.677e-04 -3.975e-04 -3.024e-03 0.000e+00
1167 5.333e-04 1.998e-03 1.154e-03 0.000e+00
1168 3.535e-03 -3.070e-03 3.902e-03 0.000e+00
1169 1.412e-03 1.128e-03 1.691e-04 0.000e+00
1170 1.910e-03 6.206e-04 3.334e-03 0.000e+00
1171 -5.997e-05 -4.779e-04 -2.732e-03 0.000e+00
1172 1.774e-03 1.124e-03 -1.273e-03 0.000e+00
1173 -2.043e-03 -3.096e-03 -2.662e-03 0.000e+00
1174 -1.182e-03 3.128e-03 -1.097e-03 0.000e+00
1175 -1.553e-03 8.327e-04 -1.770e-03 0.000e+00
1176 7.342e-04 1.874e-03 -2.864e-03 0.000e+00
1177 -1.484e-03 1.079e-03 -2.296e-04 0.000e+00
1178 2.587e-05 -3.985e-03 -2.158e-03 0.000e+00
1179 2.649e-03 -2.167e-05 -2.462e-03 0.000e+00
1180 -1.336e-03 4.575e-03 -1.008e-03 -8.892e+01
1181 -5.421e-03 -2.562e-03 -6.498e-04 0.000e+00
1182 1.718e-03 -1.983e-03 7.930e-04 0.000e+00
1183 -7.711e-04 4.013e-03 -1.987e-03 0.000e+00
1184 1.554e-04 1.534e-03 2.488e-03 0.000e+00
1185 -2.690e-03 -1.014e-03 2.221e-03 0.000e+00
1186 -2.374e-04 -4.275e-03 -1.531e-04 0.000e+00
1187 1.009e-03 2.597e-03 6.552e-04 0.000e+00
1188 3.756e-03 1.151e-03 6.281e-04 0.000e+00
1189 4.648e-03 1.158e-03 -3.814e-03 0.000e+00
1190 9.043e-04 5.617e-04 -2.014e-03 0.000e+00
1191 -1.419e-03 4.189e-03 9.204e-04 0.000e+00
1192 -2.821e-03 1.135e-03 -1.650e-03 0.000e+00
1193 1.124e-03 -2.717e-03 -9.365e-04 0.000e+00
1194 1.673e-03 6.910e-04 -3.410e-03 0.000e+00
1195 5.130e-04 -3.488e-03 4.252e-03 0.000e+00
1196 -3.211e-03 5.798e-03 5.520e-04 -1.639e+01
1197 1.056e-03 -3.830e-03 3.806e-03 0.000e+00
1198 5.875e-04 1.651e-03 -9.154e-04 0.000e+00
1199 3.400e-03 -3.802e-03 9.423e-04 0.000e+00
1200 1.038e-03 2.565e-04 -2.919e-03 0.000e+00
1201 6.448e-03 3.639e-03 -2.250e-04 0.000e+00
1202 -4.103e-03 -2.734e-03 -4.418e-04 0.000e+00
1203 1.363e-04 -4.414e-03 3.870e-03 0.000e+00
1204 3.799e-04 4.394e-03 1.326e-03 -1.018e+02
1205 -2.571e-03 -3.158e-03 1.035e-03 0.000e+00
1206 5.798e-05 7.120e-05 3.282e-03 0.000e+00
1207 -8.660e-04 1.395e-03 1.983e-03 0.000e+00
1208 2.194e-03 -4.112e-03 2.307e-03 0.000e+00
1209 -6.829e-03 -3.727e-03 -3.666e-03 0.000e+00
1210 -3.849e-03 2.320e-03 -1.099e-03 0.000e+00
1211 -3.820e-03 -1.307e-03 1.149e-03 0.000e+00
1212 1.275e-03 -3.726e-03 -1.412e-03 0.000e+00
1213 -9.816e-04 -3.915e-03 2.472e-03 0.000e+00
1214 4.547e-03 1.179e-03 -2.656e-03 0.000e+00
1215 1.132e-03 5.712e-04 5.542e-03 0.000e+00
1216 2.341e-04 -3.672e-03 -2.929e-03 0.000e+00
1217 -3.573e-03 -1.190e-05 -6.905e-04 0.000e+00
1218 3.159e-04 1.371e-04 -1.141e-04 0.000e+00
1219 -1.309e-03 4.892e-03 -3.825e-03 3.786e+01
1220 -4.777e-03 -4.166e-03 2.047e-03 0.000e+00
1221 -1.778e-03 -3.093e-03 1.034e-03 0.000e+00
1222 7.419e-04 4.710e-03 -6.867e-04 -7.219e+01
1223 2.297e-03 1.431e-03 -2.483e-03 0.000e+00
1224 1.442e-03 9.996e-04 1.560e-03 0.000e+00
1225 -9.256e-04 -2.364e-03 -1.324e-03 0.000e+00
1226 1.562e-03 6.710e-04 2.480e-03 0.000e+00
1227 1.557e-04 9.204e-04 8.741e-04 0.000e+00
1228 2.323e-04 2.548e-03 3.463e-03 0.000e+00
1229 1.550e-03 -2.710e-05 1.732e-03 0.000e+00
1230 -1.839e-03 2.456e-03 -4.082e-03 0.000e+00
1231 -2.237e-03 3.507e-03 -6.316e-04 0.000e+00
1232 -3.019e-03 -4.089e-03 6.225e-04 0.000e+00
1233 -1.230e-03 8.135e-04 -2.521e-04 0.000e+00
1234 -8.251e-04 -3.008e-03 1.883e-03 0.000e+00
1235 -1.441e-03 9.176e-04 3.017e-03 0.000e+00
1236 -6.104e-04 2.052e-03 5.218e-03 0.000e+00
1237 2.745e-03 2.253e-03 3.753e-04 0.000e+00
1238 2.676e-03 -3.535e-03 -1.636e-04 0.000e+00
1239 -3.545e-03 -4.026e-03 -1.218e-03 0.000e+00
1240 2.349e-03 4.814e-04 1.136e-03 0.000e+00
1241 2.882e-03 3.870e-03 -1.744e-03 0.000e+00
1242 1.752e-04 -2.214e-03 -4.364e-03 0.000e+00
1243 1.587e-03 5.053e-05 8.108e-04 0.000e+00
1244 1.220e-04 -4.061e-03 -1.440e-03 0.000e+00
1245 -2.540e-03 1.621e-03 -4.293e-03 0.000e+00
1246 1.999e-04 -4.227e-03 -1.300e-03 0.000e+00
1247 -2.653e-03 2.339e-03 6.886e-04 0.000e+00
1248 -1.839e-03 2.842e-03 -5.844e-05 0.000e+00
1249 -1.669e-05 9.990e-04 1.805e-03 0.000e+00
1250 -3.830e-03 -5.807e-04 -1.107e-03 0.000e+00
1251 -9.294e-04 1.038e-03 2.383e-03 0.000e+00
1252 8.215e-04 1.411e-03 5.527e-04 0.000e+00
1253 2.680e-03 9.368e-04 3.062e-03 0.000e+00
1254 -6.633e-04 3.873e-03 -3.862e-04 0.000e+00
1255 -2.818e-03 2.856e-03 2.646e-03 0.000e+00
1256 3.317e-03 -2.015e-03 -2.324e-04 0.000e+00
1257 -2.255e-03 -3.831e-03 2.972e-04 0.000e+00
1258 1.490e-03 1.405e-03 7.555e-04 0.000e+00
1259 -3.178e-03 2.474e-03 -3.795e-04 0.000e+00
1260 -3.282e-03 1.630e-03 -2.910e-03 0.000e+00
1261 -3.053e-04 3.756e-03 2.284e-03 0.000e+00
1262 -2.876e-03 7.425e-04 -3.580e-03 0.000e+00
1263 -3.711e-03 1.310e-03 4.563e-03 0.000e+00
1264 1.865e-03 -3.388e-04 -1.627e-03 0.000e+00
1265 -1.697e-03 -4.303e-03 1.330e-03 0.000e+00
1266 -4.226e-03 6.711e-04 1.035e-03 0.000e+00
1267 -5.414e-04 -3.633e-03 2.506e-03 0.000e+00
1268 -1.052e-03 -2.427e-03 3.131e-03 0.000e+00
1269 -2.658e-03 -4.266e-03 -1.588e-03 0.000e+00
1270 1.578e-03 -3.097e-03 -8.886e-04 0.000e+00
1271 -3.247e-03 -7.793e-04 3.051e-03 0.000e+00
1272 -9.986e-06 -3.554e-03 7.038e-04 0.000e+00
1273 -2.047e-03 -3.934e-03 -6.065e-04 0.000e+00
1274 -2.300e-03 -2.019e-03 2.104e-03 0.000e+00
1275 1.618e-03 2.111e-03 1.182e-04 0.000e+00
1276 -2.311e-03 -6.692e-04 3.409e-04 0.000e+00
1277 -3.139e-03 4.690e-03 3.501e-03 -6.207e+01
1278 1.313e-03 -4.295e-03 1.020e-03 0.000e+00
1279 -4.468e-05 -4.151e-03 -4.374e-03 0.000e+00
1280 1.597e-03 -7.548e-04 2.270e-03 0.000e+00
1281 -1.390e-03 1.094e-03 4.734e-03 0.000e+00
1282 -6.243e-04 1.884e-04 7.240e-04 0.000e+00
1283 5.214e-04 -4.056e-03 -3.963e-03 0.000e+00
1284 -9.615e-04 -2.997e-03 3.095e-03 0.000e+00
1285 2.018e-03 -2.757e-03 -2.357e-03 0.000e+00
1286 2.006e-03 1.949e-03 -3.218e-03 0.000e+00
1287 -2.545e-05 -3.029e-03 -1.531e-03 0.000e+00
1288 2.733e-03 -2.371e-03 4.732e-03 0.000e+00
1289 -3.435e-04 -1.160e-03 2.381e-03 0.000e+00
1290 -4.596e-03 -3.481e-03 3.695e-03 0.000e+00
1291 -5.745e-03 2.576e-03 2.990e-04 0.000e+00
1292 4.337e-04 1.663e-03 -3.516e-03 0.000e+00
1293 -3.957e-03 -3.543e-03 -3.632e-04 0.000e+00
1294 -3.160e-03 -3.550e-03 2.855e-04 0.000e+00
1295 4.916e-05 3.203e-04 -1.925e-03 0.000e+00
1296 -1.201e-04 2.666e-03 -1.303e-03 0.000e+00
1297 -8.999e-04 -2.621e-03 -4.529e-03 0.000e+00
1298 -1.471e-03 -3.636e-03 1.986e-03 0.000e+00
1299 -7.495e-04 3.880e-03 3.997e-03 0.000e+00
1300 -8.102e-03 -1.340e-03 2.224e-03 0.000e+00
1301 -1.785e-03 -3.453e-03 5.214e-03 0.000e+00
1302 -1.103e-03 2.881e-03 7.581e-05 0.000e+00
1303 2.739e-04 1.096e-03 8.008e-04 0.000e+00
1304 -4.148e-03 4.771e-03 4.231e-04 -1.371e+01
1305 -1.303e-03 -4.208e-03 9.924e-04 0.000e+00
1306 7.182e-04 2.524e-03 -8.844e-04 0.000e+00
1307 3.977e-03 -5.611e-04 -3.917e-03 0.000e+00
1308 -4.452e-04 -1.119e-03 -9.535e-04 0.000e+00
1309 3.211e-03 -3.460e-04 2.716e-03 0.000e+00
1310 -8.233e-04 3.135e-03 1.270e-03 0.000e+00
1311 -2.273e-03 3.069e-03 2.100e-03 0.000e+00
1312 -3.368e-03 2.006e-03 -4.508e-03 0.000e+00
1313 5.576e-05 2.494e-03 3.426e-04 0.000e+00
1314 2.804e-03 1.497e-03 -2.200e-03 0.000e+00
1315 -2.704e-03 4.580e-03 3.831e-04 -3.211e+01
1316 -4.336e-03 4.350e-03 -7.807e-04 5.065e+01
1317 -1.088e-03 -3.161e-03 1.093e-03 0.000e+00
1318 1.679e-03 1.455e-04 1.194e-03 0.000e+00
1319 3.498e-05 4.362e-03 -2.831e-03 -9.211e+01
1320 -2.243e-04 -2.539e-03 -1.134e-03 0.000e+00
1321 -6.951e-03 2.109e-04 2.791e-03 0.000e+00
1322 -2.189e-03 -4.024e-03 4.014e-03 0.000e+00
1323 3.224e-03 -5.938e-04 2.464e-03 0.000e+00
1324 -1.439e-03 4.797e-03 5.061e-04 -9.363e+01
1325 -3.348e-03 -3.580e-03 -4.191e-03 0.000e+00
1326 -9.190e-04 -4.188e-03 -1.130e-03 0.000e+00
1327 -1.699e-03 -4.064e-03 1.972e-03 0.000e+00
1328 5.077e-03 -3.862e-04 9.587e-04 0.000e+00
1329 -5.413e-04 -4.412e-03 3.385e-04 0.000e+00
1330 -3.044e-05 -6.856e-04 1.028e-03 0.000e+00
1331 1.384e-03 -3.783e-05 -2.745e-04 0.000e+00
1332 -3.190e-03 -3.658e-03 -2.669e-03 0.000e+00
1333 -3.248e-03 -3.936e-03 2.447e-03 0.000e+00
1334 -1.324e-05 -4.010e-03 -5.658e-03 0.000e+00
1335 9.700e-04 -2.545e-03 -1.118e-05 0.000e+00
1336 -1.434e-03 1.335e-03 -4.183e-03 0.000e+00
1337 -3.409e-03 1.756e-03 -3.241e-03 0.000e+00
1338 -1.240e-03 3.075e-04 4.756e-05 0.000e+00
1339 -2.392e-03 -1.203e-03 4.757e-04 0.000e+00
1340 -1.024e-03 3.461e-03 -4.545e-04 0.000e+00
1341 1.895e-03 -3.365e-03 1.327e-03 0.000e+00
1342 -2.070e-03 2.301e-03 1.525e-03 0.000e+00
1343 8.760e-04 1.982e-03 7.290e-05 0.000e+00
1344 1.191e-04 -4.315e-03 -2.299e-03 0.000e+00
1345 1.672e-03 1.412e-03 -3.910e-03 0.000e+00
1346 1.099e-03 -3.678e-03 -2.712e-03 0.000e+00
1347 1.519e-03 1.952e-03 9.859e-04 0.000e+00
1348 -8.517e-04 2.184e-03 1.290e-03 0.000e+00
1349 -2.088e-04 -2.018e-03 -8.703e-04 0.000e+00
1350 3.649e-03 -2.761e-03 -6.241e-04 0.000e+00
1351 4.693e-03 -6.150e-04 4.538e-03 0.000e+00
1352 3.301e-03 -3.544e-03 -3.983e-04 0.000e+00
1353 1.641e-03 -4.129e-03 -1.636e-03 0.000e+00
1354 -1.608e-03 -3.299e-03 1.111e-03 0.000e+00
1355 -4.441e-03 -3.469e-04 -2.273e-03 0.000e+00
1356 -6.906e-04 -3.579e-03 -5.380e-04 0.000e+00
1357 5.171e-03 5.143e-03 1.375e-03 3.682e+01
1358 2.149e-03 1.332e-03 2.418e-03 0.000e+00
1359 1.448e-03 1.882e-03 -3.262e-03 0.000e+00
1360 3.907e-03 1.794e-03 -2.721e-03 0.000e+00
1361 5.015e-03 -3.729e-03 2.672e-03 0.000e+00
1362 3.069e-03 2.365e-03 -4.159e-03 0.000e+00
1363 8.434e-03 9.595e-04 9.046e-04 0.000e+00
1364 -1.006e-03 2.360e-03 -1.864e-03 0.000e+00
1365 6.711e-03 4.553e-03 7.892e-04 -5.065e+00
1366 5.466e-03 -3.595e-03 2.470e-03 0.000e+00
1367 3.710e-03 1.854e-03 7.539e-04 0.000e+00
1368 7.777e-03 2.892e-03 1.550e-03 0.000e+00
1369 6.399e-03 3.634e-03 -6.575e-04 0.000e+00
1370 7.744e-03 5.654e-03 2.771e-03 7.008e+01
1371 5.623e-03 -3.863e-03 2.462e-03 0.000e+00
1372 6.237e-03 2.633e-03 6.476e-04 0.000e+00
1373 7.211e-03 1.032e-03 -1.671e-03 0.000e+00
1374 8.679e-03 -3.809e-03 -2.931e-03 0.000e+00
1375 1.133e-02 -4.135e-04 2.339e-04 0.000e+00
1376 1.113e-02 4.317e-03 2.205e-04 0.000e+00
1377 7.458e-03 -8.219e-04 1.512e-04 0.000e+00
1378 1.032e-02 3.539e-03 3.314e-03 0.000e+00
1379 9.680e-03 4.146e-03 -3.089e-03 0.000e+00
1380 1.589e-02 -3.899e-03 2.714e-03 0.000e+00
1381 1.438e-02 -4.009e-03 -1.342e-03 0.000e+00
1382 1.472e-02 4.636e-03 -4.177e-04 -1.049e+02
1383 1.820e-02 -3.712e-03 -3.150e-03 0.000e+00
1384 1.631e-02 -4.404e-03 -2.797e-03 0.000e+00
1385 1.390e-02 2.724e-03 1.458e-03 0.000e+00
1386 2.177e-02 -3.947e-03 -1.794e-03 0.000e+00
1387 2.236e-02 1.476e-03 1.295e-03 0.000e+00
1388 1.955e-02 1.784e-03 2.491e-03 0.000e+00
1389 2.783e-02 -9.122e-04 -4.836e-04 0.000e+00
1390 2.870e-02 2.857e-04 2.971e-03 0.000e+00
1391 2.803e-02 5.404e-03 1.947e-03 -7.771e+01
1392 2.458e-02 -2.576e-03 -1.342e-03 0.000e+00
1393 3.060e-02 5.138e-03 1.308e-03 -7.631e+01
1394 2.672e-02 4.576e-03 3.077e-03 -7.201e+01
1395 3.391e-02 -6.128e-04 -5.092e-03 0.000e+00
1396 3.202e-02 4.284e-03 -3.072e-03 0.000e+00
1397 3.751e-02 6.048e-03 -2.175e-03 -8.670e+01
1398 3.537e-02 6.362e-03 -5.360e-03 -7.807e+01
1399 3.869e-02 1.104e-02 -2.013e-03 -6.992e+01
1400 4.305e-02 9.427e-03 -3.882e-03 -7.275e+01
1401 4.895e-02 1.013e-02 -1.740e-03 -8.400e+01
1402 5.506e-02 1.288e-02 -1.397e-03 -8.205e+01
1403 5.072e-02 1.811e-02 -4.312e-03 -7.760e+01
1404 5.417e-02 1.461e-02 -1.117e-04 -7.445e+01
1405 6.219e-02 1.445e-02 2.455e-03 -7.514e+01
1406 6.148e-02 1.965e-02 -3.569e-03 -7.409e+01
1407 7.420e-02 1.799e-02 5.567e-04 -7.066e+01
1408 7.779e-02 2.133e-02 -1.957e-03 -6.936e+01
1409 8.349e-02 1.679e-02 -2.997e-03 -8.054e+01
1410 9.238e-02 2.390e-02 -3.062e-03 -7.273e+01
1411 1.099e-01 3.199e-02 -5.764e-03 -7.253e+01
1412 1.255e-01 3.399e-02 -4.956e-03 -7.690e+01
1413 1.472e-01 5.053e-02 -5.278e-03 -7.262e+01
1414 1.616e-01 5.656e-02 -9.328e-03 -7.375e+01
1415 1.872e-01 6.655e-02 -1.042e-02 -7.388e+01
1416 2.079e-01 7.924e-02 -6.140e-03 -7.155e+01
1417 2.258e-01 9.079e-02 -4.293e-03 -7.217e+01
1418 2.374e-01 9.897e-02 -1.694e-03 -7.156e+01
1419 2.488e-01 1.112e-01 -9.231e-03 -7.130e+01
1420 2.519e-01 1.128e-01 -9.699e-03 -7.083e+01
1421 2.464e-01 1.137e-01 -8.948e-03 -7.012e+01
1422 2.483e-01 1.027e-01 -8.149e-03 -6.922e+01
1423 2.335e-01 9.995e-02 -7.014e-03 -6.989e+01
1424 2.215e-01 8.088e-02 -6.884e-03 -6.809e+01
1425 1.905e-01 5.823e-02 -8.982e-03 -6.938e+01
1426 1.680e-01 3.382e-02 -5.674e-03 -6.748e+01
1427 1.490e-01 1.087e-02 -8.176e-03 -6.242e+01
1428 1.487e-01 -2.743e-03 -1.817e-03 0.000e+00
1429 1.575e-01 8.798e-03 4.950e-03 3.173e+01
1430 1.771e-01 2.787e-02 6.365e-04 2.305e+01
1431 1.898e-01 4.515e-02 8.195e-03 2.135e+01
1432 1.995e-01 5.898e-02 1.317e-03 2.122e+01
1433 2.100e-01 7.232e-02 1.473e-03 2.092e+01
1434 2.190e-01 8.439e-02 -1.049e-02 2.060e+01
1435 2.257e-01 9.205e-02 -1.752e-02 2.175e+01
1436 2.518e-01 1.039e-01 -3.806e-02 2.349e+01
1437 2.660e-01 1.097e-01 -5.518e-02 2.709e+01
1438 2.967e-01 1.091e-01 -7.556e-02 2.871e+01
1439 3.285e-01 1.038e-01 -9.155e-02 3.419e+01
1440 3.729e-01 1.047e-01 -1.156e-01 4.010e+01
1441 4.277e-01 1.063e-01 -1.402e-01 4.794e+01
1442 4.898e-01 1.271e-01 -1.687e-01 5.901e+01
1443 5.568e-01 1.625e-01 -1.859e-01 6.637e+01
1444 6.304e-01 2.229e-01 -2.034e-01 7.145e+01
1445 7.036e-01 2.874e-01 -2.137e-01 -1.057e+02
1446 7.793e-01 3.471e-01 -2.145e-01 -1.043e+02
1447 8.478e-01 3.880e-01 -2.170e-01 -1.045e+02
1448 9.103e-01 4.065e-01 -2.207e-01 -1.045e+02
1449 9.598e-01 4.097e-01 -2.221e-01 -1.059e+02
1450 9.863e-01 4.045e-01 -2.358e-01 7.240e+01
1451 1.000e+00 3.921e-01 -2.356e-01 7.104e+01
1452 9.993e-01 3.646e-01 -2.255e-01 6.857e+01
1453 9.872e-01 3.343e-01 -2.011e-01 6.664e+01
1454 9.595e-01 3.027e-01 -1.603e-01 6.364e+01
1455 9.080e-01 2.660e-01 -1.076e-01 5.956e+01
1456 8.533e-01 2.366e-01 -6.419e-02 5.502e+01
1457 8.125e-01 2.068e-01 -2.547e-02 4.942e+01
1458 7.761e-01 1.724e-01 -3.555e-03 4.231e+01
1459 7.373e-01 1.586e-01 1.787e-02 3.250e+01
1460 6.781e-01 1.533e-01 1.452e-02 2.524e+01
1461 6.024e-01 1.425e-01 -8.624e-03 1.965e+01
1462 5.371e-01 1.231e-01 -3.189e-02 1.310e+01
1463 4.788e-01 9.937e-02 -4.565e-02 4.700e+00
1464 4.190e-01 8.395e-02 -4.848e-02 -5.511e+00
1465 3.529e-01 6.777e-02 -4.376e-02 -1.441e+01
1466 3.098e-01 4.898e-02 -3.901e-02 -2.027e+01
1467 2.554e-01 3.688e-02 -2.802e-02 -2.694e+01
1468 2.211e-01 1.535e-02 -2.950e-02 -3.223e+01
1469 1.816e-01 7.582e-03 -1.957e-02 -7.041e+01
1470 1.643e-01 9.658e-03 -1.775e-02 -8.508e+01
1471 1.451e-01 9.453e-03 -1.995e-02 -8.981e+01
1472 1.316e-01 1.651e-02 -2.260e-02 -9.000e+01
1473 1.259e-01 1.808e-02 -1.721e-02 -9.493e+01
1474 1.129e-01 2.477e-02 -1.974e-02 -8.582e+01
1475 1.069e-01 2.679e-02 -1.518e-02 -9.146e+01
1476 1.055e-01 2.314e-02 -1.435e-02 -8.080e+01
1477 1.006e-01 2.923e-02 -1.180e-02 -8.098e+01
1478 1.033e-01 2.706e-02 -1.161e-02 -7.847e+01
1479 9.645e-02 2.674e-02 -1.468e-02 -7.753e+01
1480 9.368e-02 2.354e-02 -1.049e-02 -7.078e+01
1481 9.953e-02 2.996e-02 -1.165e-02 -7.405e+01
1482 9.841e-02 2.463e-02 -1.048e-02 -6.679e+01
1483 9.698e-02 2.011e-02 -9.270e-03 -7.039e+01
1484 1.021e-01 2.158e-02 -5.285e-03 -6.995e+01
1485 1.045e-01 2.699e-02 -5.230e-03 -6.617e+01
1486 1.048e-01 1.999e-02 -9.866e-04 -6.315e+01
1487 1.016e-01 1.843e-02 9.395e-04 -6.492e+01
1488 1.026e-01 2.066e-02 -4.103e-03 -6.790e+01
1489 1.002e-01 1.829e-02 -5.176e-03 -6.512e+01
1490 1.008e-01 1.894e-02 -7.942e-03 -7.017e+01
1491 9.623e-02 1.581e-02 -7.255e-03 -6.077e+01
1492 8.674e-02 6.393e-03 -2.762e-03 -7.667e+01
1493 8.301e-02 5.920e-03 -3.322e-03 -6.053e+01
1494 7.415e-02 3.025e-03 -5.343e-03 0.000e+00
1495 6.777e-02 2.601e-03 -6.852e-03 0.000e+00
1496 5.297e-02 2.774e-03 -6.667e-04 0.000e+00
1497 4.932e-02 1.446e-03 -8.285e-03 0.000e+00
1498 4.156e-02 1.590e-03 -9.138e-04 0.000e+00
1499 3.647e-02 5.690e-03 -2.066e-03 5.379e+01
1500 3.012e-02 -4.162e-03 2.259e-03 0.000e+00
1501 2.544e-02 1.296e-03 -2.499e-05 0.000e+00
1502 1.640e-02 8.340e-03 1.030e-03 3.465e+01
1503 2.005e-02 -7.691e-04 7.864e-03 0.000e+00
1504 1.736e-02 -2.813e-03 -2.241e-03 0.000e+00
1505 1.517e-02 -2.769e-03 3.564e-03 0.000e+00
1506 1.277e-02 -1.978e-03 -5.433e-04 0.000e+00
1507 9.783e-03 6.784e-03 2.488e-03 4.290e+00
1508 1.247e-02 -4.367e-03 2.876e-03 0.000e+00
1509 5.995e-03 3.392e-03 -5.768e-03 0.000e+00
1510 9.800e-03 2.356e-04 5.592e-04 0.000e+00
1511 9.943e-04 -2.229e-04 9.964e-04 0.000e+00
1512 3.643e-03 2.600e-03 -1.856e-03 0.000e+00
1513 1.948e-03 1.071e-03 1.461e-03 0.000e+00
1514 6.313e-03 3.131e-03 3.451e-03 0.000e+00
1515 3.718e-03 -4.273e-03 7.132e-04 0.000e+00
1516 1.399e-03 1.819e-03 1.306e-03 0.000e+00
1517 3.439e-03 -4.303e-03 3.447e-04 0.000e+00
1518 2.348e-03 5.179e-03 3.084e-03 4.116e+01
1519 -1.093e-03 -4.242e-03 1.371e-03 0.000e+00
1520 2.889e-03 -3.719e-03 -7.601e-04 0.000e+00
1521 4.595e-03 -2.181e-03 1.055e-03 0.000e+00
1522 6.290e-03 2.210e-03 1.958e-03 0.000e+00
1523 -3.364e-03 -3.636e-03 -8.732e-04 0.000e+00
1524 -2.475e-03 -4.446e-03 2.832e-04 0.000e+00
1525 -1.531e-03 5.867e-03 2.286e-03 -1.438e+00
1526 -2.582e-03 -2.763e-04 -1.671e-03 0.000e+00
1527 -2.422e-04 7.468e-05 -2.802e-03 0.000e+00
1528 -4.283e-04 2.918e-03 -2.950e-04 0.000e+00
1529 1.261e-03 -2.926e-03 1.018e-03 0.000e+00
1530 -4.697e-03 1.580e-03 -1.060e-03 0.000e+00
1531 -2.452e-03 2.426e-03 -2.860e-03 0.000e+00
1532 -6.150e-06 -3.756e-03 -2.289e-03 0.000e+00
1533 1.532e-03 5.574e-04 4.005e-03 0.000e+00
1534 -2.114e-03 -1.902e-04 2.822e-03 0.000e+00
1535 1.098e-03 3.653e-03 4.770e-03 0.000e+00
1536 -2.789e-03 -4.380e-05 5.560e-03 0.000e+00
1537 1.411e-03 3.106e-03 -2.446e-03 0.000e+00
1538 -1.062e-03 -4.043e-03 -3.052e-03 0.000e+00
1539 -3.530e-03 -3.955e-03 8.973e-04 0.000e+00
1540 -2.645e-04 9.359e-04 9.972e-04 0.000e+00
1541 -1.321e-03 1.591e-03 5.277e-05 0.000e+00
1542 8.803e-04 -3.351e-03 1.900e-04 0.000e+00
1543 8.680e-04 2.637e-03 4.305e-03 0.000e+00
1544 4.710e-04 3.214e-04 9.350e-05 0.000e+00
1545 6.626e-03 3.898e-04 -6.386e-04 0.000e+00
1546 7.013e-04 -5.092e-04 3.935e-04 0.000e+00
1547 6.782e-04 -2.296e-03 4.070e-03 0.000e+00
1548 -5.211e-03 1.830e-03 5.067e-03 0.000e+00
1549 -3.398e-03 6.202e-03 -7.560e-04 -2.803e+01
1550 6.430e-03 -4.358e-03 -3.536e-03 0.000e+00
1551 -2.705e-03 -4.088e-03 -7.289e-04 0.000e+00
1552 1.792e-04 5.812e-04 -7.940e-04 0.000e+00
1553 4.961e-04 1.960e-03 1.610e-03 0.000e+00
1554 -3.850e-03 4.525e-03 4.677e-03 -6.545e+01
1555 -9.960e-04 -3.921e-03 3.807e-03 0.000e+00
1556 1.269e-03 -6.219e-04 -9.300e-04 0.000e+00
1557 -1.176e-03 2.831e-03 -3.814e-03 0.000e+00
1558 1.030e-03 -8.516e-04 1.521e-04 0.000e+00
1559 -2.232e-03 2.363e-03 3.204e-03 0.000e+00
1560 -3.279e-03 1.174e-03 7.892e-04 0.000e+00
1561 -2.144e-03 9.686e-04 -1.717e-03 0.000e+00
1562 3.346e-03 5.993e-03 -2.728e-03 -9.645e+01
1563 -2.922e-03 2.308e-03 -8.458e-04 0.000e+00
1564 -8.643e-04 2.341e-03 -4.665e-04 0.000e+00
1565 8.083e-05 -6.532e-04 3.130e-04 0.000e+00
1566 -2.733e-03 1.472e-03 2.818e-03 0.000e+00
1567 -3.850e-03 6.053e-03 -1.601e-04 -2.373e+01
1568 8.764e-06 3.496e-03 9.954e-04 0.000e+00
1569 1.242e-03 -1.412e-03 -4.018e-03 0.000e+00
1570 9.780e-05 -4.218e-03 4.778e-04 0.000e+00
1571 -1.047e-03 -3.453e-03 2.756e-03 0.000e+00
1572 3.380e-04 -4.040e-03 -4.075e-03 0.000e+00
1573 4.149e-03 -2.474e-03 2.729e-03 0.000e+00
1574 3.037e-04 3.498e-03 -2.908e-04 0.000e+00
1575 1.064e-03 -3.670e-03 5.456e-03 0.000e+00
1576 2.434e-03 -3.081e-03 -3.214e-03 0.000e+00
1577 -2.213e-03 3.915e-03 -7.267e-04 0.000e+00
1578 4.120e-03 -4.245e-03 4.273e-03 0.000e+00
1579 2.758e-03 -2.816e-03 -7.761e-04 0.000e+00
1580 9.731e-04 -2.943e-03 1.866e-04 0.000e+00
1581 -2.978e-04 -4.408e-03 2.324e-03 0.000e+00
1582 -5.884e-03 -3.297e-03 9.396e-04 0.000e+00
1583 -2.526e-03 1.791e-03 -3.501e-04 0.000e+00
1584 -1.328e-03 -2.996e-03 4.893e-03 0.000e+00
1585 -5.923e-03 1.064e-04 6.480e-03 0.000e+00
1586 -1.709e-03 -4.169e-03 2.390e-03 0.000e+00
1587 -1.176e-03 4.608e-03 -4.084e-03 -1.982e+01
1588 3.716e-04 2.495e-03 -3.700e-04 0.000e+00
1589 -1.523e-03 2.819e-03 1.037e-03 0.000e+00
1590 1.206e-03 9.684e-04 -3.710e-04 0.000e+00
1591 -3.538e-03 -5.776e-04 2.335e-04 0.000e+00
1592 -1.444e-03 1.503e-03 -5.547e-03 0.000e+00
1593 -2.058e-03 -2.858e-03 3.376e-03 0.000e+00
1594 1.011e-03 1.378e-03 -2.783e-03 0.000e+00
1595 2.076e-03 2.947e-04 -7.076e-04 0.000e+00
1596 -5.864e-04 -4.258e-03 -2.410e-03 0.000e+00
1597 7.302e-04 -3.247e-03 8.980e-04 0.000e+00
1598 2.782e-03 -3.253e-03 2.049e-03 0.000e+00
1599 3.370e-04 -3.776e-03 -3.662e-05 0.000e+00
1600 -5.168e-03 -4.036e-03 3.665e-03 0.000e+00
1601 2.468e-03 -3.618e-03 -3.083e-03 0.000e+00
1602 -3.206e-03 -3.086e-03 4.389e-04 0.000e+00
1603 2.346e-03 1.753e-03 6.755e-05 0.000e+00
1604 3.311e-03 1.017e-04 1.631e-03 0.000e+00
1605 2.087e-03 -4.216e-03 -6.506e-04 0.000e+00
1606 3.643e-03 1.999e-03 -2.606e-03 0.000e+00
1607 1.431e-03 -3.939e-03 -1.753e-03 0.000e+00
1608 4.508e-04 -8.488e-04 -5.997e-03 0.000e+00
1609 -3.874e-03 -1.476e-04 9.265e-04 0.000e+00
1610 3.408e-03 -4.257e-03 -7.564e-04 0.000e+00
1611 -1.803e-03 1.111e-03 2.878e-03 0.000e+00
1612 -1.448e-03 -3.997e-03 1.566e-04 0.000e+00
1613 -4.865e-03 1.462e-03 -2.554e-04 0.000e+00
1614 -2.539e-03 2.766e-03 4.401e-03 0.000e+00
1615 -1.036e-03 1.495e-03 1.952e-03 0.000e+00
1616 -4.000e-03 1.799e-03 -2.216e-03 0.000e+00
1617 -1.490e-03 1.082e-03 -3.013e-03 0.000e+00
1618 1.161e-03 -3.889e-03 -3.704e-03 0.000e+00
1619 -1.005e-03 -3.316e-03 2.158e-03 0.000e+00
1620 -4.898e-04 4.880e-03 3.182e-03 -2.944e+01
1621 -3.184e-05 -1.547e-04 2.790e-03 0.000e+00
1622 -2.562e-03 -3.842e-03 2.534e-03 0.000e+00
1623 -3.608e-03 -2.732e-03 4.416e-03 0.000e+00
1624 6.378e-03 -3.012e-03 -1.125e-03 0.000e+00
1625 1.820e-03 -3.626e-03 7.632e-04 0.000e+00
1626 5.175e-04 -3.368e-03 5.927e-03 0.000e+00
1627 -6.822e-04 -3.682e-03 1.391e-03 0.000e+00
1628 -4.569e-03 1.012e-03 1.629e-03 0.000e+00
1629 -3.782e-04 -3.072e-03 -2.954e-03 0.000e+00
1630 2.290e-03 9.832e-04 -1.997e-03 0.000e+00
1631 1.206e-03 -4.481e-04 7.567e-04 0.000e+00
1632 -1.042e-03 2.845e-03 3.523e-04 0.000e+00
1633 2.162e-03 9.571e-04 -5.907e-04 0.000e+00
1634 -4.124e-03 6.263e-03 1.760e-03 -8.036e+01
1635 -4.706e-03 7.723e-04 2.046e-03 0.000e+00
1636 1.997e-03 -3.421e-03 -7.873e-04 0.000e+00
1637 7.480e-03 1.641e-03 3.384e-04 0.000e+00
1638 -5.610e-04 -4.303e-03 -2.639e-03 0.000e+00
1639 1.100e-03 -4.447e-03 8.223e-04 0.000e+00
1640 1.544e-03 -3.766e-03 8.082e-04 0.000e+00
1641 2.855e-03 6.027e-04 -4.250e-03 0.000e+00
1642 -4.698e-03 2.859e-03 -2.723e-04 0.000e+00
1643 9.434e-04 -3.647e-03 3.420e-03 0.000e+00
1644 -3.427e-03 -4.422e-03 2.963e-04 0.000e+00
1645 -1.675e-03 -2.376e-03 -9.828e-04 0.000e+00
1646 -1.874e-03 -2.751e-04 3.147e-03 0.000e+00
1647 -2.340e-03 -1.269e-03 -1.812e-03 0.000e+00
1648 -5.376e-03 3.530e-03 -4.472e-03 0.000e+00
1649 2.484e-04 1.567e-03 -1.134e-03 0.000e+00
1650 -2.639e-03 2.594e-03 -1.940e-04 0.000e+00
1651 2.051e-03 -4.252e-04 -1.129e-03 0.000e+00
1652 -6.356e-03 2.510e-03 4.849e-03 0.000e+00
1653 2.251e-03 1.589e-03 -2.424e-03 0.000e+00
1654 -2.259e-03 5.370e-04 2.139e-03 0.000e+00
1655 2.644e-03 -3.212e-03 1.115e-03 0.000e+00
1656 -1.563e-03 6.108e-03 1.200e-03 -1.007e+02
1657 -1.164e-03 3.903e-03 -2.377e-03 0.000e+00
1658 1.065e-03 -4.256e-03 -2.293e-03 0.000e+00
1659 -7.439e-04 -3.194e-03 -1.704e-03 0.000e+00
1660 -8.645e-04 -3.341e-03 -1.989e-03 0.000e+00
1661 1.722e-03 6.071e-04 3.485e-03 0.000e+00
1662 -2.633e-03 -2.790e-03 -6.397e-04 0.000e+00
1663 -1.156e-03 1.963e-03 2.154e-03 0.000e+00
1664 -7.339e-04 -3.718e-03 2.314e-03 0.000e+00
1665 6.924e-04 2.346e-04 1.293e-03 0.000e+00
1666 -3.920e-04 1.424e-03 1.182e-03 0.000e+00
1667 2.693e-04 -4.439e-03 4.355e-03 0.000e+00
1668 1.974e-03 -4.119e-03 2.162e-03 0.000e+00
1669 7.248e-04 3.522e-03 2.871e-04 0.000e+00
1670 -8.171e-04 3.791e-03 6.089e-03 0.000e+00
1671 1.471e-03 3.236e-03 5.455e-03 0.000e+00
1672 -5.635e-05 5.097e-04 -3.857e-03 0.000e+00
1673 2.013e-03 4.374e-03 -4.601e-03 -2.334e+01
1674 -2.132e-03 4.074e-03 1.104e-03 0.000e+00
1675 7.779e-04 -3.734e-03 6.895e-04 0.000e+00
1676 -8.883e-04 -3.986e-03 1.078e-03 0.000e+00
1677 5.413e-04 1.375e-04 3.986e-03 0.000e+00
1678 -5.030e-03 -1.680e-04 -4.227e-03 0.000e+00
1679 3.022e-03 -6.698e-04 -1.542e-03 0.000e+00
1680 -1.519e-03 4.094e-04 1.050e-03 0.000e+00
1681 -4.091e-04 8.935e-04 1.051e-03 0.000e+00
1682 -1.472e-04 2.255e-03 6.698e-04 0.000e+00
1683 -2.863e-03 1.954e-03 -1.290e-03 0.000e+00
1684 1.199e-03 -3.666e-03 -4.857e-03 0.000e+00
1685 -3.813e-03 7.307e-04 4.063e-03 0.000e+00
1686 1.603e-03 1.286e-03 -2.463e-03 0.000e+00
1687 1.982e-03 3.194e-03 6.704e-04 0.000e+00
1688 8.959e-04 2.644e-03 5.253e-04 0.000e+00
1689 2.500e-03 1.871e-03 -6.397e-04 0.000e+00
1690 1.223e-03 2.716e-03 8.360e-04 0.000e+00
1691 2.587e-03 -4.203e-03 2.906e-03 0.000e+00
1692 -5.358e-03 2.392e-03 8.344e-04 0.000e+00
1693 4.220e-03 -4.180e-03 5.285e-03 0.000e+00
1694 -4.447e-03 5.897e-04 -6.253e-04 0.000e+00
1695 -4.433e-04 -4.343e-03 4.616e-04 0.000e+00
1696 -3.780e-03 4.946e-03 -2.070e-03 -7.908e+01
1697 -3.816e-03 2.791e-03 -1.984e-03 0.000e+00
1698 -1.395e-03 2.136e-03 6.447e-04 0.000e+00
1699 -2.414e-03 -4.303e-03 1.177e-04 0.000e+00
1700 4.993e-03 -5.870e-04 -3.066e-03 0.000e+00
1701 7.640e-04 -3.231e-03 -1.103e-04 0.000e+00
1702 -1.184e-04 3.593e-03 2.989e-03 0.000e+00
1703 -1.431e-03 3.378e-04 2.283e-03 0.000e+00
1704 -1.073e-03 3.378e-03 2.016e-04 0.000e+00
1705 2.014e-03 5.154e-03 -2.378e-03 1.734e+01
1706 7.673e-03 -9.563e-04 -2.769e-03 0.000e+00
1707 2.897e-03 9.711e-05 1.180e-03 0.000e+00
1708 -2.257e-03 1.112e-03 3.719e-04 0.000e+00
1709 4.818e-03 1.826e-03 1.529e-03 0.000e+00
1710 -4.842e-06 -3.204e-04 2.421e-03 0.000e+00
1711 6.082e-05 1.481e-03 -3.443e-03 0.000e+00
1712 -3.546e-03 -4.145e-03 -2.133e-03 0.000e+00
1713 2.643e-03 -3.980e-03 -7.920e-04 0.000e+00
1714 1.828e-04 -1.563e-03 6.738e-04 0.000e+00
1715 1.702e-03 8.154e-04 2.777e-03 0.000e+00
1716 -1.848e-03 -3.895e-03 -4.297e-03 0.000e+00
1717 7.806e-04 -3.810e-03 -1.005e-03 0.000e+00
1718 2.605e-03 -2.672e-03 -1.883e-03 0.000e+00
1719 -7.183e-03 -3.082e-03 1.499e-03 0.000e+00
1720 -4.604e-03 5.456e-06 -2.190e-03 0.000e+00
1721 3.099e-03 7.180e-05 -1.889e-03 0.000e+00
1722 2.688e-03 -4.357e-03 2.114e-03 0.000e+00
1723 2.337e-03 -1.586e-03 2.724e-03 0.000e+00
1724 2.939e-03 1.334e-03 4.911e-03 0.000e+00
1725 -4.181e-03 8.796e-04 8.182e-05 0.000e+00
1726 1.460e-04 -9.351e-04 -1.595e-04 0.000e+00
1727 -4.020e-03 -3.476e-03 -2.261e-03 0.000e+00
1728 -1.171e-03 4.869e-03 6.725e-04 2.308e+01
1729 1.491e-04 -3.798e-03 -4.962e-04 0.000e+00
1730 1.670e-03 1.688e-03 -5.134e-04 0.000e+00
1731 1.392e-03 4.708e-03 9.595e-04 4.433e+01
1732 2.597e-03 -3.948e-03 -5.478e-05 0.000e+00
1733 1.344e-03 -3.810e-03 2.428e-03 0.000e+00
1734 -3.480e-03 7.210e-04 -3.796e-03 0.000e+00
1735 4.062e-03 -3.724e-03 2.006e-03 0.000e+00
1736 1.731e-03 -3.546e-03 1.164e-04 0.000e+00
1737 -3.468e-04 -3.659e-03 -4.306e-03 0.000e+00
1738 2.024e-03 -4.427e-03 1.596e-03 0.000e+00
1739 8.957e-04 1.031e-03 -3.480e-03 0.000e+00
1740 3.326e-03 1.436e-03 -3.061e-04 0.000e+00
1741 -2.255e-04 -3.592e-03 1.022e-03 0.000e+00
1742 1.339e-03 2.862e-03 4.244e-03 0.000e+00
1743 1.264e-03 -4.197e-03 -7.586e-03 0.000e+00
1744 2.105e-03 -4.176e-03 -3.854e-03 0.000e+00
1745 -1.564e-03 -1.538e-03 -3.235e-03 0.000e+00
1746 4.169e-04 3.061e-03 1.040e-03 0.000e+00
1747 -7.960e-04 -2.780e-03 -5.813e-04 0.000e+00
1748 1.316e-04 2.156e-03 -4.925e-04 0.000e+00
1749 1.847e-03 8.451e-04 -2.597e-04 0.000e+00
1750 2.107e-03 -6.240e-05 -4.002e-03 0.000e+00
1751 -1.576e-03 -3.350e-03 2.948e-03 0.000e+00
1752 -5.284e-04 -3.821e-03 -1.861e-03 0.000e+00
1753 -1.653e-03 -8.611e-04 9.059e-04 0.000e+00
1754 -4.238e-04 -3.287e-03 3.040e-03 0.000e+00
1755 1.181e-03 1.987e-04 3.911e-03 0.000e+00
1756 2.411e-03 -3.969e-03 3.067e-03 0.000e+00
1757 2.143e-03 2.387e-03 5.394e-03 0.000e+00
1758 -1.826e-03 -4.018e-03 -2.180e-03 0.000e+00
1759 5.024e-04 5.554e-03 6.831e-04 -4.840e+01
1760 -1.792e-03 -4.176e-03 2.786e-03 0.000e+00
1761 1.024e-03 3.610e-04 -5.116e-03 0.000e+00
1762 -1.321e-03 4.313e-03 2.136e-03 0.000e+00
1763 -3.954e-03 -4.083e-03 6.784e-04 0.000e+00
1764 -2.837e-04 -4.108e-03 6.968e-03 0.000e+00
1765 -4.287e-03 9.908e-04 2.630e-03 0.000e+00
1766 3.355e-03 3.576e-03 4.358e-03 0.000e+00
1767 -3.971e-04 3.290e-03 -8.405e-04 0.000e+00
1768 -2.057e-03 -3.433e-03 -1.782e-03 0.000e+00
1769 2.369e-03 -3.184e-03 2.106e-03 0.000e+00
1770 3.041e-03 3.440e-03 2.440e-04 0.000e+00
1771 -1.041e-03 1.521e-03 -2.184e-03 0.000e+00
1772 -7.214e-03 1.793e-04 -7.895e-04 0.000e+00
1773 1.069e-03 -2.582e-03 -6.642e-03 0.000e+00
1774 -3.763e-03 -4.539e-04 -4.643e-03 0.000e+00
1775 2.181e-03 -3.411e-03 1.773e-03 0.000e+00
1776 -2.099e-03 1.110e-03 1.357e-03 0.000e+00
1777 -1.123e-04 -4.211e-03 -3.904e-03 0.000e+00
1778 3.079e-04 4.036e-03 -2.863e-03 0.000e+00
1779 9.683e-04 -3.752e-03 2.241e-03 0.000e+00
1780 1.472e-03 -3.983e-03 8.340e-04 0.000e+00
1781 -3.981e-04 -1.480e-04 -2.443e-03 0.000e+00
1782 -2.472e-03 2.915e-03 -2.170e-03 0.000e+00
1783 1.420e-04 4.824e-03 -3.014e-03 -5.312e+01
1784 1.577e-03 3.131e-04 -6.578e-03 0.000e+00
1785 4.206e-03 6.094e-03 -2.324e-03 -5.931e+01
1786 4.447e-03 1.870e-03 -2.600e-03 0.000e+00
1787 -5.182e-03 -4.029e-03 2.237e-04 0.000e+00
1788 2.553e-03 1.745e-03 8.395e-03 0.000e+00
1789 -3.986e-03 2.402e-03 -6.999e-05 0.000e+00
1790 -9.878e-04 -4.034e-03 -4.193e-03 0.000e+00
1791 -3.814e-04 -2.893e-03 -4.052e-03 0.000e+00
1792 -1.027e-03 -3.952e-03 1.526e-03 0.000e+00
1793 4.550e-05 -4.329e-03 -2.117e-03 0.000e+00
1794 6.896e-04 2.592e-03 -3.430e-03 0.000e+00
1795 -3.348e-03 8.168e-04 -1.275e-04 0.000e+00
1796 5.490e-03 -4.002e-03 1.387e-04 0.000e+00
1797 4.321e-03 1.509e-03 -2.838e-03 0.000e+00
1798 -1.833e-03 5.778e-04 -8.356e-04 0.000e+00
1799 -2.099e-03 5.960e-03 -2.455e-03 7.201e+01
1800 2.535e-05 -3.214e-03 -2.231e-03 0.000e+00
1801 5.091e-04 1.841e-03 -7.363e-04 0.000e+00
1802 1.064e-02 -4.310e-03 6.884e-05 0.000e+00
1803 6.364e-03 -6.179e-04 4.796e-04 0.000e+00
1804 -2.132e-03 1.370e-03 -3.426e-03 0.000e+00
1805 -6.235e-03 -2.832e-03 2.487e-03 0.000e+00
1806 3.444e-03 -3.590e-03 2.015e-03 0.000e+00
1807 1.271e-03 8.456e-03 -4.617e-03 -2.628e+01
1808 -2.804e-03 -5.519e-04 -1.637e-03 0.000e+00
1809 -2.690e-03 -4.087e-03 3.700e-05 0.000e+00
1810 -1.009e-03 1.486e-03 9.810e-04 0.000e+00
1811 2.954e-03 -3.320e-03 1.200e-03 0.000e+00
1812 -1.714e-03 -3.195e-03 -1.384e-03 0.000e+00
1813 -3.117e-03 -4.260e-03 -9.666e-04 0.000e+00
1814 1.177e-03 -3.384e-03 -1.029e-03 0.000e+00
1815 -2.311e-04 -3.651e-03 4.750e-04 0.000e+00
1816 -1.490e-03 8.385e-04 -3.282e-04 0.000e+00
1817 -2.864e-03 -3.712e-03 2.469e-03 0.000e+00
1818 1.432e-03 -4.440e-03 4.263e-04 0.000e+00
1819 2.093e-03 -2.175e-03 -1.383e-03 0.000e+00
1820 -3.250e-03 -1.093e-04 3.851e-04 0.000e+00
1821 -4.302e-03 4.348e-03 -2.514e-03 -8.067e+01
1822 1.808e-03 -4.011e-03 -8.144e-04 0.000e+00
1823 -3.592e-03 4.226e-03 2.232e-03 0.000e+00
1824 3.978e-04 -3.061e-03 4.489e-03 0.000e+00
1825 -9.325e-04 3.246e-03 -2.875e-03 0.000e+00
1826 -1.274e-03 1.689e-03 -3.885e-03 0.000e+00
1827 -2.189e-03 -3.830e-03 8.666e-04 0.000e+00
1828 2.375e-03 -2.780e-05 2.912e-04 0.000e+00
1829 -9.103e-04 2.776e-03 3.313e-03 0.000e+00
1830 4.231e-03 6.273e-04 2.819e-03 0.000e+00
1831 -5.807e-04 1.366e-04 -9.562e-04 0.000e+00
1832 -2.598e-03 6.105e-04 -1.694e-03 0.000e+00
1833 1.309e-03 -6.290e-04 4.067e-03 0.000e+00
1834 1.395e-03 1.395e-03 -5.919e-03 0.000e+00
1835 1.236e-03 6.874e-04 -2.290e-03 0.000e+00
1836 -4.746e-03 -4.311e-03 -7.052e-03 0.000e+00
1837 -4.471e-03 -4.575e-05 -2.726e-04 0.000e+00
1838 3.533e-04 6.568e-04 1.464e-03 0.000e+00
1839 1.324e-04 2.822e-03 7.331e-04 0.000e+00
1840 4.858e-04 7.440e-04 3.028e-03 0.000e+00
1841 2.025e-03 1.389e-03 -1.224e-03 0.000e+00
1842 5.396e-05 -5.697e-04 -2.484e-03 0.000e+00
1843 2.860e-04 -3.923e-03 3.766e-03 0.000e+00
1844 -7.123e-04 -2.809e-03 -4.420e-03 0.000e+00
1845 1.394e-03 -4.212e-03 -1.291e-03 0.000e+00
1846 -4.191e-03 -4.421e-04 3.511e-03 0.000e+00
1847 -1.704e-03 4.635e-04 3.032e-03 0.000e+00
1848 1.770e-03 2.641e-03 -1.694e-03 0.000e+00
1849 -2.395e-03 -2.750e-03 -7.784e-04 0.000e+00
1850 -8.121e-04 2.035e-04 2.840e-03 0.000e+00
1851 8.150e-04 2.322e-03 -3.775e-03 0.000e+00
1852 3.493e-04 2.940e-04 8.620e-04 0.000e+00
1853 2.784e-03 -3.924e-03 -7.346e-04 0.000e+00
1854 3.118e-04 1.877e-03 1.487e-03 0.000e+00
1855 3.243e-03 -4.021e-03 -6.664e-03 0.000e+00
1856 -9.507e-04 -4.032e-03 2.783e-03 0.000e+00
1857 -1.581e-03 -3.629e-03 -3.562e-03 0.000e+00
1858 -3.494e-03 -3.106e-03 -2.375e-03 0.000e+00
1859 -4.673e-04 -2.910e-03 2.384e-03 0.000e+00
1860 3.446e-03 -4.302e-03 -3.907e-03 0.000e+00
1861 4.776e-04 8.875e-04 1.026e-03 0.000e+00
1862 -2.699e-03 -3.668e-03 1.152e-03 0.000e+00
1863 4.841e-03 -2.982e-05 3.230e-03 0.000e+00
1864 -2.730e-03 -3.461e-03 -2.453e-03 0.000e+00
1865 -6.741e-04 2.784e-03 3.548e-03 0.000e+00
1866 4.509e-04 2.631e-03 -4.794e-03 0.000e+00
1867 2.016e-03 -4.362e-03 4.349e-03 0.000e+00
1868 -4.355e-03 2.366e-03 5.454e-03 0.000e+00
1869 5.370e-03 -4.277e-03 -3.392e-03 0.000e+00
1870 5.908e-04 1.853e-04 3.293e-04 0.000e+00
1871 -3.397e-03 5.225e-03 9.959e-04 5.397e+01
1872 4.034e-03 -3.724e-03 6.318e-03 0.000e+00
1873 6.088e-03 2.811e-03 -2.792e-03 0.000e+00
1874 1.168e-03 1.379e-03 6.813e-04 0.000e+00
1875 2.244e-03 6.993e-04 6.273e-03 0.000e+00
1876 -1.043e-04 8.752e-04 -1.771e-04 0.000e+00
1877 -9.997e-04 3.423e-04 -2.031e-03 0.000e+00
1878 5.695e-04 1.088e-03 -4.230e-03 0.000e+00
1879 -1.760e-03 6.549e-04 -1.867e-03 0.000e+00
1880 -1.903e-03 -5.915e-04 -3.863e-03 0.000e+00
1881 -4.152e-03 -3.399e-04 -5.551e-03 0.000e+00
1882 7.331e-04 -3.802e-03 -3.005e-04 0.000e+00
1883 -7.498e-04 -3.499e-03 4.567e-03 0.000e+00
1884 6.347e-04 -4.291e-03 4.190e-03 0.000e+00
1885 -2.960e-03 -1.007e-04 2.354e-03 0.000e+00
1886 1.839e-04 2.261e-03 -5.667e-05 0.000e+00
1887 7.358e-04 2.391e-03 4.163e-03 0.000e+00
1888 2.689e-03 -4.143e-03 3.945e-03 0.000e+00
1889 7.719e-04 2.468e-03 -1.925e-04 0.000e+00
1890 -1.030e-03 -9.670e-04 -3.728e-03 0.000e+00
1891 3.837e-03 1.146e-03 -2.690e-03 0.000e+00
1892 -6.766e-03 -4.292e-03 4.334e-03 0.000e+00
1893 5.975e-03 -3.334e-03 -2.293e-03 0.000e+00
1894 -3.866e-04 -3.111e-03 4.078e-03 0.000e+00
1895 3.427e-03 1.027e-03 6.130e-04 0.000e+00
1896 -7.550e-04 7.453e-04 4.622e-04 0.000e+00
1897 -3.101e-03 2.321e-03 -1.009e-03 0.000e+00
1898 5.352e-03 -4.435e-03 1.773e-03 0.000e+00
1899 7.701e-04 -4.416e-03 -2.576e-03 0.000e+00
1900 1.352e-03 -2.895e-03 -9.952e-04 0.000e+00
1901 8.649e-04 2.210e-04 -7.259e-03 0.000e+00
1902 -2.187e-03 -1.116e-03 2.413e-03 0.000e+00
1903 -2.404e-03 6.316e-03 -6.142e-04 4.523e+01
1904 -2.938e-03 -3.874e-03 -1.413e-03 0.000e+00
1905 1.727e-03 7.820e-04 -6.683e-03 0.000e+00
1906 5.291e-03 3.500e-04 1.039e-03 0.000e+00
1907 -2.262e-03 3.051e-03 -3.349e-03 0.000e+00
1908 2.682e-03 2.809e-03 -2.442e-03 0.000e+00
1909 -3.777e-03 1.510e-03 2.561e-03 0.000e+00
1910 1.102e-03 4.740e-03 2.671e-03 -6.378e+01
1911 -3.709e-03 3.855e-03 -3.099e-03 0.000e+00
1912 -6.039e-04 1.980e-03 2.914e-03 0.000e+00
1913 -1.036e-03 -1.137e-03 -6.238e-04 0.000e+00
1914 -6.927e-04 3.262e-03 -2.918e-03 0.000e+00
1915 -2.503e-03 1.236e-04 2.995e-03 0.000e+00
1916 -1.259e-03 4.224e-04 3.137e-03 0.000e+00
1917 -6.369e-04 3.198e-04 3.763e-04 0.000e+00
1918 1.547e-03 -7.471e-04 -5.059e-04 0.000e+00
1919 -1.436e-03 -3.763e-03 -1.605e-03 0.000e+00
1920 -7.733e-04 3.194e-03 -5.024e-04 0.000e+00
1921 2.392e-03 -3.563e-03 -2.563e-03 0.000e+00
1922 -2.512e-03 2.654e-03 -2.272e-04 0.000e+00
1923 -9.359e-04 -4.055e-03 2.815e-03 0.000e+00
1924 -3.483e-03 1.010e-03 -1.973e-03 0.000e+00
1925 -7.583e-03 -8.094e-04 1.252e-03 0.000e+00
1926 -2.680e-03 1.204e-03 6.899e-03 0.000e+00
1927 -1.136e-03 3.743e-04 -1.306e-03 0.000e+00
1928 4.857e-03 -2.982e-04 -1.668e-03 0.000e+00
1929 6.613e-03 3.326e-03 1.867e-04 0.000e+00
1930 -1.869e-03 -3.138e-03 3.573e-03 0.000e+00
1931 7.207e-04 -4.176e-03 -1.042e-04 0.000e+00
1932 -3.660e-03 2.605e-03 1.482e-03 0.000e+00
1933 -5.669e-04 -3.346e-03 2.464e-03 0.000e+00
1934 3.004e-03 -3.133e-03 3.145e-03 0.000e+00
1935 -4.750e-03 -4.320e-03 5.461e-03 0.000e+00
1936 -4.601e-04 7.103e-04 5.638e-04 0.000e+00
1937 -5.745e-03 -3.655e-03 2.101e-03 0.000e+00
1938 6.619e-05 3.641e-04 6.097e-04 0.000e+00
1939 -8.124e-04 -1.986e-04 -5.158e-03 0.000e+00
1940 7.009e-04 2.658e-03 -3.276e-03 0.000e+00
1941 1.716e-03 5.233e-04 -1.815e-03 0.000e+00
1942 -5.492e-03 2.521e-03 1.432e-03 0.000e+00
1943 5.566e-03 -3.481e-03 2.201e-04 0.000e+00
1944 -3.002e-03 1.113e-03 5.732e-03 0.000e+00
1945 5.370e-03 -4.441e-03 4.909e-03 0.000e+00
1946 6.411e-03 1.264e-03 1.964e-03 0.000e+00
1947 1.829e-03 5.907e-05 3.656e-05 0.000e+00
1948 -5.396e-04 -2.283e-03 3.541e-03 0.000e+00
1949 -8.549e-03 1.294e-03 2.321e-03 0.000e+00
1950 -3.357e-03 1.900e-03 -1.423e-03 0.000e+00
1951 4.615e-03 -3.625e-03 2.260e-04 0.000e+00
1952 -2.426e-03 1.364e-03 2.420e-03 0.000e+00
1953 2.158e-04 -3.044e-03 -2.975e-04 0.000e+00
1954 4.282e-04 -1.162e-03 -1.687e-03 0.000e+00
1955 -8.199e-05 -5.569e-04 2.634e-03 0.000e+00
1956 -1.603e-03 1.935e-03 1.188e-03 0.000e+00
1957 1.005e-03 4.431e-04 3.523e-04 0.000e+00
1958 -8.296e-04 -4.182e-03 -4.179e-03 0.000e+00
1959 4.097e-03 -4.101e-03 4.815e-03 0.000e+00
1960 -1.948e-03 -2.797e-03 1.404e-03 0.000e+00
1961 -3.784e-03 1.044e-03 1.511e-03 0.000e+00
1962 -1.023e-03 2.640e-03 7.928e-04 0.000e+00
1963 1.251e-03 -4.413e-03 2.622e-04 0.000e+00
1964 1.988e-03 -3.119e-03 -4.018e-03 0.000e+00
1965 2.945e-03 2.283e-03 1.698e-03 0.000e+00
1966 -2.038e-04 -4.169e-03 3.194e-03 0.000e+00
1967 -2.395e-03 3.519e-03 2.823e-03 0.000e+00
1968 5.222e-04 -3.195e-03 1.592e-03 0.000e+00
1969 -5.128e-03 -3.813e-03 -2.689e-03 0.000e+00
1970 -5.977e-04 1.477e-03 4.917e-03 0.000e+00
1971 3.244e-03 -5.110e-04 6.082e-04 0.000e+00
1972 3.644e-03 -6.497e-04 -1.653e-04 0.000e+00
1973 3.598e-03 -2.597e-03 -6.717e-04 0.000e+00
1974 -1.394e-03 2.986e-03 -2.356e-03 0.000e+00
1975 -2.585e-03 -3.738e-03 -2.633e-03 0.000e+00
1976 -7.680e-04 -3.661e-03 1.987e-03 0.000e+00
1977 -1.858e-04 2.403e-03 -4.073e-04 0.000e+00
1978 -1.317e-03 -4.107e-03 2.172e-03 0.000e+00
1979 -9.575e-04 4.352e-04 2.612e-03 0.000e+00
1980 -1.102e-03 1.755e-04 1.171e-03 0.000e+00
1981 3.052e-03 -2.511e-03 -2.083e-03 0.000e+00
1982 3.013e-03 4.521e-03 -2.034e-03 -6.002e+01
1983 -2.158e-03 -3.862e-03 1.243e-04 0.000e+00
1984 5.371e-03 -3.722e-03 1.513e-05 0.000e+00
1985 7.628e-04 3.288e-03 2.832e-03 0.000e+00
1986 1.147e-03 -3.642e-03 -4.062e-03 0.000e+00
1987 -7.331e-04 -5.676e-04 4.810e-04 0.000e+00
1988 -2.932e-03 1.624e-03 -1.893e-03 0.000e+00
1989 5.124e-04 -4.051e-03 1.392e-03 0.000e+00
1990 2.456e-03 -2.898e-03 -6.031e-03 0.000e+00
1991 5.128e-04 -4.348e-03 3.030e-03 0.000e+00
1992 -3.739e-04 3.403e-03 -2.129e-04 0.000e+00
1993 1.347e-03 2.161e-03 -1.981e-03 0.000e+00
1994 8.103e-04 -3.958e-03 -2.154e-03 0.000e+00
1995 7.331e-04 -3.656e-03 -1.024e-03 0.000e+00
1996 -1.712e-03 1.318e-03 1.732e-03 0.000e+00
1997 1.896e-04 -1.391e-03 1.277e-03 0.000e+00
1998 -1.217e-03 -3.285e-04 -3.515e-03 0.000e+00
1999 1.151e-03 6.615e-04 2.904e-04 0.000e+00
2000 2.955e-03 -2.150e-03 3.110e-04 0.000e+00
2001 -5.076e-03 -3.520e-03 -1.273e-03 0.000e+00
2002 -2.577e-03 2.240e-04 5.316e-03 0.000e+00
2003 2.164e-03 -2.871e-03 3.704e-04 0.000e+00
2004 1.455e-03 1.327e-03 -6.937e-04 0.000e+00
2005 7.884e-04 -4.060e-03 -3.452e-03 0.000e+00
2006 -1.352e-03 3.895e-03 -7.238e-04 0.000e+00
2007 -2.203e-03 -3.744e-03 -1.818e-03 0.000e+00
2008 -1.238e-03 -3.197e-03 1.476e-04 0.000e+00
2009 1.926e-03 1.799e-03 1.903e-03 0.000e+00
2010 -4.154e-03 -3.466e-03 3.447e-04 0.000e+00
2011 -2.768e-03 1.526e-03 -3.239e-03 0.000e+00
2012 -1.943e-03 3.003e-04 4.394e-03 0.000e+00
2013 1.025e-03 -4.228e-03 1.903e-03 0.000e+00
2014 -2.685e-03 4.745e-03 3.915e-03 -9.089e+01
2015 4.554e-03 -4.383e-03 1.952e-03 0.000e+00
2016 2.130e-03 7.313e-04 -1.171e-03 0.000e+00
2017 -7.916e-04 4.154e-03 9.830e-04 0.000e+00
2018 1.850e-03 -2.502e-03 8.522e-04 0.000e+00
2019 -1.760e-03 -2.673e-03 5.249e-03 0.000e+00
2020 2.617e-03 -3.590e-03 -1.757e-04 0.000e+00
2021 3.352e-03 -4.140e-03 -3.264e-03 0.000e+00
2022 -4.293e-03 -4.124e-03 -9.332e-04 0.000e+00
2023 2.313e-03 -3.907e-03 4.079e-04 0.000e+00
2024 -4.574e-03 -3.806e-03 2.110e-03 0.000e+00
2025 2.021e-03 1.512e-04 -9.626e-04 0.000e+00
2026 -2.926e-03 4.653e-03 -6.906e-04 2.000e+01
2027 -1.153e-03 -3.112e-03 -2.407e-03 0.000e+00
2028 1.472e-03 -1.192e-03 3.248e-03 0.000e+00
2029 2.568e-04 9.911e-04 2.012e-04 0.000e+00
2030 -1.337e-03 2.823e-03 2.130e-03 0.000e+00
2031 -1.332e-03 -1.154e-03 -8.207e-04 0.000e+00
2032 -1.335e-03 -3.254e-03 -3.052e-03 0.000e+00
2033 -1.658e-03 -4.168e-03 4.178e-04 0.000e+00
2034 -1.450e-03 1.083e-03 1.721e-04 0.000e+00
2035 5.399e-03 1.890e-03 -4.977e-04 0.000e+00
2036 1.473e-03 -3.540e-03 -5.292e-03 0.000e+00
2037 1.626e-03 3.852e-03 4.385e-03 0.000e+00
2038 2.531e-03 -8.498e-04 -5.827e-03 0.000e+00
2039 5.132e-03 -3.030e-03 -2.131e-04 0.000e+00
2040 3.296e-03 -2.166e-03 3.832e-03 0.000e+00
2041 5.090e-04 -4.085e-03 3.044e-03 0.000e+00
2042 3.815e-03 -2.290e-03 -5.812e-03 0.000e+00
2043 -2.057e-03 3.941e-03 -1.369e-03 0.000e+00
2044 1.472e-03 1.340e-03 4.652e-03 0.000e+00
2045 3.556e-04 3.797e-03 -2.827e-03 0.000e+00
2046 -2.785e-03 1.582e-03 1.011e-03 0.000e+00
2047 4.136e-03 -3.744e-03 -3.375e-03 0.000e+00
