Bin I L V PA
0 6.215e-03 1.550e-03 -2.842e-04 0.000e+00
1 -3.174e-03 3.037e-04 -4.708e-03 0.000e+00
2 5.272e-03 -5.251e-03 1.210e-03 0.000e+00
3 9.990e-03 1.360e-03 -1.360e-03 0.000e+00
4 1.998e-03 5.177e-03 2.076e-03 0.000e+00
5 -2.582e-03 -4.697e-03 9.784e-03 0.000e+00
6 9.181e-04 1.766e-03 1.547e-04 0.000e+00
7 3.941e-03 -5.735e-04 7.607e-04 0.000e+00
8 1.040e-03 -5.585e-03 -2.889e-03 0.000e+00
9 -1.363e-03 -5.978e-03 -4.751e-03 0.000e+00
10 3.011e-03 4.083e-03 -4.804e-03 0.000e+00
11 6.529e-03 5.796e-03 -5.092e-03 0.000e+00
12 7.845e-03 8.662e-03 -1.165e-03 2.819e+00
13 3.733e-03 5.012e-04 2.403e-03 0.000e+00
14 5.265e-04 2.251e-03 1.790e-03 0.000e+00
15 3.312e-03 -6.342e-03 2.873e-03 0.000e+00
16 4.512e-03 -6.388e-03 -2.140e-03 0.000e+00
17 7.596e-03 -6.540e-03 -5.544e-03 0.000e+00
18 -3.361e-03 8.218e-04 5.550e-04 0.000e+00
19 2.263e-04 -6.482e-03 3.019e-03 0.000e+00
20 -1.714e-04 -9.308e-04 -2.963e-04 0.000e+00
21 -3.552e-03 4.105e-03 7.734e-04 0.000e+00
22 -3.573e-03 3.281e-03 -8.767e-03 0.000e+00
23 -1.782e-03 -5.749e-03 -2.956e-03 0.000e+00
24 -3.533e-03 -5.338e-05 2.469e-03 0.000e+00
25 -3.326e-03 -5.629e-03 -4.531e-03 0.000e+00
26 -3.653e-03 -4.846e-03 -2.571e-03 0.000e+00
27 3.402e-04 1.261e-03 3.035e-03 0.000e+00
28 1.013e-04 7.289e-04 4.809e-03 0.000e+00
29 2.296e-03 -4.819e-03 -4.423e-04 0.000e+00
30 -8.744e-03 -2.175e-03 -7.139e-04 0.000e+00
31 1.945e-03 -1.539e-03 -7.120e-03 0.000e+00
32 -7.062e-04 -5.637e-03 3.715e-04 0.000e+00
33 -6.409e-05 5.895e-03 4.705e-03 0.000e+00
34 3.787e-03 1.977e-03 -5.909e-03 0.000e+00
35 6.966e-03 -5.636e-03 -4.008e-03 0.000e+00
36 -2.591e-03 -6.681e-03 -7.841e-04 0.000e+00
37 -6.696e-03 -4.182e-03 1.829e-03 0.000e+00
38 2.792e-03 -6.781e-03 1.731e-03 0.000e+00
39 4.376e-04 -5.706e-03 1.011e-03 0.000e+00
40 -1.589e-03 -6.353e-03 -4.917e-03 0.000e+00
41 7.099e-04 2.714e-03 5.822e-03 0.000e+00
42 1.753e-03 -5.318e-03 2.704e-03 0.000e+00
43 -5.749e-03 2.956e-03 -1.160e-02 0.000e+00
44 5.560e-03 -5.862e-03 -1.128e-03 0.000e+00
45 -1.240e-03 1.080e-03 -4.635e-04 0.000e+00
46 1.093e-02 8.495e-03 -5.580e-03 -4.819e+01
47 -4.951e-03 -6.751e-03 3.664e-03 0.000e+00
48 4.010e-03 3.753e-03 -2.200e-03 0.000e+00
49 7.251e-04 -7.097e-03 -6.189e-04 0.000e+00
50 1.056e-02 -4.147e-03 3.901e-03 0.000e+00
51 -3.004e-03 3.535e-04 8.285e-04 0.000e+00
52 4.463e-03 4.757e-03 3.275e-03 0.000e+00
53 -7.784e-03 -7.156e-03 1.980e-03 0.000e+00
54 -8.393e-03 -6.918e-03 -7.101e-03 0.000e+00
55 -1.742e-03 5.038e-03 -2.169e-03 0.000e+00
56 3.661e-03 4.320e-06 4.232e-03 0.000e+00
57 6.225e-03 3.907e-03 7.677e-03 0.000e+00
58 -3.348e-03 -4.910e-03 4.027e-03 0.000e+00
59 2.374e-03 4.810e-04 -3.146e-03 0.000e+00
60 -7.090e-03 -5.719e-03 3.000e-04 0.000e+00
61 -2.451e-03 -7.031e-03 7.513e-04 0.000e+00
62 -1.068e-03 3.501e-03 2.345e-03 0.000e+00
63 4.628e-03 -1.537e-03 2.585e-03 0.000e+00
64 -3.263e-03 2.505e-03 -5.072e-03 0.000e+00
65 -9.425e-04 3.310e-03 1.546e-05 0.000e+00
66 2.732e-03 -6.333e-03 2.857e-03 0.000e+00
67 -5.485e-03 -6.305e-03 -3.943e-03 0.000e+00
68 2.948e-03 -1.107e-03 -3.054e-03 0.000e+00
69 4.475e-03 9.582e-04 -5.898e-03 0.000e+00
70 4.823e-03 5.125e-03 -2.138e-03 0.000e+00
71 -1.526e-03 -8.881e-04 8.500e-04 0.000e+00
72 -4.255e-03 -6.842e-03 2.766e-04 0.000e+00
73 -6.802e-05 1.063e-05 -7.851e-03 0.000e+00
74 3.052e-03 2.954e-03 3.137e-03 0.000e+00
75 7.158e-03 5.161e-03 2.926e-03 0.000e+00
76 -7.583e-04 1.776e-03 3.622e-03 0.000e+00
77 -4.320e-03 -4.817e-03 4.070e-03 0.000e+00
78 -2.819e-04 3.764e-03 -1.514e-03 0.000e+00
79 -3.854e-04 -5.551e-03 7.073e-03 0.000e+00
80 2.389e-03 -6.654e-03 -5.700e-03 0.000e+00
81 -3.866e-03 -5.205e-03 -3.189e-03 0.000e+00
82 7.563e-03 -6.289e-03 5.800e-03 0.000e+00
83 3.482e-03 6.439e-04 8.326e-03 0.000e+00
84 1.446e-04 -1.666e-03 -6.628e-03 0.000e+00
85 3.820e-03 -6.471e-03 -1.463e-03 0.000e+00
86 2.306e-03 6.211e-04 -5.934e-03 0.000e+00
87 1.308e-03 2.889e-03 5.617e-03 0.000e+00
88 3.217e-03 3.512e-03 9.858e-04 0.000e+00
89 9.019e-05 2.172e-03 -5.054e-03 0.000e+00
90 6.443e-03 -1.863e-03 -2.588e-03 0.000e+00
91 -2.772e-03 3.042e-03 -4.579e-03 0.000e+00
92 4.258e-04 -1.388e-03 -7.546e-04 0.000e+00
93 7.364e-03 -6.462e-03 3.418e-03 0.000e+00
94 7.229e-05 -5.735e-03 3.227e-04 0.000e+00
95 3.188e-03 -4.608e-03 7.936e-03 0.000e+00
96 1.351e-03 -5.724e-03 1.290e-03 0.000e+00
97 -9.294e-04 -7.077e-03 3.993e-04 0.000e+00
98 -3.683e-03 -6.915e-03 -6.440e-04 0.000e+00
99 5.829e-03 1.462e-05 -1.071e-03 0.000e+00
100 8.459e-03 -4.576e-03 1.788e-03 0.000e+00
101 -1.939e-03 1.545e-04 9.596e-03 0.000e+00
102 -1.441e-03 -5.485e-03 5.776e-04 0.000e+00
103 -4.834e-03 2.428e-03 3.346e-03 0.000e+00
104 -1.197e-04 -6.850e-03 -5.247e-03 0.000e+00
105 3.734e-03 1.794e-03 3.385e-03 0.000e+00
106 -4.750e-03 -5.933e-03 4.639e-03 0.000e+00
107 4.389e-04 3.611e-03 2.539e-03 0.000e+00
108 -3.416e-04 -6.491e-03 7.717e-04 0.000e+00
109 5.007e-04 -3.075e-04 2.882e-03 0.000e+00
110 9.547e-03 2.507e-03 5.792e-04 0.000e+00
111 -9.934e-04 2.657e-03 3.654e-03 0.000e+00
112 -4.013e-03 2.177e-04 -7.323e-03 0.000e+00
113 2.388e-03 5.352e-03 -4.475e-03 0.000e+00
114 -2.181e-03 4.217e-03 1.469e-03 0.000e+00
115 -4.884e-04 2.039e-03 1.868e-03 0.000e+00
116 -2.725e-03 -3.509e-03 -1.456e-03 0.000e+00
117 9.528e-04 8.956e-04 3.846e-03 0.000e+00
118 -4.163e-04 -6.799e-03 -3.284e-03 0.000e+00
119 2.361e-03 -6.981e-03 6.709e-03 0.000e+00
120 -1.973e-03 1.896e-03 -7.481e-05 0.000e+00
121 -3.586e-03 -1.557e-03 3.832e-03 0.000e+00
122 -2.938e-03 2.828e-03 1.143e-03 0.000e+00
123 -2.426e-03 2.554e-03 -2.692e-03 0.000e+00
124 3.929e-03 -6.745e-03 -2.685e-03 0.000e+00
125 -4.245e-03 8.955e-04 -1.544e-03 0.000e+00
126 -3.875e-03 -6.038e-03 2.303e-03 0.000e+00
127 5.010e-03 8.005e-03 2.180e-03 -9.366e+01
128 -2.050e-03 5.918e-04 3.697e-03 0.000e+00
129 4.751e-05 1.887e-03 5.134e-03 0.000e+00
130 -2.437e-03 -4.521e-03 -2.012e-03 0.000e+00
131 -4.430e-03 3.893e-03 6.109e-03 0.000e+00
132 9.769e-03 -5.214e-03 -1.003e-03 0.000e+00
133 -6.111e-04 -6.815e-03 2.806e-03 0.000e+00
134 -5.610e-04 -6.314e-03 1.529e-03 0.000e+00
135 -2.892e-03 -6.561e-03 2.832e-04 0.000e+00
136 -1.340e-04 -7.087e-03 6.104e-03 0.000e+00
137 3.903e-03 5.905e-03 6.205e-03 0.000e+00
138 3.657e-03 2.432e-03 -3.616e-03 0.000e+00
139 4.937e-03 8.514e-03 3.720e-04 -8.855e+01
140 -7.140e-03 -6.291e-03 7.607e-03 0.000e+00
141 -6.270e-03 5.464e-03 -7.535e-03 0.000e+00
142 1.502e-03 6.064e-03 -2.751e-03 0.000e+00
143 -3.838e-03 -6.030e-03 -1.415e-03 0.000e+00
144 9.996e-03 -1.733e-03 -9.254e-04 0.000e+00
145 5.643e-03 5.068e-03 -5.590e-05 0.000e+00
146 -2.392e-03 6.710e-03 -2.431e-03 -8.552e+01
147 7.151e-04 4.160e-03 7.236e-03 0.000e+00
148 4.155e-03 -5.386e-03 6.846e-03 0.000e+00
149 1.017e-03 3.645e-03 -2.504e-04 0.000e+00
150 -1.166e-03 -3.626e-03 1.611e-03 0.000e+00
151 -4.856e-03 -6.515e-03 3.705e-03 0.000e+00
152 7.523e-04 5.229e-03 -6.021e-03 0.000e+00
153 4.964e-03 -6.372e-03 -1.283e-03 0.000e+00
154 4.440e-03 4.962e-04 6.381e-03 0.000e+00
155 3.430e-03 -1.399e-03 -5.528e-03 0.000e+00
156 3.993e-03 -5.843e-03 -5.194e-03 0.000e+00
157 5.360e-04 4.176e-03 4.335e-04 0.000e+00
158 -5.154e-03 3.161e-03 2.481e-03 0.000e+00
159 6.649e-03 1.251e-02 8.993e-04 -6.718e+01
160 2.598e-03 3.333e-03 -1.739e-03 0.000e+00
161 -1.100e-02 2.856e-03 4.071e-03 0.000e+00
162 1.679e-03 3.156e-03 1.877e-04 0.000e+00
163 1.898e-03 3.151e-03 -6.077e-03 0.000e+00
164 3.203e-03 -5.563e-03 1.570e-03 0.000e+00
165 3.194e-03 -5.607e-03 -1.406e-03 0.000e+00
166 3.996e-03 5.237e-04 4.736e-03 0.000e+00
167 9.470e-04 -6.849e-03 -1.406e-04 0.000e+00
168 -1.740e-03 -5.374e-03 3.950e-03 0.000e+00
169 2.213e-03 -7.650e-05 4.770e-03 0.000e+00
170 4.346e-03 -3.393e-04 -9.769e-04 0.000e+00
171 -5.107e-03 2.453e-04 -7.133e-03 0.000e+00
172 -5.957e-03 -5.141e-03 1.384e-03 0.000e+00
173 -4.991e-03 -6.056e-03 -8.479e-03 0.000e+00
174 -4.524e-03 1.664e-03 -1.384e-03 0.000e+00
175 -1.022e-03 1.072e-03 3.044e-03 0.000e+00
176 -2.160e-03 7.900e-04 1.680e-03 0.000e+00
177 5.936e-03 8.216e-04 -1.928e-03 0.000e+00
178 3.862e-03 -4.710e-04 -7.178e-04 0.000e+00
179 -2.514e-03 2.423e-03 1.264e-03 0.000e+00
180 -1.093e-02 1.226e-03 4.576e-04 0.000e+00
181 5.047e-03 8.562e-04 2.415e-04 0.000e+00
182 -5.502e-03 -7.178e-03 8.655e-04 0.000e+00
183 -2.377e-03 6.220e-04 1.437e-04 0.000e+00
184 -2.392e-03 -6.021e-03 -1.357e-03 0.000e+00
185 2.524e-03 2.411e-03 2.141e-04 0.000e+00
186 -1.561e-03 4.215e-03 8.985e-03 0.000e+00
187 -1.801e-03 6.620e-04 -4.449e-03 0.000e+00
188 6.895e-03 -6.143e-03 3.913e-03 0.000e+00
189 3.817e-03 -5.006e-03 -1.469e-02 0.000e+00
190 3.345e-03 -5.600e-03 1.537e-03 0.000e+00
191 -2.120e-03 -4.973e-03 3.898e-03 0.000e+00
192 -1.857e-03 -4.331e-03 -2.862e-03 0.000e+00
193 8.123e-04 9.056e-03 -2.502e-03 -7.042e+01
194 5.710e-03 6.254e-03 -1.689e-04 0.000e+00
195 -9.727e-04 4.438e-03 3.543e-03 0.000e+00
196 -6.468e-03 -7.139e-03 -7.251e-03 0.000e+00
197 3.031e-03 -9.377e-04 -3.467e-03 0.000e+00
198 1.343e-03 -6.533e-03 3.232e-03 0.000e+00
199 -5.586e-04 3.504e-04 -4.088e-03 0.000e+00
200 -4.682e-03 1.303e-03 2.816e-03 0.000e+00
201 8.855e-04 6.415e-03 -6.140e-03 0.000e+00
202 -3.353e-03 -7.201e-03 3.339e-04 0.000e+00
203 -1.461e-03 -6.984e-03 -8.792e-04 0.000e+00
204 8.205e-04 -6.220e-03 -6.817e-03 0.000e+00
205 3.784e-03 7.641e-04 -3.894e-03 0.000e+00
206 1.190e-03 1.440e-03 -7.173e-04 0.000e+00
207 -5.139e-04 -3.442e-03 -1.446e-02 0.000e+00
208 -2.328e-03 4.163e-03 -1.016e-03 0.000e+00
209 -6.589e-05 5.193e-04 -1.890e-03 0.000e+00
210 1.595e-03 4.276e-03 4.067e-05 0.000e+00
211 -3.016e-03 8.301e-04 5.135e-03 0.000e+00
212 -5.565e-03 4.012e-03 -4.430e-04 0.000e+00
213 2.746e-03 3.176e-03 2.075e-03 0.000e+00
214 3.300e-03 -6.685e-03 -1.713e-03 0.000e+00
215 -1.331e-03 -3.280e-03 3.562e-03 0.000e+00
216 -7.764e-03 2.948e-03 2.065e-03 0.000e+00
217 2.732e-04 2.287e-03 2.099e-03 0.000e+00
218 2.517e-03 -6.005e-03 3.673e-03 0.000e+00
219 4.165e-03 -6.689e-03 -4.575e-03 0.000e+00
220 -6.974e-03 1.572e-03 4.269e-03 0.000e+00
221 -4.498e-03 5.426e-03 -8.713e-03 0.000e+00
222 -8.788e-03 6.084e-03 -3.596e-03 0.000e+00
223 -1.468e-03 -7.038e-03 -1.087e-03 0.000e+00
224 4.888e-03 -6.255e-03 1.694e-03 0.000e+00
225 -2.291e-04 6.225e-03 -1.617e-03 0.000e+00
226 1.224e-03 -3.433e-03 -4.393e-03 0.000e+00
227 -2.469e-03 1.245e-03 -2.375e-03 0.000e+00
228 8.416e-04 -5.599e-03 -3.303e-03 0.000e+00
229 -2.652e-04 2.686e-03 -2.750e-03 0.000e+00
230 -9.025e-05 -5.618e-03 -3.927e-04 0.000e+00
231 -6.016e-03 -9.850e-04 -3.121e-03 0.000e+00
232 -9.884e-03 3.597e-03 -1.624e-03 0.000e+00
233 -4.581e-04 -5.989e-03 2.557e-03 0.000e+00
234 -6.671e-04 -1.460e-04 1.634e-03 0.000e+00
235 6.151e-03 1.869e-03 -7.460e-03 0.000e+00
236 8.077e-03 -4.678e-03 -1.662e-03 0.000e+00
237 -1.183e-03 -2.371e-03 8.322e-04 0.000e+00
238 -2.693e-03 -4.418e-03 2.197e-03 0.000e+00
239 -5.875e-03 1.791e-03 -4.821e-03 0.000e+00
240 8.914e-04 -4.277e-03 -5.586e-03 0.000e+00
241 -4.348e-04 -6.412e-03 -3.302e-03 0.000e+00
242 -4.766e-03 1.930e-03 2.000e-03 0.000e+00
243 3.719e-03 -6.809e-03 1.889e-03 0.000e+00
244 -5.068e-03 -4.764e-03 5.616e-03 0.000e+00
245 3.067e-03 -5.243e-03 -6.355e-04 0.000e+00
246 -9.063e-04 8.639e-04 1.680e-03 0.000e+00
247 1.710e-03 -6.751e-04 4.288e-03 0.000e+00
248 5.436e-03 4.241e-03 -2.373e-03 0.000e+00
249 3.787e-03 7.692e-04 -5.509e-03 0.000e+00
250 7.161e-03 2.936e-03 3.835e-03 0.000e+00
251 5.988e-03 -5.666e-03 -4.127e-03 0.000e+00
252 2.619e-03 -7.185e-03 2.809e-03 0.000e+00
253 2.354e-03 -1.006e-04 5.385e-03 0.000e+00
254 -3.557e-03 -6.752e-03 -4.876e-05 0.000e+00
255 6.424e-03 7.746e-03 6.772e-03 -4.626e+01
256 1.973e-03 -1.077e-03 -7.836e-03 0.000e+00
257 -2.087e-03 5.901e-04 1.133e-04 0.000e+00
258 -5.438e-03 1.994e-03 1.955e-03 0.000e+00
259 -4.287e-03 8.664e-03 -6.428e-03 -3.024e+01
260 7.005e-04 2.167e-03 -6.578e-03 0.000e+00
261 -1.206e-03 -6.506e-03 1.957e-03 0.000e+00
262 -3.597e-03 4.093e-04 -8.606e-03 0.000e+00
263 4.042e-03 -6.394e-03 -3.421e-03 0.000e+00
264 4.390e-03 -6.394e-03 9.325e-03 0.000e+00
265 -1.020e-03 5.037e-03 -2.523e-03 0.000e+00
266 -3.689e-03 7.026e-03 -6.863e-03 -1.793e+01
267 3.661e-03 6.517e-05 4.629e-03 0.000e+00
268 1.070e-03 5.634e-03 -1.434e-03 0.000e+00
269 -3.699e-03 1.113e-04 -6.310e-04 0.000e+00
270 3.160e-03 3.405e-03 1.979e-03 0.000e+00
271 -1.998e-03 9.810e-03 -4.294e-03 -6.504e+01
272 7.476e-03 -4.178e-03 2.394e-03 0.000e+00
273 -1.740e-03 -7.144e-03 -1.525e-03 0.000e+00
274 -4.943e-03 3.817e-03 -1.441e-03 0.000e+00
275 2.119e-03 -6.712e-03 2.204e-03 0.000e+00
276 -7.173e-03 -1.537e-03 7.681e-03 0.000e+00
277 3.826e-03 -6.308e-03 -3.227e-03 0.000e+00
278 2.259e-03 -6.856e-03 5.976e-03 0.000e+00
279 -6.197e-04 -9.335e-04 1.039e-02 0.000e+00
280 1.217e-03 -7.884e-04 2.543e-03 0.000e+00
281 9.910e-04 2.814e-03 2.002e-03 0.000e+00
282 -2.514e-03 1.796e-03 -1.748e-03 0.000e+00
283 1.594e-03 -2.332e-04 1.582e-03 0.000e+00
284 3.727e-03 -4.044e-03 -4.373e-03 0.000e+00
285 -2.528e-03 -5.458e-03 -2.902e-03 0.000e+00
286 2.061e-03 -5.540e-03 4.624e-03 0.000e+00
287 -4.835e-03 3.703e-03 -9.709e-04 0.000e+00
288 -9.479e-03 -5.769e-03 4.116e-03 0.000e+00
289 -6.100e-03 -5.604e-03 -3.482e-03 0.000e+00
290 9.855e-04 -7.207e-03 1.136e-04 0.000e+00
291 3.601e-04 8.883e-04 6.242e-03 0.000e+00
292 5.907e-03 -5.799e-03 6.768e-04 0.000e+00
293 6.774e-04 2.291e-03 2.964e-03 0.000e+00
294 4.772e-03 2.630e-03 -3.208e-03 0.000e+00
295 2.504e-03 -5.284e-04 -6.972e-04 0.000e+00
296 9.730e-03 4.114e-03 -1.347e-03 0.000e+00
297 -2.430e-03 3.481e-03 1.716e-03 0.000e+00
298 -5.952e-05 4.954e-03 -5.211e-03 0.000e+00
299 -1.256e-03 -2.749e-04 5.840e-03 0.000e+00
300 -1.453e-03 2.682e-03 4.334e-03 0.000e+00
301 -1.282e-03 -6.855e-03 -2.077e-03 0.000e+00
302 -1.794e-03 -7.030e-03 2.187e-03 0.000e+00
303 2.905e-03 8.292e-04 3.080e-03 0.000e+00
304 -1.611e-03 4.806e-03 -2.149e-03 0.000e+00
305 -2.154e-03 5.560e-04 -6.317e-04 0.000e+00
306 1.288e-03 6.221e-03 -1.576e-03 0.000e+00
307 -4.600e-03 -5.907e-03 3.758e-03 0.000e+00
308 4.149e-03 2.411e-03 -3.105e-04 0.000e+00
309 -4.461e-03 9.054e-05 9.281e-03 0.000e+00
310 3.060e-03 -6.266e-03 -2.376e-04 0.000e+00
311 -1.841e-03 2.526e-05 4.037e-03 0.000e+00
312 1.003e-03 -5.168e-03 -6.431e-04 0.000e+00
313 1.138e-02 -6.100e-03 1.388e-03 0.000e+00
314 3.391e-03 -7.119e-03 -1.057e-02 0.000e+00
315 5.547e-03 6.961e-03 -1.327e-03 -4.543e-01
316 2.108e-03 -6.166e-03 -1.183e-03 0.000e+00
317 9.376e-03 6.810e-04 1.840e-03 0.000e+00
318 -1.741e-04 -3.624e-03 1.161e-03 0.000e+00
319 -2.881e-03 2.770e-03 2.358e-03 0.000e+00
320 -5.554e-03 8.848e-04 3.567e-04 0.000e+00
321 3.733e-03 5.768e-03 3.758e-03 0.000e+00
322 2.654e-05 -6.831e-03 5.389e-03 0.000e+00
323 -1.474e-03 2.885e-03 -2.397e-03 0.000e+00
324 3.102e-03 -6.807e-03 5.558e-03 0.000e+00
325 -1.113e-03 -2.184e-03 1.129e-03 0.000e+00
326 -2.471e-03 -6.700e-03 -3.338e-03 0.000e+00
327 2.679e-03 9.586e-04 -3.984e-03 0.000e+00
328 1.904e-03 4.041e-03 2.488e-03 0.000e+00
329 -1.340e-02 -3.511e-03 4.612e-03 0.000e+00
330 1.525e-03 2.997e-03 2.567e-03 0.000e+00
331 -1.529e-03 -1.026e-03 -4.552e-03 0.000e+00
332 7.954e-03 3.639e-03 -3.337e-03 0.000e+00
333 -5.689e-03 -5.358e-03 4.499e-03 0.000e+00
334 -1.151e-03 -6.815e-03 -2.846e-03 0.000e+00
335 -2.553e-03 1.127e-02 -2.116e-03 1.240e+01
336 2.689e-03 -7.138e-03 1.701e-03 0.000e+00
337 5.777e-03 3.876e-03 -3.546e-03 0.000e+00
338 -6.951e-05 -4.463e-03 2.801e-03 0.000e+00
339 7.708e-03 -6.463e-03 -6.231e-03 0.000e+00
340 1.800e-03 -5.508e-03 6.374e-03 0.000e+00
341 3.989e-04 -6.739e-03 -2.814e-03 0.000e+00
342 2.296e-04 1.517e-03 5.933e-03 0.000e+00
343 -1.170e-03 -4.764e-03 3.632e-03 0.000e+00
344 -3.037e-03 2.018e-04 -5.372e-04 0.000e+00
345 4.612e-03 6.689e-03 -3.337e-03 -1.575e+00
346 4.646e-03 -6.826e-03 2.268e-04 0.000e+00
347 -2.227e-03 -4.307e-03 -8.447e-03 0.000e+00
348 5.677e-03 2.161e-03 3.990e-04 0.000e+00
349 8.978e-04 -7.158e-03 1.127e-03 0.000e+00
350 -5.633e-03 -1.099e-03 -2.045e-03 0.000e+00
351 1.299e-03 3.729e-03 -9.193e-03 0.000e+00
352 -8.232e-04 2.092e-03 4.228e-03 0.000e+00
353 1.451e-03 2.139e-03 5.360e-04 0.000e+00
354 -1.960e-04 -2.213e-03 -2.454e-03 0.000e+00
355 -5.231e-03 1.503e-03 2.843e-03 0.000e+00
356 -7.681e-04 -6.841e-03 3.444e-03 0.000e+00
357 -3.340e-03 3.758e-03 -7.953e-03 0.000e+00
358 5.417e-03 9.364e-03 -2.499e-03 3.072e+01
359 2.530e-03 1.567e-03 -1.826e-03 0.000e+00
360 7.121e-04 -5.931e-03 -1.384e-05 0.000e+00
361 4.980e-03 -6.110e-03 2.301e-03 0.000e+00
362 -3.295e-03 4.013e-03 -3.086e-03 0.000e+00
363 6.348e-03 6.589e-03 3.384e-03 0.000e+00
364 -4.102e-03 -6.544e-03 3.378e-03 0.000e+00
365 8.064e-03 -5.981e-03 2.847e-03 0.000e+00
366 1.113e-03 7.468e-03 -1.027e-03 -2.371e+01
367 1.049e-02 4.524e-03 -2.437e-03 0.000e+00
368 -4.296e-03 -1.533e-03 1.510e-03 0.000e+00
369 6.753e-04 -5.505e-03 -4.638e-03 0.000e+00
370 3.818e-03 -1.031e-03 3.362e-03 0.000e+00
371 2.506e-03 2.752e-03 -3.252e-03 0.000e+00
372 -9.075e-04 -7.349e-04 7.280e-03 0.000e+00
373 6.580e-04 1.066e-03 1.713e-03 0.000e+00
374 2.993e-03 7.897e-03 5.193e-04 6.464e+01
375 -3.102e-03 8.028e-03 -1.322e-04 4.804e+01
376 9.587e-04 -3.744e-03 4.236e-04 0.000e+00
377 6.111e-03 5.543e-03 -2.237e-03 0.000e+00
378 2.910e-03 1.966e-03 3.437e-03 0.000e+00
379 -9.143e-04 -1.280e-03 -2.037e-03 0.000e+00
380 2.624e-03 -7.195e-03 -2.363e-03 0.000e+00
381 -8.164e-04 2.849e-03 -3.141e-03 0.000e+00
382 2.552e-03 2.191e-03 1.064e-03 0.000e+00
383 8.024e-03 1.692e-03 4.691e-03 0.000e+00
384 3.689e-03 -5.569e-03 3.326e-03 0.000e+00
385 -4.208e-03 2.976e-03 -5.018e-04 0.000e+00
386 -6.343e-04 -6.464e-03 1.077e-03 0.000e+00
387 1.120e-03 -6.359e-03 4.863e-03 0.000e+00
388 -2.339e-03 -6.309e-03 -3.709e-03 0.000e+00
389 4.269e-03 8.214e-04 5.655e-03 0.000e+00
390 -4.001e-03 5.285e-03 -3.224e-03 0.000e+00
391 2.254e-03 4.021e-04 -2.847e-03 0.000e+00
392 6.647e-03 6.998e-03 1.843e-03 -5.882e+01
393 9.627e-03 -9.868e-05 2.910e-03 0.000e+00
394 -2.565e-03 -6.189e-03 1.766e-03 0.000e+00
395 -5.992e-03 -7.108e-03 7.308e-03 0.000e+00
396 -4.141e-03 3.491e-03 -1.393e-06 0.000e+00
397 5.131e-03 -9.935e-04 1.025e-03 0.000e+00
398 -1.500e-03 -7.062e-03 -3.367e-03 0.000e+00
399 -4.168e-04 4.019e-03 -1.050e-02 0.000e+00
400 -7.683e-03 -5.512e-03 -2.056e-03 0.000e+00
401 -2.447e-03 1.755e-03 -4.542e-03 0.000e+00
402 1.727e-03 5.637e-04 4.303e-03 0.000e+00
403 -1.655e-03 4.029e-03 6.252e-03 0.000e+00
404 -5.698e-03 8.037e-03 3.584e-03 -9.200e+01
405 -7.759e-04 -6.713e-03 1.486e-03 0.000e+00
406 -1.268e-03 -6.972e-03 -4.433e-03 0.000e+00
407 -3.796e-03 -4.998e-03 1.382e-03 0.000e+00
408 -5.496e-03 -6.301e-04 5.519e-03 0.000e+00
409 -6.534e-04 -8.508e-04 -2.897e-03 0.000e+00
410 -1.737e-03 2.691e-03 3.833e-03 0.000e+00
411 -4.379e-04 -7.171e-03 -2.971e-03 0.000e+00
412 1.235e-03 5.717e-04 -1.023e-03 0.000e+00
413 -2.460e-03 -6.631e-03 -5.278e-03 0.000e+00
414 8.692e-03 -7.179e-03 -1.190e-04 0.000e+00
415 1.160e-03 -6.875e-04 -8.479e-03 0.000e+00
416 -6.691e-04 -5.078e-04 -5.067e-03 0.000e+00
417 -9.421e-04 5.767e-03 -1.465e-03 0.000e+00
418 4.591e-03 5.509e-03 -4.013e-03 0.000e+00
419 -3.010e-03 4.667e-03 -4.714e-03 0.000e+00
420 4.115e-03 -1.089e-03 -1.090e-02 0.000e+00
421 6.319e-03 -5.705e-03 -7.987e-03 0.000e+00
422 -3.479e-03 1.300e-03 1.551e-04 0.000e+00
423 1.261e-03 1.344e-03 7.230e-04 0.000e+00
424 1.900e-03 7.327e-04 -1.955e-03 0.000e+00
425 6.504e-04 -8.859e-04 -6.587e-03 0.000e+00
426 -3.363e-03 9.913e-04 -4.860e-04 0.000e+00
427 -3.064e-03 2.729e-03 2.589e-03 0.000e+00
428 6.230e-03 -4.489e-04 2.095e-03 0.000e+00
429 4.528e-03 2.049e-04 4.890e-03 0.000e+00
430 -3.604e-03 2.627e-03 6.750e-03 0.000e+00
431 2.081e-03 7.915e-03 3.968e-03 1.177e+01
432 3.398e-03 -5.795e-03 -3.432e-03 0.000e+00
433 -2.732e-03 -1.549e-04 -3.482e-04 0.000e+00
434 7.810e-04 -6.137e-03 5.165e-03 0.000e+00
435 5.615e-03 -1.304e-03 5.342e-04 0.000e+00
436 3.385e-03 4.361e-04 -4.698e-03 0.000e+00
437 -6.492e-03 -7.177e-03 4.615e-03 0.000e+00
438 -3.700e-03 4.270e-03 3.989e-03 0.000e+00
439 2.568e-03 -7.150e-03 -6.115e-06 0.000e+00
440 -1.834e-03 3.026e-03 4.456e-03 0.000e+00
441 -4.599e-03 1.170e-03 2.292e-04 0.000e+00
442 -3.825e-03 -6.266e-03 8.747e-03 0.000e+00
443 8.902e-05 7.772e-03 -5.741e-03 2.695e+01
444 5.212e-03 -5.953e-03 5.233e-03 0.000e+00
445 2.224e-03 -5.609e-03 6.862e-03 0.000e+00
446 7.259e-04 5.111e-03 -1.262e-02 0.000e+00
447 1.815e-03 3.595e-03 -5.236e-03 0.000e+00
448 5.169e-03 -6.082e-03 5.415e-03 0.000e+00
449 1.572e-03 -1.577e-03 -2.037e-03 0.000e+00
450 -1.099e-03 -1.673e-03 -1.392e-03 0.000e+00
451 -4.343e-03 -5.634e-03 6.373e-03 0.000e+00
452 1.676e-03 2.199e-03 -9.681e-03 0.000e+00
453 2.218e-03 3.172e-03 5.598e-04 0.000e+00
454 -3.017e-03 2.217e-03 4.222e-03 0.000e+00
455 -4.965e-03 4.302e-03 5.294e-04 0.000e+00
456 -4.006e-04 5.531e-03 -2.121e-03 0.000e+00
457 -4.472e-04 1.493e-03 5.454e-03 0.000e+00
458 -3.560e-03 7.023e-04 -4.036e-03 0.000e+00
459 -2.453e-03 2.364e-03 -1.394e-03 0.000e+00
460 -1.026e-03 -4.259e-03 -4.637e-03 0.000e+00
461 5.935e-03 2.117e-03 -4.579e-04 0.000e+00
462 5.994e-04 1.643e-03 -2.348e-03 0.000e+00
463 -7.005e-04 -6.606e-04 1.799e-03 0.000e+00
464 8.529e-03 -6.729e-03 -1.056e-03 0.000e+00
465 9.620e-04 -5.865e-03 -3.727e-03 0.000e+00
466 -2.308e-03 3.606e-03 -2.647e-03 0.000e+00
467 4.594e-04 -5.599e-03 -4.590e-03 0.000e+00
468 -2.250e-03 -2.100e-03 -4.471e-03 0.000e+00
469 5.543e-03 -6.524e-03 -2.895e-03 0.000e+00
470 7.096e-03 -5.297e-03 -3.209e-03 0.000e+00
471 3.422e-03 -6.471e-03 -4.390e-05 0.000e+00
472 -5.291e-04 1.582e-03 -4.198e-04 0.000e+00
473 -7.554e-03 3.591e-03 2.626e-03 0.000e+00
474 -2.209e-03 5.678e-04 -2.922e-03 0.000e+00
475 2.027e-03 -4.837e-03 -5.413e-03 0.000e+00
476 -6.189e-04 1.068e-03 6.741e-03 0.000e+00
477 5.838e-03 -6.758e-04 1.183e-03 0.000e+00
478 6.676e-04 4.632e-03 -2.642e-03 0.000e+00
479 -3.682e-03 -6.008e-03 3.084e-03 0.000e+00
480 1.755e-03 1.346e-03 2.338e-03 0.000e+00
481 -5.650e-03 3.315e-03 4.876e-03 0.000e+00
482 -5.600e-03 -6.396e-03 -9.539e-04 0.000e+00
483 1.344e-03 5.591e-03 1.731e-04 0.000e+00
484 -8.347e-04 4.103e-03 -1.817e-03 0.000e+00
485 -1.153e-03 -7.006e-03 2.041e-03 0.000e+00
486 -3.549e-03 -6.966e-03 1.600e-03 0.000e+00
487 3.435e-03 7.313e-03 -1.768e-03 -7.135e+01
488 -6.294e-03 2.362e-03 -4.498e-04 0.000e+00
489 3.348e-03 -6.744e-03 2.938e-05 0.000e+00
490 -3.594e-03 4.463e-03 -7.029e-04 0.000e+00
491 5.128e-03 5.324e-03 -1.349e-03 0.000e+00
492 7.077e-03 -4.121e-03 3.918e-03 0.000e+00
493 1.369e-03 8.569e-04 -5.393e-04 0.000e+00
494 -2.148e-03 -1.228e-03 -4.502e-04 0.000e+00
495 -5.907e-03 -6.931e-03 4.967e-03 0.000e+00
496 1.389e-03 -5.560e-03 9.351e-04 0.000e+00
497 2.007e-04 1.287e-03 1.151e-03 0.000e+00
498 7.303e-03 1.517e-03 -3.807e-04 0.000e+00
499 -9.078e-03 -2.437e-04 2.193e-03 0.000e+00
500 1.861e-03 7.656e-03 -1.611e-03 6.436e+01
501 4.390e-03 2.880e-03 2.322e-03 0.000e+00
502 -5.716e-03 -5.548e-03 -4.927e-03 0.000e+00
503 -4.018e-03 8.381e-04 -4.080e-03 0.000e+00
504 2.380e-03 -5.474e-03 3.479e-03 0.000e+00
505 6.826e-03 2.894e-03 8.671e-04 0.000e+00
506 8.147e-03 5.079e-03 1.581e-03 0.000e+00
507 -3.820e-04 3.859e-03 -1.920e-03 0.000e+00
508 -3.070e-03 -6.156e-03 1.971e-03 0.000e+00
509 -6.245e-03 2.403e-03 3.173e-03 0.000e+00
510 -2.257e-03 -4.340e-03 -5.347e-03 0.000e+00
511 -5.000e-03 6.772e-03 6.790e-04 -4.110e+01
512 6.421e-03 2.836e-03 6.600e-03 0.000e+00
513 -4.280e-03 9.543e-03 -1.857e-03 -5.270e+01
514 9.859e-05 -5.231e-03 3.342e-03 0.000e+00
515 -6.815e-03 -3.817e-04 -5.913e-04 0.000e+00
516 -6.696e-04 -6.531e-03 -1.740e-03 0.000e+00
517 -5.086e-03 -6.272e-03 7.402e-03 0.000e+00
518 -1.519e-03 -6.653e-03 5.274e-03 0.000e+00
519 -5.968e-03 5.475e-03 -3.479e-03 0.000e+00
520 -6.677e-03 3.749e-03 -1.084e-02 0.000e+00
521 -2.935e-03 -6.851e-03 4.618e-03 0.000e+00
522 -4.183e-04 1.589e-03 -6.894e-03 0.000e+00
523 5.598e-03 4.386e-03 -6.692e-03 0.000e+00
524 -6.164e-03 -4.394e-03 2.261e-03 0.000e+00
525 2.341e-03 4.390e-03 1.823e-03 0.000e+00
526 -4.206e-03 -4.885e-03 1.348e-03 0.000e+00
527 1.077e-03 -7.033e-03 -5.654e-04 0.000e+00
528 -4.945e-03 -4.048e-03 -6.551e-03 0.000e+00
529 -8.361e-03 -2.263e-03 -6.785e-03 0.000e+00
530 -6.479e-03 4.310e-04 2.290e-03 0.000e+00
531 2.203e-03 2.200e-03 -1.457e-03 0.000e+00
532 -9.886e-04 -6.441e-03 -2.723e-03 0.000e+00
533 2.679e-03 3.131e-03 2.326e-04 0.000e+00
534 -5.725e-04 3.605e-03 -1.267e-03 0.000e+00
535 -2.968e-03 3.690e-03 -2.315e-03 0.000e+00
536 -2.541e-03 -4.249e-03 -3.619e-04 0.000e+00
537 -7.284e-05 2.525e-03 -7.440e-03 0.000e+00
538 -1.395e-03 5.071e-03 4.268e-03 0.000e+00
539 -3.184e-04 -6.493e-03 -4.583e-03 0.000e+00
540 5.300e-03 6.437e-03 1.491e-03 0.000e+00
541 -1.187e-03 5.723e-05 3.415e-03 0.000e+00
542 -1.683e-03 -6.088e-03 -3.048e-03 0.000e+00
543 -8.014e-03 -6.917e-03 4.057e-03 0.000e+00
544 -1.011e-02 -6.740e-03 6.915e-04 0.000e+00
545 5.322e-04 -4.546e-03 5.868e-03 0.000e+00
546 -5.537e-03 -7.097e-03 2.822e-03 0.000e+00
547 -1.479e-03 -4.596e-03 5.177e-03 0.000e+00
548 -2.040e-03 9.640e-03 4.506e-03 2.004e+01
549 3.686e-04 -5.469e-03 -2.909e-03 0.000e+00
550 -1.786e-03 1.734e-03 -4.273e-03 0.000e+00
551 -5.585e-03 2.994e-03 -4.364e-03 0.000e+00
552 -9.095e-03 -6.066e-03 7.028e-03 0.000e+00
553 -7.687e-03 2.367e-03 4.879e-03 0.000e+00
554 -3.869e-03 3.369e-03 -1.378e-03 0.000e+00
555 -6.116e-03 2.801e-03 3.638e-03 0.000e+00
556 -8.926e-03 -1.100e-03 4.876e-03 0.000e+00
557 -5.012e-03 -5.712e-03 2.819e-03 0.000e+00
558 -5.954e-03 3.516e-03 -5.135e-03 0.000e+00
559 -7.149e-04 3.548e-04 -2.098e-03 0.000e+00
560 1.510e-04 -4.035e-03 -6.120e-03 0.000e+00
561 8.315e-04 -5.787e-04 -5.674e-03 0.000e+00
562 -5.664e-03 -6.946e-03 -3.852e-05 0.000e+00
563 6.180e-04 -4.115e-03 -2.152e-03 0.000e+00
564 -5.134e-03 -5.043e-03 5.135e-03 0.000e+00
565 -3.877e-03 3.270e-03 -3.228e-03 0.000e+00
566 -3.071e-03 7.703e-04 -2.699e-03 0.000e+00
567 -1.422e-03 -1.412e-03 2.534e-04 0.000e+00
568 -2.228e-03 -4.394e-03 8.250e-03 0.000e+00
569 -5.203e-03 -6.461e-03 8.106e-04 0.000e+00
570 -6.636e-03 -5.668e-03 -1.306e-03 0.000e+00
571 -7.606e-03 3.859e-03 4.490e-03 0.000e+00
572 -3.400e-03 2.266e-03 -4.142e-03 0.000e+00
573 -3.891e-03 2.145e-03 1.252e-03 0.000e+00
574 -2.468e-03 7.811e-03 -2.158e-03 1.308e+01
575 -1.721e-03 8.888e-03 2.355e-03 -4.189e+01
576 -9.556e-03 -5.311e-03 -7.412e-04 0.000e+00
577 1.079e-03 -5.085e-03 8.479e-03 0.000e+00
578 1.249e-03 -1.553e-03 -1.416e-03 0.000e+00
579 -5.830e-03 2.647e-03 -7.185e-04 0.000e+00
580 2.730e-03 4.992e-03 -2.348e-03 0.000e+00
581 -1.781e-03 -7.140e-03 4.901e-05 0.000e+00
582 9.810e-03 -6.021e-03 -4.630e-03 0.000e+00
583 -5.785e-03 -2.408e-03 9.169e-03 0.000e+00
584 -5.600e-03 5.801e-04 -3.739e-03 0.000e+00
585 -7.789e-03 -6.569e-03 2.603e-03 0.000e+00
586 -3.835e-03 1.057e-03 -9.958e-03 0.000e+00
587 -1.155e-03 -5.145e-04 -7.849e-04 0.000e+00
588 -3.955e-03 5.212e-03 -8.780e-03 0.000e+00
589 -1.528e-03 -7.001e-03 2.676e-03 0.000e+00
590 -1.390e-03 1.225e-03 4.177e-03 0.000e+00
591 -4.249e-03 9.256e-03 4.769e-03 -9.519e+01
592 -1.127e-02 4.700e-03 -2.811e-04 0.000e+00
593 2.406e-03 -6.810e-03 -8.272e-03 0.000e+00
594 -7.259e-03 1.983e-03 3.690e-03 0.000e+00
595 -1.171e-03 2.204e-03 -2.215e-03 0.000e+00
596 -4.396e-03 -2.437e-03 6.070e-03 0.000e+00
597 2.964e-03 -7.839e-04 -3.895e-03 0.000e+00
598 -8.674e-03 8.952e-04 2.318e-03 0.000e+00
599 -3.322e-03 5.606e-03 2.486e-03 0.000e+00
600 2.836e-03 3.861e-03 -4.993e-03 0.000e+00
601 5.557e-03 -6.974e-04 4.162e-03 0.000e+00
602 -3.627e-03 3.354e-03 8.441e-03 0.000e+00
603 -5.307e-04 -2.877e-04 4.960e-03 0.000e+00
604 -1.018e-03 -6.076e-03 5.582e-04 0.000e+00
605 -2.879e-03 -6.382e-03 -5.887e-03 0.000e+00
606 -4.264e-03 3.165e-03 9.326e-04 0.000e+00
607 -5.003e-03 -4.158e-03 -2.853e-03 0.000e+00
608 -1.106e-03 5.822e-03 -1.207e-03 0.000e+00
609 -2.290e-03 -6.090e-03 -2.065e-03 0.000e+00
610 -8.558e-03 -3.485e-04 -1.483e-03 0.000e+00
611 -8.484e-04 -7.083e-03 1.282e-02 0.000e+00
612 -3.700e-03 -1.071e-03 1.122e-02 0.000e+00
613 -3.141e-03 4.096e-03 -8.149e-03 0.000e+00
614 -6.397e-03 -6.788e-03 3.213e-03 0.000e+00
615 1.412e-03 -7.183e-03 -2.211e-03 0.000e+00
616 -6.686e-03 4.485e-03 1.883e-03 0.000e+00
617 -8.513e-03 3.582e-03 -7.429e-04 0.000e+00
618 -4.701e-03 -6.058e-03 -1.001e-02 0.000e+00
619 -3.136e-03 -4.962e-03 -4.824e-03 0.000e+00
620 -2.728e-03 2.235e-03 -3.360e-04 0.000e+00
621 -1.096e-03 1.229e-03 -4.230e-04 0.000e+00
622 6.331e-06 -6.452e-03 -8.228e-03 0.000e+00
623 -3.061e-03 -3.248e-04 6.432e-03 0.000e+00
624 2.320e-03 -6.790e-03 4.116e-03 0.000e+00
625 -9.997e-03 -5.818e-03 3.658e-03 0.000e+00
626 8.791e-04 -7.159e-03 -2.363e-03 0.000e+00
627 -1.035e-02 2.876e-04 -4.201e-04 0.000e+00
628 -4.751e-03 -6.941e-03 1.629e-03 0.000e+00
629 -5.465e-03 3.005e-03 -4.380e-03 0.000e+00
630 -4.686e-03 8.708e-03 1.297e-03 -8.624e+01
631 -1.926e-03 -4.334e-03 1.471e-03 0.000e+00
632 1.372e-03 -6.780e-03 -2.719e-03 0.000e+00
633 -2.852e-03 5.557e-04 -4.857e-03 0.000e+00
634 -9.351e-04 -5.236e-03 3.200e-03 0.000e+00
635 -5.512e-03 2.323e-03 -3.507e-04 0.000e+00
636 -2.605e-03 -7.031e-03 6.459e-03 0.000e+00
637 -9.126e-03 -7.146e-03 -1.592e-03 0.000e+00
638 -9.265e-04 6.812e-03 2.610e-03 -4.085e+01
639 -8.571e-03 -6.022e-03 1.022e-03 0.000e+00
640 -2.160e-03 -6.803e-03 -4.718e-03 0.000e+00
641 -6.517e-03 5.707e-04 5.131e-03 0.000e+00
642 -5.172e-03 -4.353e-04 2.076e-03 0.000e+00
643 -5.694e-03 -4.494e-03 5.060e-03 0.000e+00
644 1.017e-04 -6.847e-03 1.530e-03 0.000e+00
645 4.083e-03 1.354e-03 4.486e-03 0.000e+00
646 -9.639e-03 -4.622e-03 8.030e-03 0.000e+00
647 -8.611e-03 -5.399e-03 -1.850e-04 0.000e+00
648 4.316e-03 -5.268e-03 9.369e-03 0.000e+00
649 -1.148e-03 -7.912e-04 -2.563e-03 0.000e+00
650 -1.933e-03 -1.048e-04 -5.921e-04 0.000e+00
651 2.452e-03 -7.197e-03 -4.233e-03 0.000e+00
652 -4.547e-03 4.759e-03 1.505e-03 0.000e+00
653 -3.046e-03 -6.987e-03 -2.432e-03 0.000e+00
654 2.023e-04 -6.123e-03 2.909e-03 0.000e+00
655 3.304e-03 -6.813e-03 -9.621e-05 0.000e+00
656 -2.574e-03 -5.398e-03 1.278e-03 0.000e+00
657 3.021e-03 -4.478e-03 1.906e-03 0.000e+00
658 -9.246e-03 -1.996e-03 3.783e-04 0.000e+00
659 -7.951e-03 2.058e-03 -4.062e-04 0.000e+00
660 -7.517e-03 4.323e-03 1.893e-03 0.000e+00
661 -6.678e-03 4.587e-03 -3.960e-03 0.000e+00
662 -4.228e-03 2.967e-03 5.692e-04 0.000e+00
663 -6.155e-03 -5.146e-03 3.714e-03 0.000e+00
664 -3.587e-03 7.108e-03 -4.709e-04 -7.582e+01
665 -3.382e-03 -7.022e-03 -7.335e-03 0.000e+00
666 -8.101e-03 -6.452e-03 1.734e-04 0.000e+00
667 -1.208e-02 3.632e-03 2.060e-03 0.000e+00
668 8.759e-03 -6.609e-03 3.068e-03 0.000e+00
669 1.967e-03 -4.199e-03 3.392e-03 0.000e+00
670 -1.262e-03 -5.078e-03 -3.911e-04 0.000e+00
671 -6.242e-03 6.723e-04 1.511e-03 0.000e+00
672 -1.817e-03 4.949e-03 4.264e-03 0.000e+00
673 -6.819e-03 4.041e-03 1.012e-02 0.000e+00
674 -6.756e-03 3.794e-04 -4.093e-04 0.000e+00
675 -7.432e-03 -6.028e-03 -2.761e-03 0.000e+00
676 2.375e-04 7.702e-03 -7.586e-03 -7.981e+01
677 -6.178e-03 2.332e-03 -8.272e-03 0.000e+00
678 -2.617e-03 2.654e-03 -1.029e-04 0.000e+00
679 -3.876e-03 4.572e-03 4.990e-03 0.000e+00
680 -3.219e-03 3.303e-03 7.491e-03 0.000e+00
681 -3.721e-03 -2.362e-04 6.293e-03 0.000e+00
682 -4.362e-04 -7.152e-03 -2.409e-03 0.000e+00
683 -3.195e-03 -5.948e-03 -3.427e-03 0.000e+00
684 -3.053e-03 -4.455e-03 -3.891e-03 0.000e+00
685 -4.392e-03 -5.721e-03 -1.462e-03 0.000e+00
686 -5.338e-03 3.822e-03 -2.066e-03 0.000e+00
687 -8.914e-03 -5.247e-03 7.089e-04 0.000e+00
688 -1.038e-02 -1.205e-03 -3.055e-03 0.000e+00
689 -3.779e-03 -6.163e-03 2.088e-03 0.000e+00
690 2.330e-03 7.610e-03 -2.217e-03 -7.769e+01
691 1.763e-03 1.279e-03 -1.369e-03 0.000e+00
692 -3.016e-03 3.337e-03 -4.006e-03 0.000e+00
693 5.751e-04 -1.153e-03 -6.797e-03 0.000e+00
694 4.025e-03 -3.673e-03 -2.810e-03 0.000e+00
695 -3.384e-04 -8.465e-04 -5.656e-04 0.000e+00
696 1.889e-03 -4.398e-04 -1.781e-03 0.000e+00
697 -5.480e-03 -2.194e-03 5.836e-03 0.000e+00
698 -6.691e-03 3.568e-03 1.353e-03 0.000e+00
699 -1.202e-03 2.200e-03 5.511e-03 0.000e+00
700 -1.030e-03 -6.237e-03 -7.833e-03 0.000e+00
701 -4.778e-03 -1.780e-03 3.838e-03 0.000e+00
702 -2.273e-03 -4.706e-03 -5.149e-03 0.000e+00
703 2.114e-03 2.309e-03 -1.671e-03 0.000e+00
704 -4.893e-05 -6.303e-03 -5.205e-03 0.000e+00
705 2.180e-03 7.988e-03 -4.440e-04 2.208e+01
706 1.140e-03 4.660e-03 -1.285e-04 0.000e+00
707 -7.037e-04 -6.840e-03 7.137e-03 0.000e+00
708 5.697e-03 3.767e-03 -3.950e-03 0.000e+00
709 1.710e-03 3.193e-03 -9.566e-04 0.000e+00
710 -2.728e-03 1.880e-03 7.721e-04 0.000e+00
711 -7.884e-03 -1.068e-03 5.664e-03 0.000e+00
712 -2.857e-03 1.084e-03 3.181e-03 0.000e+00
713 -4.070e-03 2.575e-03 4.624e-03 0.000e+00
714 7.343e-04 -6.640e-04 -5.151e-03 0.000e+00
715 4.049e-03 -1.301e-03 3.020e-03 0.000e+00
716 -3.152e-03 3.834e-03 -3.362e-03 0.000e+00
717 2.158e-03 6.075e-05 3.264e-03 0.000e+00
718 -8.769e-04 -5.904e-03 7.285e-04 0.000e+00
719 -8.184e-04 1.523e-03 -1.152e-04 0.000e+00
720 -3.106e-03 -7.718e-04 -2.960e-03 0.000e+00
721 -3.196e-03 -9.214e-04 -4.373e-03 0.000e+00
722 -2.445e-03 1.117e-03 3.289e-03 0.000e+00
723 -3.753e-03 5.232e-03 2.027e-05 0.000e+00
724 -5.410e-04 -6.207e-03 4.990e-03 0.000e+00
725 -3.428e-03 -5.557e-03 7.609e-03 0.000e+00
726 -3.308e-03 -6.521e-03 -1.647e-03 0.000e+00
727 -4.730e-03 5.775e-03 -5.280e-03 0.000e+00
728 -4.897e-04 6.554e-04 -8.285e-03 0.000e+00
729 -8.709e-04 6.822e-03 -5.040e-03 -6.623e+01
730 1.440e-03 -1.182e-04 7.017e-03 0.000e+00
731 -3.069e-03 -6.355e-03 5.168e-03 0.000e+00
732 -4.355e-03 6.978e-03 -3.410e-03 -6.896e+01
733 2.502e-03 1.490e-03 4.713e-03 0.000e+00
734 -9.491e-03 4.784e-03 4.982e-03 0.000e+00
735 5.189e-03 2.534e-03 -4.707e-03 0.000e+00
736 1.458e-03 -6.301e-03 -5.462e-03 0.000e+00
737 -4.778e-03 -6.988e-03 -5.167e-03 0.000e+00
738 -4.085e-03 -8.109e-04 -6.815e-04 0.000e+00
739 1.646e-03 -4.590e-04 2.391e-03 0.000e+00
740 1.451e-03 5.604e-03 -5.424e-04 0.000e+00
741 6.175e-03 9.320e-04 2.172e-03 0.000e+00
742 -5.001e-04 1.302e-03 1.790e-03 0.000e+00
743 5.479e-04 -6.789e-03 1.013e-03 0.000e+00
744 9.583e-04 -6.701e-04 1.564e-03 0.000e+00
745 2.725e-03 -1.940e-03 -7.225e-03 0.000e+00
746 6.994e-04 -2.249e-03 1.921e-03 0.000e+00
747 3.645e-03 9.339e-03 2.614e-03 -5.694e+01
748 2.416e-03 -6.047e-03 -4.808e-03 0.000e+00
749 5.639e-03 6.058e-03 8.021e-04 0.000e+00
750 8.094e-03 1.747e-03 -5.019e-03 0.000e+00
751 -1.735e-03 5.410e-03 -2.646e-04 0.000e+00
752 2.347e-03 -5.459e-03 -2.010e-03 0.000e+00
753 -1.391e-03 -7.080e-03 -1.207e-03 0.000e+00
754 5.154e-03 7.115e-03 7.788e-03 5.539e+01
755 5.288e-03 -7.081e-03 1.325e-03 0.000e+00
756 1.013e-02 4.037e-03 3.192e-03 0.000e+00
757 8.901e-03 -4.172e-03 -2.416e-03 0.000e+00
758 1.092e-03 7.195e-03 8.558e-05 -4.187e+01
759 8.617e-03 3.830e-03 -3.829e-03 0.000e+00
760 6.561e-03 -6.468e-03 -3.230e-03 0.000e+00
761 4.487e-03 -5.174e-03 8.723e-04 0.000e+00
762 4.651e-03 -1.254e-04 1.917e-03 0.000e+00
763 2.208e-03 5.611e-03 2.719e-03 0.000e+00
764 2.982e-03 5.746e-03 -4.254e-03 0.000e+00
765 2.823e-03 -1.603e-03 -2.353e-03 0.000e+00
766 4.344e-03 -4.403e-03 -6.426e-03 0.000e+00
767 9.818e-03 1.267e-03 -7.764e-03 0.000e+00
768 -3.082e-03 5.935e-04 -2.098e-03 0.000e+00
769 2.832e-03 -3.312e-03 5.966e-03 0.000e+00
770 1.506e-03 -6.024e-04 7.394e-03 0.000e+00
771 6.695e-03 -4.334e-03 -4.767e-04 0.000e+00
772 8.267e-03 2.825e-03 -4.666e-03 0.000e+00
773 5.232e-03 1.575e-04 3.811e-03 0.000e+00
774 4.608e-03 -5.951e-03 -6.242e-03 0.000e+00
775 1.105e-02 5.641e-03 -3.455e-03 0.000e+00
776 9.181e-03 1.038e-03 3.700e-04 0.000e+00
777 1.359e-02 -1.999e-03 5.604e-03 0.000e+00
778 2.540e-02 -7.041e-03 -2.046e-04 0.000e+00
779 2.652e-02 -7.028e-03 -5.021e-03 0.000e+00
780 4.142e-02 -5.115e-03 -4.399e-03 0.000e+00
781 7.670e-02 3.299e-03 -3.939e-03 0.000e+00
782 1.042e-01 5.900e-03 -1.984e-02 0.000e+00
783 1.502e-01 2.960e-02 -1.638e-02 -8.079e+01
784 2.254e-01 4.834e-02 -1.870e-02 -7.893e+01
785 3.125e-01 8.992e-02 -2.462e-02 -8.054e+01
786 4.198e-01 1.268e-01 -3.863e-02 -7.682e+01
787 5.213e-01 1.751e-01 -5.829e-02 -7.710e+01
788 6.031e-01 1.991e-01 -7.847e-02 -7.422e+01
789 7.329e-01 2.845e-01 -9.653e-02 -7.523e+01
790 8.782e-01 3.754e-01 -1.226e-01 -7.478e+01
791 9.789e-01 4.060e-01 -1.608e-01 -7.611e+01
792 1.000e+00 4.227e-01 -1.855e-01 -7.650e+01
793 8.983e-01 3.888e-01 -1.691e-01 -7.555e+01
794 7.843e-01 3.412e-01 -1.659e-01 -7.261e+01
795 6.445e-01 2.898e-01 -1.474e-01 -6.900e+01
796 5.436e-01 2.372e-01 -1.315e-01 -6.608e+01
797 4.607e-01 1.857e-01 -1.217e-01 -6.172e+01
798 3.965e-01 1.724e-01 -9.679e-02 -5.984e+01
799 3.348e-01 1.279e-01 -8.125e-02 -5.631e+01
800 2.832e-01 1.142e-01 -7.364e-02 -5.399e+01
801 2.362e-01 1.003e-01 -4.497e-02 -5.329e+01
802 2.068e-01 7.701e-02 -4.706e-02 -4.807e+01
803 1.767e-01 5.482e-02 -4.330e-02 -5.124e+01
804 1.461e-01 3.455e-02 -3.039e-02 -4.403e+01
805 1.201e-01 3.632e-02 -1.637e-02 -3.511e+01
806 1.018e-01 3.165e-02 -7.222e-03 -4.261e+01
807 8.088e-02 8.812e-03 -5.344e-03 -5.886e+01
808 7.592e-02 6.755e-03 4.729e-04 -5.630e+01
809 6.981e-02 3.011e-03 -1.367e-02 0.000e+00
810 5.704e-02 -6.590e-03 -2.166e-03 0.000e+00
811 5.272e-02 -5.994e-03 1.175e-03 0.000e+00
812 4.806e-02 1.557e-03 5.553e-04 0.000e+00
813 3.867e-02 -6.498e-03 -9.570e-04 0.000e+00
814 3.935e-02 -2.164e-03 -3.901e-03 0.000e+00
815 2.695e-02 2.898e-03 -1.593e-03 0.000e+00
816 3.660e-02 3.217e-03 -4.441e-03 0.000e+00
817 2.374e-02 -1.657e-03 -6.057e-03 0.000e+00
818 2.512e-02 -7.031e-03 4.078e-04 0.000e+00
819 2.736e-02 -6.655e-03 9.064e-04 0.000e+00
820 1.374e-02 4.998e-03 4.457e-04 0.000e+00
821 7.747e-03 -4.984e-03 6.632e-04 0.000e+00
822 6.445e-03 -5.148e-03 -8.196e-03 0.000e+00
823 4.108e-03 -1.340e-03 -2.257e-03 0.000e+00
824 7.759e-03 5.788e-03 7.140e-03 0.000e+00
825 4.716e-03 -5.170e-03 -1.860e-03 0.000e+00
826 4.675e-03 3.734e-03 -1.220e-02 0.000e+00
827 -3.000e-03 1.339e-03 -3.147e-03 0.000e+00
828 7.373e-03 -4.578e-03 -3.335e-04 0.000e+00
829 7.546e-04 5.280e-03 -2.775e-03 0.000e+00
830 6.049e-03 -3.750e-05 -6.533e-03 0.000e+00
831 -7.877e-04 9.242e-03 -3.895e-03 -6.932e+01
832 4.193e-03 -5.649e-03 -8.948e-04 0.000e+00
833 1.736e-03 -7.111e-04 -5.283e-03 0.000e+00
834 6.011e-03 3.379e-03 4.900e-03 0.000e+00
835 1.869e-03 6.563e-04 3.014e-03 0.000e+00
836 3.352e-03 3.039e-03 -2.461e-04 0.000e+00
837 6.145e-03 2.576e-03 2.586e-03 0.000e+00
838 6.250e-03 -4.433e-03 -1.575e-03 0.000e+00
839 -1.806e-04 -7.087e-03 4.130e-03 0.000e+00
840 -4.063e-03 -3.966e-03 -6.465e-03 0.000e+00
841 -2.739e-03 3.962e-03 -5.702e-03 0.000e+00
842 -5.387e-03 3.648e-04 -1.654e-03 0.000e+00
843 8.082e-03 3.180e-03 1.452e-03 0.000e+00
844 3.522e-04 -4.120e-03 -7.892e-03 0.000e+00
845 3.272e-03 -5.902e-03 -6.125e-03 0.000e+00
846 -2.742e-03 6.576e-03 4.568e-03 0.000e+00
847 -4.581e-03 -1.219e-03 -5.741e-03 0.000e+00
848 4.346e-03 -6.194e-03 -1.654e-03 0.000e+00
849 -6.178e-04 -6.233e-03 -9.468e-04 0.000e+00
850 -1.370e-03 -6.200e-03 2.813e-03 0.000e+00
851 -2.267e-03 -6.035e-03 -3.741e-04 0.000e+00
852 -4.111e-03 -4.381e-03 -5.428e-03 0.000e+00
853 -4.049e-03 5.636e-03 2.415e-03 0.000e+00
854 7.008e-04 7.792e-03 4.054e-03 7.063e+00
855 8.012e-03 8.496e-04 -1.224e-03 0.000e+00
856 1.939e-03 -1.026e-04 -6.574e-04 0.000e+00
857 -3.174e-03 -6.097e-03 3.729e-03 0.000e+00
858 -1.375e-03 3.701e-03 9.337e-03 0.000e+00
859 4.870e-03 1.466e-03 -4.389e-04 0.000e+00
860 3.992e-03 -6.580e-03 -1.435e-03 0.000e+00
861 1.466e-03 -6.170e-03 -3.913e-03 0.000e+00
862 3.653e-04 1.989e-03 -1.842e-03 0.000e+00
863 2.460e-03 5.646e-04 7.333e-03 0.000e+00
864 3.058e-03 -6.916e-03 2.594e-03 0.000e+00
865 -7.810e-04 5.244e-04 1.934e-03 0.000e+00
866 -3.968e-04 3.246e-03 -6.314e-03 0.000e+00
867 -4.811e-03 -6.724e-03 2.533e-03 0.000e+00
868 -1.979e-03 3.638e-03 -4.992e-03 0.000e+00
869 -2.406e-04 -7.023e-03 -1.314e-03 0.000e+00
870 1.307e-03 3.382e-03 -2.901e-03 0.000e+00
871 -5.846e-03 -2.752e-03 -6.255e-03 0.000e+00
872 2.735e-03 -6.506e-03 -1.760e-03 0.000e+00
873 -3.363e-03 2.796e-03 2.235e-03 0.000e+00
874 1.314e-03 5.162e-03 -4.523e-03 0.000e+00
875 3.012e-05 4.348e-03 -3.625e-04 0.000e+00
876 3.964e-04 -5.418e-03 -9.167e-04 0.000e+00
877 2.878e-03 4.014e-03 6.906e-04 0.000e+00
878 -1.683e-03 2.938e-03 5.865e-04 0.000e+00
879 -3.894e-03 4.779e-03 -3.321e-03 0.000e+00
880 -6.953e-03 3.165e-03 2.006e-03 0.000e+00
881 -1.464e-03 4.197e-03 3.217e-03 0.000e+00
882 -2.896e-04 -6.510e-03 3.867e-03 0.000e+00
883 -3.307e-03 -6.807e-03 2.857e-03 0.000e+00
884 -4.024e-03 2.577e-03 -5.184e-03 0.000e+00
885 -1.705e-03 5.317e-03 2.924e-03 0.000e+00
886 -7.212e-03 2.934e-03 2.142e-04 0.000e+00
887 -2.194e-03 5.562e-03 -5.944e-03 0.000e+00
888 -3.500e-03 -9.763e-04 4.991e-03 0.000e+00
889 1.360e-03 -6.525e-03 -4.766e-03 0.000e+00
890 1.548e-03 -7.018e-03 -6.221e-03 0.000e+00
891 1.179e-03 -6.694e-03 -5.647e-03 0.000e+00
892 3.740e-04 -4.889e-03 -9.748e-04 0.000e+00
893 -2.818e-03 6.007e-04 2.988e-03 0.000e+00
894 1.411e-03 5.153e-03 6.473e-03 0.000e+00
895 -5.784e-03 4.428e-03 -4.615e-03 0.000e+00
896 1.476e-03 -1.748e-03 -2.688e-03 0.000e+00
897 -3.500e-03 -4.954e-03 2.695e-03 0.000e+00
898 -3.227e-04 -5.244e-03 6.733e-03 0.000e+00
899 -5.735e-03 3.901e-03 -8.141e-03 0.000e+00
900 4.929e-04 -2.307e-03 1.050e-04 0.000e+00
901 -2.926e-04 1.481e-03 5.604e-03 0.000e+00
902 -3.458e-03 -5.232e-03 -2.013e-03 0.000e+00
903 -1.288e-03 -6.174e-03 -3.943e-03 0.000e+00
904 -2.779e-03 -5.846e-03 -3.956e-03 0.000e+00
905 4.620e-03 3.652e-03 -8.473e-03 0.000e+00
906 8.211e-04 7.085e-04 9.102e-03 0.000e+00
907 1.199e-04 2.406e-03 1.095e-03 0.000e+00
908 2.805e-03 2.774e-03 7.528e-03 0.000e+00
909 -7.384e-03 7.210e-03 -4.903e-04 4.996e+01
910 -3.710e-03 4.471e-03 5.258e-03 0.000e+00
911 1.924e-03 5.159e-04 4.744e-04 0.000e+00
912 -1.233e-03 -1.758e-03 4.099e-03 0.000e+00
913 -4.747e-03 8.141e-03 8.389e-04 1.540e+01
914 -5.016e-03 -4.508e-03 -2.278e-03 0.000e+00
915 -2.207e-03 -7.196e-03 -5.810e-03 0.000e+00
916 1.692e-03 -6.970e-03 3.925e-04 0.000e+00
917 -4.492e-03 -5.049e-03 -1.686e-03 0.000e+00
918 2.398e-03 -1.384e-03 -4.611e-03 0.000e+00
919 -4.047e-03 1.498e-04 -1.750e-03 0.000e+00
920 -2.319e-03 -6.092e-03 1.768e-03 0.000e+00
921 -5.406e-03 3.350e-03 4.425e-03 0.000e+00
922 3.695e-03 -1.581e-05 -5.950e-04 0.000e+00
923 -9.075e-05 -6.473e-03 -4.182e-03 0.000e+00
924 4.020e-03 -2.366e-03 8.023e-04 0.000e+00
925 -2.736e-03 4.727e-03 -4.082e-03 0.000e+00
926 -7.599e-04 -4.894e-03 -1.834e-04 0.000e+00
927 2.590e-03 -3.982e-04 -3.331e-04 0.000e+00
928 1.003e-03 -5.972e-03 3.142e-03 0.000e+00
929 -5.720e-03 -5.963e-03 -4.119e-04 0.000e+00
930 5.595e-03 -5.828e-03 6.532e-04 0.000e+00
931 -8.197e-04 -4.258e-03 4.168e-03 0.000e+00
932 1.801e-03 -6.705e-04 6.422e-04 0.000e+00
933 -6.967e-03 -7.163e-03 -4.752e-03 0.000e+00
934 -2.072e-03 -5.633e-03 -1.626e-03 0.000e+00
935 -4.348e-03 -2.282e-03 -2.492e-03 0.000e+00
936 6.645e-03 5.122e-03 5.125e-03 0.000e+00
937 -7.726e-04 -7.190e-03 6.403e-03 0.000e+00
938 -4.199e-03 4.970e-03 7.477e-04 0.000e+00
939 -2.385e-03 -4.960e-03 3.343e-03 0.000e+00
940 4.923e-03 -2.069e-03 1.142e-03 0.000e+00
941 -2.897e-03 -6.757e-03 5.704e-03 0.000e+00
942 -1.979e-04 -5.374e-03 2.911e-03 0.000e+00
943 2.561e-03 4.146e-04 5.992e-03 0.000e+00
944 -8.066e-03 5.393e-03 -3.132e-03 0.000e+00
945 -5.230e-03 -5.096e-03 -4.231e-04 0.000e+00
946 1.881e-03 2.426e-03 -3.006e-03 0.000e+00
947 3.767e-03 1.003e-02 -4.263e-03 -5.578e+01
948 2.571e-03 2.855e-03 5.178e-04 0.000e+00
949 -3.473e-05 5.943e-03 6.191e-03 0.000e+00
950 -1.109e-03 -7.053e-03 -7.931e-03 0.000e+00
951 3.803e-03 6.302e-03 5.564e-04 0.000e+00
952 -2.004e-03 4.043e-03 4.665e-03 0.000e+00
953 -6.809e-03 -8.300e-05 3.644e-03 0.000e+00
954 -2.219e-03 3.735e-03 -4.273e-03 0.000e+00
955 4.384e-03 1.790e-03 -1.850e-03 0.000e+00
956 -3.893e-03 -4.716e-03 2.633e-03 0.000e+00
957 6.310e-03 -6.537e-03 -2.208e-03 0.000e+00
958 -3.223e-03 5.253e-03 -4.585e-03 0.000e+00
959 2.356e-03 5.945e-03 -5.722e-05 0.000e+00
960 -4.268e-03 4.652e-03 -1.984e-03 0.000e+00
961 4.181e-03 -7.097e-03 1.953e-03 0.000e+00
962 -3.009e-03 -2.121e-03 2.895e-03 0.000e+00
963 -2.233e-03 -5.039e-04 -5.415e-04 0.000e+00
964 -4.774e-03 -6.256e-03 7.204e-03 0.000e+00
965 7.682e-03 5.396e-03 6.288e-04 0.000e+00
966 1.949e-04 2.185e-03 -4.532e-04 0.000e+00
967 3.596e-04 -3.847e-03 6.543e-03 0.000e+00
968 -6.136e-04 -4.338e-03 -2.515e-03 0.000e+00
969 3.905e-03 -6.221e-03 -1.822e-03 0.000e+00
970 -4.932e-03 5.908e-03 -1.771e-04 0.000e+00
971 -3.422e-03 -6.720e-03 -7.213e-04 0.000e+00
972 1.483e-03 -6.325e-03 5.425e-03 0.000e+00
973 -1.434e-03 8.363e-03 2.524e-03 -4.745e+00
974 -3.465e-03 -7.036e-04 -4.519e-03 0.000e+00
975 -4.667e-03 2.326e-03 5.105e-05 0.000e+00
976 -4.582e-03 -7.021e-03 -2.790e-04 0.000e+00
977 3.887e-03 -6.277e-03 -2.465e-03 0.000e+00
978 -1.320e-03 -4.140e-03 3.856e-04 0.000e+00
979 -3.708e-03 2.144e-03 1.569e-03 0.000e+00
980 -1.223e-03 2.969e-03 -5.173e-03 0.000e+00
981 -1.893e-03 -6.064e-03 -7.110e-04 0.000e+00
982 -4.995e-03 -8.243e-04 7.191e-05 0.000e+00
983 1.874e-03 7.023e-03 6.632e-04 1.545e+01
984 7.761e-04 3.786e-03 3.638e-03 0.000e+00
985 -3.907e-03 -1.512e-03 -6.146e-04 0.000e+00
986 1.778e-03 -5.038e-03 -2.050e-04 0.000e+00
987 -9.504e-04 1.552e-03 1.613e-03 0.000e+00
988 7.097e-03 -7.200e-03 -2.744e-03 0.000e+00
989 -2.468e-03 -5.888e-03 9.013e-03 0.000e+00
990 5.141e-03 -5.766e-03 7.372e-03 0.000e+00
991 1.866e-03 2.338e-03 -2.143e-03 0.000e+00
992 -7.314e-04 -7.074e-03 -3.222e-04 0.000e+00
993 8.195e-03 7.109e-04 4.720e-03 0.000e+00
994 5.121e-04 1.976e-04 4.137e-03 0.000e+00
995 9.742e-05 9.534e-04 4.242e-04 0.000e+00
996 7.144e-03 3.563e-03 4.038e-03 0.000e+00
997 -4.999e-04 -6.319e-03 -5.313e-03 0.000e+00
998 2.129e-03 -5.262e-03 -2.563e-04 0.000e+00
999 8.698e-05 3.464e-03 -1.102e-03 0.000e+00
1000 -6.312e-03 -7.123e-03 2.095e-04 0.000e+00
1001 -2.664e-03 9.745e-04 2.002e-03 0.000e+00
1002 1.112e-04 7.606e-03 -2.327e-03 1.211e+01
1003 2.585e-07 1.002e-02 9.468e-04 2.850e+01
1004 -1.865e-03 7.753e-03 5.116e-04 -2.896e+00
1005 -4.432e-03 3.597e-03 -7.074e-04 0.000e+00
1006 3.742e-03 -3.816e-04 -4.093e-03 0.000e+00
1007 4.751e-03 4.666e-03 -2.460e-03 0.000e+00
1008 3.306e-03 4.616e-03 2.692e-03 0.000e+00
1009 5.784e-03 -5.453e-03 1.408e-03 0.000e+00
1010 4.514e-03 -6.060e-03 -4.365e-04 0.000e+00
1011 -4.962e-03 -6.978e-03 -7.466e-03 0.000e+00
1012 3.338e-03 6.651e-03 -2.836e-03 2.230e+01
1013 -5.148e-05 -6.257e-03 1.786e-03 0.000e+00
1014 4.951e-03 -4.787e-03 2.534e-04 0.000e+00
1015 8.077e-03 3.287e-03 5.760e-03 0.000e+00
1016 6.342e-03 -7.185e-03 -7.206e-03 0.000e+00
1017 7.645e-03 -5.683e-03 -2.997e-03 0.000e+00
1018 2.169e-03 5.544e-03 -2.802e-03 0.000e+00
1019 1.331e-03 2.947e-03 4.928e-03 0.000e+00
1020 3.290e-03 -2.632e-03 -2.421e-03 0.000e+00
1021 -2.883e-03 2.700e-03 -1.233e-03 0.000e+00
1022 2.356e-03 -6.687e-04 3.619e-03 0.000e+00
1023 -2.624e-03 2.783e-03 1.345e-03 0.000e+00
1024 1.283e-04 -7.073e-03 -3.645e-03 0.000e+00
1025 -2.075e-03 3.894e-04 -7.623e-05 0.000e+00
1026 4.312e-04 4.209e-03 -6.380e-04 0.000e+00
1027 -2.742e-03 1.579e-03 -2.021e-03 0.000e+00
1028 6.757e-05 3.142e-03 3.993e-04 0.000e+00
1029 -7.662e-03 4.338e-03 -2.783e-03 0.000e+00
1030 4.233e-03 5.857e-03 -3.989e-03 0.000e+00
1031 -4.356e-03 6.839e-03 2.476e-03 -2.365e+01
1032 4.742e-03 -7.184e-03 1.088e-02 0.000e+00
1033 7.961e-04 -6.546e-04 4.151e-03 0.000e+00
1034 8.132e-03 -4.706e-03 1.464e-03 0.000e+00
1035 6.600e-03 1.343e-03 6.276e-03 0.000e+00
1036 6.058e-04 4.251e-03 -3.390e-03 0.000e+00
1037 2.402e-04 -2.194e-04 6.031e-04 0.000e+00
1038 -3.078e-03 4.232e-03 -1.564e-03 0.000e+00
1039 9.915e-04 -5.176e-03 9.632e-03 0.000e+00
1040 1.216e-03 -5.396e-03 -3.047e-03 0.000e+00
1041 2.070e-04 5.059e-03 2.009e-03 0.000e+00
1042 2.836e-03 -6.938e-03 3.550e-04 0.000e+00
1043 1.981e-03 8.281e-04 1.440e-03 0.000e+00
1044 -8.449e-04 -3.479e-03 1.317e-03 0.000e+00
1045 6.871e-04 7.313e-03 7.328e-03 2.606e+00
1046 4.084e-04 5.977e-03 8.832e-04 0.000e+00
1047 4.565e-04 6.521e-03 -5.611e-03 0.000e+00
1048 1.560e-03 2.656e-03 -5.564e-03 0.000e+00
1049 5.689e-04 2.177e-03 -1.225e-05 0.000e+00
1050 4.442e-03 1.538e-02 -2.362e-03 4.077e+01
1051 3.655e-03 2.727e-03 -2.213e-03 0.000e+00
1052 2.383e-03 1.517e-03 -5.880e-03 0.000e+00
1053 -1.076e-02 -4.814e-03 -5.677e-03 0.000e+00
1054 1.149e-02 1.195e-03 -3.595e-03 0.000e+00
1055 -9.752e-03 5.642e-03 5.280e-03 0.000e+00
1056 1.657e-03 -6.837e-03 -7.974e-03 0.000e+00
1057 -3.259e-03 7.448e-04 4.632e-03 0.000e+00
1058 8.703e-04 2.663e-03 -4.252e-03 0.000e+00
1059 4.808e-04 2.111e-04 -3.426e-03 0.000e+00
1060 -6.653e-04 -3.858e-03 3.854e-03 0.000e+00
1061 -3.549e-03 4.049e-03 2.384e-03 0.000e+00
1062 -6.619e-03 5.242e-03 -5.317e-03 0.000e+00
1063 -1.501e-03 2.267e-03 7.521e-03 0.000e+00
1064 2.710e-03 -5.986e-03 -2.824e-03 0.000e+00
1065 -1.996e-03 3.024e-03 -4.762e-03 0.000e+00
1066 1.443e-03 4.365e-05 -3.370e-03 0.000e+00
1067 1.824e-03 9.496e-03 3.011e-03 4.825e+01
1068 2.940e-03 -4.987e-03 3.523e-03 0.000e+00
1069 3.238e-04 5.453e-03 -3.469e-03 0.000e+00
1070 -3.410e-03 6.822e-03 2.082e-03 4.194e+01
1071 4.334e-04 -5.330e-03 -2.968e-03 0.000e+00
1072 4.954e-03 3.028e-03 -9.330e-04 0.000e+00
1073 -5.667e-03 2.652e-04 6.836e-03 0.000e+00
1074 3.042e-05 -3.279e-03 -8.954e-04 0.000e+00
1075 -1.266e-02 -7.019e-03 2.978e-03 0.000e+00
1076 -9.742e-03 4.431e-03 4.440e-03 0.000e+00
1077 -6.918e-04 -4.700e-03 -1.935e-03 0.000e+00
1078 1.586e-03 3.990e-05 9.558e-04 0.000e+00
1079 3.473e-03 -6.833e-03 -6.549e-03 0.000e+00
1080 -3.337e-04 -1.286e-03 1.308e-03 0.000e+00
1081 7.699e-03 4.062e-04 -1.777e-03 0.000e+00
1082 7.670e-03 8.783e-04 -1.315e-03 0.000e+00
1083 -6.359e-03 -5.950e-03 1.285e-03 0.000e+00
1084 2.118e-03 -5.338e-03 -3.444e-03 0.000e+00
1085 9.451e-04 3.291e-03 6.838e-03 0.000e+00
1086 -5.334e-03 8.732e-04 8.868e-04 0.000e+00
1087 -4.707e-03 -4.732e-03 4.346e-03 0.000e+00
1088 -4.401e-03 6.484e-03 6.898e-03 0.000e+00
1089 -3.681e-04 -6.385e-03 1.726e-03 0.000e+00
1090 -8.702e-03 -1.563e-03 -9.786e-03 0.000e+00
1091 -1.223e-03 2.257e-03 6.536e-03 0.000e+00
1092 -6.360e-03 -4.619e-03 -1.163e-03 0.000e+00
1093 -4.623e-03 1.737e-03 -8.122e-03 0.000e+00
1094 -3.396e-04 1.394e-03 5.053e-03 0.000e+00
1095 -1.448e-03 -4.568e-03 -2.951e-03 0.000e+00
1096 3.873e-04 -6.976e-03 -2.849e-03 0.000e+00
1097 -5.513e-04 -5.119e-03 -8.920e-04 0.000e+00
1098 -4.065e-03 -6.730e-04 1.255e-03 0.000e+00
1099 -5.759e-03 -5.999e-03 -2.165e-03 0.000e+00
1100 2.123e-03 3.905e-04 1.211e-03 0.000e+00
1101 -9.986e-04 -5.691e-03 -8.095e-03 0.000e+00
1102 3.731e-03 3.254e-03 1.851e-03 0.000e+00
1103 1.343e-03 -5.080e-03 1.278e-02 0.000e+00
1104 4.775e-03 2.074e-03 8.144e-04 0.000e+00
1105 1.403e-03 3.008e-03 -2.304e-03 0.000e+00
1106 2.793e-03 -6.850e-03 -6.388e-04 0.000e+00
1107 -7.372e-03 -1.047e-03 3.403e-03 0.000e+00
1108 9.233e-03 9.492e-04 -6.955e-03 0.000e+00
1109 -6.326e-03 2.566e-04 -4.169e-03 0.000e+00
1110 -8.556e-04 3.853e-03 5.887e-03 0.000e+00
1111 -4.339e-03 -6.252e-03 -1.896e-04 0.000e+00
1112 -7.642e-03 -7.091e-03 6.900e-03 0.000e+00
1113 -4.707e-03 -2.612e-04 -7.611e-03 0.000e+00
1114 -4.150e-03 -7.107e-03 -1.252e-03 0.000e+00
1115 -7.906e-04 -1.594e-03 -5.864e-03 0.000e+00
1116 -1.006e-03 -5.651e-03 1.111e-03 0.000e+00
1117 -1.828e-03 -6.329e-03 -4.433e-03 0.000e+00
1118 -5.447e-03 3.461e-03 -9.617e-03 0.000e+00
1119 -8.155e-03 -3.886e-04 5.657e-03 0.000e+00
1120 2.003e-03 2.192e-04 -2.031e-03 0.000e+00
1121 -3.140e-03 -3.305e-04 4.045e-03 0.000e+00
1122 -9.582e-04 4.969e-03 -1.634e-03 0.000e+00
1123 1.292e-03 -5.543e-03 2.708e-04 0.000e+00
1124 -2.066e-03 1.187e-03 -1.289e-04 0.000e+00
1125 -1.869e-03 -4.336e-03 -3.192e-03 0.000e+00
1126 -2.894e-03 3.271e-03 2.959e-03 0.000e+00
1127 2.057e-03 -6.624e-03 6.477e-03 0.000e+00
1128 -1.146e-02 -5.696e-03 4.558e-03 0.000e+00
1129 -3.327e-03 5.046e-03 -2.516e-03 0.000e+00
1130 2.092e-03 6.181e-03 1.316e-03 0.000e+00
1131 4.699e-03 -5.329e-03 -7.277e-05 0.000e+00
1132 -5.584e-03 -6.917e-03 -6.568e-03 0.000e+00
1133 -4.085e-03 -5.052e-03 5.362e-05 0.000e+00
1134 1.348e-03 -6.985e-03 -7.404e-03 0.000e+00
1135 3.432e-04 -9.121e-04 -2.543e-03 0.000e+00
1136 -3.467e-03 2.481e-03 -4.321e-03 0.000e+00
1137 4.222e-03 3.324e-04 -3.575e-03 0.000e+00
1138 3.096e-03 -6.643e-03 -5.408e-03 0.000e+00
1139 -2.799e-03 2.580e-04 -5.874e-04 0.000e+00
1140 1.630e-03 -5.795e-03 -2.091e-03 0.000e+00
1141 -5.940e-03 7.172e-03 -5.042e-03 2.263e+01
1142 -4.071e-03 1.282e-03 -5.698e-03 0.000e+00
1143 4.518e-03 2.663e-03 -4.017e-04 0.000e+00
1144 -1.885e-03 4.738e-03 -2.993e-03 0.000e+00
1145 -5.925e-03 -6.772e-03 8.078e-03 0.000e+00
1146 -3.067e-03 -6.846e-03 4.359e-03 0.000e+00
1147 -6.077e-04 8.881e-04 -2.326e-03 0.000e+00
1148 -8.641e-03 1.070e-03 -1.197e-04 0.000e+00
1149 -2.702e-03 3.620e-03 -3.436e-03 0.000e+00
1150 4.654e-04 2.278e-03 -3.286e-03 0.000e+00
1151 -3.292e-03 4.908e-03 1.935e-03 0.000e+00
1152 2.296e-03 -6.718e-03 -2.807e-03 0.000e+00
1153 -4.528e-03 1.886e-03 -5.272e-03 0.000e+00
1154 -1.765e-03 -4.955e-03 -1.817e-03 0.000e+00
1155 1.972e-03 -6.322e-03 -2.164e-03 0.000e+00
1156 6.947e-04 2.153e-04 4.501e-03 0.000e+00
1157 1.408e-03 3.991e-03 -2.304e-03 0.000e+00
1158 1.129e-03 -6.050e-03 2.629e-03 0.000e+00
1159 -4.701e-03 -6.936e-03 7.976e-04 0.000e+00
1160 8.218e-03 -6.470e-03 -3.110e-03 0.000e+00
1161 -4.094e-03 -7.017e-04 -3.255e-03 0.000e+00
1162 -1.163e-03 1.867e-03 1.628e-04 0.000e+00
1163 3.944e-03 7.845e-04 -1.572e-03 0.000e+00
1164 7.344e-04 2.063e-03 -6.478e-03 0.000e+00
1165 4.072e-03 9.685e-04 -5.371e-03 0.000e+00
1166 -3.062e-03 1.180e-03 -1.845e-03 0.000e+00
1167 -1.910e-03 1.850e-03 -5.653e-03 0.000e+00
1168 -5.351e-03 8.926e-05 2.565e-03 0.000e+00
1169 4.840e-04 -4.899e-03 -2.892e-03 0.000e+00
1170 -1.234e-02 -8.180e-04 -4.358e-03 0.000e+00
1171 -4.434e-03 -6.921e-03 -1.255e-02 0.000e+00
1172 -5.083e-03 6.816e-03 -6.084e-03 3.913e+01
1173 -1.969e-03 -8.923e-04 -5.040e-03 0.000e+00
1174 -1.752e-03 -6.383e-03 4.932e-03 0.000e+00
1175 -4.141e-03 -1.756e-03 9.406e-04 0.000e+00
1176 4.863e-04 -4.159e-03 -4.185e-04 0.000e+00
1177 -1.512e-03 -6.752e-03 3.594e-03 0.000e+00
1178 1.257e-03 -8.373e-04 -2.548e-03 0.000e+00
1179 5.752e-03 -6.473e-03 -1.027e-03 0.000e+00
1180 -2.149e-03 -5.454e-03 6.812e-03 0.000e+00
1181 7.363e-03 -4.611e-03 2.701e-03 0.000e+00
1182 1.445e-03 -4.801e-03 9.974e-03 0.000e+00
1183 -4.049e-03 -7.104e-03 -1.320e-03 0.000e+00
1184 4.361e-03 2.190e-03 2.138e-03 0.000e+00
1185 -4.363e-03 -7.074e-03 -9.104e-04 0.000e+00
1186 -6.823e-03 -5.442e-03 1.558e-03 0.000e+00
1187 9.597e-04 -1.304e-03 -2.001e-03 0.000e+00
1188 1.494e-03 -6.568e-03 6.677e-03 0.000e+00
1189 3.554e-03 3.857e-03 6.340e-03 0.000e+00
1190 2.304e-03 -6.471e-03 6.198e-03 0.000e+00
1191 -5.603e-03 3.641e-03 2.111e-03 0.000e+00
1192 -1.056e-02 1.532e-03 1.635e-03 0.000e+00
1193 -7.669e-03 -6.578e-03 -4.932e-03 0.000e+00
1194 4.991e-03 -7.425e-04 4.221e-03 0.000e+00
1195 3.225e-03 -6.939e-03 -1.204e-03 0.000e+00
1196 6.162e-03 -5.850e-03 1.788e-04 0.000e+00
1197 -5.610e-03 -6.004e-03 6.359e-03 0.000e+00
1198 -6.026e-03 -9.568e-04 3.148e-03 0.000e+00
1199 -4.321e-03 -5.577e-03 2.754e-03 0.000e+00
1200 2.542e-03 5.607e-04 2.981e-03 0.000e+00
1201 -4.450e-03 6.072e-03 8.410e-04 0.000e+00
1202 5.397e-03 1.292e-03 -4.794e-03 0.000e+00
1203 2.995e-03 4.543e-04 8.651e-03 0.000e+00
1204 4.225e-04 -2.117e-04 -1.054e-03 0.000e+00
1205 2.770e-03 -6.921e-03 6.209e-03 0.000e+00
1206 -6.292e-04 7.642e-04 -1.076e-03 0.000e+00
1207 -2.650e-03 -6.968e-03 -5.845e-03 0.000e+00
1208 5.812e-03 2.296e-03 -5.632e-03 0.000e+00
1209 2.286e-03 2.885e-03 -3.899e-04 0.000e+00
1210 -3.946e-03 8.126e-03 -5.197e-03 2.363e+00
1211 6.715e-03 8.216e-03 -2.345e-03 6.003e+00
1212 5.020e-03 3.835e-03 -2.711e-03 0.000e+00
1213 -2.226e-03 1.554e-03 -5.990e-03 0.000e+00
1214 3.827e-03 5.016e-03 -1.699e-03 0.000e+00
1215 3.143e-03 -6.868e-03 1.859e-03 0.000e+00
1216 5.888e-04 4.371e-03 2.180e-03 0.000e+00
1217 1.866e-03 1.148e-03 -1.073e-02 0.000e+00
1218 -6.727e-03 3.751e-03 -2.423e-03 0.000e+00
1219 1.812e-03 7.214e-04 -1.015e-02 0.000e+00
1220 2.409e-03 3.711e-03 3.242e-03 0.000e+00
1221 6.649e-03 1.216e-03 2.294e-03 0.000e+00
1222 5.128e-04 -5.622e-03 2.383e-03 0.000e+00
1223 -8.810e-04 5.198e-03 7.853e-03 0.000e+00
1224 -8.874e-04 2.040e-03 6.389e-03 0.000e+00
1225 2.398e-03 8.550e-03 -3.954e-03 -3.692e-01
1226 -3.442e-03 -5.379e-03 -6.728e-03 0.000e+00
1227 6.188e-03 -5.634e-03 -2.590e-03 0.000e+00
1228 -6.743e-03 2.878e-03 -8.348e-04 0.000e+00
1229 3.237e-03 2.743e-03 2.427e-04 0.000e+00
1230 1.044e-04 -2.331e-03 -2.676e-03 0.000e+00
1231 2.744e-03 -5.768e-03 6.122e-03 0.000e+00
1232 1.019e-02 3.384e-04 -2.357e-03 0.000e+00
1233 -5.408e-03 -6.188e-03 2.093e-03 0.000e+00
1234 3.163e-03 -5.359e-03 1.318e-03 0.000e+00
1235 -1.681e-03 -7.047e-03 6.373e-03 0.000e+00
1236 6.372e-03 -2.436e-03 2.745e-03 0.000e+00
1237 1.090e-02 1.157e-04 2.550e-03 0.000e+00
1238 -3.047e-03 -5.761e-03 -1.873e-03 0.000e+00
1239 -6.109e-03 3.794e-04 -1.016e-03 0.000e+00
1240 3.851e-03 -1.719e-03 -2.521e-03 0.000e+00
1241 3.446e-03 -6.714e-03 2.578e-03 0.000e+00
1242 7.372e-03 3.514e-03 9.041e-03 0.000e+00
1243 3.821e-05 -3.935e-03 -4.056e-03 0.000e+00
1244 6.650e-04 4.968e-05 8.870e-03 0.000e+00
1245 -9.645e-04 1.158e-03 4.268e-03 0.000e+00
1246 4.580e-03 -5.179e-03 -1.765e-03 0.000e+00
1247 1.956e-03 -6.206e-04 -2.849e-03 0.000e+00
1248 1.751e-03 -6.743e-03 3.560e-03 0.000e+00
1249 -2.585e-07 4.105e-03 -1.358e-03 0.000e+00
1250 -6.104e-03 3.348e-03 4.668e-03 0.000e+00
1251 3.656e-03 1.660e-03 -2.986e-03 0.000e+00
1252 -7.176e-03 2.059e-03 4.682e-06 0.000e+00
1253 -1.252e-03 -6.757e-03 -5.214e-03 0.000e+00
1254 -2.149e-03 2.773e-03 -3.850e-04 0.000e+00
1255 -8.473e-04 -5.905e-03 6.729e-03 0.000e+00
1256 5.029e-03 4.431e-04 2.078e-03 0.000e+00
1257 -9.899e-04 1.377e-03 6.845e-03 0.000e+00
1258 -3.143e-04 -6.239e-03 -2.706e-04 0.000e+00
1259 -4.159e-03 1.178e-03 7.817e-04 0.000e+00
1260 1.251e-03 -6.993e-03 1.271e-02 0.000e+00
1261 2.022e-03 1.510e-03 3.802e-03 0.000e+00
1262 1.730e-04 4.314e-03 -2.200e-03 0.000e+00
1263 -5.660e-03 -7.194e-03 4.379e-03 0.000e+00
1264 2.362e-03 1.352e-03 5.910e-03 0.000e+00
1265 2.560e-04 3.981e-03 9.616e-04 0.000e+00
1266 -2.563e-03 -4.205e-03 5.512e-03 0.000e+00
1267 8.002e-03 -5.110e-03 -5.792e-03 0.000e+00
1268 1.474e-02 -6.786e-03 4.650e-03 0.000e+00
1269 -1.416e-03 -7.160e-03 -4.805e-04 0.000e+00
1270 5.097e-04 3.467e-03 8.963e-04 0.000e+00
1271 2.706e-04 9.030e-04 1.777e-03 0.000e+00
1272 -2.270e-03 -4.094e-04 -8.487e-03 0.000e+00
1273 7.586e-04 3.207e-03 2.212e-03 0.000e+00
1274 1.224e-03 2.840e-03 1.651e-03 0.000e+00
1275 1.511e-03 2.663e-03 -1.929e-03 0.000e+00
1276 3.380e-03 2.200e-03 -1.112e-02 0.000e+00
1277 -3.471e-03 1.959e-04 1.952e-03 0.000e+00
1278 3.552e-03 6.843e-04 4.648e-03 0.000e+00
1279 -2.419e-03 -6.361e-03 -7.042e-04 0.000e+00
1280 3.412e-03 -4.173e-03 1.968e-04 0.000e+00
1281 5.476e-03 -1.532e-03 -1.612e-04 0.000e+00
1282 3.243e-03 -7.102e-03 -9.564e-05 0.000e+00
1283 -4.222e-03 4.655e-03 -1.785e-03 0.000e+00
1284 -9.110e-03 2.007e-03 4.940e-03 0.000e+00
1285 -3.867e-03 -6.734e-03 -1.768e-03 0.000e+00
1286 -1.896e-03 -1.750e-03 -7.608e-03 0.000e+00
1287 -2.330e-03 -7.202e-03 -9.929e-04 0.000e+00
1288 -3.171e-03 2.905e-03 1.707e-03 0.000e+00
1289 -7.001e-03 -4.623e-03 -5.207e-04 0.000e+00
1290 -7.024e-04 1.605e-03 -2.704e-03 0.000e+00
1291 -1.121e-03 2.704e-03 -4.992e-03 0.000e+00
1292 -3.881e-03 -8.052e-04 4.490e-03 0.000e+00
1293 2.783e-03 -6.979e-03 1.512e-03 0.000e+00
1294 -3.477e-03 -6.030e-03 4.855e-03 0.000e+00
1295 5.682e-04 -3.359e-03 5.996e-03 0.000e+00
1296 -6.025e-03 2.622e-04 -4.723e-03 0.000e+00
1297 -7.257e-03 2.376e-03 3.565e-03 0.000e+00
1298 1.844e-04 -6.984e-03 1.201e-03 0.000e+00
1299 -1.711e-03 8.317e-04 -6.883e-03 0.000e+00
1300 7.672e-04 4.149e-03 -7.437e-04 0.000e+00
1301 2.927e-03 -2.802e-05 -4.061e-04 0.000e+00
1302 -1.265e-03 5.191e-03 3.648e-03 0.000e+00
1303 1.164e-03 -3.525e-04 3.828e-04 0.000e+00
1304 6.693e-03 2.441e-03 8.543e-04 0.000e+00
1305 -3.180e-04 -5.119e-03 -3.955e-05 0.000e+00
1306 3.239e-03 -6.573e-03 -1.747e-03 0.000e+00
1307 1.237e-03 -6.137e-03 4.441e-03 0.000e+00
1308 -3.437e-03 7.885e-04 -9.064e-04 0.000e+00
1309 8.032e-04 2.432e-03 -7.033e-03 0.000e+00
1310 -7.538e-04 2.985e-03 5.676e-04 0.000e+00
1311 1.763e-03 1.930e-03 -5.397e-03 0.000e+00
1312 -5.835e-03 6.252e-03 9.075e-04 0.000e+00
1313 -1.543e-03 8.120e-04 1.930e-03 0.000e+00
1314 -4.428e-04 -5.438e-03 -5.777e-04 0.000e+00
1315 -4.001e-03 -7.081e-03 -3.706e-03 0.000e+00
1316 -1.495e-05 7.577e-03 -4.963e-03 -5.854e+01
1317 5.600e-04 1.061e-03 -2.107e-03 0.000e+00
1318 2.679e-03 1.020e-02 4.535e-03 -4.908e+01
1319 -2.580e-03 2.053e-03 -4.375e-03 0.000e+00
1320 3.948e-03 -7.042e-03 -2.212e-03 0.000e+00
1321 8.932e-04 3.615e-03 1.250e-03 0.000e+00
1322 -2.030e-03 -5.681e-03 6.000e-03 0.000e+00
1323 -1.573e-03 -5.976e-03 3.890e-03 0.000e+00
1324 8.056e-03 7.093e-04 1.852e-03 0.000e+00
1325 -3.481e-05 9.719e-03 -7.559e-03 3.251e+01
1326 -3.533e-03 2.723e-03 -2.822e-03 0.000e+00
1327 -6.257e-03 -1.419e-03 -4.833e-04 0.000e+00
1328 -4.816e-03 -5.167e-04 -5.340e-03 0.000e+00
1329 -5.610e-03 -2.629e-05 -1.151e-03 0.000e+00
1330 -1.215e-03 6.017e-03 8.182e-04 0.000e+00
1331 2.097e-03 -6.249e-03 -4.240e-03 0.000e+00
1332 1.242e-03 8.413e-04 -7.924e-04 0.000e+00
1333 -2.830e-03 5.974e-03 2.125e-03 0.000e+00
1334 -3.007e-03 -6.086e-03 -7.018e-04 0.000e+00
1335 -1.662e-03 -3.153e-03 -2.140e-03 0.000e+00
1336 1.845e-04 -1.126e-04 5.784e-03 0.000e+00
1337 2.695e-03 -6.013e-04 6.796e-04 0.000e+00
1338 -3.084e-03 -5.769e-04 -6.475e-05 0.000e+00
1339 6.859e-03 1.599e-03 1.660e-03 0.000e+00
1340 1.261e-03 -3.960e-04 -7.332e-03 0.000e+00
1341 5.425e-03 -8.147e-04 -3.230e-03 0.000e+00
1342 1.255e-03 -6.607e-03 -2.942e-03 0.000e+00
1343 1.318e-03 1.566e-03 -5.772e-03 0.000e+00
1344 9.312e-04 5.673e-04 -9.180e-05 0.000e+00
1345 -1.290e-03 -6.755e-03 4.987e-03 0.000e+00
1346 -3.639e-03 -7.192e-03 -5.016e-04 0.000e+00
1347 4.916e-03 1.784e-03 -3.314e-03 0.000e+00
1348 5.553e-04 2.608e-03 -1.006e-02 0.000e+00
1349 -9.005e-03 -5.805e-03 1.353e-03 0.000e+00
1350 1.667e-03 -4.277e-03 2.312e-03 0.000e+00
1351 -3.312e-03 -4.773e-03 4.644e-04 0.000e+00
1352 -7.545e-04 -6.457e-03 2.812e-05 0.000e+00
1353 -2.713e-03 1.422e-03 5.367e-04 0.000e+00
1354 -3.556e-03 -4.576e-03 -4.852e-03 0.000e+00
1355 1.503e-03 2.476e-03 -7.603e-03 0.000e+00
1356 3.042e-04 -5.425e-03 -6.384e-03 0.000e+00
1357 6.381e-03 -5.920e-03 -7.874e-04 0.000e+00
1358 3.784e-03 6.083e-03 -5.630e-03 0.000e+00
1359 1.775e-03 -2.028e-03 -1.308e-03 0.000e+00
1360 8.163e-03 4.081e-03 8.987e-04 0.000e+00
1361 -1.274e-03 -7.046e-03 -5.476e-04 0.000e+00
1362 -6.412e-03 -5.252e-03 -6.159e-03 0.000e+00
1363 -1.314e-04 -3.423e-03 -3.097e-03 0.000e+00
1364 1.901e-04 -3.617e-03 3.561e-04 0.000e+00
1365 5.301e-03 2.750e-04 2.097e-04 0.000e+00
1366 -3.601e-03 6.945e-03 -3.521e-03 -9.354e+01
1367 -3.942e-03 -6.769e-03 1.804e-03 0.000e+00
1368 5.393e-03 -5.152e-03 3.335e-03 0.000e+00
1369 -9.873e-04 2.549e-03 5.858e-03 0.000e+00
1370 -3.753e-03 6.049e-04 6.484e-04 0.000e+00
1371 -1.922e-03 3.381e-03 -4.266e-03 0.000e+00
1372 -2.649e-04 -4.712e-03 -3.092e-04 0.000e+00
1373 -3.121e-03 -5.146e-03 1.214e-03 0.000e+00
1374 1.271e-03 1.995e-03 -7.317e-04 0.000e+00
1375 6.217e-03 -6.542e-03 -8.462e-03 0.000e+00
1376 -2.710e-03 2.327e-03 1.884e-03 0.000e+00
1377 4.726e-03 -5.936e-03 -2.720e-03 0.000e+00
1378 4.244e-03 -4.977e-03 -4.586e-04 0.000e+00
1379 2.009e-03 -5.884e-03 6.427e-03 0.000e+00
1380 1.119e-03 -5.410e-03 -3.766e-03 0.000e+00
1381 6.496e-03 4.137e-03 -3.498e-03 0.000e+00
1382 -4.661e-04 3.001e-03 6.373e-03 0.000e+00
1383 3.889e-03 3.837e-04 -6.042e-05 0.000e+00
1384 -4.605e-03 4.415e-06 3.278e-03 0.000e+00
1385 -5.418e-03 -4.528e-03 -4.100e-03 0.000e+00
1386 -1.348e-02 3.089e-03 -3.078e-03 0.000e+00
1387 -5.288e-03 1.564e-03 -3.874e-03 0.000e+00
1388 1.457e-02 1.917e-04 -4.137e-03 0.000e+00
1389 -4.365e-03 -1.634e-03 5.133e-04 0.000e+00
1390 2.551e-03 -5.845e-03 3.585e-03 0.000e+00
1391 3.114e-03 9.228e-03 -6.716e-03 -9.551e+01
1392 -4.842e-03 -7.135e-03 4.312e-03 0.000e+00
1393 2.503e-03 -5.802e-03 -1.835e-04 0.000e+00
1394 2.307e-03 -5.804e-03 -3.540e-03 0.000e+00
1395 8.946e-03 -6.698e-03 -8.426e-04 0.000e+00
1396 7.581e-03 -1.650e-03 -1.611e-03 0.000e+00
1397 1.475e-03 1.720e-03 2.224e-03 0.000e+00
1398 1.415e-04 -1.681e-03 1.016e-03 0.000e+00
1399 -3.611e-03 4.491e-03 -5.834e-03 0.000e+00
1400 -3.446e-03 -6.399e-03 4.178e-04 0.000e+00
1401 1.951e-03 -6.983e-03 2.079e-03 0.000e+00
1402 1.681e-05 -7.022e-03 1.493e-03 0.000e+00
1403 7.311e-03 3.611e-03 7.957e-04 0.000e+00
1404 1.498e-03 -5.278e-03 4.114e-03 0.000e+00
1405 -1.061e-03 4.137e-04 3.246e-03 0.000e+00
1406 1.028e-02 -4.358e-03 -4.866e-03 0.000e+00
1407 -6.010e-04 -6.113e-03 7.473e-03 0.000e+00
1408 -3.563e-03 2.166e-03 -2.249e-03 0.000e+00
1409 6.736e-03 3.650e-04 2.085e-03 0.000e+00
1410 -5.936e-03 -4.517e-03 3.341e-03 0.000e+00
1411 8.788e-03 1.587e-03 2.049e-03 0.000e+00
1412 1.638e-03 -6.023e-03 3.676e-03 0.000e+00
1413 8.677e-03 5.625e-06 4.134e-03 0.000e+00
1414 -2.406e-03 2.053e-03 -4.028e-03 0.000e+00
1415 8.580e-04 -5.525e-03 7.644e-03 0.000e+00
1416 5.359e-03 3.305e-03 2.459e-03 0.000e+00
1417 -4.142e-03 -7.110e-03 3.724e-03 0.000e+00
1418 1.294e-03 -7.140e-03 -1.823e-03 0.000e+00
1419 -1.674e-03 -1.257e-03 1.709e-03 0.000e+00
1420 6.897e-03 -4.533e-03 1.393e-06 0.000e+00
1421 1.254e-03 1.945e-03 7.958e-04 0.000e+00
1422 -3.828e-03 -4.320e-06 5.797e-05 0.000e+00
1423 -6.062e-03 3.326e-03 1.720e-03 0.000e+00
1424 -4.484e-04 4.085e-03 -1.206e-03 0.000e+00
1425 3.769e-03 2.710e-03 2.185e-03 0.000e+00
1426 -5.864e-04 3.325e-03 2.547e-03 0.000e+00
1427 -4.902e-03 -6.943e-03 1.647e-03 0.000e+00
1428 -7.168e-03 4.297e-03 -3.868e-03 0.000e+00
1429 9.263e-05 2.260e-03 -7.412e-04 0.000e+00
1430 1.821e-03 2.530e-03 -2.983e-03 0.000e+00
1431 3.022e-03 -6.072e-03 -9.334e-03 0.000e+00
1432 5.559e-03 -7.337e-04 1.915e-03 0.000e+00
1433 -1.611e-03 -7.135e-03 1.774e-03 0.000e+00
1434 -1.266e-03 -6.579e-03 5.609e-03 0.000e+00
1435 1.036e-02 -5.586e-04 -1.443e-03 0.000e+00
1436 4.191e-03 -6.781e-03 -8.364e-03 0.000e+00
1437 -2.355e-03 5.364e-03 -2.481e-03 0.000e+00
1438 9.100e-03 2.863e-03 2.001e-03 0.000e+00
1439 -1.742e-03 -7.087e-03 1.329e-03 0.000e+00
1440 3.838e-03 -6.718e-03 3.828e-03 0.000e+00
1441 -7.210e-03 3.877e-03 -2.100e-03 0.000e+00
1442 -5.113e-03 5.876e-03 -4.013e-03 0.000e+00
1443 -8.818e-04 1.613e-03 2.744e-03 0.000e+00
1444 8.678e-03 -9.236e-05 1.482e-03 0.000e+00
1445 1.260e-03 -4.734e-03 -4.168e-03 0.000e+00
1446 -2.302e-03 -6.154e-03 3.267e-03 0.000e+00
1447 2.318e-03 5.030e-03 -5.153e-04 0.000e+00
1448 1.049e-02 -5.149e-03 1.950e-03 0.000e+00
1449 5.005e-04 8.128e-05 2.443e-03 0.000e+00
1450 -1.109e-03 -5.174e-03 4.491e-03 0.000e+00
1451 -2.695e-03 -6.332e-03 3.297e-03 0.000e+00
1452 1.959e-03 1.393e-03 1.845e-03 0.000e+00
1453 1.833e-03 4.433e-03 -5.302e-03 0.000e+00
1454 -2.166e-03 2.891e-03 -7.616e-04 0.000e+00
1455 2.443e-03 -6.980e-03 -4.433e-03 0.000e+00
1456 2.218e-03 1.863e-03 5.791e-03 0.000e+00
1457 3.124e-03 5.444e-03 -8.577e-03 0.000e+00
1458 3.951e-03 -6.867e-03 2.741e-03 0.000e+00
1459 -7.923e-04 -6.304e-04 -6.282e-03 0.000e+00
1460 6.812e-03 5.567e-03 -4.501e-03 0.000e+00
1461 5.469e-03 -5.975e-03 -4.223e-03 0.000e+00
1462 -4.729e-03 1.121e-03 -4.242e-03 0.000e+00
1463 5.704e-03 -6.876e-03 3.575e-04 0.000e+00
1464 7.301e-04 -6.508e-03 -1.513e-03 0.000e+00
1465 5.866e-03 -6.725e-03 3.066e-03 0.000e+00
1466 3.086e-03 1.140e-03 -4.784e-03 0.000e+00
1467 9.561e-03 -4.462e-03 -3.345e-03 0.000e+00
1468 2.495e-03 6.807e-03 3.396e-03 -6.817e+01
1469 -5.948e-06 -4.066e-03 -2.970e-03 0.000e+00
1470 -1.514e-04 9.412e-04 4.072e-03 0.000e+00
1471 5.884e-03 1.569e-03 2.741e-03 0.000e+00
1472 6.133e-03 -6.854e-03 -4.170e-03 0.000e+00
1473 -2.748e-03 -8.766e-04 -2.941e-04 0.000e+00
1474 4.485e-03 7.559e-03 -4.372e-04 -8.988e+01
1475 1.486e-03 3.931e-03 1.274e-03 0.000e+00
1476 5.254e-03 -5.796e-03 4.831e-03 0.000e+00
1477 5.375e-03 6.548e-03 2.320e-03 0.000e+00
1478 -4.466e-03 6.258e-03 1.199e-03 0.000e+00
1479 -1.130e-03 -5.996e-03 -7.857e-03 0.000e+00
1480 -3.991e-03 1.392e-03 -6.962e-03 0.000e+00
1481 -2.165e-03 8.981e-04 8.858e-04 0.000e+00
1482 -2.909e-03 -3.994e-03 -3.210e-04 0.000e+00
1483 1.635e-03 5.293e-03 -1.814e-03 0.000e+00
1484 2.362e-03 4.694e-03 3.194e-03 0.000e+00
1485 2.043e-04 -6.957e-03 3.069e-03 0.000e+00
1486 1.717e-03 5.068e-03 4.195e-03 0.000e+00
1487 1.832e-03 -6.322e-03 -4.151e-03 0.000e+00
1488 7.998e-04 2.948e-03 1.000e-03 0.000e+00
1489 1.344e-03 -6.048e-03 -1.104e-03 0.000e+00
1490 4.066e-03 4.334e-03 5.028e-04 0.000e+00
1491 -5.716e-03 -5.131e-04 -6.422e-03 0.000e+00
1492 5.981e-03 -1.148e-03 3.984e-03 0.000e+00
1493 2.935e-03 -6.816e-03 3.380e-03 0.000e+00
1494 5.995e-03 -6.609e-03 -3.987e-03 0.000e+00
1495 7.189e-03 -4.775e-03 -2.440e-03 0.000e+00
1496 3.665e-03 -6.877e-03 -3.598e-03 0.000e+00
1497 6.806e-03 3.135e-03 2.763e-03 0.000e+00
1498 5.680e-03 3.124e-03 -1.535e-03 0.000e+00
1499 3.655e-03 1.881e-03 1.527e-03 0.000e+00
1500 -1.851e-03 -4.100e-04 2.183e-03 0.000e+00
1501 -4.755e-03 6.742e-03 -9.193e-04 -5.266e+01
1502 5.118e-03 -5.148e-03 -3.607e-03 0.000e+00
1503 4.525e-03 -5.784e-03 -1.358e-04 0.000e+00
1504 4.285e-03 2.707e-03 -7.927e-03 0.000e+00
1505 -2.603e-03 3.416e-03 5.414e-03 0.000e+00
1506 4.305e-03 -4.661e-03 1.115e-03 0.000e+00
1507 1.632e-03 3.322e-03 4.489e-03 0.000e+00
1508 -9.393e-03 1.156e-03 -1.220e-04 0.000e+00
1509 5.966e-03 -4.602e-04 4.320e-03 0.000e+00
1510 3.304e-03 -4.975e-03 1.029e-03 0.000e+00
1511 8.390e-03 4.777e-03 -2.480e-03 0.000e+00
1512 -1.508e-03 7.275e-03 1.648e-03 -9.536e+01
1513 1.212e-03 3.396e-03 3.010e-03 0.000e+00
1514 3.738e-04 -6.022e-05 -3.085e-05 0.000e+00
1515 -3.884e-04 -6.176e-03 2.749e-03 0.000e+00
1516 -1.305e-03 5.890e-03 7.527e-04 0.000e+00
1517 1.565e-03 1.697e-03 -5.681e-03 0.000e+00
1518 3.455e-03 -7.043e-04 -3.366e-03 0.000e+00
1519 4.296e-03 -5.258e-03 -7.461e-03 0.000e+00
1520 -3.632e-03 -5.939e-03 1.429e-03 0.000e+00
1521 1.231e-03 5.922e-03 -6.270e-03 0.000e+00
1522 6.663e-03 -6.284e-03 3.122e-03 0.000e+00
1523 5.131e-04 2.223e-03 -7.911e-04 0.000e+00
1524 6.364e-03 1.088e-02 7.214e-03 5.603e+01
1525 2.853e-04 -7.175e-03 4.462e-03 0.000e+00
1526 -3.379e-03 1.560e-03 -3.320e-03 0.000e+00
1527 2.870e-03 3.395e-03 6.422e-04 0.000e+00
1528 -1.735e-03 5.971e-03 -1.059e-02 0.000e+00
1529 2.853e-03 -4.587e-04 -1.363e-03 0.000e+00
1530 1.436e-03 2.785e-03 3.565e-03 0.000e+00
1531 -4.300e-03 -1.760e-03 2.399e-03 0.000e+00
1532 -3.052e-04 2.386e-03 5.947e-03 0.000e+00
1533 -4.270e-03 -7.149e-03 -4.886e-04 0.000e+00
1534 -1.830e-03 -6.453e-03 -5.454e-03 0.000e+00
1535 -2.154e-03 7.403e-03 1.824e-03 -3.748e+01
1536 4.325e-03 -5.283e-03 -4.869e-03 0.000e+00
1537 -2.127e-03 -6.623e-03 -4.920e-03 0.000e+00
1538 4.722e-03 1.551e-03 -2.773e-04 0.000e+00
1539 -3.557e-03 6.289e-04 -5.547e-03 0.000e+00
1540 4.201e-03 4.055e-03 -8.359e-04 0.000e+00
1541 -4.106e-03 2.312e-03 1.596e-03 0.000e+00
1542 8.667e-04 -4.679e-03 -2.629e-03 0.000e+00
1543 -1.854e-03 3.888e-04 -1.364e-03 0.000e+00
1544 1.774e-03 2.575e-03 2.174e-03 0.000e+00
1545 6.273e-03 1.089e-03 -1.687e-03 0.000e+00
1546 -2.402e-03 5.203e-04 -9.408e-03 0.000e+00
1547 1.193e-02 -6.104e-03 3.759e-03 0.000e+00
1548 -1.102e-03 2.856e-03 -4.890e-03 0.000e+00
1549 -2.605e-03 9.042e-03 4.391e-03 -8.740e+01
1550 -2.014e-03 4.052e-03 2.373e-03 0.000e+00
1551 -1.428e-03 -7.123e-03 1.705e-03 0.000e+00
1552 6.380e-03 -7.047e-03 -6.216e-03 0.000e+00
1553 3.034e-03 -4.904e-03 -1.747e-03 0.000e+00
1554 1.016e-03 -5.311e-03 -1.582e-03 0.000e+00
1555 6.955e-03 -6.449e-03 -4.124e-03 0.000e+00
1556 4.378e-03 -4.193e-03 6.374e-03 0.000e+00
1557 -3.601e-03 -5.137e-03 -1.380e-03 0.000e+00
1558 -2.187e-04 8.673e-04 9.458e-03 0.000e+00
1559 1.496e-03 -5.314e-03 -3.177e-03 0.000e+00
1560 3.612e-03 -5.584e-03 -3.306e-03 0.000e+00
1561 1.689e-03 -6.788e-03 -2.575e-03 0.000e+00
1562 3.512e-03 -5.579e-03 -2.373e-03 0.000e+00
1563 6.527e-03 -6.007e-04 -5.909e-03 0.000e+00
1564 2.818e-03 -6.779e-03 -5.336e-03 0.000e+00
1565 2.817e-03 6.673e-03 -6.887e-04 2.194e+01
1566 -3.063e-03 3.873e-04 2.636e-03 0.000e+00
1567 2.277e-03 -4.081e-03 -3.118e-03 0.000e+00
1568 4.443e-03 -4.412e-03 -7.286e-03 0.000e+00
1569 3.267e-03 -6.116e-03 6.685e-03 0.000e+00
1570 2.900e-03 3.512e-04 -3.715e-03 0.000e+00
1571 1.795e-03 5.046e-03 2.477e-03 0.000e+00
1572 -1.595e-03 7.653e-03 -2.327e-03 -1.342e+01
1573 2.659e-03 3.037e-03 3.548e-03 0.000e+00
1574 3.045e-03 1.751e-03 2.986e-03 0.000e+00
1575 -3.103e-03 2.079e-03 1.790e-04 0.000e+00
1576 6.349e-04 3.373e-03 4.878e-05 0.000e+00
1577 1.664e-03 2.235e-03 -6.375e-03 0.000e+00
1578 8.381e-04 2.257e-03 -2.395e-04 0.000e+00
1579 -2.720e-03 -5.289e-03 1.318e-03 0.000e+00
1580 4.896e-03 -6.035e-03 3.875e-03 0.000e+00
1581 7.420e-03 -5.107e-03 -4.452e-04 0.000e+00
1582 -1.760e-03 -2.459e-03 -3.703e-03 0.000e+00
1583 -1.279e-03 -4.976e-04 9.451e-03 0.000e+00
1584 -5.798e-04 -6.640e-03 -2.190e-03 0.000e+00
1585 2.132e-03 -6.586e-03 -1.683e-04 0.000e+00
1586 4.095e-03 5.525e-03 5.591e-03 0.000e+00
1587 2.904e-03 2.682e-03 7.588e-03 0.000e+00
1588 6.574e-03 -6.403e-03 1.354e-03 0.000e+00
1589 1.392e-03 -4.815e-03 -8.177e-03 0.000e+00
1590 4.196e-03 -6.917e-03 1.154e-03 0.000e+00
1591 6.423e-04 4.876e-03 -1.561e-03 0.000e+00
1592 5.967e-03 3.217e-03 8.562e-03 0.000e+00
1593 -3.084e-03 2.961e-03 2.322e-03 0.000e+00
1594 4.228e-03 -4.537e-03 -5.516e-06 0.000e+00
1595 2.215e-03 -5.802e-03 2.334e-03 0.000e+00
1596 3.837e-04 -5.687e-03 -6.176e-03 0.000e+00
1597 -1.895e-03 6.925e-04 -1.228e-03 0.000e+00
1598 3.119e-03 1.032e-03 -6.222e-03 0.000e+00
1599 -3.000e-03 -5.651e-03 3.249e-03 0.000e+00
1600 6.037e-03 -6.216e-03 8.904e-04 0.000e+00
1601 9.324e-03 -6.999e-03 3.643e-04 0.000e+00
1602 1.740e-03 -5.207e-03 -1.674e-02 0.000e+00
1603 -6.734e-04 -1.088e-03 3.425e-03 0.000e+00
1604 -7.081e-04 -6.991e-03 -2.522e-03 0.000e+00
1605 3.894e-03 -5.763e-03 1.852e-03 0.000e+00
1606 -1.609e-03 -6.366e-03 -7.194e-03 0.000e+00
1607 1.311e-03 -5.924e-03 -2.890e-03 0.000e+00
1608 4.659e-03 -1.709e-03 2.439e-03 0.000e+00
1609 -6.461e-04 -6.952e-03 -2.213e-03 0.000e+00
1610 4.827e-03 3.039e-03 -3.618e-03 0.000e+00
1611 3.080e-03 -4.482e-03 -3.863e-04 0.000e+00
1612 -3.828e-03 -5.876e-03 -2.641e-03 0.000e+00
1613 -2.996e-03 4.513e-03 3.713e-03 0.000e+00
1614 -8.859e-03 -6.759e-03 -1.345e-03 0.000e+00
1615 1.603e-03 5.826e-03 -2.563e-03 0.000e+00
1616 8.901e-04 -5.024e-03 5.703e-03 0.000e+00
1617 -2.014e-03 -4.694e-03 -1.482e-04 0.000e+00
1618 -1.387e-03 -7.029e-04 3.195e-03 0.000e+00
1619 -2.086e-03 4.410e-03 2.987e-03 0.000e+00
1620 -3.349e-03 -1.984e-03 1.463e-03 0.000e+00
1621 -1.075e-02 -1.131e-03 4.671e-03 0.000e+00
1622 -4.742e-03 -6.709e-03 -1.689e-04 0.000e+00
1623 -6.592e-03 1.179e-03 -4.127e-03 0.000e+00
1624 -4.921e-03 -7.125e-03 -6.962e-03 0.000e+00
1625 -7.847e-04 1.553e-03 -6.597e-03 0.000e+00
1626 -8.120e-03 -1.579e-03 1.752e-03 0.000e+00
1627 -4.906e-03 4.325e-04 6.813e-03 0.000e+00
1628 -4.701e-04 4.993e-03 -1.503e-03 0.000e+00
1629 -1.808e-03 4.654e-03 -7.757e-04 0.000e+00
1630 -4.022e-03 1.841e-03 -6.426e-03 0.000e+00
1631 -7.936e-03 -1.039e-04 2.616e-03 0.000e+00
1632 6.611e-03 -5.965e-03 -3.072e-03 0.000e+00
1633 -3.243e-03 1.631e-03 7.785e-03 0.000e+00
1634 4.357e-03 -6.451e-03 -6.613e-03 0.000e+00
1635 1.221e-03 -5.191e-03 -3.280e-03 0.000e+00
1636 1.043e-03 -6.887e-03 -9.622e-04 0.000e+00
1637 -4.278e-03 -3.837e-04 1.741e-03 0.000e+00
1638 3.126e-03 -7.130e-03 -2.608e-04 0.000e+00
1639 -2.340e-04 2.154e-03 -5.740e-03 0.000e+00
1640 1.929e-03 -5.807e-03 -2.802e-03 0.000e+00
1641 1.104e-03 -7.100e-03 -1.294e-02 0.000e+00
1642 -8.751e-03 -6.482e-03 1.758e-04 0.000e+00
1643 1.313e-04 -5.265e-03 6.354e-03 0.000e+00
1644 -4.140e-03 -2.809e-03 6.733e-04 0.000e+00
1645 -5.086e-03 3.248e-03 -4.330e-03 0.000e+00
1646 1.241e-03 -4.370e-03 -4.807e-03 0.000e+00
1647 -4.440e-04 4.868e-03 2.794e-04 0.000e+00
1648 7.570e-03 -6.475e-03 3.294e-03 0.000e+00
1649 -2.808e-03 1.632e-03 4.735e-03 0.000e+00
1650 -6.737e-03 -1.018e-03 6.999e-04 0.000e+00
1651 7.523e-03 -3.230e-03 -3.826e-03 0.000e+00
1652 -1.687e-03 -4.614e-03 5.722e-03 0.000e+00
1653 1.967e-03 6.764e-04 -4.790e-03 0.000e+00
1654 -3.087e-03 -4.988e-03 5.749e-05 0.000e+00
1655 -1.244e-03 -5.620e-03 -1.848e-03 0.000e+00
1656 2.633e-03 -6.869e-03 3.816e-03 0.000e+00
1657 3.436e-03 5.679e-03 1.104e-03 0.000e+00
1658 -1.639e-03 -4.647e-03 -4.028e-04 0.000e+00
1659 -5.503e-03 3.887e-03 -1.086e-04 0.000e+00
1660 -2.854e-03 -6.794e-03 2.034e-03 0.000e+00
1661 6.082e-03 2.284e-03 -1.125e-03 0.000e+00
1662 2.625e-03 -6.826e-03 2.489e-03 0.000e+00
1663 2.168e-03 3.365e-04 3.239e-03 0.000e+00
1664 6.634e-04 -4.944e-05 4.211e-03 0.000e+00
1665 1.983e-03 9.958e-03 2.966e-03 3.972e+01
1666 -6.042e-03 5.176e-03 -3.619e-03 0.000e+00
1667 7.940e-03 1.413e-03 -3.000e-03 0.000e+00
1668 -6.411e-03 5.995e-03 -2.991e-03 0.000e+00
1669 5.251e-03 3.240e-03 -3.975e-03 0.000e+00
1670 -1.320e-03 -5.612e-03 2.285e-03 0.000e+00
1671 -4.374e-03 -6.648e-03 3.673e-03 0.000e+00
1672 7.559e-03 -6.253e-03 3.946e-03 0.000e+00
1673 -3.213e-03 -6.457e-03 -2.319e-04 0.000e+00
1674 2.802e-03 5.153e-03 -7.280e-03 0.000e+00
1675 -2.443e-04 3.950e-03 -8.045e-03 0.000e+00
1676 3.461e-03 -6.815e-03 9.361e-03 0.000e+00
1677 -2.584e-03 -5.173e-03 1.555e-04 0.000e+00
1678 5.531e-03 5.246e-03 6.316e-03 0.000e+00
1679 1.371e-03 -1.486e-03 -5.061e-03 0.000e+00
1680 -1.302e-03 -1.695e-03 -5.730e-03 0.000e+00
1681 2.835e-04 4.699e-03 8.809e-03 0.000e+00
1682 -3.852e-03 -1.468e-03 1.593e-03 0.000e+00
1683 -1.182e-03 -5.253e-03 -1.301e-03 0.000e+00
1684 -7.938e-04 5.055e-03 -2.986e-04 0.000e+00
1685 -8.182e-03 1.956e-03 -9.293e-03 0.000e+00
1686 -2.479e-03 -6.528e-03 -1.869e-04 0.000e+00
1687 -6.661e-03 -1.266e-03 3.351e-03 0.000e+00
1688 -3.164e-03 2.822e-03 6.944e-03 0.000e+00
1689 5.318e-04 1.018e-04 3.620e-04 0.000e+00
1690 -5.660e-03 1.737e-03 5.255e-03 0.000e+00
1691 -2.114e-03 -6.035e-03 -9.060e-04 0.000e+00
1692 -8.782e-03 -4.898e-03 5.002e-03 0.000e+00
1693 -5.348e-04 -6.143e-03 2.748e-03 0.000e+00
1694 2.091e-03 4.855e-04 3.398e-03 0.000e+00
1695 -2.209e-03 2.870e-03 -2.333e-03 0.000e+00
1696 1.365e-03 -6.709e-03 6.927e-03 0.000e+00
1697 3.600e-03 -5.770e-03 -2.965e-03 0.000e+00
1698 -2.840e-03 -5.606e-03 4.483e-03 0.000e+00
1699 -1.070e-03 7.206e-03 1.818e-03 -9.520e+01
1700 -3.549e-03 -4.951e-03 7.298e-04 0.000e+00
1701 3.963e-03 -6.727e-03 1.086e-02 0.000e+00
1702 5.578e-03 3.496e-03 -5.235e-03 0.000e+00
1703 2.182e-03 -5.527e-03 2.617e-03 0.000e+00
1704 -4.979e-03 -1.228e-03 -1.878e-03 0.000e+00
1705 -4.485e-03 -7.124e-03 -1.227e-03 0.000e+00
1706 -5.472e-03 2.022e-03 -8.322e-03 0.000e+00
1707 6.433e-03 5.149e-03 -1.077e-03 0.000e+00
1708 -1.140e-03 -5.723e-03 3.561e-03 0.000e+00
1709 4.766e-03 -6.054e-03 -2.684e-03 0.000e+00
1710 -5.451e-03 -5.288e-03 -7.232e-03 0.000e+00
1711 -4.097e-03 -6.972e-03 -1.150e-03 0.000e+00
1712 4.980e-03 -6.318e-03 1.039e-02 0.000e+00
1713 4.130e-03 1.051e-04 5.391e-03 0.000e+00
1714 2.279e-03 4.091e-04 7.814e-04 0.000e+00
1715 -4.072e-04 2.936e-03 -5.612e-03 0.000e+00
1716 1.421e-03 -4.860e-03 2.777e-03 0.000e+00
1717 9.200e-03 1.119e-03 7.380e-04 0.000e+00
1718 2.829e-04 -3.518e-03 8.394e-04 0.000e+00
1719 -6.742e-03 4.297e-03 -4.351e-04 0.000e+00
1720 1.502e-03 -1.859e-03 6.083e-03 0.000e+00
1721 2.942e-03 -4.816e-03 -3.806e-03 0.000e+00
1722 7.481e-03 2.354e-03 4.804e-03 0.000e+00
1723 3.551e-03 -2.059e-04 2.967e-03 0.000e+00
1724 4.752e-03 4.580e-03 -2.308e-03 0.000e+00
1725 4.832e-04 2.063e-03 3.898e-04 0.000e+00
1726 2.540e-03 -4.220e-04 -7.100e-04 0.000e+00
1727 1.019e-03 2.780e-03 -1.143e-03 0.000e+00
1728 1.599e-03 3.128e-03 -3.977e-03 0.000e+00
1729 1.267e-03 -2.338e-03 -2.722e-03 0.000e+00
1730 -4.709e-03 4.054e-03 -4.755e-04 0.000e+00
1731 4.014e-03 -5.904e-03 -4.451e-03 0.000e+00
1732 -1.401e-03 -5.609e-03 5.377e-03 0.000e+00
1733 -6.275e-03 -6.706e-03 2.262e-03 0.000e+00
1734 4.854e-03 -6.734e-03 7.639e-04 0.000e+00
1735 1.122e-03 3.299e-03 7.582e-04 0.000e+00
1736 2.834e-03 -3.015e-04 5.586e-04 0.000e+00
1737 -4.806e-03 1.945e-03 -2.279e-03 0.000e+00
1738 -5.144e-03 4.328e-03 2.420e-03 0.000e+00
1739 4.456e-04 -6.508e-03 -3.961e-03 0.000e+00
1740 -1.157e-03 3.936e-03 -9.176e-03 0.000e+00
1741 -4.190e-03 -2.123e-04 -4.845e-03 0.000e+00
1742 -8.034e-04 -6.295e-03 6.520e-03 0.000e+00
1743 -1.309e-03 -7.087e-03 -2.311e-03 0.000e+00
1744 4.455e-03 1.713e-03 6.089e-04 0.000e+00
1745 8.992e-03 -4.820e-03 -1.288e-03 0.000e+00
1746 -2.348e-03 4.004e-03 7.691e-03 0.000e+00
1747 -5.750e-03 -2.389e-03 7.401e-03 0.000e+00
1748 4.054e-03 -6.788e-03 5.249e-03 0.000e+00
1749 8.879e-04 2.224e-03 1.467e-03 0.000e+00
1750 -3.398e-06 6.669e-03 5.478e-03 4.127e+00
1751 -2.649e-03 -7.001e-03 -1.412e-03 0.000e+00
1752 8.473e-03 -1.935e-03 -2.135e-03 0.000e+00
1753 -9.132e-04 -6.715e-03 -3.242e-03 0.000e+00
1754 -1.784e-03 -3.287e-04 -3.178e-03 0.000e+00
1755 -1.233e-03 3.195e-04 1.294e-02 0.000e+00
1756 1.773e-03 2.907e-03 8.711e-03 0.000e+00
1757 -3.638e-03 -1.203e-03 1.786e-03 0.000e+00
1758 1.052e-03 4.347e-03 -3.569e-03 0.000e+00
1759 -4.255e-03 -3.762e-03 -6.114e-03 0.000e+00
1760 -1.714e-03 -6.905e-03 1.377e-03 0.000e+00
1761 3.026e-03 -6.692e-03 -6.434e-03 0.000e+00
1762 6.466e-03 2.447e-03 -2.557e-03 0.000e+00
1763 1.677e-03 1.851e-03 7.547e-03 0.000e+00
1764 -1.965e-04 1.027e-02 6.292e-03 -1.222e+01
1765 -4.750e-04 2.609e-03 -3.304e-03 0.000e+00
1766 -2.087e-03 4.946e-04 1.091e-03 0.000e+00
1767 8.264e-04 3.941e-03 7.927e-04 0.000e+00
1768 3.242e-03 3.794e-03 2.290e-03 0.000e+00
1769 -2.062e-03 -6.207e-03 -2.463e-03 0.000e+00
1770 2.181e-03 9.121e-04 7.110e-03 0.000e+00
1771 1.903e-03 2.744e-03 -2.847e-05 0.000e+00
1772 -1.716e-03 -5.690e-03 5.778e-03 0.000e+00
1773 3.823e-03 -4.125e-03 1.374e-03 0.000e+00
1774 1.058e-03 -1.155e-03 8.532e-03 0.000e+00
1775 -7.287e-04 -6.091e-03 -5.517e-04 0.000e+00
1776 -1.083e-03 2.973e-03 5.956e-04 0.000e+00
1777 -3.473e-03 -7.086e-03 6.425e-04 0.000e+00
1778 8.475e-04 -5.963e-03 6.432e-04 0.000e+00
1779 -4.702e-03 1.172e-03 -2.761e-03 0.000e+00
1780 -3.829e-03 2.035e-03 -2.630e-03 0.000e+00
1781 6.528e-04 3.655e-03 5.091e-03 0.000e+00
1782 -3.672e-03 -5.926e-03 1.014e-04 0.000e+00
1783 3.876e-03 -4.478e-03 3.080e-03 0.000e+00
1784 2.242e-03 3.001e-03 2.809e-03 0.000e+00
1785 3.715e-03 1.623e-04 -3.057e-04 0.000e+00
1786 7.641e-04 -4.281e-04 1.026e-03 0.000e+00
1787 -1.530e-03 6.830e-03 5.123e-03 -9.446e+01
1788 -1.613e-03 2.051e-03 6.114e-03 0.000e+00
1789 -3.135e-03 -5.418e-03 9.986e-05 0.000e+00
1790 5.197e-03 8.434e-03 -8.964e-04 4.925e+01
1791 -2.019e-03 -6.971e-03 1.515e-03 0.000e+00
1792 -2.302e-03 5.410e-03 -3.477e-03 0.000e+00
1793 -1.094e-03 -1.684e-03 -5.502e-03 0.000e+00
1794 -5.604e-03 5.727e-03 3.230e-03 0.000e+00
1795 -5.128e-03 4.507e-03 3.250e-03 0.000e+00
1796 1.237e-03 2.711e-03 8.441e-04 0.000e+00
1797 1.527e-03 -7.027e-03 1.873e-03 0.000e+00
1798 2.924e-04 -5.962e-03 7.774e-04 0.000e+00
1799 -2.305e-03 2.038e-03 5.785e-03 0.000e+00
1800 -3.922e-04 5.587e-03 -1.360e-04 0.000e+00
1801 3.714e-04 -5.580e-03 -1.308e-03 0.000e+00
1802 -1.731e-03 -1.779e-03 -7.474e-03 0.000e+00
1803 2.555e-03 6.730e-03 -3.004e-04 6.361e+01
1804 -4.786e-03 -4.051e-03 6.682e-03 0.000e+00
1805 -2.836e-03 -6.288e-03 -2.178e-03 0.000e+00
1806 4.514e-03 2.233e-03 6.434e-03 0.000e+00
1807 -4.733e-03 9.682e-03 4.488e-04 8.395e+00
1808 4.790e-04 3.348e-03 -3.390e-03 0.000e+00
1809 -1.508e-03 4.504e-03 6.596e-03 0.000e+00
1810 -4.742e-03 -2.480e-03 -4.947e-03 0.000e+00
1811 -2.274e-03 -6.066e-03 -5.593e-03 0.000e+00
1812 -3.132e-03 -5.709e-03 3.400e-03 0.000e+00
1813 9.103e-05 -5.761e-03 1.362e-03 0.000e+00
1814 5.834e-04 -6.560e-03 -1.578e-03 0.000e+00
1815 -2.129e-03 6.169e-03 -4.376e-03 0.000e+00
1816 1.898e-03 -5.550e-03 -2.260e-03 0.000e+00
1817 -5.650e-03 -6.962e-03 -6.305e-03 0.000e+00
1818 -7.102e-04 2.882e-03 -2.737e-03 0.000e+00
1819 2.063e-03 -6.806e-03 3.224e-04 0.000e+00
1820 4.108e-03 1.231e-04 6.898e-03 0.000e+00
1821 4.948e-03 -6.626e-03 -2.001e-03 0.000e+00
1822 -3.158e-03 -3.924e-03 -3.438e-04 0.000e+00
1823 -3.508e-04 1.402e-03 -8.781e-04 0.000e+00
1824 -3.786e-04 -2.291e-03 -4.728e-03 0.000e+00
1825 2.068e-03 3.313e-03 3.152e-03 0.000e+00
1826 2.029e-03 -5.493e-03 -1.119e-04 0.000e+00
1827 -4.113e-03 6.813e-03 3.687e-03 -2.339e+01
1828 -9.220e-04 -1.407e-03 1.407e-03 0.000e+00
1829 -4.125e-03 -6.528e-03 -4.589e-03 0.000e+00
1830 4.211e-03 2.068e-04 1.365e-03 0.000e+00
1831 1.108e-02 -7.690e-05 1.404e-03 0.000e+00
1832 -2.615e-03 5.617e-03 -9.857e-04 0.000e+00
1833 -5.595e-03 4.284e-03 5.575e-03 0.000e+00
1834 -4.069e-03 5.613e-03 3.043e-03 0.000e+00
1835 -3.324e-03 -5.918e-03 -2.969e-03 0.000e+00
1836 5.623e-03 3.780e-03 -4.440e-03 0.000e+00
1837 -2.134e-03 8.106e-04 -4.282e-03 0.000e+00
1838 3.625e-03 -6.224e-03 -2.072e-03 0.000e+00
1839 -9.708e-03 -7.059e-04 2.851e-03 0.000e+00
1840 -1.675e-03 3.466e-03 -4.629e-03 0.000e+00
1841 -3.428e-03 -6.696e-03 -1.082e-02 0.000e+00
1842 -1.050e-03 -6.217e-03 -1.661e-03 0.000e+00
1843 -6.246e-03 -1.160e-03 -2.100e-04 0.000e+00
1844 -7.135e-04 2.140e-03 2.906e-03 0.000e+00
1845 -2.510e-04 -5.289e-03 9.531e-03 0.000e+00
1846 -8.166e-04 9.988e-03 9.035e-03 1.935e+00
1847 -5.883e-03 -1.407e-03 -5.021e-03 0.000e+00
1848 6.749e-03 -6.983e-03 3.504e-03 0.000e+00
1849 -2.501e-03 -4.108e-03 4.082e-03 0.000e+00
1850 -4.025e-03 1.410e-03 2.715e-03 0.000e+00
1851 4.021e-03 1.544e-03 7.167e-04 0.000e+00
1852 4.845e-03 3.263e-03 3.897e-03 0.000e+00
1853 1.081e-04 9.923e-04 4.468e-03 0.000e+00
1854 -2.085e-05 6.186e-03 2.801e-04 0.000e+00
1855 -6.368e-03 -6.622e-03 -4.218e-03 0.000e+00
1856 4.261e-03 3.003e-03 7.881e-03 0.000e+00
1857 6.698e-03 -1.603e-03 -5.355e-03 0.000e+00
1858 -4.934e-03 -4.541e-03 1.091e-02 0.000e+00
1859 1.517e-04 -7.169e-03 2.920e-03 0.000e+00
1860 5.133e-03 -4.451e-03 6.571e-03 0.000e+00
1861 7.557e-03 -3.674e-03 4.110e-03 0.000e+00
1862 2.258e-03 4.502e-03 7.024e-04 0.000e+00
1863 -4.907e-04 5.358e-03 -2.746e-03 0.000e+00
1864 5.422e-03 1.008e-03 -8.298e-03 0.000e+00
1865 1.082e-03 3.302e-03 5.806e-04 0.000e+00
1866 7.900e-03 1.153e-03 -1.553e-04 0.000e+00
1867 1.745e-03 -4.210e-03 2.201e-03 0.000e+00
1868 -5.342e-03 -6.798e-03 -4.621e-03 0.000e+00
1869 -7.645e-04 2.962e-03 -4.747e-03 0.000e+00
1870 7.881e-04 9.265e-03 2.260e-03 -7.495e+01
1871 6.944e-03 -3.022e-03 -4.957e-03 0.000e+00
1872 4.512e-03 3.629e-03 6.512e-03 0.000e+00
1873 5.247e-03 -6.241e-03 7.149e-03 0.000e+00
1874 -5.884e-03 -6.472e-03 4.895e-04 0.000e+00
1875 1.283e-03 -6.337e-03 5.882e-03 0.000e+00
1876 9.492e-03 7.930e-03 -3.381e-04 -3.919e+01
1877 -5.742e-03 1.952e-03 -2.231e-03 0.000e+00
1878 -6.011e-03 -6.933e-04 1.292e-03 0.000e+00
1879 6.131e-04 2.442e-03 -7.122e-03 0.000e+00
1880 -5.020e-03 7.824e-03 3.772e-03 -7.032e+01
1881 -1.375e-03 -7.058e-03 -1.235e-03 0.000e+00
1882 6.857e-03 2.094e-03 -9.737e-04 0.000e+00
1883 1.905e-03 -7.174e-03 4.086e-03 0.000e+00
1884 5.801e-03 1.390e-03 1.203e-03 0.000e+00
1885 2.601e-03 1.573e-03 3.393e-03 0.000e+00
1886 1.769e-03 1.894e-03 3.406e-04 0.000e+00
1887 3.741e-03 -6.725e-03 1.042e-03 0.000e+00
1888 2.209e-03 1.652e-03 -1.481e-03 0.000e+00
1889 1.743e-03 2.413e-03 1.762e-03 0.000e+00
1890 6.886e-03 3.295e-03 -3.345e-03 0.000e+00
1891 -1.107e-03 -6.514e-03 -9.856e-04 0.000e+00
1892 -3.923e-03 -1.416e-03 -2.540e-03 0.000e+00
1893 -2.714e-03 -3.098e-04 -3.875e-03 0.000e+00
1894 2.472e-03 1.429e-03 1.207e-03 0.000e+00
1895 3.516e-03 3.197e-03 7.257e-03 0.000e+00
1896 -1.535e-03 3.289e-03 4.057e-03 0.000e+00
1897 2.038e-03 2.438e-03 -1.740e-03 0.000e+00
1898 -4.820e-04 -7.170e-03 4.860e-03 0.000e+00
1899 -5.245e-03 3.708e-03 -1.185e-03 0.000e+00
1900 6.072e-03 7.207e-03 -4.680e-03 3.522e+01
1901 1.520e-02 3.971e-03 1.436e-03 0.000e+00
1902 -5.049e-03 1.189e-03 -4.372e-03 0.000e+00
1903 2.015e-03 6.682e-04 -6.257e-03 0.000e+00
1904 2.525e-03 5.230e-03 2.377e-05 0.000e+00
1905 3.950e-03 1.522e-03 3.747e-04 0.000e+00
1906 -5.661e-03 3.327e-03 -6.788e-04 0.000e+00
1907 -3.342e-03 -6.034e-03 3.381e-03 0.000e+00
1908 2.393e-03 1.324e-03 -6.801e-03 0.000e+00
1909 -1.264e-03 4.203e-04 1.754e-03 0.000e+00
1910 -4.024e-03 2.326e-03 1.956e-03 0.000e+00
1911 1.318e-03 -5.563e-03 -3.599e-03 0.000e+00
1912 -1.765e-04 -2.062e-04 1.471e-03 0.000e+00
1913 3.261e-03 -1.236e-04 -9.087e-04 0.000e+00
1914 9.398e-04 2.328e-03 4.019e-03 0.000e+00
1915 -3.277e-03 -5.328e-03 -3.758e-03 0.000e+00
1916 2.517e-03 2.882e-03 -5.744e-05 0.000e+00
1917 7.550e-04 2.995e-03 9.883e-05 0.000e+00
1918 9.556e-04 -4.940e-03 -5.359e-03 0.000e+00
1919 4.857e-03 -5.703e-03 3.964e-03 0.000e+00
1920 1.126e-03 5.839e-03 -5.062e-03 0.000e+00
1921 -2.409e-03 7.998e-03 1.455e-03 -6.626e+01
1922 -7.850e-04 -1.463e-04 -1.589e-04 0.000e+00
1923 5.232e-03 -1.563e-03 -4.021e-03 0.000e+00
1924 4.897e-03 1.410e-03 -1.272e-04 0.000e+00
1925 5.117e-03 4.465e-03 -1.743e-03 0.000e+00
1926 1.244e-03 2.513e-03 -9.571e-04 0.000e+00
1927 -5.099e-03 3.669e-03 4.298e-04 0.000e+00
1928 -2.672e-03 -5.091e-03 -3.088e-03 0.000e+00
1929 5.054e-04 1.707e-03 1.879e-03 0.000e+00
1930 -2.697e-03 8.365e-03 -9.562e-03 -6.920e+01
1931 1.636e-03 7.960e-04 -5.840e-03 0.000e+00
1932 -5.197e-03 -6.657e-03 -3.994e-04 0.000e+00
1933 -2.097e-03 -9.683e-04 4.247e-03 0.000e+00
1934 -7.108e-03 3.309e-03 1.043e-03 0.000e+00
1935 -4.343e-03 7.042e-03 2.018e-03 6.855e+01
1936 9.770e-04 5.438e-03 -2.658e-03 0.000e+00
1937 -4.596e-03 -5.772e-03 -4.958e-03 0.000e+00
1938 -3.786e-03 2.080e-03 6.152e-04 0.000e+00
1939 -2.177e-03 1.264e-02 1.373e-03 -3.810e+01
1940 1.115e-03 5.792e-04 5.271e-03 0.000e+00
1941 2.383e-03 -5.480e-03 6.978e-03 0.000e+00
1942 -8.313e-04 3.526e-03 4.851e-03 0.000e+00
1943 -2.130e-03 1.614e-03 -8.241e-04 0.000e+00
1944 -3.786e-03 -5.391e-03 -4.941e-03 0.000e+00
1945 -4.244e-03 -2.830e-03 -2.189e-03 0.000e+00
1946 -1.118e-03 2.355e-03 -1.453e-03 0.000e+00
1947 -2.171e-03 7.398e-03 3.561e-03 -9.630e+01
1948 8.749e-05 6.309e-03 2.218e-03 0.000e+00
1949 -1.623e-03 -2.292e-03 -2.501e-03 0.000e+00
1950 -1.379e-03 4.509e-03 4.890e-03 0.000e+00
1951 -5.149e-03 -7.003e-03 -3.156e-03 0.000e+00
1952 -5.434e-03 -6.713e-03 4.720e-03 0.000e+00
1953 1.168e-03 -4.589e-03 3.815e-04 0.000e+00
1954 2.004e-03 -5.866e-03 4.381e-03 0.000e+00
1955 -1.297e-03 -6.713e-03 6.946e-03 0.000e+00
1956 -8.829e-03 4.804e-03 4.937e-03 0.000e+00
1957 1.806e-03 -4.738e-03 -2.692e-03 0.000e+00
1958 -1.976e-03 -6.366e-03 -1.045e-02 0.000e+00
1959 -2.324e-03 -5.964e-03 -9.647e-04 0.000e+00
1960 -3.212e-03 3.972e-03 5.803e-03 0.000e+00
1961 -2.783e-03 -6.445e-03 2.781e-03 0.000e+00
1962 -3.274e-03 3.882e-03 2.488e-03 0.000e+00
1963 -2.855e-03 -3.297e-05 4.128e-03 0.000e+00
1964 -7.534e-03 1.796e-03 2.690e-03 0.000e+00
1965 -2.102e-03 5.382e-03 -2.334e-03 0.000e+00
1966 -2.742e-03 8.191e-05 1.364e-03 0.000e+00
1967 4.526e-03 -6.791e-03 -2.522e-03 0.000e+00
1968 -2.156e-03 7.617e-03 5.906e-03 -2.616e+01
1969 9.839e-04 -5.493e-03 -3.391e-03 0.000e+00
1970 -2.263e-03 1.394e-03 2.162e-03 0.000e+00
1971 2.826e-03 5.931e-03 -1.156e-03 0.000e+00
1972 3.016e-03 4.806e-03 2.471e-03 0.000e+00
1973 -3.552e-03 1.134e-03 -4.726e-03 0.000e+00
1974 -4.048e-03 5.051e-03 1.729e-03 0.000e+00
1975 -3.527e-04 -5.708e-03 -4.999e-04 0.000e+00
1976 1.182e-03 2.288e-03 -1.530e-03 0.000e+00
1977 -2.676e-03 -5.450e-03 -6.110e-03 0.000e+00
1978 2.667e-04 -1.186e-03 2.471e-03 0.000e+00
1979 1.870e-03 -5.294e-03 -6.914e-03 0.000e+00
1980 -5.301e-03 -5.019e-03 -4.651e-05 0.000e+00
1981 1.055e-03 -6.670e-03 -5.009e-03 0.000e+00
1982 1.487e-04 -1.535e-03 8.877e-04 0.000e+00
1983 -4.236e-03 1.107e-03 4.447e-03 0.000e+00
1984 -2.412e-04 -4.824e-03 2.811e-03 0.000e+00
1985 2.529e-03 3.814e-04 4.299e-03 0.000e+00
1986 7.441e-03 -6.030e-03 4.939e-03 0.000e+00
1987 1.073e-03 7.374e-03 -1.615e-03 -5.891e+01
1988 -2.486e-03 1.003e-03 4.261e-03 0.000e+00
1989 -7.160e-03 2.312e-03 -1.140e-03 0.000e+00
1990 -1.159e-02 2.035e-03 1.621e-03 0.000e+00
1991 -5.835e-03 -6.060e-03 1.383e-03 0.000e+00
1992 -9.510e-04 1.339e-03 -1.688e-03 0.000e+00
1993 -1.245e-02 1.005e-03 5.860e-03 0.000e+00
1994 1.948e-03 4.933e-03 1.475e-04 0.000e+00
1995 -4.459e-03 1.991e-03 8.509e-03 0.000e+00
1996 -3.161e-03 3.631e-03 -5.561e-03 0.000e+00
1997 -5.563e-03 3.496e-03 7.204e-03 0.000e+00
1998 1.007e-02 -7.017e-03 -6.843e-03 0.000e+00
1999 4.031e-04 -5.128e-03 -3.037e-03 0.000e+00
2000 3.629e-03 4.818e-03 -1.757e-03 0.000e+00
2001 4.002e-03 2.125e-03 2.941e-03 0.000e+00
2002 1.216e-03 -4.801e-03 7.199e-03 0.000e+00
2003 -1.367e-03 1.648e-03 -3.525e-03 0.000e+00
2004 -4.897e-04 1.358e-03 -7.520e-03 0.000e+00
2005 -3.918e-03 1.704e-03 1.428e-03 0.000e+00
2006 2.849e-03 4.653e-03 2.113e-03 0.000e+00
2007 -6.477e-03 2.973e-03 -9.706e-04 0.000e+00
2008 -1.147e-03 -1.463e-04 9.314e-03 0.000e+00
2009 2.893e-03 -5.215e-03 4.691e-03 0.000e+00
2010 5.538e-03 2.063e-03 -1.401e-03 0.000e+00
2011 -1.227e-03 1.683e-03 -1.108e-03 0.000e+00
2012 3.319e-03 2.790e-03 2.280e-03 0.000e+00
2013 6.413e-03 5.666e-04 1.067e-03 0.000e+00
2014 -1.588e-03 -5.273e-03 -3.138e-03 0.000e+00
2015 -9.257e-04 -4.901e-03 2.702e-04 0.000e+00
2016 2.896e-03 4.900e-03 4.634e-03 0.000e+00
2017 2.189e-04 6.971e-03 -1.796e-03 -6.584e+01
2018 -7.601e-03 -8.361e-04 4.992e-03 0.000e+00
2019 -5.340e-03 -6.459e-03 3.714e-03 0.000e+00
2020 -4.122e-04 1.892e-03 -5.324e-03 0.000e+00
2021 2.489e-03 8.244e-03 7.230e-03 -2.134e+01
2022 -3.989e-04 -6.992e-03 3.728e-03 0.000e+00
2023 -5.213e-03 -5.840e-03 4.044e-03 0.000e+00
2024 2.681e-03 5.085e-03 -1.358e-03 0.000e+00
2025 4.869e-03 -1.342e-04 1.997e-03 0.000e+00
2026 -1.068e-02 2.095e-03 1.392e-03 0.000e+00
2027 -4.477e-03 6.113e-03 1.167e-02 0.000e+00
2028 -5.366e-03 2.459e-03 -5.868e-03 0.000e+00
2029 5.395e-03 -5.686e-03 -4.081e-03 0.000e+00
2030 -5.216e-03 2.606e-03 -9.636e-03 0.000e+00
2031 5.231e-03 4.495e-03 5.133e-03 0.000e+00
2032 3.925e-03 4.703e-03 5.995e-03 0.000e+00
2033 1.074e-03 3.921e-03 -1.167e-03 0.000e+00
2034 3.278e-03 1.267e-03 -7.813e-03 0.000e+00
2035 -2.552e-03 1.453e-03 -2.504e-03 0.000e+00
2036 -1.697e-03 -5.148e-03 -2.748e-04 0.000e+00
2037 -7.348e-03 -1.276e-03 3.211e-03 0.000e+00
2038 6.498e-03 4.073e-03 -5.037e-03 0.000e+00
2039 5.304e-03 -6.449e-03 2.657e-03 0.000e+00
2040 3.865e-03 -5.885e-03 8.710e-04 0.000e+00
2041 -5.408e-03 1.091e-03 1.761e-03 0.000e+00
2042 4.322e-03 1.370e-03 3.384e-04 0.000e+00
2043 -8.291e-04 6.186e-03 -8.348e-04 0.000e+00
2044 3.373e-04 2.275e-03 -6.234e-04 0.000e+00
2045 -8.228e-03 -5.744e-03 -1.209e-03 0.000e+00
2046 -1.301e-03 5.348e-03 6.479e-05 0.000e+00
2047 8.733e-05 -6.999e-03 3.905e-03 0.000e+00
