Bin I L V PA
0 2.293e-03 -1.014e-03 6.344e-03 0.000e+00
1 3.458e-04 6.728e-03 -1.554e-03 0.000e+00
2 1.170e-03 -6.955e-04 1.732e-03 0.000e+00
3 5.165e-03 -2.045e-03 -2.692e-04 0.000e+00
4 -7.611e-04 4.258e-03 1.279e-03 0.000e+00
5 2.797e-03 9.871e-03 3.774e-04 6.337e+01
6 1.253e-04 -3.103e-03 -3.667e-03 0.000e+00
7 5.224e-03 -1.042e-03 -6.697e-03 0.000e+00
8 5.902e-03 1.405e-02 -2.149e-03 -5.695e+01
9 -1.623e-02 -1.724e-03 6.486e-03 0.000e+00
10 2.798e-03 -2.610e-03 2.241e-03 0.000e+00
11 -8.273e-04 5.003e-04 -3.766e-03 0.000e+00
12 2.312e-03 1.379e-03 -6.085e-03 0.000e+00
13 -9.062e-04 -2.154e-03 1.630e-04 0.000e+00
14 -1.869e-03 -6.049e-05 1.183e-03 0.000e+00
15 -1.165e-03 9.247e-03 2.384e-03 4.786e+01
16 5.747e-03 -2.888e-03 -3.847e-04 0.000e+00
17 -1.124e-02 -2.699e-03 3.329e-03 0.000e+00
18 4.079e-03 -1.403e-03 -2.955e-04 0.000e+00
19 1.010e-03 -9.939e-04 2.327e-03 0.000e+00
20 -1.169e-02 -2.286e-03 -5.804e-03 0.000e+00
21 8.279e-03 3.536e-03 -3.736e-03 0.000e+00
22 5.763e-03 -2.316e-03 4.939e-03 0.000e+00
23 3.681e-03 1.173e-02 -4.459e-03 -7.013e+01
24 -6.302e-03 -2.941e-03 -7.435e-03 0.000e+00
25 -2.651e-03 7.799e-03 8.197e-03 0.000e+00
26 -6.828e-04 1.559e-04 -4.792e-04 0.000e+00
27 7.658e-03 5.086e-03 -4.623e-03 0.000e+00
28 -8.156e-04 -1.615e-04 2.694e-03 0.000e+00
29 -1.977e-03 -2.848e-04 7.370e-04 0.000e+00
30 -6.569e-03 -6.039e-04 -2.540e-03 0.000e+00
31 -8.080e-03 1.276e-02 -2.350e-03 -9.731e+01
32 1.441e-03 -2.246e-03 6.207e-03 0.000e+00
33 -4.024e-03 -1.871e-03 2.390e-03 0.000e+00
34 -1.693e-03 1.503e-03 4.660e-03 0.000e+00
35 -2.247e-03 5.213e-03 -1.824e-04 0.000e+00
36 -8.129e-03 3.942e-03 4.149e-03 0.000e+00
37 2.703e-03 -3.197e-03 3.123e-03 0.000e+00
38 -4.921e-03 -3.112e-03 6.963e-03 0.000e+00
39 -3.173e-03 6.252e-03 -4.307e-03 0.000e+00
40 -2.968e-03 1.149e-02 3.388e-03 5.667e+01
41 -8.688e-03 6.845e-04 8.898e-03 0.000e+00
42 -2.912e-03 -3.162e-03 2.832e-03 0.000e+00
43 8.923e-07 -2.737e-03 1.957e-03 0.000e+00
44 2.152e-03 -1.831e-03 1.111e-03 0.000e+00
45 5.220e-03 1.227e-02 -8.577e-05 -5.338e+01
46 1.541e-03 -2.419e-03 5.784e-03 0.000e+00
47 -5.835e-03 6.925e-03 -3.917e-03 0.000e+00
48 5.440e-03 7.749e-03 -4.447e-04 0.000e+00
49 -4.821e-03 1.165e-02 9.061e-04 9.864e+00
50 -8.767e-04 6.731e-03 2.519e-03 0.000e+00
51 -3.138e-03 -2.540e-03 7.409e-03 0.000e+00
52 3.152e-03 5.330e-03 -4.977e-03 0.000e+00
53 -6.401e-03 5.654e-03 1.035e-03 0.000e+00
54 6.205e-04 8.456e-03 4.435e-03 0.000e+00
55 -9.172e-03 -3.178e-03 2.034e-03 0.000e+00
56 1.956e-03 -3.245e-03 2.606e-03 0.000e+00
57 -3.789e-03 -4.853e-04 7.384e-03 0.000e+00
58 2.512e-03 -9.257e-04 -1.932e-03 0.000e+00
59 6.927e-03 1.306e-02 -7.257e-03 6.953e+01
60 -2.178e-03 8.433e-03 5.804e-03 0.000e+00
61 -1.119e-03 -5.419e-04 2.661e-03 0.000e+00
62 -1.348e-02 -2.416e-03 -2.814e-03 0.000e+00
63 -3.381e-04 6.802e-03 3.864e-03 0.000e+00
64 2.491e-03 1.443e-02 -4.160e-03 -6.067e+01
65 -3.832e-03 5.995e-03 7.066e-03 0.000e+00
66 -1.187e-03 -1.551e-03 -8.443e-03 0.000e+00
67 1.074e-03 -3.145e-03 -5.512e-03 0.000e+00
68 1.177e-03 9.396e-03 1.412e-03 -1.017e+02
69 3.940e-03 -7.086e-04 -9.905e-03 0.000e+00
70 5.089e-03 5.062e-04 2.979e-03 0.000e+00
71 -6.174e-03 4.593e-03 3.714e-03 0.000e+00
72 1.273e-03 5.564e-03 5.337e-04 0.000e+00
73 -1.979e-03 -2.246e-03 -1.945e-03 0.000e+00
74 -2.391e-03 8.339e-03 2.114e-03 0.000e+00
75 2.709e-03 1.064e-02 2.987e-03 -9.422e+01
76 3.244e-03 4.347e-03 -1.569e-03 0.000e+00
77 -1.126e-04 -2.443e-03 7.762e-03 0.000e+00
78 1.901e-03 -7.584e-04 -2.143e-04 0.000e+00
79 5.101e-04 -1.599e-03 -4.575e-03 0.000e+00
80 -7.558e-05 -2.943e-03 -2.148e-03 0.000e+00
81 2.698e-03 -1.731e-03 -9.953e-04 0.000e+00
82 -1.844e-03 -8.537e-04 -7.856e-03 0.000e+00
83 -9.863e-04 -5.922e-04 -7.638e-03 0.000e+00
84 -2.472e-04 1.012e-02 -1.124e-03 6.757e+01
85 -3.878e-03 -2.423e-03 -5.754e-05 0.000e+00
86 3.115e-03 8.970e-03 -1.058e-03 0.000e+00
87 -1.146e-03 -2.548e-03 -2.117e-03 0.000e+00
88 4.404e-05 -2.287e-03 -4.098e-03 0.000e+00
89 3.952e-03 -1.029e-03 -1.196e-03 0.000e+00
90 -1.378e-03 -2.268e-03 -3.520e-03 0.000e+00
91 -2.545e-03 -9.963e-04 -3.036e-03 0.000e+00
92 -1.038e-03 6.217e-03 -2.662e-03 0.000e+00
93 3.692e-04 5.283e-03 -1.085e-02 0.000e+00
94 -4.527e-04 1.699e-03 -5.015e-03 0.000e+00
95 -8.386e-04 5.473e-03 -5.420e-03 0.000e+00
96 -5.812e-03 -1.818e-03 -1.390e-03 0.000e+00
97 -4.661e-03 -1.189e-03 2.164e-03 0.000e+00
98 -8.149e-03 -2.158e-03 -2.942e-03 0.000e+00
99 9.732e-04 -2.198e-03 -1.104e-03 0.000e+00
100 -6.217e-03 1.142e-03 3.731e-03 0.000e+00
101 5.720e-04 -2.356e-04 1.780e-03 0.000e+00
102 -9.019e-03 -1.295e-03 1.568e-03 0.000e+00
103 7.969e-04 -2.828e-03 2.821e-03 0.000e+00
104 -3.391e-03 -1.658e-03 -6.584e-03 0.000e+00
105 -8.501e-03 7.528e-03 -3.016e-03 0.000e+00
106 4.101e-03 -2.057e-03 -4.710e-03 0.000e+00
107 4.032e-03 -2.164e-03 2.253e-03 0.000e+00
108 5.723e-04 -2.970e-03 3.641e-03 0.000e+00
109 -4.641e-03 7.624e-03 -3.121e-03 0.000e+00
110 -9.472e-04 -2.549e-03 -1.123e-03 0.000e+00
111 7.834e-04 -3.124e-03 -3.205e-03 0.000e+00
112 -5.492e-03 -2.748e-03 -2.140e-03 0.000e+00
113 -2.577e-03 -2.479e-03 1.448e-02 0.000e+00
114 -1.845e-03 -1.897e-03 -1.607e-03 0.000e+00
115 4.848e-05 -1.366e-03 3.080e-03 0.000e+00
116 2.980e-03 3.297e-03 -6.733e-03 0.000e+00
117 6.471e-03 6.993e-03 -1.083e-02 0.000e+00
118 -6.836e-03 -2.611e-03 1.922e-03 0.000e+00
119 -6.685e-03 6.737e-04 -2.731e-03 0.000e+00
120 -9.082e-04 -3.175e-03 -7.001e-03 0.000e+00
121 -2.472e-03 1.919e-03 -5.075e-03 0.000e+00
122 8.249e-03 6.663e-03 5.249e-03 0.000e+00
123 -7.453e-03 1.083e-02 -7.095e-05 -8.473e+01
124 -1.108e-02 6.388e-03 -4.039e-03 0.000e+00
125 -4.102e-03 1.239e-02 9.779e-04 6.339e+01
126 -8.340e-03 9.992e-03 7.157e-03 5.395e+01
127 1.818e-04 -1.021e-04 1.494e-03 0.000e+00
128 2.887e-03 4.863e-03 9.159e-04 0.000e+00
129 -8.710e-03 6.352e-03 -1.707e-03 0.000e+00
130 -4.758e-03 -2.967e-03 -8.323e-03 0.000e+00
131 2.702e-04 -3.142e-03 -1.679e-04 0.000e+00
132 4.725e-04 4.287e-03 -1.718e-03 0.000e+00
133 -3.900e-03 5.756e-03 -1.895e-03 0.000e+00
134 -8.068e-03 -1.495e-03 5.858e-04 0.000e+00
135 -7.278e-03 -2.793e-03 -4.532e-04 0.000e+00
136 1.556e-03 -1.489e-03 6.665e-03 0.000e+00
137 -3.897e-03 -1.649e-03 -2.815e-03 0.000e+00
138 -2.138e-03 -1.333e-03 -5.976e-04 0.000e+00
139 1.105e-03 -7.000e-04 -2.162e-03 0.000e+00
140 4.012e-03 6.103e-03 -2.248e-05 0.000e+00
141 -3.529e-03 1.191e-05 -1.491e-03 0.000e+00
142 -4.032e-03 -2.842e-03 1.751e-03 0.000e+00
143 1.670e-03 1.102e-02 -5.402e-03 4.375e+01
144 6.360e-03 1.172e-02 8.469e-03 -8.995e+01
145 2.500e-03 1.229e-02 4.988e-03 -6.344e+01
146 -8.191e-03 1.742e-03 -2.157e-03 0.000e+00
147 -4.118e-03 -1.948e-03 -2.358e-04 0.000e+00
148 2.600e-03 -2.337e-03 -2.781e-03 0.000e+00
149 -2.036e-03 -2.952e-03 1.012e-02 0.000e+00
150 -2.237e-03 7.083e-03 4.594e-03 0.000e+00
151 3.858e-03 8.712e-03 -3.803e-03 0.000e+00
152 1.010e-03 -1.651e-03 -1.998e-03 0.000e+00
153 1.012e-03 -1.029e-03 3.563e-03 0.000e+00
154 2.500e-03 -3.024e-03 6.942e-03 0.000e+00
155 -7.076e-03 6.519e-03 3.487e-03 0.000e+00
156 -2.121e-03 -2.515e-03 -5.265e-04 0.000e+00
157 -3.344e-03 1.028e-02 -5.890e-03 -1.004e+02
158 -5.971e-03 9.082e-03 -5.004e-03 0.000e+00
159 1.966e-03 -1.210e-03 1.962e-03 0.000e+00
160 4.094e-04 6.269e-04 -1.855e-03 0.000e+00
161 6.858e-04 2.879e-04 -4.739e-03 0.000e+00
162 -5.389e-03 8.825e-03 -3.197e-03 0.000e+00
163 -6.145e-03 7.093e-03 5.158e-04 0.000e+00
164 -4.646e-03 7.456e-03 -1.962e-04 0.000e+00
165 -2.403e-03 -1.247e-03 1.268e-03 0.000e+00
166 -9.363e-03 -2.272e-03 -2.515e-03 0.000e+00
167 -6.279e-03 -2.857e-03 8.591e-03 0.000e+00
168 -3.290e-03 -3.246e-03 -3.144e-03 0.000e+00
169 3.974e-04 -2.924e-03 4.119e-03 0.000e+00
170 1.266e-03 -2.524e-03 -5.591e-03 0.000e+00
171 1.219e-04 -1.137e-03 -3.246e-03 0.000e+00
172 1.841e-03 -1.979e-03 4.584e-03 0.000e+00
173 -5.167e-03 -6.532e-04 -4.169e-03 0.000e+00
174 -3.490e-03 7.643e-03 -4.805e-03 0.000e+00
175 -1.019e-02 -3.112e-03 3.540e-03 0.000e+00
176 7.503e-04 7.203e-03 8.283e-04 0.000e+00
177 3.786e-03 7.378e-03 -2.419e-03 0.000e+00
178 2.039e-03 -1.133e-03 2.935e-03 0.000e+00
179 8.526e-03 -3.207e-03 -6.018e-04 0.000e+00
180 2.415e-03 1.605e-03 -3.677e-03 0.000e+00
181 -5.945e-03 -3.160e-03 -1.838e-03 0.000e+00
182 -4.630e-03 3.177e-03 9.752e-04 0.000e+00
183 5.429e-03 -1.168e-04 2.767e-04 0.000e+00
184 2.745e-03 -2.070e-03 -5.451e-03 0.000e+00
185 -3.934e-03 1.007e-04 2.164e-03 0.000e+00
186 1.431e-03 8.370e-03 7.843e-03 0.000e+00
187 5.418e-03 8.966e-03 2.750e-03 0.000e+00
188 2.863e-03 9.510e-03 -8.752e-04 -5.913e+01
189 6.626e-03 5.061e-04 1.571e-03 0.000e+00
190 -7.222e-03 -2.765e-03 8.581e-03 0.000e+00
191 -1.201e-03 5.163e-03 -1.196e-03 0.000e+00
192 3.147e-03 7.067e-03 5.272e-03 0.000e+00
193 -1.303e-03 1.267e-02 4.825e-04 1.403e+01
194 -6.732e-04 -6.780e-04 7.917e-03 0.000e+00
195 -1.357e-04 -2.038e-03 -6.944e-03 0.000e+00
196 4.621e-03 -2.201e-03 1.347e-03 0.000e+00
197 5.553e-03 -2.512e-03 2.973e-03 0.000e+00
198 -8.247e-04 -2.015e-03 5.518e-03 0.000e+00
199 -2.244e-03 5.469e-03 -3.420e-03 0.000e+00
200 1.843e-03 -2.432e-03 -2.800e-03 0.000e+00
201 -6.420e-03 1.317e-02 -1.401e-03 -2.532e+01
202 -3.063e-03 3.733e-03 -1.838e-03 0.000e+00
203 2.123e-03 -3.090e-04 -1.538e-03 0.000e+00
204 -2.372e-03 -2.559e-03 6.935e-03 0.000e+00
205 -1.955e-03 -2.548e-03 8.814e-04 0.000e+00
206 7.535e-03 2.753e-03 -1.789e-03 0.000e+00
207 -5.275e-03 5.548e-03 1.314e-03 0.000e+00
208 -1.944e-03 -3.110e-03 -9.110e-03 0.000e+00
209 2.930e-03 1.004e-02 4.712e-03 1.759e+01
210 -5.840e-03 -2.412e-03 -6.920e-03 0.000e+00
211 6.325e-03 1.240e-02 3.369e-03 -6.456e+01
212 2.397e-03 4.680e-03 1.942e-03 0.000e+00
213 1.967e-03 -1.883e-03 -6.873e-04 0.000e+00
214 -2.680e-03 -2.720e-03 3.044e-03 0.000e+00
215 1.185e-02 3.954e-03 2.858e-03 0.000e+00
216 6.197e-03 2.596e-04 -4.093e-03 0.000e+00
217 -3.975e-04 3.717e-04 -4.678e-03 0.000e+00
218 1.026e-03 1.086e-02 8.122e-03 -4.240e+01
219 -6.886e-03 -2.184e-03 -2.094e-03 0.000e+00
220 6.908e-03 5.171e-03 -4.571e-03 0.000e+00
221 -9.426e-03 -3.040e-03 1.126e-02 0.000e+00
222 4.563e-03 7.752e-03 -1.194e-02 0.000e+00
223 -6.925e-03 -3.228e-03 7.081e-03 0.000e+00
224 3.454e-03 -2.560e-03 -1.503e-04 0.000e+00
225 4.507e-03 1.729e-02 -2.188e-03 9.596e+00
226 4.437e-03 -2.777e-03 -4.875e-03 0.000e+00
227 -5.732e-03 6.882e-04 -3.178e-03 0.000e+00
228 3.572e-03 5.668e-03 4.200e-03 0.000e+00
229 6.807e-04 -2.808e-03 -2.876e-03 0.000e+00
230 -2.963e-03 -1.979e-03 2.584e-03 0.000e+00
231 5.660e-05 5.149e-03 -7.377e-04 0.000e+00
232 8.037e-03 4.747e-04 -4.104e-03 0.000e+00
233 2.641e-03 5.953e-03 -2.974e-03 0.000e+00
234 2.222e-03 1.208e-02 -1.235e-03 2.021e+01
235 -1.824e-04 5.929e-03 -3.120e-03 0.000e+00
236 -4.411e-03 6.110e-04 6.531e-03 0.000e+00
237 1.219e-03 2.608e-03 -5.658e-03 0.000e+00
238 -3.941e-04 1.238e-02 -9.854e-03 7.225e+01
239 3.437e-03 -2.573e-03 -1.640e-03 0.000e+00
240 -4.260e-03 9.945e-03 -5.431e-04 -9.535e+01
241 -6.048e-03 3.373e-04 -3.089e-03 0.000e+00
242 -3.545e-03 7.080e-03 -9.262e-03 0.000e+00
243 -6.120e-03 -2.103e-03 6.467e-03 0.000e+00
244 6.252e-03 -2.893e-03 -3.014e-03 0.000e+00
245 -1.161e-04 5.187e-03 1.025e-04 0.000e+00
246 -5.693e-03 9.254e-03 2.990e-03 -3.298e+00
247 -3.070e-03 -3.487e-04 1.967e-03 0.000e+00
248 -2.669e-03 -2.367e-03 -2.150e-04 0.000e+00
249 5.193e-03 -9.988e-04 -6.656e-05 0.000e+00
250 -5.368e-04 8.837e-03 -1.517e-03 0.000e+00
251 -2.920e-03 -8.376e-04 6.300e-03 0.000e+00
252 -9.574e-04 -2.795e-03 -3.966e-03 0.000e+00
253 3.090e-03 3.243e-04 9.937e-03 0.000e+00
254 -9.235e-04 8.677e-03 -1.241e-03 0.000e+00
255 -3.166e-03 -2.646e-03 3.044e-03 0.000e+00
256 -6.954e-04 5.369e-03 -1.242e-03 0.000e+00
257 4.958e-04 4.236e-03 -3.990e-04 0.000e+00
258 6.659e-03 7.474e-03 -7.856e-03 0.000e+00
259 -5.701e-03 -3.082e-03 1.011e-02 0.000e+00
260 -1.045e-02 1.492e-02 -4.465e-03 4.244e+01
261 -8.909e-04 -2.896e-03 4.543e-03 0.000e+00
262 5.924e-03 -1.098e-03 3.524e-03 0.000e+00
263 2.188e-03 -2.076e-03 -5.729e-03 0.000e+00
264 -3.924e-03 6.531e-03 5.681e-04 0.000e+00
265 -1.565e-03 -2.441e-03 8.734e-03 0.000e+00
266 3.330e-03 9.407e-03 -3.713e-03 -5.284e+01
267 3.828e-03 8.515e-03 1.385e-03 0.000e+00
268 -2.378e-03 6.795e-03 -4.069e-03 0.000e+00
269 -8.597e-04 -9.424e-04 -7.326e-03 0.000e+00
270 5.058e-03 6.806e-03 7.093e-03 0.000e+00
271 -5.313e-03 7.106e-03 -5.797e-03 0.000e+00
272 -4.446e-03 -4.459e-04 -6.631e-03 0.000e+00
273 -1.396e-03 6.103e-04 2.239e-03 0.000e+00
274 -8.921e-04 7.567e-03 6.374e-03 0.000e+00
275 -3.851e-03 1.510e-02 4.413e-04 -2.073e+01
276 -2.508e-03 -2.913e-03 -6.301e-03 0.000e+00
277 1.872e-04 7.090e-03 3.861e-03 0.000e+00
278 1.763e-03 7.046e-04 -1.820e-03 0.000e+00
279 4.263e-03 -2.789e-03 -1.730e-03 0.000e+00
280 -2.511e-04 6.014e-03 1.203e-03 0.000e+00
281 1.623e-03 7.477e-03 -4.137e-03 0.000e+00
282 -1.035e-02 -1.687e-03 -1.173e-03 0.000e+00
283 -4.612e-04 1.111e-02 1.136e-03 -8.000e+00
284 3.937e-04 7.256e-03 -5.539e-03 0.000e+00
285 1.456e-03 -6.864e-04 2.625e-03 0.000e+00
286 6.005e-03 -2.887e-03 2.328e-03 0.000e+00
287 -1.669e-03 1.276e-03 8.381e-03 0.000e+00
288 -2.282e-03 8.000e-03 -2.715e-03 0.000e+00
289 -1.666e-03 9.495e-03 -2.694e-03 -4.621e+01
290 3.810e-03 8.393e-03 6.224e-03 0.000e+00
291 -4.735e-03 4.053e-03 4.617e-03 0.000e+00
292 -5.470e-03 8.203e-03 3.058e-03 0.000e+00
293 -4.022e-03 6.722e-03 1.949e-03 0.000e+00
294 -2.683e-03 -1.322e-03 2.243e-03 0.000e+00
295 4.953e-03 8.962e-03 -5.032e-03 0.000e+00
296 -5.562e-03 -1.092e-03 7.771e-03 0.000e+00
297 -1.505e-03 -1.783e-03 9.625e-04 0.000e+00
298 4.349e-03 -3.035e-03 1.124e-03 0.000e+00
299 6.428e-03 -2.088e-03 -6.799e-03 0.000e+00
300 -3.295e-03 7.575e-03 -3.991e-03 0.000e+00
301 5.240e-03 4.196e-03 8.836e-03 0.000e+00
302 5.844e-03 8.734e-03 -6.619e-03 0.000e+00
303 -1.813e-03 -2.148e-04 2.203e-03 0.000e+00
304 1.789e-03 -2.109e-03 -1.309e-02 0.000e+00
305 6.082e-03 -1.202e-03 -8.055e-03 0.000e+00
306 5.706e-03 -1.625e-03 1.620e-03 0.000e+00
307 1.357e-03 -2.286e-03 3.566e-04 0.000e+00
308 1.492e-03 -1.900e-03 4.042e-04 0.000e+00
309 -1.658e-03 -2.000e-03 4.225e-03 0.000e+00
310 3.792e-04 1.473e-03 2.135e-03 0.000e+00
311 6.263e-03 -1.152e-03 4.830e-03 0.000e+00
312 -3.886e-03 1.210e-02 -9.409e-04 2.325e+01
313 -1.989e-03 -1.177e-03 6.280e-03 0.000e+00
314 -7.341e-03 9.763e-03 -3.286e-03 -1.140e+01
315 9.339e-03 -7.092e-04 -3.472e-03 0.000e+00
316 -4.611e-04 -1.909e-03 7.360e-04 0.000e+00
317 1.220e-03 -2.879e-03 3.138e-03 0.000e+00
318 1.238e-03 6.789e-03 -2.360e-03 0.000e+00
319 -1.375e-03 9.353e-03 1.835e-03 -8.706e+01
320 3.328e-04 -2.390e-03 -6.934e-03 0.000e+00
321 3.020e-03 -2.327e-03 2.279e-03 0.000e+00
322 -4.466e-03 -2.501e-03 -7.029e-03 0.000e+00
323 9.408e-03 8.156e-03 2.043e-03 0.000e+00
324 -5.062e-03 9.084e-03 -1.618e-03 0.000e+00
325 4.584e-03 8.578e-03 1.190e-03 0.000e+00
326 -1.506e-03 -3.187e-03 7.594e-03 0.000e+00
327 3.192e-04 1.070e-02 4.897e-03 -9.674e+01
328 -5.506e-03 5.261e-03 1.718e-03 0.000e+00
329 3.400e-03 9.786e-03 -2.983e-03 4.280e+01
330 5.322e-03 -1.959e-03 -4.283e-03 0.000e+00
331 -6.244e-03 -1.141e-03 6.143e-04 0.000e+00
332 -1.042e-03 1.037e-02 9.010e-03 -2.975e+01
333 3.029e-04 -2.148e-03 1.587e-03 0.000e+00
334 -2.919e-03 -1.868e-03 -5.165e-03 0.000e+00
335 -2.822e-03 1.330e-02 6.248e-04 2.534e+01
336 5.680e-03 3.923e-03 -3.529e-03 0.000e+00
337 1.351e-03 -3.167e-03 1.163e-03 0.000e+00
338 3.155e-03 -1.950e-03 -2.571e-03 0.000e+00
339 2.354e-03 -2.724e-03 1.466e-03 0.000e+00
340 -1.834e-03 -3.566e-04 4.563e-03 0.000e+00
341 -4.014e-03 -2.320e-03 -6.391e-08 0.000e+00
342 1.962e-03 7.306e-03 3.681e-03 0.000e+00
343 4.557e-04 -5.934e-04 -5.850e-03 0.000e+00
344 2.645e-03 1.490e-02 1.773e-03 -5.817e+01
345 -5.488e-03 1.410e-02 -5.124e-03 -4.249e+01
346 5.239e-03 3.995e-03 6.211e-03 0.000e+00
347 4.342e-03 5.937e-04 -2.379e-03 0.000e+00
348 2.428e-03 7.119e-03 3.529e-03 0.000e+00
349 5.619e-04 1.183e-02 -5.042e-03 1.353e+01
350 7.934e-03 -2.650e-03 3.201e-03 0.000e+00
351 7.960e-04 -1.332e-05 6.184e-04 0.000e+00
352 4.594e-03 -1.087e-03 2.198e-03 0.000e+00
353 -1.589e-03 6.020e-03 -6.344e-03 0.000e+00
354 2.070e-03 -1.914e-03 -8.900e-04 0.000e+00
355 1.082e-02 5.159e-03 -2.240e-03 0.000e+00
356 8.492e-04 4.556e-03 5.235e-03 0.000e+00
357 -1.108e-02 6.914e-03 2.978e-03 0.000e+00
358 1.390e-04 5.215e-03 -3.182e-03 0.000e+00
359 -4.743e-03 -2.719e-03 -3.706e-03 0.000e+00
360 3.167e-03 -2.528e-03 9.556e-04 0.000e+00
361 4.698e-03 6.358e-04 6.245e-03 0.000e+00
362 -7.387e-03 -1.587e-03 9.729e-04 0.000e+00
363 -4.597e-03 1.279e-02 -6.089e-03 3.192e+01
364 -6.452e-03 -2.973e-03 -3.004e-03 0.000e+00
365 4.295e-03 1.646e-03 4.924e-03 0.000e+00
366 -7.115e-05 -2.682e-03 1.708e-05 0.000e+00
367 1.792e-03 1.123e-02 4.967e-03 -3.455e+01
368 -9.992e-04 -2.987e-03 -1.273e-03 0.000e+00
369 7.943e-03 6.076e-03 -8.648e-03 0.000e+00
370 2.201e-04 1.408e-02 -2.885e-03 -8.729e+00
371 3.953e-03 -2.782e-03 -6.361e-03 0.000e+00
372 5.653e-03 4.172e-03 -2.381e-03 0.000e+00
373 2.606e-03 4.398e-03 -4.379e-03 0.000e+00
374 5.893e-04 9.987e-03 6.832e-04 -4.453e+01
375 8.015e-03 1.329e-02 -3.380e-03 -4.914e+01
376 5.112e-03 -2.765e-03 4.076e-03 0.000e+00
377 -3.037e-04 -1.852e-03 4.580e-04 0.000e+00
378 1.092e-04 7.431e-04 -7.084e-03 0.000e+00
379 -1.009e-02 -1.469e-03 -4.858e-03 0.000e+00
380 1.139e-02 4.897e-03 8.650e-04 0.000e+00
381 -3.826e-03 1.433e-02 6.201e-03 6.743e+00
382 3.848e-08 3.196e-03 -3.948e-03 0.000e+00
383 -3.880e-03 -6.944e-04 -2.801e-03 0.000e+00
384 -3.840e-03 -2.246e-03 -5.403e-03 0.000e+00
385 -5.687e-03 -2.960e-03 5.134e-03 0.000e+00
386 -2.971e-04 1.034e-02 2.727e-03 2.264e+01
387 2.130e-03 -1.837e-03 5.069e-03 0.000e+00
388 -5.990e-03 1.069e-02 8.742e-03 -1.372e+01
389 5.076e-03 5.040e-03 -8.637e-04 0.000e+00
390 -4.374e-04 -2.734e-03 -1.500e-03 0.000e+00
391 3.983e-03 -1.033e-03 -2.701e-03 0.000e+00
392 6.365e-03 -2.288e-03 -6.950e-04 0.000e+00
393 -1.650e-02 7.235e-03 4.779e-03 0.000e+00
394 -6.709e-03 -1.849e-03 1.626e-03 0.000e+00
395 -3.011e-03 9.228e-03 -6.263e-04 -5.836e+00
396 -1.822e-03 -3.032e-03 9.386e-04 0.000e+00
397 -6.746e-03 7.938e-03 2.953e-03 0.000e+00
398 -4.058e-03 -3.156e-03 4.843e-03 0.000e+00
399 -7.701e-03 -1.290e-03 5.593e-03 0.000e+00
400 -3.531e-03 -2.516e-03 3.024e-03 0.000e+00
401 4.841e-03 -1.112e-03 1.580e-03 0.000e+00
402 4.981e-03 7.314e-03 5.427e-04 0.000e+00
403 3.718e-03 -2.982e-03 5.259e-03 0.000e+00
404 5.482e-03 1.008e-02 4.495e-03 -4.620e+01
405 1.829e-03 5.083e-03 -3.675e-03 0.000e+00
406 -9.267e-04 1.241e-03 -4.062e-03 0.000e+00
407 -5.027e-03 -5.771e-04 1.365e-03 0.000e+00
408 3.988e-03 -9.267e-04 -8.610e-04 0.000e+00
409 1.291e-03 -1.527e-04 4.185e-03 0.000e+00
410 1.030e-03 9.626e-03 1.358e-03 4.067e+01
411 -1.476e-03 8.595e-03 2.779e-03 0.000e+00
412 1.555e-03 -2.929e-03 -3.224e-03 0.000e+00
413 -2.435e-03 -1.998e-03 1.589e-03 0.000e+00
414 -4.731e-03 8.736e-04 3.617e-03 0.000e+00
415 -5.156e-03 5.796e-03 -1.921e-04 0.000e+00
416 6.816e-03 -3.050e-03 1.181e-02 0.000e+00
417 -6.147e-03 7.437e-03 -2.468e-03 0.000e+00
418 -3.226e-03 -1.462e-03 -5.419e-04 0.000e+00
419 -9.163e-04 -9.362e-05 -2.609e-03 0.000e+00
420 3.691e-03 -1.207e-03 4.298e-03 0.000e+00
421 1.100e-03 -2.061e-03 -1.282e-03 0.000e+00
422 -7.652e-03 1.065e-02 3.619e-03 -3.654e+01
423 -2.433e-03 8.427e-03 -6.534e-04 0.000e+00
424 -1.383e-03 9.138e-03 -6.156e-04 3.939e+01
425 5.129e-03 1.242e-02 -1.705e-03 5.791e+01
426 -5.400e-03 7.004e-03 -6.728e-03 0.000e+00
427 1.036e-03 -2.211e-03 5.736e-03 0.000e+00
428 3.069e-04 -2.018e-03 -4.405e-03 0.000e+00
429 -3.058e-03 5.014e-03 -1.272e-03 0.000e+00
430 -3.377e-03 -2.595e-04 6.170e-03 0.000e+00
431 1.925e-03 -2.257e-03 -5.082e-03 0.000e+00
432 7.492e-04 9.403e-03 2.212e-03 -9.966e+00
433 -7.256e-03 -2.567e-03 -4.262e-04 0.000e+00
434 5.437e-04 9.857e-03 3.749e-04 -1.069e+02
435 -4.624e-03 1.194e-02 3.121e-03 -5.957e+01
436 7.652e-03 7.856e-03 -2.827e-03 0.000e+00
437 -3.665e-03 1.348e-02 1.121e-03 -2.203e+01
438 -1.454e-03 -3.225e-03 2.345e-03 0.000e+00
439 -7.437e-03 9.271e-03 1.673e-03 -6.687e+01
440 3.432e-03 9.341e-03 5.924e-03 1.106e+01
441 -7.525e-04 -1.182e-03 7.138e-03 0.000e+00
442 3.981e-03 6.310e-04 3.138e-03 0.000e+00
443 -7.147e-03 -2.626e-03 9.691e-05 0.000e+00
444 -5.282e-03 1.024e-02 8.202e-03 2.914e+01
445 2.738e-04 -1.411e-03 -3.365e-03 0.000e+00
446 -5.719e-03 -2.736e-03 -1.716e-03 0.000e+00
447 1.308e-03 7.788e-03 3.176e-03 0.000e+00
448 -4.755e-03 6.389e-03 3.029e-03 0.000e+00
449 2.243e-04 8.780e-04 4.394e-03 0.000e+00
450 -6.602e-03 -3.175e-03 1.281e-03 0.000e+00
451 1.468e-03 5.380e-03 -2.822e-03 0.000e+00
452 2.914e-03 6.637e-03 2.577e-03 0.000e+00
453 -5.348e-04 3.496e-03 6.835e-03 0.000e+00
454 -2.333e-03 6.756e-03 5.549e-03 0.000e+00
455 -4.833e-03 -3.227e-03 -2.853e-03 0.000e+00
456 4.262e-04 9.205e-03 6.746e-04 1.449e+01
457 -3.126e-03 1.974e-04 -2.419e-03 0.000e+00
458 -2.764e-03 -1.843e-03 -2.041e-03 0.000e+00
459 2.681e-03 -1.967e-03 4.894e-03 0.000e+00
460 4.321e-03 4.742e-03 -5.657e-04 0.000e+00
461 1.572e-04 -2.609e-03 4.164e-03 0.000e+00
462 -4.086e-03 -3.243e-03 -1.586e-03 0.000e+00
463 6.146e-03 -1.903e-03 -3.741e-03 0.000e+00
464 -9.153e-04 -7.111e-04 3.382e-03 0.000e+00
465 -4.011e-03 6.008e-03 1.717e-03 0.000e+00
466 -2.803e-03 -2.410e-03 -3.525e-03 0.000e+00
467 4.702e-03 -3.046e-03 -6.725e-04 0.000e+00
468 -4.711e-03 1.257e-02 6.663e-03 -8.336e+01
469 -2.103e-03 -2.897e-03 4.015e-03 0.000e+00
470 -2.931e-03 6.801e-03 -3.506e-03 0.000e+00
471 5.499e-03 -1.346e-03 -1.927e-03 0.000e+00
472 -5.766e-03 7.121e-03 6.672e-03 0.000e+00
473 -2.958e-03 1.260e-02 -1.216e-04 1.935e+01
474 -5.818e-03 1.057e-02 -1.072e-03 -8.711e+01
475 -4.320e-03 -3.216e-03 -1.557e-03 0.000e+00
476 3.613e-03 -2.967e-03 1.137e-02 0.000e+00
477 1.948e-03 -1.769e-03 5.129e-03 0.000e+00
478 -1.241e-03 -7.881e-04 1.332e-03 0.000e+00
479 -3.514e-03 5.218e-03 4.455e-03 0.000e+00
480 2.598e-03 6.966e-03 -4.633e-04 0.000e+00
481 -5.002e-03 8.759e-03 4.502e-03 0.000e+00
482 -1.350e-02 -3.085e-03 -3.513e-04 0.000e+00
483 -3.946e-03 -5.093e-04 -2.478e-03 0.000e+00
484 -4.559e-03 -3.080e-03 3.675e-03 0.000e+00
485 1.857e-03 -1.219e-03 -2.407e-03 0.000e+00
486 2.699e-03 -1.345e-03 8.882e-03 0.000e+00
487 -1.756e-03 -2.012e-03 3.112e-03 0.000e+00
488 2.342e-03 -3.227e-03 -3.198e-03 0.000e+00
489 -1.078e-03 1.254e-03 6.656e-03 0.000e+00
490 -9.418e-04 9.663e-04 -1.377e-03 0.000e+00
491 -3.256e-03 5.407e-03 -1.851e-03 0.000e+00
492 -1.186e-03 6.564e-03 1.237e-03 0.000e+00
493 -3.235e-03 -2.771e-03 2.944e-03 0.000e+00
494 1.456e-03 5.716e-03 5.546e-03 0.000e+00
495 5.025e-04 -2.427e-03 -2.710e-04 0.000e+00
496 -7.285e-04 -2.923e-03 4.130e-03 0.000e+00
497 1.137e-02 -4.616e-04 2.586e-03 0.000e+00
498 1.178e-02 -1.720e-03 5.904e-04 0.000e+00
499 -3.099e-03 -9.412e-04 -2.116e-03 0.000e+00
500 -4.354e-03 8.817e-03 7.173e-03 0.000e+00
501 -9.938e-04 1.110e-02 2.486e-03 4.572e+01
502 4.399e-03 -1.689e-03 -1.323e-03 0.000e+00
503 -2.324e-03 -1.222e-03 6.163e-03 0.000e+00
504 -3.619e-03 1.492e-04 -9.227e-05 0.000e+00
505 -4.808e-03 4.782e-04 6.314e-05 0.000e+00
506 -1.689e-03 4.614e-04 -3.837e-04 0.000e+00
507 5.888e-03 -2.092e-03 -7.437e-03 0.000e+00
508 -8.845e-03 7.550e-03 -3.416e-03 0.000e+00
509 3.098e-03 -2.470e-03 6.454e-03 0.000e+00
510 5.636e-04 5.923e-03 -1.251e-03 0.000e+00
511 5.470e-04 -1.616e-03 -2.938e-03 0.000e+00
512 3.134e-03 9.582e-03 -1.237e-03 3.619e+01
513 -3.707e-04 4.040e-03 1.744e-03 0.000e+00
514 -1.316e-03 -2.391e-03 -5.105e-03 0.000e+00
515 1.824e-03 1.058e-02 2.459e-04 5.095e+01
516 -3.130e-03 -2.202e-03 -2.801e-03 0.000e+00
517 5.073e-04 -2.801e-03 4.007e-03 0.000e+00
518 -4.399e-03 6.539e-04 -1.736e-03 0.000e+00
519 -7.510e-03 8.972e-03 -3.537e-04 0.000e+00
520 -7.990e-03 3.405e-03 -1.573e-03 0.000e+00
521 -4.008e-03 -1.581e-03 -2.938e-04 0.000e+00
522 1.091e-03 5.443e-03 -2.863e-03 0.000e+00
523 3.617e-03 -3.086e-03 -8.773e-04 0.000e+00
524 3.066e-03 9.347e-03 3.977e-03 -8.938e+01
525 2.769e-03 4.953e-04 1.330e-03 0.000e+00
526 -2.845e-03 -1.056e-03 1.930e-03 0.000e+00
527 -7.730e-03 -3.104e-03 3.544e-03 0.000e+00
528 1.021e-02 -2.940e-03 7.040e-03 0.000e+00
529 -8.971e-03 -1.026e-04 -3.347e-03 0.000e+00
530 -3.368e-03 3.393e-03 3.518e-03 0.000e+00
531 -7.473e-03 7.519e-03 8.875e-03 0.000e+00
532 -9.896e-04 -1.966e-03 -1.655e-03 0.000e+00
533 -5.723e-03 -7.558e-05 2.388e-03 0.000e+00
534 5.068e-03 -2.036e-03 -3.634e-03 0.000e+00
535 2.494e-03 -2.547e-03 4.845e-03 0.000e+00
536 -1.032e-03 -2.793e-03 3.872e-03 0.000e+00
537 -2.314e-03 7.938e-04 -4.434e-03 0.000e+00
538 -6.931e-03 5.053e-03 -4.866e-04 0.000e+00
539 -1.968e-03 4.260e-04 -5.780e-03 0.000e+00
540 1.372e-03 -1.690e-03 -2.181e-03 0.000e+00
541 -3.590e-03 2.402e-04 5.999e-03 0.000e+00
542 -6.384e-03 5.506e-03 4.222e-03 0.000e+00
543 7.611e-03 9.604e-03 2.611e-03 -8.151e+01
544 3.703e-03 -1.945e-03 -2.561e-03 0.000e+00
545 3.424e-04 -1.873e-03 5.143e-03 0.000e+00
546 -7.161e-03 -7.416e-04 1.967e-03 0.000e+00
547 -5.252e-03 8.476e-03 -4.402e-04 0.000e+00
548 -2.653e-03 1.422e-02 -9.667e-04 -7.420e+01
549 6.499e-03 2.730e-04 -3.355e-03 0.000e+00
550 5.553e-03 6.699e-03 -2.905e-03 0.000e+00
551 -3.893e-03 1.179e-02 6.203e-03 -4.834e+01
552 -2.413e-03 -3.167e-03 3.746e-03 0.000e+00
553 -2.779e-03 -2.866e-03 5.638e-03 0.000e+00
554 1.110e-03 -2.999e-03 -5.633e-03 0.000e+00
555 -6.097e-03 1.247e-02 2.218e-03 -1.040e+02
556 5.585e-03 1.240e-02 1.601e-03 5.496e+01
557 1.641e-03 9.945e-03 -7.236e-03 -2.425e+01
558 1.930e-03 -2.663e-03 -2.568e-03 0.000e+00
559 2.196e-03 -1.857e-03 -7.500e-03 0.000e+00
560 -5.233e-03 -2.186e-03 6.117e-03 0.000e+00
561 -3.014e-03 -2.751e-03 8.941e-03 0.000e+00
562 -1.135e-03 -1.366e-03 -6.466e-03 0.000e+00
563 -9.996e-04 -2.177e-03 3.243e-03 0.000e+00
564 -3.350e-03 -2.559e-03 -8.361e-04 0.000e+00
565 -1.561e-03 5.940e-03 3.215e-03 0.000e+00
566 3.395e-03 5.064e-03 5.508e-03 0.000e+00
567 2.748e-04 5.359e-03 7.603e-03 0.000e+00
568 -3.327e-03 -1.249e-03 -2.294e-03 0.000e+00
569 -2.265e-03 -2.012e-03 -7.295e-03 0.000e+00
570 2.247e-03 -2.107e-03 -5.373e-03 0.000e+00
571 1.721e-04 -1.531e-03 -1.952e-03 0.000e+00
572 -8.460e-03 -3.227e-03 -1.187e-02 0.000e+00
573 -5.694e-03 8.389e-03 -1.304e-03 0.000e+00
574 4.971e-03 1.342e-04 -3.871e-03 0.000e+00
575 1.213e-06 -2.318e-03 1.296e-03 0.000e+00
576 -6.647e-03 -1.021e-04 5.197e-03 0.000e+00
577 9.011e-04 -1.015e-03 -5.967e-04 0.000e+00
578 -9.029e-03 4.464e-03 -3.311e-03 0.000e+00
579 -2.786e-03 -1.334e-03 -1.422e-04 0.000e+00
580 2.585e-03 1.528e-04 7.218e-03 0.000e+00
581 -1.266e-04 -2.332e-03 8.100e-03 0.000e+00
582 4.464e-06 6.156e-03 4.983e-04 0.000e+00
583 -3.182e-03 -3.313e-04 4.859e-03 0.000e+00
584 4.288e-03 7.739e-03 -1.738e-03 0.000e+00
585 -1.947e-03 1.013e-04 -7.988e-04 0.000e+00
586 4.964e-04 1.146e-02 -8.821e-03 -9.548e+01
587 7.658e-03 3.133e-04 4.186e-03 0.000e+00
588 1.699e-03 -1.187e-03 7.574e-03 0.000e+00
589 6.396e-03 -3.030e-03 -1.842e-03 0.000e+00
590 -9.189e-04 -2.454e-03 3.530e-03 0.000e+00
591 8.304e-04 -2.837e-03 -8.128e-03 0.000e+00
592 -4.726e-03 -1.028e-05 -2.018e-04 0.000e+00
593 -6.774e-03 -7.123e-04 4.813e-03 0.000e+00
594 -1.084e-03 6.914e-03 -5.765e-03 0.000e+00
595 -2.976e-03 -7.343e-04 2.055e-04 0.000e+00
596 -1.385e-03 -5.604e-06 4.669e-03 0.000e+00
597 1.596e-04 -2.121e-03 -2.378e-03 0.000e+00
598 2.299e-03 7.193e-03 -1.364e-03 0.000e+00
599 -3.559e-03 1.105e-03 6.073e-03 0.000e+00
600 -6.008e-03 7.064e-03 -2.568e-03 0.000e+00
601 -7.616e-03 1.176e-04 -6.383e-03 0.000e+00
602 -7.403e-06 -4.733e-04 -8.830e-03 0.000e+00
603 -2.380e-03 3.909e-03 -3.638e-03 0.000e+00
604 -5.784e-03 -2.939e-03 -6.067e-03 0.000e+00
605 -1.507e-03 8.402e-03 -1.180e-03 0.000e+00
606 5.777e-03 -2.865e-03 1.689e-03 0.000e+00
607 -2.738e-03 -8.205e-04 1.202e-03 0.000e+00
608 -4.651e-03 -2.163e-03 -5.600e-03 0.000e+00
609 -7.229e-03 1.146e-02 8.460e-03 7.192e+01
610 -5.072e-03 -1.762e-03 4.581e-03 0.000e+00
611 -5.358e-03 -1.888e-03 -4.993e-03 0.000e+00
612 -3.080e-03 9.725e-03 6.465e-03 -2.012e+01
613 -6.558e-03 6.177e-03 1.079e-02 0.000e+00
614 1.002e-03 -1.283e-04 8.429e-07 0.000e+00
615 -5.093e-03 -2.145e-03 -1.339e-03 0.000e+00
616 -1.313e-03 7.585e-03 -6.311e-03 0.000e+00
617 5.305e-03 4.763e-03 4.441e-04 0.000e+00
618 2.302e-03 3.876e-03 -3.289e-04 0.000e+00
619 8.488e-03 -2.226e-03 -2.210e-03 0.000e+00
620 -8.498e-04 -6.938e-04 2.991e-03 0.000e+00
621 2.601e-03 8.561e-03 -2.927e-03 0.000e+00
622 -1.875e-03 6.142e-03 6.897e-03 0.000e+00
623 -6.929e-04 5.470e-03 1.614e-03 0.000e+00
624 6.510e-03 -2.162e-03 -8.509e-03 0.000e+00
625 -4.873e-04 -3.199e-03 6.976e-03 0.000e+00
626 -6.805e-03 9.557e-03 -3.264e-03 -1.000e+02
627 9.196e-03 -2.270e-03 -4.443e-04 0.000e+00
628 -1.573e-03 8.255e-03 -3.151e-03 0.000e+00
629 7.999e-04 -1.970e-03 4.813e-03 0.000e+00
630 -4.420e-03 -2.701e-03 -3.409e-04 0.000e+00
631 -1.046e-04 9.854e-03 2.521e-03 -3.980e+01
632 -8.367e-04 1.113e-02 -6.254e-03 4.403e+00
633 3.165e-03 8.454e-04 5.427e-03 0.000e+00
634 -4.763e-03 -1.480e-03 -5.967e-03 0.000e+00
635 1.257e-03 -2.791e-04 2.177e-03 0.000e+00
636 3.813e-03 -2.214e-03 -5.550e-03 0.000e+00
637 -3.209e-03 1.270e-02 -3.854e-03 -8.163e+01
638 4.175e-04 9.167e-03 5.161e-03 -9.128e+01
639 3.181e-03 6.160e-03 3.694e-03 0.000e+00
640 -2.589e-03 1.165e-02 2.874e-03 -7.628e+01
641 4.701e-03 7.151e-03 1.069e-02 0.000e+00
642 -2.443e-03 5.235e-03 -4.212e-03 0.000e+00
643 4.533e-03 -1.656e-03 2.879e-03 0.000e+00
644 -4.696e-03 9.359e-03 -1.538e-03 -1.059e+02
645 -1.980e-05 8.211e-03 -4.186e-03 0.000e+00
646 -2.087e-03 7.098e-03 -2.946e-03 0.000e+00
647 2.269e-05 1.658e-02 1.837e-03 -1.535e+01
648 4.037e-03 1.758e-03 1.496e-04 0.000e+00
649 2.283e-03 5.542e-04 4.613e-03 0.000e+00
650 1.024e-02 1.013e-02 -2.068e-03 1.924e+01
651 -3.479e-03 -2.959e-03 2.262e-03 0.000e+00
652 -4.514e-03 -2.283e-03 3.952e-03 0.000e+00
653 -2.968e-03 -1.038e-03 -3.872e-03 0.000e+00
654 -1.555e-03 6.297e-03 -8.906e-04 0.000e+00
655 -3.633e-03 6.082e-03 -5.775e-03 0.000e+00
656 -2.238e-03 6.711e-03 -1.785e-03 0.000e+00
657 -6.496e-04 -3.143e-03 -5.774e-03 0.000e+00
658 -9.839e-04 -1.394e-03 7.065e-03 0.000e+00
659 2.334e-03 4.338e-03 -6.500e-03 0.000e+00
660 9.332e-03 -3.112e-03 1.858e-03 0.000e+00
661 4.448e-03 -3.752e-04 -1.754e-03 0.000e+00
662 1.560e-03 1.245e-04 3.069e-03 0.000e+00
663 2.301e-03 1.277e-02 -1.114e-03 -2.837e+00
664 3.672e-03 -1.714e-03 -5.207e-03 0.000e+00
665 -5.906e-04 1.388e-02 8.855e-04 -2.283e+01
666 7.018e-03 1.287e-02 1.513e-03 -7.967e+01
667 4.392e-04 6.306e-03 -3.701e-03 0.000e+00
668 -5.535e-03 5.156e-03 6.494e-03 0.000e+00
669 -2.290e-03 -2.818e-03 1.564e-03 0.000e+00
670 -3.054e-04 4.479e-03 1.700e-03 0.000e+00
671 -7.040e-03 -2.281e-03 -6.332e-03 0.000e+00
672 -5.410e-03 -2.200e-03 2.720e-03 0.000e+00
673 7.423e-03 -6.051e-04 -6.639e-04 0.000e+00
674 8.901e-04 1.441e-03 2.223e-03 0.000e+00
675 1.339e-03 6.443e-03 5.423e-03 0.000e+00
676 1.231e-03 3.126e-03 6.772e-03 0.000e+00
677 1.812e-03 1.137e-02 -3.643e-03 6.866e+01
678 1.427e-03 1.850e-02 4.772e-03 -7.270e+01
679 -4.289e-03 8.074e-03 6.594e-03 0.000e+00
680 3.257e-03 4.846e-03 -4.393e-03 0.000e+00
681 6.538e-03 -2.803e-03 -8.510e-03 0.000e+00
682 3.913e-03 5.617e-03 2.427e-03 0.000e+00
683 6.866e-03 4.674e-04 -2.404e-03 0.000e+00
684 3.515e-03 3.595e-04 -2.163e-04 0.000e+00
685 5.674e-03 7.357e-03 -8.846e-03 0.000e+00
686 -1.003e-03 3.718e-03 4.506e-03 0.000e+00
687 2.270e-03 9.347e-03 -4.490e-03 -5.806e+01
688 1.636e-03 -3.153e-03 -4.027e-03 0.000e+00
689 8.150e-03 6.698e-03 5.442e-03 0.000e+00
690 4.419e-03 -2.505e-03 -8.602e-03 0.000e+00
691 5.105e-03 7.670e-03 -2.401e-03 0.000e+00
692 7.535e-04 1.108e-02 -5.056e-03 6.705e+01
693 -2.302e-04 8.162e-03 -6.822e-04 0.000e+00
694 7.740e-03 -4.148e-04 2.917e-03 0.000e+00
695 1.911e-03 -1.350e-03 -3.094e-03 0.000e+00
696 8.107e-03 -1.716e-03 4.630e-03 0.000e+00
697 8.543e-03 -1.707e-03 -3.606e-03 0.000e+00
698 1.006e-02 1.309e-02 -5.842e-03 -8.386e+01
699 6.885e-03 6.212e-03 4.151e-03 0.000e+00
700 1.173e-02 1.768e-02 2.787e-03 -7.073e+01
701 1.429e-02 -2.790e-03 -5.803e-03 0.000e+00
702 1.230e-02 -4.510e-04 7.636e-04 0.000e+00
703 1.150e-02 7.199e-03 -1.897e-03 0.000e+00
704 1.658e-02 7.724e-03 -4.762e-03 0.000e+00
705 1.109e-02 9.993e-03 -1.321e-03 -7.064e+01
706 1.459e-02 1.815e-03 -2.326e-03 0.000e+00
707 1.204e-02 -4.627e-04 -2.617e-03 0.000e+00
708 2.193e-02 -2.230e-03 6.876e-03 0.000e+00
709 1.936e-02 1.057e-02 1.787e-03 -1.889e+01
710 3.126e-02 -1.912e-03 8.197e-04 0.000e+00
711 2.182e-02 7.243e-03 -4.905e-03 0.000e+00
712 2.839e-02 8.858e-03 -4.137e-03 0.000e+00
713 3.662e-02 8.850e-03 -2.741e-03 0.000e+00
714 4.018e-02 9.302e-03 -6.349e-03 -6.179e+01
715 5.014e-02 8.955e-03 -1.888e-03 0.000e+00
716 4.838e-02 9.970e-03 1.997e-03 -5.135e+01
717 5.348e-02 8.773e-03 -5.593e-03 0.000e+00
718 5.211e-02 1.047e-02 -2.674e-03 -5.749e+01
719 6.387e-02 1.225e-02 -4.610e-03 -6.377e+01
720 7.435e-02 1.169e-02 5.069e-03 -6.207e+01
721 7.992e-02 1.304e-02 -7.114e-03 -7.035e+01
722 9.296e-02 1.213e-02 -6.821e-03 -6.643e+01
723 9.711e-02 1.373e-02 -1.538e-02 -6.004e+01
724 1.079e-01 1.505e-02 -9.928e-03 -6.600e+01
725 1.218e-01 2.506e-02 -9.906e-03 -3.924e+01
726 1.235e-01 1.368e-02 -1.277e-02 -4.545e+01
727 1.329e-01 1.852e-02 -5.076e-03 -4.783e+01
728 1.464e-01 2.810e-02 -1.108e-02 -6.362e+01
729 1.516e-01 2.722e-02 -1.024e-02 -5.754e+01
730 1.765e-01 3.465e-02 -1.025e-02 -5.918e+01
731 1.868e-01 2.543e-02 -1.244e-02 -6.085e+01
732 2.146e-01 2.798e-02 -1.291e-02 -5.710e+01
733 2.175e-01 3.420e-02 -7.466e-03 -5.609e+01
734 2.307e-01 4.504e-02 -1.114e-02 -5.960e+01
735 2.518e-01 6.046e-02 -1.276e-02 -5.916e+01
736 2.680e-01 5.639e-02 -2.011e-02 -5.291e+01
737 2.962e-01 6.925e-02 -1.498e-02 -5.114e+01
738 3.017e-01 9.533e-02 -1.611e-02 -4.957e+01
739 3.151e-01 8.512e-02 -1.666e-02 -4.749e+01
740 3.386e-01 1.025e-01 -1.521e-02 -4.423e+01
741 3.585e-01 1.088e-01 -5.581e-03 -4.514e+01
742 3.800e-01 1.274e-01 -5.623e-03 -4.339e+01
743 4.131e-01 1.411e-01 -9.444e-03 -4.416e+01
744 4.306e-01 1.450e-01 -1.907e-02 -4.129e+01
745 4.447e-01 1.700e-01 -2.026e-02 -4.161e+01
746 4.810e-01 1.862e-01 -2.558e-02 -4.248e+01
747 5.004e-01 2.078e-01 -1.987e-02 -3.854e+01
748 5.166e-01 2.259e-01 -3.596e-02 -3.888e+01
749 5.359e-01 2.343e-01 -2.932e-02 -3.773e+01
750 5.604e-01 2.489e-01 -4.884e-02 -3.588e+01
751 5.789e-01 2.668e-01 -6.480e-02 -3.718e+01
752 5.987e-01 2.789e-01 -6.882e-02 -3.785e+01
753 6.141e-01 2.755e-01 -6.712e-02 -3.733e+01
754 6.203e-01 2.823e-01 -5.809e-02 -3.668e+01
755 6.148e-01 2.695e-01 -5.880e-02 -3.651e+01
756 5.934e-01 2.713e-01 -5.947e-02 -3.521e+01
757 5.896e-01 2.496e-01 -5.911e-02 -3.547e+01
758 5.740e-01 2.538e-01 -5.270e-02 -3.284e+01
759 5.758e-01 2.365e-01 -6.513e-02 -3.240e+01
760 5.859e-01 2.630e-01 -7.295e-02 -3.143e+01
761 6.000e-01 2.624e-01 -7.270e-02 -3.048e+01
762 5.834e-01 2.477e-01 -7.455e-02 -2.980e+01
763 5.868e-01 2.462e-01 -9.614e-02 -2.956e+01
764 5.679e-01 2.345e-01 -1.046e-01 -3.068e+01
765 5.532e-01 2.253e-01 -9.369e-02 -3.082e+01
766 5.633e-01 2.237e-01 -8.757e-02 -2.910e+01
767 5.419e-01 2.361e-01 -7.721e-02 -2.977e+01
768 5.291e-01 2.252e-01 -6.859e-02 -3.058e+01
769 5.378e-01 2.317e-01 -5.240e-02 -2.930e+01
770 5.405e-01 2.225e-01 -5.958e-02 -3.027e+01
771 5.544e-01 2.277e-01 -6.166e-02 -2.959e+01
772 5.557e-01 2.225e-01 -4.685e-02 -3.019e+01
773 5.437e-01 2.037e-01 -3.658e-02 -3.042e+01
774 5.632e-01 2.146e-01 -5.211e-02 -3.055e+01
775 5.769e-01 2.178e-01 -5.366e-02 -2.970e+01
776 5.766e-01 2.023e-01 -5.109e-02 -2.913e+01
777 6.015e-01 2.222e-01 -4.956e-02 -2.800e+01
778 5.843e-01 2.025e-01 -5.552e-02 -2.768e+01
779 6.129e-01 2.051e-01 -6.947e-02 -2.763e+01
780 6.187e-01 1.950e-01 -7.831e-02 -2.635e+01
781 6.407e-01 1.977e-01 -8.995e-02 -2.522e+01
782 6.440e-01 1.809e-01 -9.517e-02 -2.414e+01
783 6.771e-01 1.849e-01 -1.013e-01 -2.390e+01
784 7.175e-01 2.102e-01 -9.618e-02 -2.277e+01
785 7.554e-01 2.062e-01 -1.088e-01 -2.440e+01
786 7.860e-01 2.245e-01 -1.200e-01 -2.331e+01
787 8.459e-01 2.427e-01 -1.366e-01 -2.085e+01
788 8.670e-01 2.527e-01 -1.370e-01 -1.932e+01
789 8.987e-01 2.527e-01 -1.270e-01 -1.795e+01
790 9.139e-01 2.412e-01 -1.305e-01 -1.693e+01
791 9.298e-01 2.174e-01 -1.271e-01 -1.501e+01
792 9.381e-01 1.957e-01 -1.326e-01 -1.620e+01
793 9.811e-01 1.961e-01 -1.799e-01 -2.101e+01
794 1.000e+00 2.031e-01 -1.992e-01 -2.625e+01
795 9.682e-01 1.559e-01 -1.831e-01 -2.759e+01
796 9.491e-01 1.340e-01 -1.758e-01 -2.636e+01
797 8.861e-01 1.065e-01 -1.618e-01 -2.959e+01
798 8.384e-01 1.168e-01 -1.321e-01 -3.138e+01
799 7.702e-01 1.162e-01 -8.436e-02 -4.031e+01
800 7.049e-01 7.243e-02 -6.341e-02 -4.682e+01
801 6.817e-01 5.951e-02 -7.491e-02 -4.100e+01
802 6.286e-01 6.283e-02 -6.460e-02 -4.962e+01
803 5.689e-01 6.083e-02 -5.830e-02 -5.255e+01
804 5.358e-01 6.165e-02 -6.002e-02 -4.387e+01
805 4.884e-01 5.335e-02 -4.519e-02 -4.652e+01
806 4.512e-01 4.409e-02 -3.740e-02 -3.798e+01
807 3.973e-01 4.247e-02 -3.814e-02 -4.744e+01
808 3.726e-01 3.534e-02 -3.429e-02 -2.976e+01
809 3.397e-01 2.760e-02 -3.760e-02 -2.310e+01
810 2.998e-01 2.049e-02 -3.535e-02 2.318e+00
811 2.856e-01 3.766e-02 -2.859e-02 -8.934e+00
812 2.546e-01 2.162e-02 -2.356e-02 -3.790e+00
813 2.287e-01 2.354e-02 -1.741e-02 -1.387e+01
814 2.054e-01 1.880e-02 -1.389e-02 -1.019e+01
815 1.892e-01 1.252e-02 -1.173e-02 -1.705e+00
816 1.639e-01 4.808e-03 -1.449e-02 0.000e+00
817 1.540e-01 5.350e-03 -1.376e-02 0.000e+00
818 1.360e-01 1.179e-02 -4.666e-03 -7.034e+00
819 1.294e-01 1.323e-02 -6.128e-03 -2.595e+01
820 1.137e-01 -1.784e-03 -1.526e-02 0.000e+00
821 9.583e-02 6.217e-04 -3.966e-03 0.000e+00
822 9.542e-02 1.863e-02 -1.033e-02 1.899e+01
823 8.781e-02 1.040e-02 -6.066e-03 2.581e+00
824 6.292e-02 9.035e-03 -1.921e-03 0.000e+00
825 6.673e-02 -3.147e-03 -5.215e-03 0.000e+00
826 5.101e-02 1.456e-02 -4.967e-03 1.218e+01
827 4.219e-02 6.359e-03 -4.056e-03 0.000e+00
828 4.750e-02 1.301e-02 -9.951e-05 -1.185e+00
829 3.856e-02 1.085e-03 8.807e-05 0.000e+00
830 4.069e-02 -2.126e-03 1.502e-04 0.000e+00
831 2.722e-02 -4.337e-04 3.248e-03 0.000e+00
832 2.724e-02 1.460e-02 6.108e-03 -8.160e+00
833 2.141e-02 6.850e-03 -5.764e-03 0.000e+00
834 1.913e-02 9.965e-03 -3.785e-03 -9.107e+00
835 2.134e-02 1.242e-02 1.221e-03 -8.637e+01
836 7.750e-03 -3.238e-03 -2.785e-04 0.000e+00
837 1.135e-02 -2.621e-03 4.022e-03 0.000e+00
838 1.027e-02 2.094e-03 -3.001e-03 0.000e+00
839 1.557e-02 1.214e-02 -7.019e-04 1.151e+01
840 1.641e-02 9.429e-03 -1.648e-03 -9.916e+01
841 1.750e-02 1.080e-02 -1.057e-02 -5.168e+01
842 9.482e-04 -5.237e-04 1.103e-03 0.000e+00
843 1.052e-02 1.600e-02 2.418e-03 -1.150e+01
844 4.936e-03 7.450e-03 4.136e-03 0.000e+00
845 9.230e-03 -1.898e-03 3.121e-03 0.000e+00
846 -6.398e-04 -8.204e-04 2.262e-03 0.000e+00
847 7.750e-03 -3.064e-03 4.913e-03 0.000e+00
848 8.075e-03 -8.417e-04 8.000e-04 0.000e+00
849 -2.659e-03 4.185e-03 -9.890e-04 0.000e+00
850 5.030e-03 9.703e-03 -3.299e-03 3.232e+00
851 6.862e-03 -2.285e-03 -3.736e-03 0.000e+00
852 5.714e-03 -3.059e-03 -4.848e-03 0.000e+00
853 -1.472e-03 1.095e-02 -2.131e-03 -6.164e+01
854 5.264e-03 7.336e-03 5.592e-03 0.000e+00
855 7.201e-03 1.180e-05 -1.238e-03 0.000e+00
856 8.664e-03 1.026e-02 -1.545e-03 3.698e+01
857 4.911e-03 -3.502e-04 -4.168e-03 0.000e+00
858 1.140e-02 5.370e-03 -1.514e-03 0.000e+00
859 1.634e-03 -3.820e-04 -6.936e-03 0.000e+00
860 3.750e-03 -1.059e-03 -3.906e-03 0.000e+00
861 -2.252e-05 -2.902e-03 -1.960e-03 0.000e+00
862 6.291e-03 1.257e-02 1.335e-03 -2.360e+01
863 2.495e-03 -4.541e-04 -1.911e-03 0.000e+00
864 8.243e-03 -1.525e-03 7.001e-04 0.000e+00
865 8.637e-03 -2.760e-04 -1.599e-03 0.000e+00
866 2.854e-03 7.743e-03 -5.748e-03 0.000e+00
867 2.857e-03 7.512e-03 2.005e-03 0.000e+00
868 4.493e-03 -3.144e-03 -3.274e-03 0.000e+00
869 2.104e-03 1.059e-04 5.917e-03 0.000e+00
870 2.600e-03 7.125e-03 -1.926e-03 0.000e+00
871 2.251e-03 5.275e-03 6.320e-03 0.000e+00
872 3.322e-03 6.748e-03 4.629e-03 0.000e+00
873 7.391e-03 -2.960e-03 3.506e-03 0.000e+00
874 9.149e-03 -1.879e-03 4.914e-04 0.000e+00
875 4.622e-03 -2.705e-03 -1.620e-05 0.000e+00
876 -6.043e-04 6.282e-04 2.819e-03 0.000e+00
877 4.339e-03 -1.813e-03 5.781e-03 0.000e+00
878 5.711e-03 -2.859e-03 3.691e-03 0.000e+00
879 1.624e-02 -1.278e-03 -5.578e-05 0.000e+00
880 5.824e-04 8.008e-03 2.185e-03 0.000e+00
881 2.144e-03 7.840e-03 1.401e-03 0.000e+00
882 6.196e-03 -2.878e-03 -4.912e-03 0.000e+00
883 -3.898e-03 8.873e-03 5.539e-03 0.000e+00
884 8.967e-03 1.525e-04 -5.865e-03 0.000e+00
885 4.221e-04 7.627e-03 1.263e-03 0.000e+00
886 -1.398e-03 -1.676e-03 -2.756e-03 0.000e+00
887 4.846e-03 1.090e-02 -4.090e-03 -3.088e+00
888 4.095e-03 -2.714e-03 -1.089e-03 0.000e+00
889 -3.862e-03 -2.476e-03 4.065e-04 0.000e+00
890 1.852e-03 -1.475e-03 4.674e-03 0.000e+00
891 1.480e-03 1.234e-02 7.184e-03 4.007e+01
892 -1.187e-03 -2.798e-03 1.906e-03 0.000e+00
893 -2.978e-03 7.018e-03 -1.747e-04 0.000e+00
894 -3.652e-03 -9.903e-04 3.976e-05 0.000e+00
895 5.546e-03 9.814e-03 -1.123e-02 -3.122e+01
896 1.055e-02 1.030e-02 -5.221e-03 -6.451e+01
897 8.435e-03 6.184e-03 6.499e-03 0.000e+00
898 8.684e-03 -2.427e-03 -2.579e-03 0.000e+00
899 5.057e-03 8.935e-03 4.639e-03 0.000e+00
900 5.001e-03 4.694e-03 5.353e-04 0.000e+00
901 1.232e-03 -2.719e-03 1.811e-03 0.000e+00
902 -3.550e-03 9.464e-03 -3.556e-03 2.872e+01
903 2.348e-03 -1.273e-03 -2.997e-03 0.000e+00
904 1.927e-03 8.157e-03 -4.240e-03 0.000e+00
905 1.092e-03 7.200e-03 3.728e-03 0.000e+00
906 8.043e-03 -2.374e-03 6.710e-03 0.000e+00
907 3.224e-03 2.802e-03 -4.647e-03 0.000e+00
908 9.882e-04 -1.419e-03 4.333e-03 0.000e+00
909 -4.934e-03 6.243e-03 -3.012e-03 0.000e+00
910 -1.617e-03 5.036e-04 5.513e-03 0.000e+00
911 1.021e-03 6.623e-04 -5.233e-03 0.000e+00
912 6.987e-03 3.714e-03 8.048e-03 0.000e+00
913 3.079e-04 6.628e-03 3.786e-03 0.000e+00
914 -3.711e-03 9.140e-03 -1.170e-03 -1.760e+01
915 -6.558e-04 -1.049e-03 2.212e-03 0.000e+00
916 -1.854e-04 6.245e-03 -3.778e-03 0.000e+00
917 -7.243e-04 -1.011e-03 -4.675e-03 0.000e+00
918 -5.442e-03 -1.311e-03 7.133e-03 0.000e+00
919 5.294e-03 -8.915e-04 -3.261e-03 0.000e+00
920 -1.375e-03 -1.709e-03 1.732e-03 0.000e+00
921 8.177e-03 -2.025e-03 -1.646e-03 0.000e+00
922 1.501e-03 -3.126e-03 5.149e-03 0.000e+00
923 -4.487e-04 -7.499e-04 -2.512e-03 0.000e+00
924 5.181e-03 -9.326e-04 2.581e-03 0.000e+00
925 1.372e-03 -2.372e-03 2.641e-03 0.000e+00
926 6.843e-03 1.171e-03 2.630e-03 0.000e+00
927 3.791e-03 3.204e-03 -4.961e-03 0.000e+00
928 -2.973e-04 -2.497e-03 -1.399e-03 0.000e+00
929 7.421e-03 9.704e-03 3.592e-03 -1.262e+01
930 5.415e-03 -7.089e-04 -4.909e-03 0.000e+00
931 3.588e-03 2.613e-04 -3.497e-03 0.000e+00
932 4.316e-03 9.016e-03 -1.738e-03 0.000e+00
933 -4.436e-03 -2.655e-03 4.656e-03 0.000e+00
934 2.601e-03 5.780e-03 1.927e-03 0.000e+00
935 -1.941e-04 -1.198e-03 4.888e-03 0.000e+00
936 -4.109e-03 -3.158e-03 1.212e-03 0.000e+00
937 4.754e-03 -6.045e-04 -4.140e-03 0.000e+00
938 3.185e-03 -2.633e-03 -2.086e-03 0.000e+00
939 -8.400e-04 -2.830e-03 -2.827e-03 0.000e+00
940 9.061e-05 6.816e-03 -4.071e-03 0.000e+00
941 1.004e-03 6.254e-03 -2.157e-03 0.000e+00
942 1.632e-03 -1.561e-03 -4.001e-03 0.000e+00
943 -6.046e-03 1.025e-03 -5.358e-03 0.000e+00
944 -5.934e-03 -5.045e-04 -3.774e-04 0.000e+00
945 -1.113e-03 7.198e-03 -3.285e-03 0.000e+00
946 -3.825e-03 5.367e-03 5.140e-05 0.000e+00
947 5.091e-03 -2.968e-03 -5.537e-03 0.000e+00
948 -4.028e-03 -1.970e-03 8.384e-04 0.000e+00
949 2.656e-04 -3.214e-03 -4.880e-04 0.000e+00
950 5.159e-04 8.951e-03 7.645e-03 0.000e+00
951 6.324e-03 6.389e-03 -6.361e-03 0.000e+00
952 4.284e-03 9.972e-03 3.928e-04 -1.050e+02
953 -3.057e-03 -2.608e-03 -3.167e-03 0.000e+00
954 -3.381e-03 -3.226e-03 -6.356e-03 0.000e+00
955 2.568e-03 1.362e-03 -1.835e-03 0.000e+00
956 -2.623e-03 7.447e-03 -8.486e-04 0.000e+00
957 1.605e-03 8.093e-03 3.333e-04 0.000e+00
958 -3.656e-03 -2.143e-03 3.362e-03 0.000e+00
959 1.356e-03 -5.555e-04 2.667e-03 0.000e+00
960 4.153e-03 6.293e-03 -6.359e-03 0.000e+00
961 4.515e-03 -1.626e-03 -4.228e-03 0.000e+00
962 2.603e-03 6.832e-03 4.562e-04 0.000e+00
963 9.957e-04 -2.450e-03 1.283e-03 0.000e+00
964 1.317e-03 -2.648e-03 -6.013e-03 0.000e+00
965 -1.351e-03 1.249e-02 5.095e-04 -8.695e+01
966 2.729e-03 6.153e-03 3.833e-03 0.000e+00
967 -2.770e-03 -8.375e-04 -1.523e-03 0.000e+00
968 -3.028e-03 7.901e-03 3.142e-03 0.000e+00
969 3.239e-03 -4.685e-04 1.918e-03 0.000e+00
970 -3.297e-04 -2.426e-03 -1.081e-03 0.000e+00
971 3.275e-03 8.897e-03 -7.030e-03 0.000e+00
972 2.330e-03 -2.943e-03 5.245e-05 0.000e+00
973 -1.992e-03 -1.238e-03 4.083e-04 0.000e+00
974 3.256e-03 1.739e-04 3.323e-03 0.000e+00
975 6.825e-03 5.604e-06 5.312e-03 0.000e+00
976 1.251e-03 1.313e-03 -5.297e-04 0.000e+00
977 1.695e-03 5.754e-03 2.830e-03 0.000e+00
978 1.722e-03 4.270e-03 -4.603e-03 0.000e+00
979 7.152e-03 -3.024e-03 3.468e-03 0.000e+00
980 1.787e-03 9.645e-03 -8.512e-05 -2.807e+01
981 3.627e-05 8.272e-03 -3.547e-04 0.000e+00
982 6.744e-03 -3.054e-03 1.159e-02 0.000e+00
983 4.360e-03 5.682e-03 -3.314e-04 0.000e+00
984 2.083e-03 -2.680e-03 2.048e-03 0.000e+00
985 1.899e-03 -2.451e-03 4.241e-04 0.000e+00
986 7.314e-03 1.329e-03 5.676e-04 0.000e+00
987 6.308e-03 -1.994e-03 3.161e-04 0.000e+00
988 6.812e-03 2.627e-04 2.287e-03 0.000e+00
989 1.156e-03 -1.961e-03 3.980e-03 0.000e+00
990 4.795e-03 5.322e-03 2.111e-03 0.000e+00
991 -1.533e-03 1.287e-02 -3.052e-04 -5.084e+01
992 2.712e-03 -2.794e-03 -7.941e-03 0.000e+00
993 -9.632e-04 -2.264e-03 7.345e-03 0.000e+00
994 4.853e-03 1.627e-03 -2.710e-03 0.000e+00
995 6.560e-03 -2.425e-03 -1.180e-03 0.000e+00
996 -4.671e-03 -2.235e-03 7.900e-04 0.000e+00
997 3.499e-03 -1.832e-03 5.831e-03 0.000e+00
998 -2.656e-03 -7.242e-04 1.716e-04 0.000e+00
999 2.259e-03 9.654e-03 2.908e-03 -1.022e+02
1000 2.191e-03 7.194e-03 -5.072e-03 0.000e+00
1001 -6.296e-03 5.137e-03 -2.973e-03 0.000e+00
1002 -1.157e-03 4.076e-03 4.762e-03 0.000e+00
1003 3.694e-03 1.023e-02 3.556e-03 3.309e+01
1004 4.023e-03 4.673e-03 -1.117e-04 0.000e+00
1005 -1.150e-03 -2.820e-03 -1.788e-03 0.000e+00
1006 1.424e-03 6.026e-03 3.150e-03 0.000e+00
1007 6.160e-03 -2.560e-03 2.977e-03 0.000e+00
1008 -3.821e-03 -2.379e-03 -5.515e-04 0.000e+00
1009 -3.796e-03 -9.593e-04 5.994e-03 0.000e+00
1010 -4.800e-04 7.631e-03 8.399e-03 0.000e+00
1011 -3.043e-03 1.111e-02 -3.651e-03 1.302e+01
1012 4.646e-03 -2.271e-03 -5.125e-03 0.000e+00
1013 -6.376e-03 5.249e-03 4.444e-03 0.000e+00
1014 -2.868e-03 9.118e-03 5.197e-03 6.528e+01
1015 4.067e-03 -2.221e-03 4.313e-04 0.000e+00
1016 2.617e-03 1.481e-02 4.393e-03 -4.135e+01
1017 9.064e-03 1.211e-03 8.573e-03 0.000e+00
1018 3.899e-03 -3.186e-03 6.906e-03 0.000e+00
1019 2.321e-03 -3.054e-03 2.646e-03 0.000e+00
1020 -2.605e-05 -2.357e-03 6.134e-03 0.000e+00
1021 -2.224e-03 -3.902e-04 1.076e-02 0.000e+00
1022 -2.916e-03 -3.204e-03 -4.369e-03 0.000e+00
1023 -5.381e-03 -1.701e-03 -8.781e-04 0.000e+00
1024 2.554e-03 -7.953e-04 2.645e-03 0.000e+00
1025 -1.260e-03 -2.677e-03 1.235e-02 0.000e+00
1026 2.300e-03 7.921e-03 -5.258e-03 0.000e+00
1027 -4.432e-03 7.066e-03 -4.708e-04 0.000e+00
1028 3.496e-03 -3.510e-04 1.949e-03 0.000e+00
1029 -5.386e-03 5.941e-03 -4.122e-03 0.000e+00
1030 2.242e-03 1.183e-02 -3.899e-03 -1.635e+01
1031 -4.370e-03 -1.647e-04 4.295e-03 0.000e+00
1032 1.302e-03 -1.629e-03 1.075e-04 0.000e+00
1033 7.027e-03 -2.510e-03 2.824e-03 0.000e+00
1034 -5.142e-04 -1.686e-03 1.086e-02 0.000e+00
1035 -1.978e-03 -2.275e-03 7.327e-04 0.000e+00
1036 4.463e-04 -2.320e-03 1.622e-03 0.000e+00
1037 3.910e-03 -2.876e-03 5.587e-03 0.000e+00
1038 -1.384e-03 -1.939e-03 -8.640e-03 0.000e+00
1039 -3.512e-03 -2.927e-03 -2.317e-03 0.000e+00
1040 -4.070e-03 7.826e-03 -1.072e-03 0.000e+00
1041 -4.811e-03 -3.200e-03 2.862e-03 0.000e+00
1042 6.165e-03 -2.957e-03 -2.178e-03 0.000e+00
1043 4.026e-04 1.054e-02 4.713e-03 5.235e+00
1044 4.309e-03 8.650e-03 7.910e-03 0.000e+00
1045 -6.510e-04 6.347e-03 -3.404e-04 0.000e+00
1046 -5.722e-03 -2.630e-03 1.271e-03 0.000e+00
1047 -2.646e-03 4.011e-04 -2.342e-03 0.000e+00
1048 4.864e-04 -2.178e-03 6.712e-03 0.000e+00
1049 -5.033e-03 -2.926e-03 8.672e-03 0.000e+00
1050 3.535e-03 5.897e-03 4.271e-03 0.000e+00
1051 -2.245e-03 1.009e-02 5.224e-03 -1.573e+01
1052 5.640e-03 -1.714e-03 1.678e-02 0.000e+00
1053 3.414e-03 9.268e-03 1.341e-03 -8.332e+01
1054 -1.765e-06 2.154e-03 -2.876e-03 0.000e+00
1055 9.495e-03 1.011e-02 -2.886e-03 -9.567e+01
1056 -2.068e-03 -1.613e-03 -2.028e-04 0.000e+00
1057 -3.004e-03 -2.307e-03 -1.147e-03 0.000e+00
1058 -1.316e-03 -7.503e-04 -4.455e-03 0.000e+00
1059 1.867e-03 1.101e-02 6.338e-04 -2.088e+01
1060 4.436e-03 -2.715e-03 -8.132e-04 0.000e+00
1061 -2.440e-03 -3.207e-03 3.940e-03 0.000e+00
1062 -2.255e-03 1.280e-02 3.237e-03 -1.875e+01
1063 1.380e-03 6.925e-03 -1.377e-03 0.000e+00
1064 -2.913e-03 6.380e-03 5.563e-03 0.000e+00
1065 -3.309e-04 -3.111e-03 7.945e-03 0.000e+00
1066 1.458e-03 9.573e-03 -3.970e-04 -3.897e+00
1067 5.685e-06 9.947e-03 -8.693e-03 -1.044e+02
1068 4.401e-03 6.142e-03 6.581e-03 0.000e+00
1069 -7.995e-03 8.914e-03 -2.882e-03 0.000e+00
1070 8.987e-03 5.992e-03 5.974e-04 0.000e+00
1071 -6.899e-04 -2.722e-03 3.410e-03 0.000e+00
1072 -2.245e-03 -3.126e-03 1.917e-03 0.000e+00
1073 -2.866e-03 8.410e-03 -1.273e-04 0.000e+00
1074 2.877e-03 -1.633e-03 8.760e-03 0.000e+00
1075 -5.290e-04 -2.469e-03 -8.700e-03 0.000e+00
1076 2.309e-03 -1.398e-03 7.027e-03 0.000e+00
1077 -2.610e-03 -1.516e-03 -2.651e-04 0.000e+00
1078 2.930e-03 -2.061e-03 1.790e-03 0.000e+00
1079 4.297e-03 -1.734e-03 -2.062e-03 0.000e+00
1080 6.597e-03 -2.152e-03 -5.891e-05 0.000e+00
1081 3.381e-03 5.252e-03 1.682e-03 0.000e+00
1082 -3.731e-03 3.920e-03 5.270e-03 0.000e+00
1083 6.692e-03 7.678e-03 -2.831e-03 0.000e+00
1084 8.198e-03 1.124e-02 3.750e-03 -1.070e+02
1085 4.788e-04 -6.769e-04 -3.529e-03 0.000e+00
1086 2.555e-04 -1.018e-03 8.126e-04 0.000e+00
1087 3.326e-03 6.307e-03 2.311e-04 0.000e+00
1088 7.035e-03 4.408e-03 6.835e-04 0.000e+00
1089 -1.875e-03 -4.378e-05 1.080e-03 0.000e+00
1090 1.243e-03 -2.725e-03 -6.225e-04 0.000e+00
1091 -2.535e-03 1.185e-02 1.352e-03 -8.934e+01
1092 -7.375e-03 -2.975e-03 1.169e-04 0.000e+00
1093 5.363e-03 1.186e-02 -1.095e-04 -5.086e+01
1094 -3.398e-03 -6.330e-04 2.871e-03 0.000e+00
1095 3.560e-03 1.129e-05 2.460e-03 0.000e+00
1096 1.456e-03 -2.687e-03 -6.829e-04 0.000e+00
1097 4.126e-03 9.349e-04 1.952e-03 0.000e+00
1098 7.335e-04 8.897e-03 -2.109e-03 0.000e+00
1099 1.412e-03 -1.212e-03 -2.407e-03 0.000e+00
1100 -7.591e-03 4.651e-03 7.898e-03 0.000e+00
1101 -1.968e-04 1.093e-02 -2.413e-03 -7.197e+01
1102 8.344e-04 1.267e-02 9.842e-03 -2.155e+01
1103 -1.304e-03 -5.494e-04 4.652e-03 0.000e+00
1104 6.043e-03 -3.078e-03 1.368e-03 0.000e+00
1105 2.976e-03 -2.361e-03 1.487e-04 0.000e+00
1106 5.471e-03 -4.847e-04 -5.234e-03 0.000e+00
1107 -4.662e-03 7.405e-03 -7.628e-04 0.000e+00
1108 -2.619e-03 -3.131e-03 5.041e-03 0.000e+00
1109 -7.521e-03 8.019e-03 7.789e-04 0.000e+00
1110 -4.620e-03 -2.814e-03 -1.123e-04 0.000e+00
1111 3.437e-04 8.804e-03 -5.917e-03 0.000e+00
1112 3.188e-03 -1.913e-03 1.313e-03 0.000e+00
1113 2.624e-04 7.445e-03 -3.548e-03 0.000e+00
1114 -4.793e-03 1.078e-02 -2.432e-03 3.936e+01
1115 -1.036e-03 8.320e-04 7.082e-05 0.000e+00
1116 -3.428e-03 -3.723e-04 -2.889e-03 0.000e+00
1117 6.340e-03 -1.310e-03 -7.344e-03 0.000e+00
1118 3.722e-03 4.819e-04 2.881e-04 0.000e+00
1119 -1.680e-03 -2.176e-03 -1.947e-04 0.000e+00
1120 3.689e-03 -1.564e-03 5.317e-03 0.000e+00
1121 8.156e-04 -2.682e-03 -1.680e-03 0.000e+00
1122 -4.521e-03 -1.700e-03 7.491e-03 0.000e+00
1123 -3.828e-03 4.718e-03 1.402e-03 0.000e+00
1124 -3.778e-03 6.915e-03 3.159e-03 0.000e+00
1125 1.035e-03 -2.602e-03 3.540e-04 0.000e+00
1126 -2.079e-03 6.148e-03 -4.979e-03 0.000e+00
1127 -6.643e-03 -2.605e-03 -5.358e-04 0.000e+00
1128 -8.020e-03 -2.502e-03 6.378e-03 0.000e+00
1129 -1.808e-04 5.172e-04 2.986e-03 0.000e+00
1130 7.469e-03 1.309e-02 -6.492e-03 -1.610e+01
1131 3.867e-03 -2.028e-03 4.747e-03 0.000e+00
1132 -4.622e-03 -2.525e-03 3.380e-03 0.000e+00
1133 -1.911e-03 3.666e-03 2.014e-03 0.000e+00
1134 4.815e-03 7.316e-03 -2.661e-03 0.000e+00
1135 5.141e-03 4.848e-03 9.208e-04 0.000e+00
1136 -6.445e-03 3.236e-03 -1.509e-03 0.000e+00
1137 -4.371e-03 -3.112e-04 -1.564e-05 0.000e+00
1138 1.376e-04 -1.854e-03 3.490e-03 0.000e+00
1139 -3.938e-04 -1.963e-03 4.842e-04 0.000e+00
1140 -4.855e-03 -1.543e-03 4.603e-03 0.000e+00
1141 -9.420e-03 -1.469e-03 3.654e-03 0.000e+00
1142 7.894e-03 -2.904e-03 -1.358e-03 0.000e+00
1143 1.669e-03 -2.819e-03 4.968e-03 0.000e+00
1144 -2.971e-03 1.171e-05 -3.653e-04 0.000e+00
1145 1.053e-03 -6.994e-04 8.171e-03 0.000e+00
1146 7.326e-03 -2.238e-03 7.492e-03 0.000e+00
1147 -8.877e-03 4.862e-04 -7.028e-04 0.000e+00
1148 4.177e-03 9.509e-03 3.770e-03 -5.588e+01
1149 -2.538e-03 7.835e-03 4.138e-03 0.000e+00
1150 2.203e-03 1.652e-02 -8.572e-03 -4.480e+01
1151 -6.944e-03 -2.825e-03 5.262e-03 0.000e+00
1152 5.460e-03 -1.682e-03 -3.984e-03 0.000e+00
1153 1.341e-03 -5.680e-05 1.255e-03 0.000e+00
1154 -3.967e-03 1.202e-02 3.748e-03 4.591e+01
1155 -3.083e-03 6.933e-03 3.242e-03 0.000e+00
1156 1.051e-03 1.071e-02 1.115e-02 -2.295e+01
1157 1.707e-03 1.922e-04 -6.237e-03 0.000e+00
1158 9.115e-03 -1.974e-03 -3.822e-03 0.000e+00
1159 2.017e-03 -3.188e-03 2.008e-03 0.000e+00
1160 1.291e-03 1.070e-02 1.808e-03 -8.648e+01
1161 -9.508e-03 -1.509e-03 3.889e-03 0.000e+00
1162 -6.595e-04 -1.543e-04 -2.446e-03 0.000e+00
1163 -3.682e-03 5.979e-03 3.689e-03 0.000e+00
1164 -1.683e-03 -3.244e-03 -4.453e-04 0.000e+00
1165 -4.341e-04 -5.646e-04 -1.527e-03 0.000e+00
1166 -2.715e-03 -1.365e-03 8.158e-03 0.000e+00
1167 1.019e-03 1.074e-02 2.729e-03 -1.856e+01
1168 -1.853e-03 -7.016e-04 -3.336e-03 0.000e+00
1169 -4.228e-03 -1.962e-03 8.163e-03 0.000e+00
1170 4.612e-04 -2.764e-03 5.793e-03 0.000e+00
1171 -7.203e-03 -1.997e-03 7.271e-04 0.000e+00
1172 6.557e-03 -2.964e-03 2.444e-03 0.000e+00
1173 -7.165e-03 1.088e-02 6.495e-03 -9.545e+01
1174 -2.693e-03 6.266e-03 6.458e-04 0.000e+00
1175 -5.667e-04 -1.340e-03 -1.814e-03 0.000e+00
1176 -6.392e-03 8.748e-03 8.453e-03 0.000e+00
1177 -6.228e-03 3.403e-03 -4.125e-04 0.000e+00
1178 -2.023e-04 4.556e-03 4.959e-03 0.000e+00
1179 -1.482e-03 9.635e-03 3.549e-03 2.604e+01
1180 -1.045e-03 6.160e-03 -1.290e-03 0.000e+00
1181 -1.789e-03 -3.448e-05 -1.159e-02 0.000e+00
1182 -8.898e-04 -3.101e-03 -3.729e-04 0.000e+00
1183 2.771e-03 -2.737e-03 -7.799e-04 0.000e+00
1184 2.093e-03 4.590e-03 9.404e-05 0.000e+00
1185 -3.296e-03 -1.523e-03 1.605e-03 0.000e+00
1186 -1.842e-03 3.535e-03 -4.542e-03 0.000e+00
1187 5.056e-04 4.265e-03 2.248e-03 0.000e+00
1188 -5.012e-04 -2.831e-03 -6.535e-03 0.000e+00
1189 1.134e-03 -2.967e-03 -2.816e-04 0.000e+00
1190 4.051e-03 7.212e-03 -2.475e-03 0.000e+00
1191 2.562e-03 1.304e-02 8.811e-03 3.561e+01
1192 3.637e-03 9.315e-03 -1.310e-03 1.356e+01
1193 -6.712e-03 -3.174e-03 2.020e-03 0.000e+00
1194 -7.436e-03 -2.570e-03 9.322e-04 0.000e+00
1195 -2.019e-03 -1.685e-03 -3.902e-03 0.000e+00
1196 -6.875e-03 -3.208e-03 2.149e-04 0.000e+00
1197 9.312e-04 -2.032e-03 -1.825e-03 0.000e+00
1198 -8.491e-03 1.255e-02 -1.733e-03 3.747e+01
1199 1.962e-03 1.221e-03 -1.428e-03 0.000e+00
1200 1.858e-03 1.290e-02 -3.061e-04 2.915e+01
1201 3.250e-03 -3.021e-03 -3.066e-03 0.000e+00
1202 -2.879e-03 9.920e-03 4.782e-03 4.086e+01
1203 4.594e-03 -2.727e-03 1.603e-03 0.000e+00
1204 -6.253e-04 -2.943e-03 -1.453e-04 0.000e+00
1205 2.425e-03 4.858e-03 -3.423e-03 0.000e+00
1206 -4.200e-03 -2.724e-03 -1.526e-03 0.000e+00
1207 -1.233e-03 5.163e-03 -7.893e-03 0.000e+00
1208 1.194e-05 7.416e-04 -5.895e-03 0.000e+00
1209 -3.745e-03 -2.955e-03 -6.198e-03 0.000e+00
1210 -4.749e-03 1.177e-02 7.483e-03 -8.583e+01
1211 -4.600e-03 -3.005e-03 6.336e-03 0.000e+00
1212 5.366e-03 -2.290e-03 6.031e-03 0.000e+00
1213 -2.926e-03 -3.302e-04 -6.138e-03 0.000e+00
1214 4.811e-03 9.229e-03 6.037e-03 5.597e+00
1215 8.752e-04 -6.268e-04 -6.956e-03 0.000e+00
1216 -9.438e-04 -1.310e-03 4.558e-03 0.000e+00
1217 3.929e-03 -1.690e-03 -2.142e-03 0.000e+00
1218 -2.576e-03 -6.357e-04 -2.169e-03 0.000e+00
1219 4.668e-03 6.816e-03 4.644e-03 0.000e+00
1220 -1.841e-03 -1.104e-03 -3.907e-03 0.000e+00
1221 -7.413e-03 9.754e-04 6.368e-05 0.000e+00
1222 -1.471e-03 -7.900e-04 5.713e-05 0.000e+00
1223 -3.093e-04 3.437e-04 1.084e-03 0.000e+00
1224 -2.298e-03 -1.957e-03 -2.738e-03 0.000e+00
1225 -3.373e-03 4.310e-03 -5.287e-03 0.000e+00
1226 9.386e-04 -2.302e-03 3.556e-03 0.000e+00
1227 -8.626e-03 6.923e-03 -5.612e-04 0.000e+00
1228 2.495e-03 6.317e-03 2.988e-04 0.000e+00
1229 1.067e-03 1.140e-02 -3.851e-03 -3.605e+00
1230 1.243e-04 -3.070e-03 4.531e-03 0.000e+00
1231 2.606e-03 4.059e-03 -5.324e-03 0.000e+00
1232 -1.033e-02 -3.871e-04 -1.543e-04 0.000e+00
1233 3.334e-03 -3.058e-04 5.009e-03 0.000e+00
1234 -9.355e-03 6.389e-03 -5.761e-05 0.000e+00
1235 -5.853e-04 6.990e-04 4.267e-03 0.000e+00
1236 -5.184e-03 -1.225e-03 6.455e-03 0.000e+00
1237 -3.367e-03 7.859e-03 -3.180e-03 0.000e+00
1238 6.176e-03 8.684e-03 -3.518e-03 0.000e+00
1239 7.696e-03 8.535e-03 1.017e-02 0.000e+00
1240 -9.584e-04 6.832e-03 -1.666e-03 0.000e+00
1241 -7.276e-03 -3.206e-03 -5.868e-03 0.000e+00
1242 -4.569e-03 -2.884e-03 -6.734e-03 0.000e+00
1243 -5.480e-03 5.392e-03 6.492e-04 0.000e+00
1244 -1.376e-02 1.308e-03 6.755e-03 0.000e+00
1245 4.540e-03 -5.344e-04 1.782e-03 0.000e+00
1246 -3.227e-04 1.118e-02 2.141e-03 -1.035e+02
1247 -3.483e-03 5.418e-03 4.479e-03 0.000e+00
1248 -2.378e-03 9.439e-03 -1.693e-03 5.733e+01
1249 6.087e-03 3.294e-03 -8.835e-03 0.000e+00
1250 -6.800e-03 -2.436e-03 -7.732e-04 0.000e+00
1251 -7.305e-04 8.682e-03 -2.343e-03 0.000e+00
1252 -4.392e-03 -3.185e-03 6.514e-03 0.000e+00
1253 3.863e-03 -1.298e-03 -2.438e-03 0.000e+00
1254 -1.838e-04 -3.203e-03 -4.281e-04 0.000e+00
1255 -3.660e-03 4.470e-03 6.321e-03 0.000e+00
1256 1.762e-03 -2.628e-03 7.662e-03 0.000e+00
1257 2.799e-03 3.857e-03 -5.197e-03 0.000e+00
1258 -2.930e-03 -2.219e-03 -2.418e-03 0.000e+00
1259 6.391e-03 -2.946e-03 3.802e-04 0.000e+00
1260 -4.631e-04 5.505e-03 -3.131e-03 0.000e+00
1261 -8.780e-03 1.368e-02 2.070e-03 5.791e+01
1262 1.307e-04 4.523e-03 4.599e-03 0.000e+00
1263 7.676e-03 3.850e-03 5.915e-04 0.000e+00
1264 4.128e-03 -2.044e-03 4.280e-03 0.000e+00
1265 -2.371e-03 7.809e-03 8.398e-04 0.000e+00
1266 2.621e-03 8.981e-03 9.109e-03 0.000e+00
1267 8.883e-03 -2.363e-03 7.936e-03 0.000e+00
1268 -1.600e-03 5.878e-03 -5.290e-03 0.000e+00
1269 -6.387e-03 -3.962e-04 -1.010e-02 0.000e+00
1270 4.781e-03 -2.213e-03 5.633e-04 0.000e+00
1271 -6.825e-03 -3.097e-03 -7.700e-05 0.000e+00
1272 -1.072e-02 8.030e-03 1.038e-03 0.000e+00
1273 -8.860e-04 -2.643e-03 -3.068e-03 0.000e+00
1274 -1.905e-03 3.518e-03 -3.406e-03 0.000e+00
1275 -2.938e-03 7.366e-03 8.541e-03 0.000e+00
1276 -3.000e-03 7.472e-04 -8.055e-03 0.000e+00
1277 -5.971e-03 -3.116e-03 1.008e-02 0.000e+00
1278 -1.933e-03 7.118e-03 -1.518e-03 0.000e+00
1279 2.022e-04 -1.478e-03 -1.112e-03 0.000e+00
1280 -1.486e-03 5.711e-03 -8.826e-03 0.000e+00
1281 1.528e-03 -9.254e-04 -2.612e-03 0.000e+00
1282 4.390e-03 1.184e-02 -4.204e-03 -8.917e+01
1283 -2.104e-03 9.835e-03 1.993e-03 -3.469e+01
1284 2.593e-03 1.123e-02 -4.274e-04 4.353e+01
1285 2.985e-03 -1.694e-03 -2.116e-03 0.000e+00
1286 -1.654e-03 -2.926e-03 2.744e-03 0.000e+00
1287 -5.551e-03 -2.836e-03 7.747e-03 0.000e+00
1288 1.222e-03 -2.479e-03 1.913e-03 0.000e+00
1289 1.276e-04 -2.585e-03 5.936e-03 0.000e+00
1290 -4.619e-03 -3.031e-03 2.812e-03 0.000e+00
1291 -2.492e-03 6.051e-03 5.936e-03 0.000e+00
1292 7.539e-04 7.064e-03 5.121e-04 0.000e+00
1293 -7.589e-04 -2.046e-03 -3.354e-03 0.000e+00
1294 3.248e-03 5.469e-03 -8.634e-03 0.000e+00
1295 -6.945e-03 4.217e-03 -3.582e-03 0.000e+00
1296 2.202e-04 1.329e-02 -1.037e-03 -9.073e+01
1297 2.786e-04 5.843e-03 -1.440e-03 0.000e+00
1298 -3.139e-03 8.966e-03 2.766e-03 0.000e+00
1299 4.386e-03 -1.759e-03 6.637e-04 0.000e+00
1300 -3.264e-03 1.190e-02 -3.615e-03 7.205e+01
1301 1.499e-03 3.562e-03 -1.326e-03 0.000e+00
1302 -8.310e-03 -2.969e-03 1.426e-03 0.000e+00
1303 -8.983e-03 -2.983e-03 -4.721e-04 0.000e+00
1304 6.322e-03 -2.437e-03 -5.164e-03 0.000e+00
1305 -7.483e-03 -7.015e-06 5.745e-03 0.000e+00
1306 -6.874e-03 -2.329e-03 1.890e-03 0.000e+00
1307 3.654e-04 -1.578e-03 1.435e-03 0.000e+00
1308 -6.733e-04 8.040e-03 -8.426e-04 0.000e+00
1309 -2.947e-03 -3.137e-03 -1.948e-03 0.000e+00
1310 1.476e-03 -2.413e-03 -9.587e-04 0.000e+00
1311 2.246e-03 -2.864e-03 -1.510e-03 0.000e+00
1312 -4.034e-03 7.305e-03 1.435e-03 0.000e+00
1313 -3.525e-03 -3.063e-03 8.068e-03 0.000e+00
1314 -4.725e-04 -3.183e-03 1.879e-03 0.000e+00
1315 -7.433e-03 4.423e-05 6.920e-03 0.000e+00
1316 -2.814e-03 5.855e-03 5.135e-03 0.000e+00
1317 -7.749e-04 9.307e-03 -4.400e-03 4.744e+01
1318 6.714e-03 8.788e-03 1.866e-03 0.000e+00
1319 2.410e-03 1.433e-04 2.146e-03 0.000e+00
1320 -8.384e-04 -2.829e-03 -3.969e-03 0.000e+00
1321 2.029e-03 -1.903e-03 4.033e-04 0.000e+00
1322 -3.222e-03 -2.473e-03 -2.224e-04 0.000e+00
1323 -4.099e-03 5.765e-03 5.161e-03 0.000e+00
1324 9.213e-04 -2.284e-03 3.133e-03 0.000e+00
1325 5.518e-03 5.779e-03 3.171e-03 0.000e+00
1326 -6.421e-03 9.755e-03 -6.484e-04 1.024e+01
1327 -6.666e-03 6.143e-03 -3.427e-03 0.000e+00
1328 -9.100e-03 8.732e-03 5.297e-03 0.000e+00
1329 8.676e-05 7.271e-03 1.666e-03 0.000e+00
1330 -1.525e-03 8.956e-03 -3.739e-04 0.000e+00
1331 2.022e-04 6.984e-03 9.380e-04 0.000e+00
1332 -2.173e-03 7.098e-03 3.941e-03 0.000e+00
1333 -7.914e-03 9.919e-03 -5.788e-04 -1.055e+01
1334 -1.725e-03 7.999e-03 3.239e-03 0.000e+00
1335 -2.626e-03 1.224e-02 -3.728e-03 4.527e+01
1336 2.065e-03 7.914e-03 -7.465e-03 0.000e+00
1337 -1.485e-03 8.625e-03 2.321e-03 0.000e+00
1338 -5.956e-03 -2.808e-03 -7.989e-04 0.000e+00
1339 -4.015e-04 2.874e-04 -7.344e-03 0.000e+00
1340 -2.456e-03 6.904e-03 -6.934e-03 0.000e+00
1341 -9.780e-03 -2.454e-03 2.735e-03 0.000e+00
1342 5.925e-03 1.014e-02 -4.393e-03 -9.206e+01
1343 4.702e-04 -1.822e-03 -9.916e-04 0.000e+00
1344 -6.437e-03 6.916e-03 -9.134e-03 0.000e+00
1345 -6.355e-04 6.258e-03 -1.185e-03 0.000e+00
1346 1.161e-03 -2.716e-03 -2.937e-03 0.000e+00
1347 -7.685e-03 6.709e-03 -5.492e-03 0.000e+00
1348 -7.254e-03 -3.869e-05 5.822e-03 0.000e+00
1349 -1.191e-03 -2.868e-03 -2.093e-03 0.000e+00
1350 6.891e-05 8.205e-03 2.102e-03 0.000e+00
1351 -3.913e-03 -1.146e-03 -2.933e-03 0.000e+00
1352 -2.500e-03 1.587e-02 4.021e-03 5.952e+01
1353 4.681e-03 5.727e-03 -2.083e-03 0.000e+00
1354 -1.988e-03 -8.230e-04 -6.836e-03 0.000e+00
1355 -1.472e-05 2.208e-03 2.889e-03 0.000e+00
1356 -1.165e-03 4.269e-04 1.907e-03 0.000e+00
1357 1.684e-04 3.935e-04 -5.815e-03 0.000e+00
1358 -5.609e-03 -2.517e-03 2.707e-03 0.000e+00
1359 -1.826e-03 8.275e-03 3.337e-03 0.000e+00
1360 1.728e-03 6.617e-04 -6.751e-04 0.000e+00
1361 -2.383e-03 1.585e-02 -7.816e-03 -2.033e+01
1362 -2.582e-03 4.739e-03 4.382e-03 0.000e+00
1363 -7.551e-03 -2.396e-03 -5.059e-03 0.000e+00
1364 3.884e-03 -8.836e-04 1.615e-03 0.000e+00
1365 -2.943e-03 7.163e-03 -1.500e-03 0.000e+00
1366 2.816e-03 -1.254e-03 3.615e-04 0.000e+00
1367 1.451e-03 8.395e-03 -4.108e-03 0.000e+00
1368 5.177e-04 -3.044e-03 -6.275e-03 0.000e+00
1369 4.817e-04 -2.620e-03 -3.724e-03 0.000e+00
1370 -4.542e-03 7.324e-03 4.763e-03 0.000e+00
1371 -8.059e-03 7.718e-03 -7.026e-04 0.000e+00
1372 2.399e-03 -1.720e-03 -4.610e-03 0.000e+00
1373 -3.946e-03 5.504e-03 7.754e-03 0.000e+00
1374 -2.115e-03 1.114e-02 -9.340e-04 -3.871e+01
1375 2.875e-03 1.205e-02 -2.975e-03 -9.362e+01
1376 -7.637e-03 6.753e-03 1.296e-03 0.000e+00
1377 -7.424e-03 9.210e-03 -4.313e-03 -6.894e+01
1378 -4.583e-03 -3.107e-03 -3.462e-03 0.000e+00
1379 -8.497e-03 -2.176e-03 1.017e-02 0.000e+00
1380 -5.000e-03 -2.572e-03 6.472e-04 0.000e+00
1381 -4.841e-03 -2.969e-03 -9.588e-03 0.000e+00
1382 -1.793e-03 9.370e-03 5.826e-03 -8.690e+01
1383 -7.070e-03 7.396e-03 7.733e-05 0.000e+00
1384 1.567e-03 5.237e-03 1.469e-03 0.000e+00
1385 -8.752e-03 -2.751e-03 6.548e-03 0.000e+00
1386 -1.831e-04 -3.183e-03 -4.534e-03 0.000e+00
1387 -3.386e-03 -2.272e-03 -1.231e-03 0.000e+00
1388 4.318e-03 -2.514e-03 -1.478e-03 0.000e+00
1389 2.190e-03 1.016e-04 6.553e-03 0.000e+00
1390 -3.309e-03 3.104e-03 1.977e-03 0.000e+00
1391 -1.721e-04 1.384e-02 4.516e-03 5.184e+01
1392 -3.547e-03 -1.424e-04 -6.873e-03 0.000e+00
1393 -9.058e-03 9.851e-03 -1.919e-03 3.283e+01
1394 1.347e-03 -2.269e-03 -1.572e-03 0.000e+00
1395 4.914e-04 8.227e-03 7.481e-03 0.000e+00
1396 4.391e-03 6.673e-03 4.619e-03 0.000e+00
1397 -2.346e-03 3.611e-04 -6.678e-03 0.000e+00
1398 3.037e-03 -2.663e-03 4.429e-03 0.000e+00
1399 -1.568e-03 -2.158e-03 -2.203e-03 0.000e+00
1400 -4.386e-03 8.389e-03 -3.606e-03 0.000e+00
1401 4.607e-03 -6.091e-04 1.923e-03 0.000e+00
1402 5.247e-03 -3.738e-04 2.018e-04 0.000e+00
1403 -4.206e-03 7.137e-04 1.411e-03 0.000e+00
1404 -5.459e-03 -3.903e-04 1.387e-03 0.000e+00
1405 -1.979e-03 -3.034e-03 -1.675e-03 0.000e+00
1406 6.711e-03 -2.597e-03 1.359e-03 0.000e+00
1407 -5.693e-03 -3.119e-03 1.162e-03 0.000e+00
1408 -9.152e-04 -2.412e-03 1.537e-03 0.000e+00
1409 -1.611e-03 7.382e-03 1.448e-03 0.000e+00
1410 -7.560e-03 1.577e-03 -3.953e-03 0.000e+00
1411 7.035e-03 -3.268e-04 6.947e-03 0.000e+00
1412 1.041e-04 1.111e-02 6.165e-03 6.471e+01
1413 1.908e-03 -1.890e-03 -3.764e-03 0.000e+00
1414 -5.377e-03 -6.599e-04 7.791e-03 0.000e+00
1415 -3.001e-03 -2.774e-03 -1.282e-03 0.000e+00
1416 1.193e-03 3.022e-03 -4.155e-03 0.000e+00
1417 2.178e-03 9.545e-03 4.807e-03 5.927e+01
1418 4.232e-03 -5.635e-04 -3.475e-03 0.000e+00
1419 4.640e-03 3.631e-03 -1.056e-03 0.000e+00
1420 2.844e-03 7.284e-03 1.600e-03 0.000e+00
1421 3.737e-03 2.937e-04 -2.541e-03 0.000e+00
1422 2.418e-04 -1.645e-03 2.562e-03 0.000e+00
1423 -2.950e-03 -3.331e-04 -6.959e-03 0.000e+00
1424 9.902e-04 -9.015e-04 -6.341e-03 0.000e+00
1425 6.800e-03 6.384e-03 -5.729e-05 0.000e+00
1426 7.596e-05 -1.878e-03 4.183e-03 0.000e+00
1427 -4.851e-03 2.945e-03 1.885e-03 0.000e+00
1428 -1.222e-03 5.540e-04 1.831e-03 0.000e+00
1429 1.618e-03 2.909e-04 -1.275e-02 0.000e+00
1430 -6.382e-04 -2.271e-03 3.792e-03 0.000e+00
1431 -4.374e-03 1.110e-02 -8.971e-03 -8.586e-01
1432 -2.184e-03 -1.772e-03 1.921e-03 0.000e+00
1433 -3.562e-03 -2.099e-03 2.695e-03 0.000e+00
1434 -5.744e-03 -3.206e-03 7.872e-03 0.000e+00
1435 -2.336e-03 -1.967e-03 2.137e-03 0.000e+00
1436 3.157e-03 4.833e-03 -1.089e-03 0.000e+00
1437 -1.889e-03 -1.904e-03 -2.068e-03 0.000e+00
1438 -3.934e-03 4.673e-03 1.365e-03 0.000e+00
1439 4.498e-03 7.613e-03 -5.335e-03 0.000e+00
1440 5.657e-04 -2.375e-03 -3.182e-03 0.000e+00
1441 -4.944e-03 -2.354e-03 2.247e-04 0.000e+00
1442 2.115e-03 3.049e-03 -1.516e-03 0.000e+00
1443 6.692e-04 -2.804e-03 -6.547e-03 0.000e+00
1444 4.232e-03 8.691e-03 -5.693e-03 0.000e+00
1445 2.976e-03 -9.615e-04 -7.404e-04 0.000e+00
1446 -4.614e-03 -2.844e-03 -2.850e-03 0.000e+00
1447 6.906e-04 5.015e-03 -5.075e-03 0.000e+00
1448 -2.864e-04 5.917e-03 2.130e-03 0.000e+00
1449 1.359e-03 -2.628e-03 2.074e-03 0.000e+00
1450 -8.154e-03 -2.619e-03 5.352e-04 0.000e+00
1451 3.275e-03 -1.067e-03 -2.606e-03 0.000e+00
1452 -1.646e-03 -1.170e-03 -9.861e-03 0.000e+00
1453 -3.974e-03 1.103e-02 5.941e-03 -8.346e+01
1454 3.605e-03 6.130e-03 1.186e-03 0.000e+00
1455 -4.621e-03 6.917e-03 1.023e-02 0.000e+00
1456 7.404e-03 1.960e-03 -1.389e-03 0.000e+00
1457 6.428e-03 1.016e-02 -4.495e-03 -9.223e+01
1458 -6.349e-04 7.070e-03 -9.375e-03 0.000e+00
1459 3.243e-04 -1.759e-03 -4.643e-03 0.000e+00
1460 5.527e-03 -2.013e-03 5.210e-03 0.000e+00
1461 4.379e-03 -2.982e-03 -3.988e-04 0.000e+00
1462 6.291e-03 -2.482e-03 -2.305e-03 0.000e+00
1463 -4.923e-03 3.225e-04 -4.250e-03 0.000e+00
1464 2.214e-03 -2.298e-03 -1.721e-03 0.000e+00
1465 -2.034e-03 8.863e-03 6.999e-03 0.000e+00
1466 -6.434e-03 -2.835e-03 3.122e-03 0.000e+00
1467 -1.007e-02 8.358e-03 -3.962e-03 0.000e+00
1468 2.055e-03 -2.472e-03 -6.256e-03 0.000e+00
1469 -3.738e-03 1.020e-02 -1.789e-03 -4.690e+01
1470 8.626e-03 -2.475e-03 -7.002e-06 0.000e+00
1471 3.844e-03 -2.502e-03 5.876e-03 0.000e+00
1472 -6.573e-04 1.103e-02 9.981e-04 1.292e+00
1473 -7.680e-03 -2.936e-03 6.717e-04 0.000e+00
1474 -3.483e-03 9.523e-03 -2.181e-03 6.984e-01
1475 -4.350e-03 -1.612e-04 -8.313e-03 0.000e+00
1476 -4.471e-03 4.853e-03 1.689e-03 0.000e+00
1477 1.917e-03 -2.915e-03 3.950e-03 0.000e+00
1478 6.317e-03 -1.510e-03 -6.430e-03 0.000e+00
1479 8.602e-04 9.675e-03 -7.781e-03 -2.082e+01
1480 4.480e-03 9.686e-03 -4.962e-03 2.631e+01
1481 -1.163e-03 -3.012e-03 5.453e-03 0.000e+00
1482 -7.621e-04 6.903e-03 -7.933e-04 0.000e+00
1483 4.411e-03 6.725e-03 -2.972e-03 0.000e+00
1484 -2.980e-03 8.247e-03 4.798e-04 0.000e+00
1485 -9.699e-03 -2.636e-03 -6.308e-03 0.000e+00
1486 -6.507e-03 -2.588e-03 2.042e-03 0.000e+00
1487 -8.454e-04 7.811e-03 -3.729e-03 0.000e+00
1488 4.617e-03 -2.115e-03 -2.485e-03 0.000e+00
1489 4.924e-03 5.793e-03 4.790e-03 0.000e+00
1490 -4.345e-03 -6.770e-04 2.657e-03 0.000e+00
1491 -9.348e-04 -2.531e-04 3.153e-03 0.000e+00
1492 -3.219e-03 -1.795e-03 1.100e-02 0.000e+00
1493 3.163e-04 7.879e-03 2.910e-05 0.000e+00
1494 8.605e-04 9.173e-03 -7.892e-03 -4.108e+01
1495 -9.289e-03 -1.117e-03 -9.245e-03 0.000e+00
1496 1.329e-04 -2.965e-03 3.669e-03 0.000e+00
1497 -4.775e-03 -3.025e-03 9.619e-04 0.000e+00
1498 -6.027e-03 5.179e-03 -2.569e-03 0.000e+00
1499 -4.177e-04 -1.317e-03 -3.134e-03 0.000e+00
1500 -3.632e-03 -1.924e-03 3.043e-03 0.000e+00
1501 -8.042e-04 -5.271e-04 -3.074e-03 0.000e+00
1502 2.065e-04 5.644e-03 9.677e-04 0.000e+00
1503 -2.236e-03 1.075e-02 9.374e-04 -1.239e+01
1504 7.529e-03 -2.090e-03 -4.529e-03 0.000e+00
1505 -2.222e-03 6.168e-03 -1.240e-03 0.000e+00
1506 -2.059e-03 1.034e-02 1.864e-03 6.932e+01
1507 -2.352e-03 8.254e-03 6.132e-03 0.000e+00
1508 5.743e-03 6.647e-03 6.152e-04 0.000e+00
1509 4.753e-03 -2.111e-03 1.754e-03 0.000e+00
1510 -6.559e-03 5.189e-03 -7.643e-03 0.000e+00
1511 3.052e-04 6.311e-03 7.363e-03 0.000e+00
1512 -4.398e-03 -2.801e-03 1.153e-02 0.000e+00
1513 1.896e-03 7.105e-03 2.571e-03 0.000e+00
1514 -1.338e-03 -2.266e-03 3.412e-04 0.000e+00
1515 -6.050e-04 -1.796e-03 2.327e-03 0.000e+00
1516 3.828e-03 3.592e-03 -2.506e-04 0.000e+00
1517 -9.423e-04 1.340e-02 3.986e-03 -4.915e+01
1518 2.871e-03 -1.996e-03 -2.981e-03 0.000e+00
1519 5.239e-03 -3.051e-03 -1.531e-03 0.000e+00
1520 1.096e-03 -1.539e-03 -4.163e-03 0.000e+00
1521 -4.450e-03 -2.547e-03 -2.371e-03 0.000e+00
1522 9.101e-03 -3.067e-03 7.015e-03 0.000e+00
1523 -3.705e-03 -3.074e-03 -3.291e-03 0.000e+00
1524 2.329e-03 5.555e-03 -1.561e-03 0.000e+00
1525 5.143e-03 -2.742e-03 -4.610e-03 0.000e+00
1526 -3.036e-03 9.583e-03 -8.804e-03 -6.682e+01
1527 -8.674e-04 -3.045e-03 -4.978e-03 0.000e+00
1528 1.016e-04 6.360e-03 5.848e-03 0.000e+00
1529 1.283e-03 -2.270e-03 4.267e-03 0.000e+00
1530 1.417e-03 -3.062e-03 3.150e-03 0.000e+00
1531 4.920e-03 -2.693e-03 -3.551e-04 0.000e+00
1532 -2.478e-03 6.252e-03 2.309e-04 0.000e+00
1533 -7.653e-04 1.146e-02 -1.147e-03 -5.349e+01
1534 -2.046e-03 1.477e-02 -7.010e-03 5.907e+01
1535 3.050e-03 -5.763e-04 -5.019e-03 0.000e+00
1536 1.120e-03 4.491e-03 2.313e-03 0.000e+00
1537 8.059e-03 7.469e-03 -7.137e-03 0.000e+00
1538 4.430e-04 -1.587e-03 6.678e-03 0.000e+00
1539 7.839e-03 6.475e-03 9.812e-04 0.000e+00
1540 -1.551e-03 -2.626e-03 7.263e-03 0.000e+00
1541 5.384e-03 7.156e-03 -7.144e-03 0.000e+00
1542 -3.327e-03 -1.840e-03 3.304e-03 0.000e+00
1543 -7.386e-03 1.620e-02 -2.560e-03 4.581e+01
1544 -1.224e-03 9.149e-03 -1.494e-03 -3.897e+01
1545 3.253e-03 1.704e-03 -2.856e-03 0.000e+00
1546 -6.119e-03 1.051e-02 -2.073e-03 -5.573e+01
1547 6.463e-03 7.270e-03 -2.790e-03 0.000e+00
1548 3.975e-03 5.356e-03 -4.555e-05 0.000e+00
1549 2.084e-03 1.328e-02 -5.395e-04 -6.726e+01
1550 4.437e-04 -4.365e-05 7.248e-03 0.000e+00
1551 2.302e-03 -1.792e-03 -5.328e-03 0.000e+00
1552 5.828e-03 -2.092e-03 -6.627e-03 0.000e+00
1553 -1.483e-03 -2.338e-03 7.310e-03 0.000e+00
1554 1.420e-03 -1.558e-03 -1.639e-04 0.000e+00
1555 2.895e-03 6.850e-05 1.734e-03 0.000e+00
1556 -2.709e-04 1.278e-02 -6.188e-03 -2.158e+01
1557 -3.302e-04 6.305e-03 -1.765e-03 0.000e+00
1558 1.141e-02 -3.048e-03 -7.186e-05 0.000e+00
1559 4.671e-03 -2.947e-03 3.421e-03 0.000e+00
1560 -2.889e-03 -6.319e-04 -7.460e-03 0.000e+00
1561 4.978e-04 -3.065e-03 1.177e-03 0.000e+00
1562 2.982e-03 -2.698e-03 5.025e-03 0.000e+00
1563 -1.801e-03 7.650e-03 -4.753e-03 0.000e+00
1564 3.702e-03 -3.461e-04 -1.462e-03 0.000e+00
1565 9.652e-04 8.976e-03 1.308e-03 0.000e+00
1566 -2.125e-03 -1.497e-03 1.176e-03 0.000e+00
1567 2.282e-03 -1.937e-03 3.197e-03 0.000e+00
1568 -1.925e-03 5.411e-03 -5.033e-03 0.000e+00
1569 -8.655e-04 -5.587e-04 -3.216e-03 0.000e+00
1570 9.999e-03 -2.139e-03 2.506e-03 0.000e+00
1571 5.595e-03 1.047e-02 -6.342e-03 -1.291e+01
1572 4.611e-03 -2.695e-03 4.626e-03 0.000e+00
1573 -1.027e-03 -8.218e-04 2.032e-04 0.000e+00
1574 4.077e-04 1.653e-02 9.007e-04 -7.781e+01
1575 -7.247e-04 -2.479e-03 2.602e-03 0.000e+00
1576 3.270e-04 9.759e-03 -3.568e-03 -8.262e+01
1577 -7.531e-04 -2.685e-03 -3.586e-03 0.000e+00
1578 -4.497e-04 7.554e-03 -5.234e-03 0.000e+00
1579 5.191e-03 -2.974e-03 -3.080e-04 0.000e+00
1580 1.846e-03 -5.222e-04 -2.056e-03 0.000e+00
1581 -4.973e-03 9.140e-03 -1.417e-03 -8.748e+01
1582 2.790e-03 -1.209e-03 4.398e-03 0.000e+00
1583 5.577e-03 6.899e-03 -1.940e-03 0.000e+00
1584 -1.576e-03 1.174e-02 1.236e-03 1.451e+01
1585 -4.675e-05 -6.033e-04 7.538e-03 0.000e+00
1586 -7.737e-03 -2.257e-03 1.812e-03 0.000e+00
1587 -1.782e-03 3.094e-04 -5.527e-03 0.000e+00
1588 1.347e-03 -1.060e-03 1.941e-03 0.000e+00
1589 -4.416e-04 -3.104e-03 -4.326e-04 0.000e+00
1590 -1.921e-03 1.119e-02 -5.185e-03 -1.668e+01
1591 6.553e-03 -2.999e-03 2.804e-03 0.000e+00
1592 3.385e-03 1.032e-02 1.684e-03 -9.544e+01
1593 -1.916e-03 4.966e-03 -2.494e-03 0.000e+00
1594 1.532e-03 4.431e-03 4.343e-03 0.000e+00
1595 5.673e-03 -2.896e-03 8.814e-04 0.000e+00
1596 1.065e-02 9.004e-03 -2.126e-03 0.000e+00
1597 1.721e-03 -9.968e-04 2.789e-03 0.000e+00
1598 1.709e-03 -2.266e-03 -2.923e-03 0.000e+00
1599 -1.577e-04 -3.214e-03 -5.753e-03 0.000e+00
1600 4.308e-03 9.929e-03 5.964e-03 -7.379e+01
1601 5.015e-03 4.826e-03 3.676e-04 0.000e+00
1602 -7.856e-04 -1.370e-03 -2.521e-04 0.000e+00
1603 1.155e-03 7.431e-03 -4.432e-04 0.000e+00
1604 1.054e-02 1.545e-02 4.363e-03 -8.926e+01
1605 4.550e-03 -4.865e-04 -1.303e-03 0.000e+00
1606 2.669e-03 -3.178e-03 2.256e-04 0.000e+00
1607 2.901e-03 -2.831e-03 4.234e-03 0.000e+00
1608 -2.551e-03 -3.126e-03 8.244e-03 0.000e+00
1609 8.780e-03 -2.758e-03 -9.401e-03 0.000e+00
1610 1.307e-03 -1.473e-03 -7.188e-04 0.000e+00
1611 7.890e-04 -1.134e-03 -7.202e-03 0.000e+00
1612 3.361e-03 4.917e-05 -6.569e-04 0.000e+00
1613 -8.896e-04 4.448e-03 -3.186e-03 0.000e+00
1614 5.256e-03 -2.957e-03 9.922e-04 0.000e+00
1615 -2.575e-03 4.754e-03 1.222e-02 0.000e+00
1616 3.021e-03 -2.905e-03 -5.570e-03 0.000e+00
1617 -4.556e-03 -2.721e-04 1.223e-03 0.000e+00
1618 5.106e-03 -3.219e-03 8.331e-03 0.000e+00
1619 -7.439e-04 4.080e-03 -3.449e-03 0.000e+00
1620 7.544e-05 -2.146e-03 -6.747e-03 0.000e+00
1621 7.726e-03 -2.183e-03 1.891e-03 0.000e+00
1622 -5.843e-03 9.796e-03 -4.734e-03 4.705e+00
1623 1.700e-03 2.279e-03 3.696e-04 0.000e+00
1624 5.187e-04 4.549e-03 -3.102e-03 0.000e+00
1625 -1.450e-03 3.682e-03 8.571e-03 0.000e+00
1626 -8.503e-03 -2.321e-03 -4.851e-03 0.000e+00
1627 4.267e-03 6.869e-03 -4.601e-03 0.000e+00
1628 4.416e-03 9.833e-03 2.636e-03 6.081e+01
1629 3.979e-03 -2.304e-03 5.145e-03 0.000e+00
1630 -4.947e-03 -2.097e-03 -9.301e-03 0.000e+00
1631 4.924e-03 -3.021e-03 8.404e-03 0.000e+00
1632 3.836e-03 -1.859e-03 -4.315e-03 0.000e+00
1633 5.170e-03 -1.426e-03 6.985e-03 0.000e+00
1634 -4.417e-03 -7.453e-04 -1.194e-03 0.000e+00
1635 1.410e-03 -2.149e-03 2.806e-03 0.000e+00
1636 -3.611e-03 8.666e-03 2.555e-03 0.000e+00
1637 -2.662e-03 7.939e-03 5.898e-03 0.000e+00
1638 1.431e-04 2.711e-03 7.650e-03 0.000e+00
1639 -6.476e-03 4.669e-03 3.666e-03 0.000e+00
1640 1.799e-03 5.999e-04 1.843e-03 0.000e+00
1641 5.126e-03 2.928e-03 3.622e-03 0.000e+00
1642 3.735e-04 -2.376e-03 1.215e-03 0.000e+00
1643 5.852e-03 -1.846e-03 -3.183e-03 0.000e+00
1644 3.481e-03 -3.003e-03 2.451e-04 0.000e+00
1645 5.361e-03 -2.953e-03 -9.598e-03 0.000e+00
1646 -9.797e-03 1.089e-02 -4.337e-03 -8.819e+01
1647 3.594e-03 8.508e-03 4.068e-03 0.000e+00
1648 2.266e-03 -2.868e-03 1.535e-03 0.000e+00
1649 2.719e-03 -1.478e-03 4.192e-04 0.000e+00
1650 -6.837e-04 -2.394e-04 -6.684e-03 0.000e+00
1651 -4.999e-03 6.908e-03 -5.575e-03 0.000e+00
1652 -3.676e-05 7.144e-03 -5.504e-03 0.000e+00
1653 6.694e-03 -3.095e-03 5.385e-04 0.000e+00
1654 -1.657e-04 1.566e-03 -5.717e-03 0.000e+00
1655 2.811e-03 6.354e-03 1.935e-03 0.000e+00
1656 3.329e-03 5.797e-06 -5.309e-03 0.000e+00
1657 -4.124e-03 7.375e-03 4.379e-03 0.000e+00
1658 3.508e-03 -2.268e-03 -9.067e-03 0.000e+00
1659 6.413e-04 -2.930e-03 9.542e-04 0.000e+00
1660 1.663e-03 1.108e-02 3.294e-03 -2.195e+01
1661 -4.517e-04 3.794e-04 3.475e-03 0.000e+00
1662 -6.266e-04 -5.202e-04 -4.129e-03 0.000e+00
1663 3.683e-03 6.537e-03 1.682e-03 0.000e+00
1664 -3.173e-03 6.026e-03 -7.303e-04 0.000e+00
1665 1.226e-03 8.904e-03 8.556e-03 0.000e+00
1666 3.395e-03 -3.177e-03 2.402e-03 0.000e+00
1667 2.141e-03 6.541e-03 1.760e-03 0.000e+00
1668 -1.692e-04 -2.120e-03 -5.633e-03 0.000e+00
1669 1.394e-03 7.293e-04 2.733e-03 0.000e+00
1670 8.879e-03 8.730e-03 -3.339e-03 0.000e+00
1671 -4.483e-03 5.412e-03 -3.628e-03 0.000e+00
1672 8.334e-03 7.268e-03 -6.776e-03 0.000e+00
1673 -2.271e-03 1.846e-03 -6.340e-03 0.000e+00
1674 -4.590e-03 -1.237e-03 2.829e-04 0.000e+00
1675 -2.984e-03 -2.241e-03 -3.492e-03 0.000e+00
1676 -4.858e-03 -2.696e-03 -1.118e-03 0.000e+00
1677 -5.504e-04 4.324e-03 -1.181e-02 0.000e+00
1678 1.756e-03 -1.987e-03 8.729e-03 0.000e+00
1679 -4.643e-03 1.044e-02 6.391e-08 2.612e+01
1680 -9.007e-04 1.333e-02 8.816e-03 -8.193e+01
1681 1.556e-03 -1.661e-03 1.627e-03 0.000e+00
1682 7.985e-04 4.925e-03 5.624e-03 0.000e+00
1683 2.646e-03 7.075e-03 -1.443e-03 0.000e+00
1684 5.606e-03 1.030e-02 -7.560e-03 6.295e+01
1685 -8.771e-04 8.225e-03 -2.211e-03 0.000e+00
1686 3.835e-03 -5.350e-04 1.574e-03 0.000e+00
1687 1.546e-04 -2.834e-03 1.891e-03 0.000e+00
1688 3.028e-03 -1.796e-03 1.014e-02 0.000e+00
1689 -5.428e-03 -9.494e-04 -1.620e-04 0.000e+00
1690 -2.906e-04 1.457e-03 3.990e-03 0.000e+00
1691 -1.752e-03 -1.079e-03 7.765e-03 0.000e+00
1692 5.637e-04 -3.047e-03 -5.052e-03 0.000e+00
1693 3.039e-03 1.146e-02 -5.312e-03 -6.464e+01
1694 1.463e-03 -2.269e-03 -6.670e-03 0.000e+00
1695 4.492e-03 -1.125e-03 1.893e-03 0.000e+00
1696 -7.577e-03 4.825e-03 -5.464e-03 0.000e+00
1697 -6.898e-03 -4.394e-04 9.658e-03 0.000e+00
1698 7.114e-03 -3.220e-04 -4.403e-03 0.000e+00
1699 -6.798e-03 -8.002e-04 3.037e-03 0.000e+00
1700 1.753e-03 -2.927e-03 4.691e-03 0.000e+00
1701 -1.487e-03 -1.364e-03 4.524e-03 0.000e+00
1702 -4.188e-03 -1.747e-03 -2.152e-03 0.000e+00
1703 -2.173e-04 -2.103e-03 -8.301e-04 0.000e+00
1704 -8.022e-04 -1.602e-03 -5.714e-03 0.000e+00
1705 -4.039e-04 6.364e-03 9.377e-03 0.000e+00
1706 1.540e-03 -2.419e-03 -7.921e-04 0.000e+00
1707 6.500e-03 -2.223e-03 -2.644e-03 0.000e+00
1708 2.870e-03 -2.655e-03 -7.385e-03 0.000e+00
1709 -1.288e-04 8.938e-03 2.868e-03 0.000e+00
1710 -2.669e-03 -1.532e-03 5.246e-03 0.000e+00
1711 -2.997e-03 6.340e-04 -4.040e-03 0.000e+00
1712 -6.314e-03 -8.498e-04 -3.159e-03 0.000e+00
1713 5.986e-05 -1.657e-03 -3.878e-03 0.000e+00
1714 7.421e-03 -1.893e-03 3.936e-03 0.000e+00
1715 2.929e-03 1.092e-02 7.169e-03 4.580e+01
1716 1.994e-03 -1.214e-04 -9.160e-03 0.000e+00
1717 1.264e-04 -9.108e-04 -7.551e-03 0.000e+00
1718 -3.286e-03 5.159e-03 -3.568e-03 0.000e+00
1719 4.401e-03 9.980e-03 1.656e-03 -6.025e+01
1720 4.549e-03 3.813e-03 5.628e-03 0.000e+00
1721 6.568e-03 4.963e-03 1.087e-03 0.000e+00
1722 6.061e-03 -2.948e-03 6.914e-03 0.000e+00
1723 3.863e-03 6.416e-03 -2.473e-03 0.000e+00
1724 4.607e-03 -3.030e-03 -3.181e-03 0.000e+00
1725 -3.839e-03 -2.418e-03 -1.869e-03 0.000e+00
1726 9.295e-04 4.941e-03 -1.062e-03 0.000e+00
1727 6.514e-04 -8.346e-04 -1.834e-03 0.000e+00
1728 -7.192e-04 1.423e-02 5.187e-03 -3.815e+01
1729 -2.352e-03 7.043e-05 -6.207e-03 0.000e+00
1730 -4.785e-04 9.832e-03 -5.501e-03 -7.865e+01
1731 1.109e-03 9.595e-03 -3.637e-03 -1.108e+01
1732 -4.291e-04 8.894e-03 -1.755e-03 0.000e+00
1733 5.361e-04 5.026e-03 -3.030e-03 0.000e+00
1734 -1.217e-03 -3.056e-03 -6.730e-03 0.000e+00
1735 -6.339e-05 -3.026e-03 3.116e-03 0.000e+00
1736 4.145e-03 -2.285e-03 -4.805e-03 0.000e+00
1737 4.588e-05 9.950e-03 2.965e-03 -5.538e+00
1738 4.464e-03 6.006e-03 7.174e-03 0.000e+00
1739 -4.470e-03 -2.515e-03 9.837e-04 0.000e+00
1740 -5.457e-03 -2.015e-03 3.904e-03 0.000e+00
1741 9.910e-04 4.856e-03 1.170e-03 0.000e+00
1742 -7.478e-03 5.631e-03 6.873e-03 0.000e+00
1743 8.927e-04 1.215e-02 5.116e-03 -2.906e+00
1744 2.084e-03 -1.860e-03 5.189e-03 0.000e+00
1745 -2.232e-03 1.462e-02 6.425e-03 8.837e+00
1746 4.630e-04 1.568e-03 2.490e-03 0.000e+00
1747 4.789e-03 1.946e-05 -8.099e-03 0.000e+00
1748 -3.803e-05 4.166e-03 5.387e-03 0.000e+00
1749 1.943e-04 -1.235e-03 6.676e-05 0.000e+00
1750 9.050e-03 1.594e-04 -8.214e-04 0.000e+00
1751 4.560e-03 7.496e-03 3.597e-03 0.000e+00
1752 6.455e-03 1.373e-02 5.269e-04 -5.015e+01
1753 -5.205e-03 -2.710e-03 -8.820e-03 0.000e+00
1754 -2.693e-03 -5.917e-04 -6.104e-03 0.000e+00
1755 -7.735e-04 -1.821e-03 6.241e-03 0.000e+00
1756 -3.973e-03 4.760e-03 3.438e-03 0.000e+00
1757 2.069e-03 -2.077e-03 1.305e-03 0.000e+00
1758 -3.398e-03 -2.123e-03 -4.839e-03 0.000e+00
1759 3.568e-03 1.217e-02 3.357e-03 6.227e+01
1760 -2.727e-03 5.950e-04 -1.204e-03 0.000e+00
1761 -1.176e-03 -1.357e-03 3.051e-03 0.000e+00
1762 -1.779e-03 1.095e-02 -4.337e-03 -7.475e+01
1763 -3.590e-03 7.725e-03 1.675e-03 0.000e+00
1764 -1.674e-03 3.356e-03 -7.050e-03 0.000e+00
1765 7.133e-04 -2.630e-03 3.944e-03 0.000e+00
1766 3.036e-04 1.257e-02 7.651e-03 -1.377e+01
1767 -1.698e-03 -5.533e-04 -1.121e-03 0.000e+00
1768 -3.497e-03 1.630e-05 -4.317e-03 0.000e+00
1769 4.469e-04 -1.891e-03 -1.425e-03 0.000e+00
1770 -4.693e-03 -3.096e-03 2.032e-03 0.000e+00
1771 -5.431e-03 -2.759e-03 -6.868e-04 0.000e+00
1772 6.789e-04 1.575e-03 -4.869e-04 0.000e+00
1773 -3.227e-03 -1.703e-03 -3.982e-03 0.000e+00
1774 -1.929e-04 -2.143e-03 -3.580e-03 0.000e+00
1775 -3.796e-03 1.260e-03 -4.286e-03 0.000e+00
1776 -2.941e-03 -2.266e-03 -4.122e-03 0.000e+00
1777 -1.010e-02 -2.742e-03 -2.766e-03 0.000e+00
1778 -2.858e-03 -2.578e-03 3.422e-03 0.000e+00
1779 -4.708e-03 6.658e-03 -9.475e-04 0.000e+00
1780 -3.608e-03 -2.215e-03 -4.090e-03 0.000e+00
1781 5.421e-04 1.047e-03 3.593e-03 0.000e+00
1782 -2.250e-03 8.239e-03 9.834e-04 0.000e+00
1783 7.721e-03 1.169e-02 -9.970e-03 6.165e+01
1784 8.249e-04 6.676e-03 -1.300e-03 0.000e+00
1785 -5.172e-03 1.539e-02 6.192e-03 1.808e+01
1786 1.484e-03 -2.989e-03 -6.596e-04 0.000e+00
1787 3.756e-04 -1.690e-03 -1.376e-03 0.000e+00
1788 -1.884e-03 -2.261e-03 8.711e-03 0.000e+00
1789 -3.696e-03 -6.908e-04 -3.548e-04 0.000e+00
1790 -1.132e-03 5.927e-03 -1.999e-03 0.000e+00
1791 1.239e-03 6.764e-03 3.786e-03 0.000e+00
1792 -9.457e-04 -1.244e-03 1.275e-03 0.000e+00
1793 -2.724e-04 5.197e-03 1.009e-02 0.000e+00
1794 1.311e-03 -3.174e-03 5.060e-03 0.000e+00
1795 5.125e-03 -2.966e-03 4.803e-03 0.000e+00
1796 1.003e-02 -1.609e-03 -2.236e-03 0.000e+00
1797 -2.047e-03 -2.401e-03 4.336e-03 0.000e+00
1798 7.073e-03 6.622e-04 -1.736e-03 0.000e+00
1799 1.690e-04 9.740e-03 -8.149e-03 -3.953e+01
1800 -5.787e-03 -2.036e-04 -2.376e-03 0.000e+00
1801 5.512e-03 -1.739e-03 3.900e-03 0.000e+00
1802 -1.659e-04 9.145e-03 1.510e-03 -1.181e+01
1803 4.994e-04 -1.293e-03 -1.571e-03 0.000e+00
1804 -1.051e-02 1.754e-03 1.243e-02 0.000e+00
1805 1.557e-03 -2.287e-03 1.818e-03 0.000e+00
1806 4.301e-03 5.117e-03 5.673e-04 0.000e+00
1807 -4.454e-03 -2.999e-03 -1.372e-03 0.000e+00
1808 4.110e-03 -3.076e-03 -4.771e-03 0.000e+00
1809 -2.071e-03 1.702e-02 7.586e-03 -9.101e+01
1810 1.930e-03 -3.023e-03 -3.620e-03 0.000e+00
1811 -5.408e-03 -1.943e-03 5.412e-03 0.000e+00
1812 3.167e-03 -2.146e-03 6.879e-03 0.000e+00
1813 -3.848e-08 -1.447e-03 9.466e-05 0.000e+00
1814 -3.402e-03 9.122e-03 -6.151e-03 -3.940e+01
1815 -1.441e-03 3.843e-03 -4.501e-03 0.000e+00
1816 -3.126e-03 -3.177e-03 4.414e-03 0.000e+00
1817 -4.974e-03 9.391e-03 2.419e-03 -4.511e+01
1818 -3.992e-03 -1.865e-03 -1.405e-03 0.000e+00
1819 -1.635e-03 -3.179e-03 -2.798e-03 0.000e+00
1820 5.586e-04 6.903e-03 -4.692e-04 0.000e+00
1821 5.170e-04 -9.715e-04 -2.390e-03 0.000e+00
1822 -1.926e-03 7.109e-03 -4.706e-04 0.000e+00
1823 2.453e-04 -3.310e-05 -5.883e-04 0.000e+00
1824 -2.326e-03 -2.723e-03 -6.158e-03 0.000e+00
1825 3.154e-03 1.051e-02 -2.759e-03 -3.989e+01
1826 2.469e-03 -2.437e-03 -3.591e-03 0.000e+00
1827 -6.819e-03 -2.493e-03 -2.390e-03 0.000e+00
1828 5.348e-04 -2.357e-03 8.523e-03 0.000e+00
1829 5.501e-03 -2.140e-03 6.281e-03 0.000e+00
1830 -3.950e-03 -3.148e-03 6.148e-04 0.000e+00
1831 -6.553e-03 1.090e-04 -2.486e-03 0.000e+00
1832 -3.954e-03 -1.865e-03 -3.707e-03 0.000e+00
1833 4.339e-03 4.638e-04 4.393e-03 0.000e+00
1834 8.786e-04 1.304e-02 2.098e-03 -5.700e+01
1835 -2.095e-03 -1.880e-03 -8.319e-03 0.000e+00
1836 2.301e-03 1.171e-02 -1.372e-03 4.839e+01
1837 6.222e-04 -2.101e-03 1.932e-03 0.000e+00
1838 3.049e-03 -1.181e-03 -5.822e-03 0.000e+00
1839 -1.116e-03 -1.409e-03 3.031e-03 0.000e+00
1840 -1.184e-03 -2.405e-03 2.147e-03 0.000e+00
1841 1.730e-03 8.190e-03 -6.513e-03 0.000e+00
1842 5.006e-05 4.786e-03 5.548e-03 0.000e+00
1843 -5.929e-03 -1.027e-03 -9.693e-04 0.000e+00
1844 8.906e-03 -1.625e-03 2.049e-03 0.000e+00
1845 -3.281e-03 7.044e-03 2.269e-03 0.000e+00
1846 -4.017e-03 9.116e-04 -2.621e-03 0.000e+00
1847 5.245e-03 6.047e-03 -5.125e-03 0.000e+00
1848 -4.805e-03 -2.781e-03 6.222e-03 0.000e+00
1849 -4.908e-03 3.398e-04 -3.490e-03 0.000e+00
1850 -6.568e-03 -2.881e-03 2.226e-03 0.000e+00
1851 4.476e-04 9.757e-03 5.425e-03 -2.453e+01
1852 3.709e-04 9.668e-03 1.451e-03 -5.515e+01
1853 3.617e-04 7.865e-03 -5.280e-03 0.000e+00
1854 4.390e-03 -2.236e-03 1.187e-03 0.000e+00
1855 1.378e-03 1.618e-02 -4.659e-04 5.035e+01
1856 -1.286e-03 1.352e-02 -1.528e-04 -2.196e+01
1857 -3.499e-03 -8.848e-04 -2.939e-03 0.000e+00
1858 2.133e-03 1.160e-02 -9.222e-04 -5.846e+01
1859 7.557e-04 -1.143e-03 2.756e-03 0.000e+00
1860 -4.569e-03 7.682e-03 3.007e-03 0.000e+00
1861 -1.434e-03 -2.898e-04 3.587e-03 0.000e+00
1862 1.039e-02 7.797e-04 -3.282e-03 0.000e+00
1863 1.670e-03 -2.374e-03 1.086e-02 0.000e+00
1864 -5.659e-03 -1.329e-03 -2.733e-03 0.000e+00
1865 -1.526e-03 4.378e-03 -5.035e-03 0.000e+00
1866 9.241e-03 1.120e-02 1.946e-03 -3.098e+01
1867 2.276e-03 8.128e-03 7.422e-03 0.000e+00
1868 -2.660e-03 -2.363e-03 -3.223e-03 0.000e+00
1869 -1.200e-03 8.559e-03 3.432e-04 0.000e+00
1870 -3.053e-03 4.321e-04 -7.785e-03 0.000e+00
1871 -2.332e-03 -7.967e-04 -6.814e-03 0.000e+00
1872 -7.805e-03 -2.235e-03 -3.616e-03 0.000e+00
1873 4.499e-03 6.768e-03 -1.104e-03 0.000e+00
1874 -2.357e-03 1.177e-02 -1.978e-03 3.483e+01
1875 1.714e-03 7.031e-03 5.267e-03 0.000e+00
1876 4.659e-03 -1.894e-03 -1.475e-04 0.000e+00
1877 5.019e-03 -1.974e-03 -9.792e-04 0.000e+00
1878 3.049e-05 -6.652e-04 8.648e-05 0.000e+00
1879 4.717e-03 8.376e-03 4.857e-03 0.000e+00
1880 7.587e-03 -2.283e-03 2.027e-03 0.000e+00
1881 6.414e-03 8.768e-03 1.677e-03 0.000e+00
1882 -9.388e-04 6.008e-04 1.717e-03 0.000e+00
1883 -2.355e-03 8.463e-03 -1.294e-03 0.000e+00
1884 -1.838e-03 4.233e-03 1.264e-03 0.000e+00
1885 2.377e-03 -2.503e-04 -5.629e-03 0.000e+00
1886 -3.103e-03 -1.660e-03 -6.910e-03 0.000e+00
1887 8.373e-03 1.971e-03 -3.589e-03 0.000e+00
1888 -2.244e-03 5.075e-03 5.666e-03 0.000e+00
1889 5.493e-03 1.143e-02 5.325e-03 -7.210e+01
1890 -1.386e-03 -2.209e-03 -4.722e-03 0.000e+00
1891 7.591e-03 5.434e-03 2.484e-03 0.000e+00
1892 5.804e-03 8.850e-03 -7.168e-03 0.000e+00
1893 -5.726e-03 6.874e-03 -5.849e-04 0.000e+00
1894 -1.342e-02 3.816e-05 2.273e-03 0.000e+00
1895 5.672e-05 -2.008e-03 6.610e-03 0.000e+00
1896 -1.429e-03 8.657e-03 6.612e-03 0.000e+00
1897 2.277e-03 -8.051e-04 5.215e-03 0.000e+00
1898 1.997e-03 -1.378e-03 6.023e-03 0.000e+00
1899 -3.504e-03 3.106e-03 3.411e-03 0.000e+00
1900 5.386e-04 -1.439e-03 -4.681e-03 0.000e+00
1901 5.451e-03 -6.791e-04 -1.767e-03 0.000e+00
1902 -5.695e-04 9.390e-03 -3.567e-03 5.166e+01
1903 6.618e-04 1.107e-02 9.414e-03 -1.174e+01
1904 -1.627e-04 4.212e-04 -4.078e-03 0.000e+00
1905 -1.666e-02 6.655e-03 6.634e-03 0.000e+00
1906 7.075e-03 -2.671e-03 2.575e-03 0.000e+00
1907 7.699e-04 6.468e-03 -3.473e-03 0.000e+00
1908 -5.565e-03 -2.375e-03 5.599e-03 0.000e+00
1909 -2.322e-03 9.584e-03 1.709e-03 -9.090e+01
1910 1.488e-04 7.063e-03 5.672e-03 0.000e+00
1911 -3.897e-03 -8.868e-04 2.733e-03 0.000e+00
1912 -1.564e-03 -2.423e-03 -3.625e-03 0.000e+00
1913 -7.439e-04 6.310e-03 -5.621e-03 0.000e+00
1914 -1.815e-03 1.251e-02 -3.081e-03 -4.453e+00
1915 -5.821e-03 6.887e-03 2.876e-03 0.000e+00
1916 3.300e-03 -2.029e-03 3.157e-04 0.000e+00
1917 2.995e-03 -8.797e-04 -3.761e-03 0.000e+00
1918 -1.153e-03 -6.697e-04 -5.472e-03 0.000e+00
1919 3.153e-03 7.848e-03 1.958e-04 0.000e+00
1920 -6.344e-03 5.100e-03 -4.780e-03 0.000e+00
1921 -4.151e-03 2.917e-03 -2.811e-03 0.000e+00
1922 -2.365e-03 -3.237e-03 1.410e-03 0.000e+00
1923 1.765e-03 4.906e-03 -2.658e-04 0.000e+00
1924 -1.115e-02 -3.029e-03 3.889e-03 0.000e+00
1925 -6.051e-03 -2.251e-04 1.927e-03 0.000e+00
1926 2.455e-03 -2.283e-03 -1.235e-03 0.000e+00
1927 -3.367e-03 5.373e-03 -5.228e-03 0.000e+00
1928 4.816e-03 6.772e-03 -8.480e-03 0.000e+00
1929 1.098e-03 -2.041e-03 -1.534e-03 0.000e+00
1930 -4.595e-03 -3.218e-03 9.411e-04 0.000e+00
1931 4.247e-04 8.752e-03 6.092e-03 0.000e+00
1932 -5.675e-03 4.252e-04 -2.060e-03 0.000e+00
1933 -8.411e-05 -1.620e-03 -1.049e-03 0.000e+00
1934 1.729e-03 5.377e-03 6.148e-04 0.000e+00
1935 -2.972e-03 8.697e-04 7.271e-03 0.000e+00
1936 3.827e-03 -3.153e-03 1.555e-03 0.000e+00
1937 4.097e-03 -2.865e-03 -9.153e-03 0.000e+00
1938 4.649e-04 -1.388e-03 1.080e-03 0.000e+00
1939 -3.764e-03 -3.112e-03 -1.671e-06 0.000e+00
1940 3.295e-03 4.388e-03 3.475e-03 0.000e+00
1941 1.714e-03 8.549e-03 2.241e-03 0.000e+00
1942 -8.823e-03 -2.486e-03 -2.600e-03 0.000e+00
1943 -4.598e-03 6.670e-04 -4.751e-04 0.000e+00
1944 -3.730e-03 -2.616e-03 1.852e-03 0.000e+00
1945 1.296e-02 -1.706e-03 5.125e-03 0.000e+00
1946 -7.632e-04 -2.249e-03 2.445e-03 0.000e+00
1947 -1.823e-03 -2.752e-03 3.856e-03 0.000e+00
1948 4.487e-03 -2.809e-03 7.077e-04 0.000e+00
1949 -2.097e-04 8.866e-03 -1.045e-03 0.000e+00
1950 2.061e-03 3.508e-03 2.106e-04 0.000e+00
1951 1.350e-03 -1.486e-03 8.338e-04 0.000e+00
1952 -6.092e-03 -7.619e-04 -7.033e-04 0.000e+00
1953 -3.811e-03 -1.343e-04 1.075e-02 0.000e+00
1954 -6.713e-03 1.403e-02 -1.752e-03 -7.138e+01
1955 -5.509e-03 -1.241e-03 3.726e-03 0.000e+00
1956 1.811e-03 3.671e-03 -1.335e-03 0.000e+00
1957 6.123e-03 7.974e-03 -1.547e-03 0.000e+00
1958 -1.559e-03 -3.190e-03 1.084e-02 0.000e+00
1959 -3.516e-03 -1.575e-03 -2.321e-03 0.000e+00
1960 -9.176e-03 6.523e-03 4.852e-03 0.000e+00
1961 9.084e-04 1.007e-02 4.456e-04 5.703e+00
1962 -4.821e-03 4.380e-03 -3.106e-03 0.000e+00
1963 -5.696e-03 -2.803e-03 -2.809e-03 0.000e+00
1964 4.242e-03 3.924e-03 -4.628e-03 0.000e+00
1965 2.242e-03 -2.941e-03 -9.715e-04 0.000e+00
1966 -2.534e-03 -3.161e-03 -1.008e-03 0.000e+00
1967 -1.750e-03 -6.025e-04 -1.110e-03 0.000e+00
1968 -6.665e-04 -1.793e-03 -4.386e-03 0.000e+00
1969 -4.831e-03 1.385e-03 6.346e-03 0.000e+00
1970 -7.527e-04 -2.245e-03 2.231e-03 0.000e+00
1971 2.627e-03 -3.226e-03 -2.089e-03 0.000e+00
1972 -5.706e-03 7.866e-03 9.223e-03 0.000e+00
1973 -2.973e-03 -3.056e-03 1.859e-03 0.000e+00
1974 1.585e-03 -2.189e-03 -3.021e-03 0.000e+00
1975 2.549e-03 -2.474e-03 -2.636e-03 0.000e+00
1976 -4.319e-03 5.267e-03 -4.814e-03 0.000e+00
1977 -1.231e-03 -4.141e-04 9.004e-03 0.000e+00
1978 -3.580e-04 3.367e-03 -4.612e-03 0.000e+00
1979 -1.405e-03 -2.611e-03 -4.948e-03 0.000e+00
1980 -8.625e-03 -2.464e-03 -1.221e-03 0.000e+00
1981 -4.828e-03 -1.338e-03 -4.861e-03 0.000e+00
1982 -4.314e-03 -2.933e-03 2.353e-03 0.000e+00
1983 -1.021e-03 -5.642e-04 2.872e-03 0.000e+00
1984 4.916e-03 -5.630e-04 -3.000e-03 0.000e+00
1985 -4.740e-03 -2.003e-05 1.709e-03 0.000e+00
1986 -1.949e-03 8.235e-03 8.351e-03 0.000e+00
1987 -3.115e-04 2.912e-04 -2.679e-03 0.000e+00
1988 -2.097e-03 9.252e-03 -2.137e-03 -1.733e+01
1989 9.002e-04 -1.392e-03 -2.776e-03 0.000e+00
1990 1.764e-03 5.459e-03 1.459e-02 0.000e+00
1991 1.417e-03 9.459e-03 6.410e-03 5.246e+01
1992 7.123e-03 -3.247e-03 1.747e-04 0.000e+00
1993 -4.538e-03 -1.784e-03 2.331e-03 0.000e+00
1994 -2.727e-03 1.054e-02 -1.303e-03 -9.748e+01
1995 6.904e-03 4.239e-04 3.351e-03 0.000e+00
1996 -7.545e-03 1.944e-04 9.610e-03 0.000e+00
1997 -4.480e-04 -1.055e-03 -6.606e-03 0.000e+00
1998 -9.641e-04 1.071e-02 -3.916e-04 -7.129e+01
1999 -2.069e-03 -1.283e-03 -3.746e-03 0.000e+00
2000 5.859e-04 7.688e-03 2.492e-03 0.000e+00
2001 -4.040e-03 6.535e-03 2.942e-03 0.000e+00
2002 2.880e-03 9.089e-03 9.166e-05 0.000e+00
2003 -4.118e-03 -1.038e-03 7.787e-03 0.000e+00
2004 -5.234e-03 4.500e-03 9.175e-04 0.000e+00
2005 -3.515e-04 -2.214e-03 1.198e-03 0.000e+00
2006 -4.052e-03 8.368e-03 2.135e-03 0.000e+00
2007 3.594e-04 7.227e-03 -2.023e-03 0.000e+00
2008 -4.321e-03 -2.016e-03 1.678e-03 0.000e+00
2009 3.321e-03 1.063e-02 -3.095e-03 -9.313e+01
2010 2.064e-03 -2.795e-03 -1.666e-03 0.000e+00
2011 3.848e-03 6.603e-03 -2.417e-03 0.000e+00
2012 -1.551e-03 -1.695e-03 1.627e-03 0.000e+00
2013 2.027e-03 -2.199e-03 -3.750e-03 0.000e+00
2014 -1.075e-02 -1.275e-03 1.586e-03 0.000e+00
2015 -3.442e-03 9.073e-03 4.737e-03 0.000e+00
2016 -1.226e-05 -1.650e-03 -1.054e-03 0.000e+00
2017 -1.151e-02 -8.006e-04 4.939e-03 0.000e+00
2018 2.811e-03 -1.167e-03 -2.230e-04 0.000e+00
2019 -1.386e-03 1.006e-02 -5.817e-03 -7.894e+01
2020 -8.333e-04 -2.544e-03 2.438e-03 0.000e+00
2021 6.837e-03 -2.162e-03 -3.034e-03 0.000e+00
2022 1.255e-03 4.188e-04 2.184e-03 0.000e+00
2023 -6.528e-04 -1.271e-03 -8.016e-03 0.000e+00
2024 -1.994e-03 -1.209e-03 -3.182e-03 0.000e+00
2025 -2.621e-03 8.601e-03 2.023e-03 0.000e+00
2026 -3.166e-03 9.016e-03 -3.437e-04 0.000e+00
2027 7.838e-04 3.859e-03 -3.540e-03 0.000e+00
2028 1.540e-03 1.162e-02 -3.327e-03 4.008e+01
2029 8.449e-03 3.980e-03 -4.933e-03 0.000e+00
2030 -3.320e-03 1.278e-02 7.282e-03 4.463e+01
2031 3.081e-04 -2.447e-03 -2.441e-03 0.000e+00
2032 -1.887e-03 1.071e-02 8.174e-05 1.119e+01
2033 5.423e-03 -1.729e-04 3.078e-03 0.000e+00
2034 -4.252e-03 -2.661e-03 5.115e-03 0.000e+00
2035 4.883e-03 6.472e-03 4.088e-03 0.000e+00
2036 -2.142e-03 -2.133e-03 2.861e-03 0.000e+00
2037 8.814e-04 -1.928e-03 4.505e-03 0.000e+00
2038 4.147e-03 -2.820e-03 -5.641e-03 0.000e+00
2039 -4.116e-03 -2.116e-03 3.007e-03 0.000e+00
2040 -4.443e-03 9.821e-03 2.026e-03 -6.568e+01
2041 2.818e-03 3.517e-03 6.621e-04 0.000e+00
2042 -6.484e-03 9.140e-03 -1.408e-03 -5.207e+01
2043 -2.626e-03 -1.686e-03 3.500e-03 0.000e+00
2044 -2.335e-03 -2.260e-03 -7.971e-03 0.000e+00
2045 6.271e-03 -3.215e-03 3.313e-03 0.000e+00
2046 -3.160e-03 4.457e-03 -1.315e-03 0.000e+00
2047 -4.932e-03 -2.578e-03 4.070e-03 0.000e+00
