Bin I L V PA
0 6.803e-03 1.661e-03 3.080e-03 0.000e+00
1 -1.080e-03 -4.042e-03 -1.830e-04 0.000e+00
2 -1.435e-04 1.949e-03 -1.519e-03 0.000e+00
3 5.748e-03 9.086e-04 -2.169e-03 0.000e+00
4 -1.691e-03 8.203e-04 -2.037e-03 0.000e+00
5 7.827e-04 4.538e-03 -1.548e-03 0.000e+00
6 3.267e-03 8.066e-04 1.071e-03 0.000e+00
7 8.360e-03 5.673e-05 2.453e-03 0.000e+00
8 -2.791e-04 2.593e-04 -7.591e-04 0.000e+00
9 -1.488e-03 3.237e-03 -6.994e-04 0.000e+00
10 4.875e-03 5.652e-03 -7.014e-04 -8.758e+01
11 -3.705e-03 7.447e-04 -5.806e-04 0.000e+00
12 2.326e-03 -1.679e-03 5.730e-03 0.000e+00
13 -1.186e-03 7.782e-04 3.975e-05 0.000e+00
14 -8.713e-04 -4.134e-03 1.541e-03 0.000e+00
15 -3.649e-03 3.813e-03 1.136e-03 0.000e+00
16 -1.575e-03 1.698e-03 -1.476e-03 0.000e+00
17 -2.536e-03 6.116e-03 9.457e-04 4.770e+01
18 -1.858e-03 -3.865e-03 -3.283e-03 0.000e+00
19 -6.620e-04 2.306e-03 1.645e-03 0.000e+00
20 -3.930e-03 -3.028e-03 5.590e-03 0.000e+00
21 -7.322e-04 -3.169e-03 6.572e-04 0.000e+00
22 2.016e-03 2.551e-03 2.337e-03 0.000e+00
23 -2.943e-03 -2.661e-05 -1.607e-03 0.000e+00
24 -5.523e-03 4.312e-03 -1.929e-03 0.000e+00
25 3.675e-03 4.113e-03 1.236e-03 0.000e+00
26 -2.804e-03 -4.299e-03 -3.044e-03 0.000e+00
27 -3.362e-03 4.514e-04 2.335e-04 0.000e+00
28 8.855e-06 6.040e-04 2.971e-03 0.000e+00
29 -4.245e-03 -1.092e-03 -1.531e-03 0.000e+00
30 -5.582e-03 -4.359e-03 -3.810e-04 0.000e+00
31 9.083e-04 -3.049e-03 -3.144e-03 0.000e+00
32 -3.267e-03 -3.921e-03 -5.767e-04 0.000e+00
33 4.699e-05 6.068e-04 -2.479e-04 0.000e+00
34 4.784e-03 1.225e-03 -6.453e-04 0.000e+00
35 1.709e-03 -3.435e-03 -1.424e-04 0.000e+00
36 -1.782e-03 3.123e-04 5.904e-03 0.000e+00
37 -1.871e-03 -4.386e-03 -3.829e-03 0.000e+00
38 -4.303e-03 -4.479e-03 -1.389e-04 0.000e+00
39 3.077e-03 -4.275e-04 2.700e-03 0.000e+00
40 2.983e-03 3.696e-04 -5.003e-03 0.000e+00
41 2.442e-03 2.912e-03 2.305e-03 0.000e+00
42 6.503e-04 -3.642e-03 -6.920e-03 0.000e+00
43 1.873e-03 2.104e-03 3.292e-04 0.000e+00
44 -3.145e-03 -3.912e-03 -1.352e-03 0.000e+00
45 -4.731e-04 -2.630e-03 -3.783e-03 0.000e+00
46 -6.554e-03 3.271e-03 -8.956e-04 0.000e+00
47 -2.360e-03 1.788e-03 -3.777e-04 0.000e+00
48 -2.065e-03 3.173e-03 1.092e-03 0.000e+00
49 -3.556e-03 2.100e-04 -5.899e-04 0.000e+00
50 5.549e-03 -3.472e-03 -1.906e-03 0.000e+00
51 1.444e-03 -1.739e-03 4.513e-04 0.000e+00
52 -2.043e-03 3.076e-03 7.777e-03 0.000e+00
53 -8.206e-03 -1.376e-04 3.808e-03 0.000e+00
54 -3.799e-03 -4.519e-03 -4.263e-04 0.000e+00
55 -3.492e-03 -1.244e-03 3.474e-03 0.000e+00
56 5.494e-03 -3.573e-03 3.273e-03 0.000e+00
57 5.600e-04 1.275e-03 3.270e-03 0.000e+00
58 5.671e-03 4.276e-03 -1.585e-03 0.000e+00
59 1.043e-03 4.151e-03 5.328e-03 0.000e+00
60 -3.196e-03 3.047e-03 6.529e-03 0.000e+00
61 -9.797e-04 2.141e-03 -6.375e-04 0.000e+00
62 -1.909e-03 -3.644e-03 2.645e-03 0.000e+00
63 -3.170e-03 8.316e-05 -2.502e-03 0.000e+00
64 -5.493e-03 2.494e-03 2.450e-03 0.000e+00
65 -2.353e-03 3.053e-03 2.429e-03 0.000e+00
66 -2.040e-03 2.740e-03 -1.523e-03 0.000e+00
67 5.499e-03 -4.154e-03 1.767e-04 0.000e+00
68 -1.518e-03 1.505e-03 1.050e-03 0.000e+00
69 -3.896e-03 1.213e-03 1.918e-03 0.000e+00
70 3.849e-03 2.659e-04 3.571e-04 0.000e+00
71 -3.819e-03 6.303e-03 -1.854e-03 -8.191e+01
72 6.757e-03 -4.189e-04 -1.654e-03 0.000e+00
73 -4.180e-03 -3.810e-03 -1.224e-04 0.000e+00
74 2.028e-03 3.243e-03 4.879e-03 0.000e+00
75 8.010e-04 4.640e-03 3.756e-04 0.000e+00
76 8.992e-04 6.191e-04 1.762e-03 0.000e+00
77 -1.105e-04 -4.494e-03 1.800e-03 0.000e+00
78 1.531e-04 -4.175e-03 -3.276e-03 0.000e+00
79 1.012e-03 3.744e-04 -9.474e-04 0.000e+00
80 -6.301e-04 2.338e-03 -4.855e-04 0.000e+00
81 -1.425e-04 -8.627e-04 -2.176e-03 0.000e+00
82 2.436e-03 2.257e-03 5.086e-03 0.000e+00
83 8.462e-04 2.051e-03 -2.146e-03 0.000e+00
84 -3.255e-03 2.712e-03 4.548e-04 0.000e+00
85 2.144e-04 4.163e-03 -4.704e-03 0.000e+00
86 -2.921e-03 6.880e-04 -4.581e-03 0.000e+00
87 1.590e-03 2.681e-04 -1.356e-03 0.000e+00
88 -1.912e-03 -4.684e-05 -2.082e-03 0.000e+00
89 -4.171e-04 4.106e-03 -3.766e-03 0.000e+00
90 2.991e-03 -4.275e-03 8.468e-04 0.000e+00
91 3.835e-03 4.846e-03 -1.235e-03 2.294e+01
92 4.356e-03 1.888e-03 -1.569e-03 0.000e+00
93 7.142e-04 4.226e-03 -1.459e-03 0.000e+00
94 -8.190e-04 5.139e-03 7.697e-04 4.503e+01
95 4.784e-03 1.543e-03 1.512e-04 0.000e+00
96 1.601e-03 -2.466e-03 1.576e-03 0.000e+00
97 8.235e-04 -1.347e-04 9.944e-04 0.000e+00
98 -4.635e-03 -2.536e-03 -6.938e-04 0.000e+00
99 7.996e-04 -3.382e-03 -1.194e-03 0.000e+00
100 -2.341e-03 -2.584e-03 9.245e-04 0.000e+00
101 -3.479e-03 5.856e-04 -4.205e-03 0.000e+00
102 -2.220e-03 1.295e-03 3.300e-03 0.000e+00
103 -1.618e-03 -4.028e-03 2.965e-03 0.000e+00
104 -3.576e-04 -3.482e-03 6.420e-03 0.000e+00
105 -5.927e-03 2.285e-04 3.217e-03 0.000e+00
106 2.803e-03 -4.088e-03 -2.305e-03 0.000e+00
107 -5.442e-03 3.085e-03 1.724e-03 0.000e+00
108 -7.481e-04 5.509e-03 2.777e-03 6.479e+01
109 -2.877e-03 3.140e-03 -7.362e-03 0.000e+00
110 -3.360e-03 -3.714e-03 -8.256e-04 0.000e+00
111 2.692e-04 -4.051e-03 5.917e-03 0.000e+00
112 -2.032e-03 -3.439e-03 1.151e-04 0.000e+00
113 -5.193e-03 2.112e-03 3.191e-03 0.000e+00
114 -1.270e-03 -2.673e-03 5.656e-03 0.000e+00
115 1.916e-03 1.577e-03 -8.700e-05 0.000e+00
116 1.134e-03 -3.678e-03 5.112e-04 0.000e+00
117 -1.021e-03 -3.575e-03 -5.326e-05 0.000e+00
118 -6.769e-03 -6.590e-05 -2.564e-03 0.000e+00
119 -3.681e-03 -4.377e-03 -6.004e-04 0.000e+00
120 3.731e-03 4.172e-03 -5.391e-03 0.000e+00
121 1.286e-03 -4.268e-03 2.069e-03 0.000e+00
122 -1.591e-03 -4.086e-04 -2.481e-03 0.000e+00
123 2.664e-03 -4.307e-03 -6.229e-04 0.000e+00
124 -2.893e-03 1.272e-03 2.357e-03 0.000e+00
125 -1.875e-03 -4.174e-03 2.730e-03 0.000e+00
126 -3.933e-03 1.499e-03 -4.200e-03 0.000e+00
127 -5.161e-03 1.460e-03 3.334e-03 0.000e+00
128 1.289e-03 9.543e-04 -2.085e-03 0.000e+00
129 -5.916e-04 1.571e-03 1.063e-03 0.000e+00
130 -2.380e-03 -2.109e-03 -2.989e-03 0.000e+00
131 -2.506e-03 2.777e-03 4.297e-03 0.000e+00
132 -3.857e-03 -4.489e-03 -4.486e-03 0.000e+00
133 2.308e-03 -3.077e-03 -4.233e-04 0.000e+00
134 -7.512e-03 1.985e-04 2.118e-03 0.000e+00
135 -1.463e-03 -4.396e-03 -1.382e-03 0.000e+00
136 -8.900e-04 -4.074e-04 3.829e-03 0.000e+00
137 -1.968e-03 -4.140e-03 -1.961e-03 0.000e+00
138 1.040e-03 2.698e-03 -3.401e-03 0.000e+00
139 2.062e-03 -3.372e-03 1.112e-03 0.000e+00
140 -1.928e-03 1.332e-03 5.093e-03 0.000e+00
141 1.156e-03 -3.834e-03 -4.620e-03 0.000e+00
142 4.778e-04 -4.205e-03 -1.969e-03 0.000e+00
143 6.232e-03 -4.168e-03 1.577e-03 0.000e+00
144 -1.836e-03 3.397e-03 4.175e-04 0.000e+00
145 -3.199e-03 -3.804e-03 2.197e-03 0.000e+00
146 1.372e-03 -3.909e-03 -7.599e-04 0.000e+00
147 -1.624e-03 -2.378e-03 3.540e-03 0.000e+00
148 -9.624e-04 -3.645e-03 -2.932e-03 0.000e+00
149 -1.238e-04 5.939e-03 2.502e-05 -4.833e+01
150 -2.101e-03 7.573e-04 -5.657e-03 0.000e+00
151 -8.185e-04 -3.243e-03 -1.640e-03 0.000e+00
152 -5.118e-05 1.718e-03 -1.165e-03 0.000e+00
153 2.744e-03 -4.517e-03 4.316e-03 0.000e+00
154 -4.242e-03 -3.908e-03 -1.869e-03 0.000e+00
155 -1.172e-03 1.385e-03 -3.002e-03 0.000e+00
156 -3.878e-03 2.260e-03 -1.206e-03 0.000e+00
157 -2.026e-03 2.140e-03 -1.247e-03 0.000e+00
158 2.734e-04 1.072e-03 -1.040e-03 0.000e+00
159 -2.692e-03 5.560e-03 7.126e-03 -2.794e+01
160 -1.889e-03 4.132e-03 1.956e-03 0.000e+00
161 9.688e-04 -1.242e-04 4.278e-03 0.000e+00
162 9.113e-04 -1.995e-03 1.192e-03 0.000e+00
163 -1.062e-04 1.106e-03 5.587e-04 0.000e+00
164 2.740e-03 -3.760e-03 2.859e-03 0.000e+00
165 -4.462e-03 -3.939e-03 2.850e-03 0.000e+00
166 6.030e-04 -3.294e-03 3.758e-03 0.000e+00
167 5.637e-03 1.558e-03 8.374e-04 0.000e+00
168 -3.919e-03 -3.911e-03 -4.037e-03 0.000e+00
169 2.053e-03 2.534e-03 -2.938e-03 0.000e+00
170 -5.667e-03 7.701e-04 -2.079e-03 0.000e+00
171 -2.103e-03 1.421e-03 3.071e-03 0.000e+00
172 -2.318e-03 -2.261e-03 3.302e-03 0.000e+00
173 -1.856e-04 -3.573e-03 1.224e-03 0.000e+00
174 -1.469e-03 -3.398e-03 -2.466e-04 0.000e+00
175 1.159e-04 -3.005e-03 -3.953e-03 0.000e+00
176 2.258e-04 -4.225e-04 1.981e-03 0.000e+00
177 6.177e-04 -4.170e-03 -2.286e-04 0.000e+00
178 -4.274e-04 9.010e-04 3.263e-03 0.000e+00
179 -3.179e-03 -4.036e-03 8.592e-04 0.000e+00
180 -5.676e-03 3.150e-03 -1.879e-03 0.000e+00
181 3.217e-03 2.840e-03 -9.785e-04 0.000e+00
182 -2.520e-03 6.389e-04 -4.413e-04 0.000e+00
183 9.643e-04 -4.510e-03 1.819e-03 0.000e+00
184 5.687e-04 -4.496e-03 -1.964e-03 0.000e+00
185 -2.401e-03 -4.228e-03 5.501e-04 0.000e+00
186 1.838e-03 5.022e-03 -1.790e-03 6.707e+01
187 1.917e-03 -3.700e-03 -2.123e-03 0.000e+00
188 -2.770e-03 -3.643e-03 4.816e-04 0.000e+00
189 -4.665e-03 2.060e-03 2.696e-03 0.000e+00
190 -7.804e-03 -4.467e-03 -3.111e-03 0.000e+00
191 3.023e-04 -3.975e-03 -1.109e-03 0.000e+00
192 3.738e-04 2.496e-03 3.198e-03 0.000e+00
193 -3.980e-04 -4.099e-03 2.633e-03 0.000e+00
194 -6.930e-04 -3.736e-03 1.794e-03 0.000e+00
195 -6.152e-05 5.997e-03 2.964e-03 -6.949e+01
196 3.428e-03 -3.800e-03 -5.251e-03 0.000e+00
197 -5.488e-03 3.145e-03 -2.111e-03 0.000e+00
198 -6.597e-04 -3.141e-04 -4.330e-05 0.000e+00
199 -1.817e-03 -4.086e-03 3.324e-03 0.000e+00
200 8.454e-03 2.114e-03 1.034e-03 0.000e+00
201 -1.511e-04 8.459e-05 7.525e-04 0.000e+00
202 9.263e-04 -3.306e-03 -2.965e-03 0.000e+00
203 -4.485e-03 5.184e-03 9.565e-04 -4.579e+01
204 -4.545e-03 -1.505e-04 -1.724e-03 0.000e+00
205 -3.617e-03 -4.547e-03 3.857e-04 0.000e+00
206 -9.699e-04 1.124e-03 1.888e-03 0.000e+00
207 -6.738e-03 -3.888e-03 5.840e-03 0.000e+00
208 -3.714e-03 -4.190e-03 -1.579e-03 0.000e+00
209 8.530e-05 1.824e-03 -3.968e-03 0.000e+00
210 -2.282e-03 1.024e-03 -7.660e-04 0.000e+00
211 -2.444e-03 -2.779e-03 7.682e-04 0.000e+00
212 -1.446e-03 -4.513e-03 -4.651e-03 0.000e+00
213 5.650e-03 9.392e-04 -2.472e-03 0.000e+00
214 -3.814e-04 -4.240e-03 7.363e-04 0.000e+00
215 -3.974e-03 3.530e-03 2.714e-03 0.000e+00
216 -3.374e-03 3.788e-04 3.054e-03 0.000e+00
217 -1.344e-03 6.214e-04 -1.755e-03 0.000e+00
218 -7.902e-03 -3.859e-03 8.108e-04 0.000e+00
219 -1.029e-04 3.583e-03 -8.188e-03 0.000e+00
220 5.613e-04 -3.674e-03 -4.465e-03 0.000e+00
221 8.431e-04 1.588e-03 -9.180e-04 0.000e+00
222 9.081e-04 3.006e-03 -2.361e-03 0.000e+00
223 -6.571e-04 6.802e-03 -2.981e-03 -9.828e+01
224 -2.467e-03 1.110e-03 1.953e-03 0.000e+00
225 2.343e-03 2.702e-03 3.023e-03 0.000e+00
226 3.858e-03 -1.005e-03 1.680e-03 0.000e+00
227 -1.004e-03 -8.149e-04 -6.552e-03 0.000e+00
228 -1.639e-03 -4.495e-03 1.531e-03 0.000e+00
229 -7.750e-03 4.574e-03 6.640e-04 0.000e+00
230 -5.345e-04 -3.770e-03 2.400e-03 0.000e+00
231 1.810e-03 3.041e-03 -1.369e-03 0.000e+00
232 -1.031e-03 -4.208e-03 -1.689e-03 0.000e+00
233 -8.771e-03 -4.012e-03 1.914e-04 0.000e+00
234 -8.203e-03 1.444e-04 2.843e-03 0.000e+00
235 -3.329e-03 3.629e-04 -8.413e-04 0.000e+00
236 -3.123e-03 -3.739e-03 -4.609e-03 0.000e+00
237 -1.556e-03 1.484e-03 -1.808e-03 0.000e+00
238 1.220e-03 1.507e-03 3.320e-03 0.000e+00
239 -1.540e-03 -2.019e-03 -3.979e-03 0.000e+00
240 -4.090e-03 -4.053e-03 1.032e-03 0.000e+00
241 2.343e-03 -1.159e-03 -4.257e-04 0.000e+00
242 -3.026e-03 4.331e-03 -5.108e-03 0.000e+00
243 2.577e-04 6.784e-04 1.657e-03 0.000e+00
244 1.096e-03 1.940e-03 4.595e-03 0.000e+00
245 -4.876e-03 4.874e-03 -2.673e-03 -4.851e+01
246 1.523e-03 -3.119e-03 -1.170e-03 0.000e+00
247 -3.976e-03 1.389e-03 5.471e-04 0.000e+00
248 -4.247e-03 3.100e-03 -1.983e-03 0.000e+00
249 -2.090e-03 -3.478e-03 4.039e-03 0.000e+00
250 -7.121e-03 -4.068e-03 2.969e-03 0.000e+00
251 2.458e-04 -4.401e-03 -3.162e-03 0.000e+00
252 3.562e-03 -3.782e-03 4.169e-04 0.000e+00
253 -2.596e-03 -4.066e-03 -2.597e-03 0.000e+00
254 1.326e-03 -3.329e-03 3.666e-03 0.000e+00
255 -2.981e-03 7.156e-04 2.579e-03 0.000e+00
256 -7.822e-04 -3.791e-03 1.112e-03 0.000e+00
257 -4.873e-03 8.799e-04 3.032e-03 0.000e+00
258 -4.061e-03 2.293e-03 3.432e-03 0.000e+00
259 -1.121e-03 1.718e-03 1.554e-03 0.000e+00
260 2.001e-03 2.925e-03 1.711e-03 0.000e+00
261 -5.988e-03 3.809e-03 4.856e-03 0.000e+00
262 -1.133e-03 4.691e-03 6.771e-03 0.000e+00
263 -3.882e-03 1.181e-03 2.652e-03 0.000e+00
264 -2.914e-03 8.588e-04 4.560e-03 0.000e+00
265 -5.792e-03 5.441e-05 3.423e-03 0.000e+00
266 6.364e-04 3.309e-03 2.388e-03 0.000e+00
267 -4.224e-03 -2.662e-03 2.836e-04 0.000e+00
268 -5.200e-04 -3.775e-03 2.650e-03 0.000e+00
269 -3.336e-03 -4.049e-03 1.067e-03 0.000e+00
270 2.049e-03 4.616e-03 -2.627e-03 0.000e+00
271 -3.969e-03 2.796e-03 5.133e-03 0.000e+00
272 -8.645e-03 1.922e-04 -2.817e-03 0.000e+00
273 -4.088e-03 7.089e-03 -6.028e-04 1.769e+01
274 2.088e-03 -2.126e-03 -2.863e-03 0.000e+00
275 -4.415e-04 -4.191e-03 3.740e-03 0.000e+00
276 -8.540e-04 -4.396e-03 4.516e-03 0.000e+00
277 -5.156e-03 6.867e-03 2.326e-03 -4.233e+01
278 -6.194e-04 -4.549e-03 4.334e-03 0.000e+00
279 -4.502e-03 -2.800e-03 -2.028e-05 0.000e+00
280 -2.796e-03 -3.750e-03 2.164e-03 0.000e+00
281 -9.779e-05 1.692e-03 -3.502e-03 0.000e+00
282 -2.069e-03 -4.385e-03 -1.892e-03 0.000e+00
283 -5.686e-03 5.746e-03 5.365e-03 -2.522e+01
284 -7.221e-04 -4.338e-03 2.524e-03 0.000e+00
285 -5.147e-03 7.064e-04 4.345e-03 0.000e+00
286 -4.935e-03 -3.887e-03 2.697e-03 0.000e+00
287 -1.469e-03 1.692e-03 -3.185e-05 0.000e+00
288 -2.128e-03 8.147e-04 -2.776e-04 0.000e+00
289 -6.023e-03 -4.504e-03 -1.273e-03 0.000e+00
290 -3.865e-03 7.013e-04 3.918e-03 0.000e+00
291 -2.470e-03 -4.050e-04 1.836e-04 0.000e+00
292 5.272e-04 -2.871e-03 5.245e-04 0.000e+00
293 2.352e-03 -4.254e-03 3.418e-03 0.000e+00
294 6.517e-04 2.043e-03 -1.252e-03 0.000e+00
295 -6.956e-03 6.509e-03 7.676e-06 -1.400e+01
296 -3.975e-03 -3.979e-03 6.407e-03 0.000e+00
297 -1.978e-03 4.451e-03 4.623e-05 0.000e+00
298 -2.701e-03 -4.370e-03 3.135e-03 0.000e+00
299 -4.489e-03 -4.291e-03 4.529e-04 0.000e+00
300 -2.064e-04 4.009e-03 1.442e-03 0.000e+00
301 5.015e-04 -3.965e-03 2.377e-04 0.000e+00
302 1.108e-03 -4.446e-03 -3.424e-03 0.000e+00
303 3.097e-04 5.994e-04 -8.310e-04 0.000e+00
304 -4.149e-03 -4.600e-04 -2.422e-03 0.000e+00
305 1.687e-03 1.626e-03 -7.837e-03 0.000e+00
306 2.705e-03 -3.980e-03 1.478e-03 0.000e+00
307 -4.839e-04 -3.691e-03 2.084e-03 0.000e+00
308 -7.646e-03 2.552e-03 4.876e-03 0.000e+00
309 -7.020e-03 -4.518e-03 -3.060e-03 0.000e+00
310 -2.843e-03 2.376e-03 1.201e-05 0.000e+00
311 -5.153e-03 -3.945e-03 5.617e-04 0.000e+00
312 -2.765e-03 5.136e-04 5.538e-03 0.000e+00
313 -3.890e-03 2.323e-03 2.949e-03 0.000e+00
314 -3.851e-03 -3.238e-03 4.888e-04 0.000e+00
315 -3.202e-03 2.869e-03 4.676e-03 0.000e+00
316 -5.227e-03 -8.364e-05 -1.578e-03 0.000e+00
317 2.015e-03 3.614e-03 -2.126e-03 0.000e+00
318 -1.414e-03 3.258e-03 4.255e-03 0.000e+00
319 -4.912e-03 2.267e-03 3.356e-03 0.000e+00
320 -1.426e-03 2.920e-04 -2.558e-03 0.000e+00
321 -5.409e-03 -3.471e-03 4.896e-03 0.000e+00
322 -5.401e-03 3.924e-03 9.071e-04 0.000e+00
323 -1.079e-02 -4.184e-04 -1.525e-03 0.000e+00
324 -7.529e-03 -3.869e-03 -7.461e-04 0.000e+00
325 -5.980e-04 2.644e-03 6.687e-04 0.000e+00
326 1.415e-03 2.476e-03 -3.654e-03 0.000e+00
327 -1.393e-04 1.903e-03 9.800e-04 0.000e+00
328 -2.884e-03 -4.504e-04 -3.124e-03 0.000e+00
329 -1.678e-03 5.791e-03 -9.300e-04 -5.405e+01
330 -1.408e-03 8.878e-04 7.088e-04 0.000e+00
331 -3.229e-06 -4.015e-04 -5.665e-04 0.000e+00
332 -1.031e-03 4.864e-03 1.544e-03 -8.214e+01
333 -3.203e-03 -2.847e-03 2.590e-03 0.000e+00
334 -7.962e-03 2.020e-03 7.844e-03 0.000e+00
335 -4.573e-03 -4.111e-03 -3.013e-03 0.000e+00
336 6.592e-04 -3.123e-03 -3.240e-03 0.000e+00
337 -1.056e-03 1.388e-03 1.480e-03 0.000e+00
338 -6.215e-04 -3.599e-03 8.287e-04 0.000e+00
339 -3.089e-03 -5.361e-04 -1.967e-03 0.000e+00
340 -1.456e-03 -4.241e-03 -8.199e-04 0.000e+00
341 -2.917e-03 1.254e-03 1.559e-03 0.000e+00
342 -4.642e-03 3.162e-03 -3.342e-04 0.000e+00
343 -5.337e-03 -3.084e-04 -5.494e-04 0.000e+00
344 1.768e-04 2.991e-03 -9.976e-04 0.000e+00
345 9.003e-04 7.393e-04 3.114e-03 0.000e+00
346 -1.935e-03 -4.098e-03 2.693e-03 0.000e+00
347 -4.820e-04 1.190e-03 2.832e-03 0.000e+00
348 -3.042e-03 -3.454e-03 -2.500e-03 0.000e+00
349 2.063e-03 1.305e-03 -2.914e-03 0.000e+00
350 -8.801e-03 5.067e-03 -4.074e-04 -2.863e+01
351 1.390e-03 3.183e-04 3.742e-03 0.000e+00
352 3.459e-04 5.642e-03 5.625e-04 1.416e+01
353 4.951e-03 -4.418e-03 8.174e-04 0.000e+00
354 -3.067e-03 6.747e-03 5.088e-03 -5.185e+01
355 -5.466e-03 3.531e-03 -2.407e-03 0.000e+00
356 2.048e-04 -4.511e-03 3.919e-03 0.000e+00
357 -1.754e-04 1.558e-03 8.090e-05 0.000e+00
358 6.233e-03 -4.251e-03 -3.254e-04 0.000e+00
359 1.940e-03 4.047e-03 2.444e-03 0.000e+00
360 8.766e-04 -3.908e-04 -2.848e-03 0.000e+00
361 3.015e-03 -2.182e-03 -6.823e-04 0.000e+00
362 5.815e-03 -3.244e-03 4.101e-03 0.000e+00
363 -1.882e-05 -4.537e-03 1.175e-03 0.000e+00
364 2.864e-03 2.950e-04 5.025e-03 0.000e+00
365 5.315e-03 -6.971e-05 1.135e-03 0.000e+00
366 8.512e-04 -3.637e-03 3.851e-03 0.000e+00
367 3.659e-03 -3.572e-03 -8.943e-04 0.000e+00
368 -1.615e-03 4.983e-03 2.541e-03 -8.411e+01
369 -1.611e-03 5.181e-03 -6.349e-04 -6.965e+01
370 2.364e-03 -2.213e-03 4.936e-03 0.000e+00
371 3.795e-03 6.173e-03 -2.988e-04 -9.641e+01
372 9.071e-03 5.110e-03 -5.515e-03 -6.500e+01
373 9.026e-04 1.848e-03 -6.571e-03 0.000e+00
374 4.672e-03 5.957e-03 -1.687e-04 -3.719e+01
375 8.893e-03 7.485e-03 -1.648e-03 -5.049e+01
376 1.063e-02 2.811e-03 -1.077e-03 0.000e+00
377 6.233e-03 8.782e-03 3.682e-03 -6.006e+01
378 8.077e-03 6.623e-03 -2.663e-03 -3.319e+01
379 1.278e-02 2.779e-03 -3.696e-04 0.000e+00
380 1.470e-02 4.342e-03 -5.045e-03 0.000e+00
381 2.242e-02 5.592e-03 -1.796e-03 -5.855e+01
382 2.278e-02 -2.228e-03 4.395e-03 0.000e+00
383 2.512e-02 5.906e-03 3.785e-03 -4.899e+01
384 2.578e-02 1.355e-02 -4.524e-03 -4.687e+01
385 3.477e-02 1.202e-02 1.611e-03 -5.366e+01
386 2.940e-02 1.325e-02 1.301e-03 -5.807e+01
387 3.524e-02 1.659e-02 1.192e-03 -4.728e+01
388 4.814e-02 2.011e-02 6.236e-03 -5.190e+01
389 5.487e-02 1.947e-02 -1.765e-03 -5.825e+01
390 5.994e-02 2.894e-02 6.044e-03 -5.578e+01
391 6.220e-02 3.436e-02 -1.957e-03 -5.426e+01
392 7.414e-02 3.626e-02 -4.625e-04 -5.312e+01
393 9.494e-02 4.262e-02 6.431e-03 -5.610e+01
394 7.469e-02 3.250e-02 -5.230e-04 -5.788e+01
395 7.320e-02 3.698e-02 3.753e-03 -5.192e+01
396 7.638e-02 4.141e-02 7.347e-03 -5.944e+01
397 8.564e-02 4.150e-02 6.342e-04 -5.981e+01
398 1.006e-01 5.032e-02 1.513e-03 -5.559e+01
399 1.214e-01 4.821e-02 5.490e-03 -5.715e+01
400 1.148e-01 4.493e-02 1.131e-03 -5.764e+01
401 1.147e-01 4.334e-02 -1.413e-03 -5.440e+01
402 1.134e-01 3.436e-02 -2.068e-03 -5.545e+01
403 1.118e-01 2.822e-02 1.854e-03 -5.594e+01
404 9.662e-02 1.342e-02 2.229e-03 -4.556e+01
405 7.767e-02 3.738e-03 3.021e-03 0.000e+00
406 6.868e-02 -2.860e-03 2.750e-03 0.000e+00
407 7.321e-02 1.098e-02 1.483e-03 2.917e+01
408 7.908e-02 7.709e-03 -1.215e-03 2.385e+01
409 7.970e-02 1.070e-02 -4.192e-03 2.375e+01
410 9.623e-02 1.088e-02 5.210e-04 2.053e+01
411 1.096e-01 9.865e-03 -2.748e-03 1.967e+01
412 1.325e-01 2.028e-02 -1.953e-03 2.413e+01
413 1.406e-01 1.268e-02 -3.178e-04 6.513e+00
414 1.406e-01 4.497e-03 -3.019e-03 0.000e+00
415 1.509e-01 1.107e-02 4.432e-03 -1.778e+01
416 1.711e-01 5.297e-03 2.136e-03 -9.957e+00
417 1.910e-01 1.260e-02 3.335e-03 3.207e+01
418 1.947e-01 2.524e-02 4.053e-04 2.180e+01
419 1.775e-01 1.714e-02 -1.543e-04 2.987e+01
420 1.237e-01 1.657e-03 6.172e-04 0.000e+00
421 1.365e-01 8.463e-03 4.626e-03 1.798e+01
422 1.255e-01 3.983e-02 3.125e-03 2.950e+01
423 6.518e-02 1.604e-02 -8.156e-03 3.698e+01
424 4.648e-02 6.046e-03 3.520e-03 2.312e+01
425 6.545e-02 1.430e-02 -7.504e-03 3.674e+01
426 8.605e-02 1.933e-02 2.349e-03 3.201e+01
427 1.395e-01 3.068e-02 4.543e-03 2.432e+01
428 1.665e-01 2.710e-02 5.107e-03 1.450e+01
429 1.637e-01 6.024e-03 1.526e-03 -6.433e+01
430 2.252e-01 2.488e-02 -8.039e-03 -9.879e+01
431 2.572e-01 3.948e-02 2.401e-02 5.435e+01
432 2.732e-01 5.461e-02 3.164e-02 4.960e+01
433 2.807e-01 9.204e-02 2.799e-02 4.377e+01
434 3.224e-01 1.015e-01 2.087e-02 4.505e+01
435 4.097e-01 1.351e-01 2.567e-02 4.390e+01
436 4.912e-01 1.772e-01 2.523e-02 4.221e+01
437 5.658e-01 2.347e-01 2.647e-02 4.394e+01
438 5.918e-01 2.670e-01 2.834e-02 4.222e+01
439 5.591e-01 2.549e-01 2.276e-02 4.177e+01
440 5.503e-01 2.345e-01 1.316e-02 4.038e+01
441 5.440e-01 2.447e-01 6.800e-03 3.991e+01
442 5.376e-01 2.419e-01 1.128e-02 3.927e+01
443 5.337e-01 2.355e-01 8.705e-03 3.896e+01
444 5.384e-01 2.313e-01 5.528e-03 3.963e+01
445 5.462e-01 2.218e-01 1.517e-02 3.854e+01
446 5.429e-01 2.158e-01 9.420e-03 3.783e+01
447 5.683e-01 2.371e-01 1.659e-02 3.813e+01
448 6.424e-01 2.509e-01 1.636e-02 3.748e+01
449 7.349e-01 1.938e-01 2.552e-02 3.721e+01
450 8.584e-01 1.085e-02 1.974e-02 2.070e+01
451 1.000e+00 2.501e-01 1.268e-02 -5.179e+01
452 9.858e-01 3.976e-01 4.528e-03 -5.195e+01
453 8.726e-01 4.411e-01 7.251e-03 -5.284e+01
454 7.590e-01 4.296e-01 -8.979e-04 -5.338e+01
455 6.452e-01 3.900e-01 -1.495e-03 -5.284e+01
456 5.047e-01 2.885e-01 -3.405e-03 -5.311e+01
457 3.683e-01 2.174e-01 2.402e-03 -5.340e+01
458 2.734e-01 1.439e-01 -2.322e-03 -5.273e+01
459 2.050e-01 1.115e-01 -4.444e-03 -5.265e+01
460 1.678e-01 9.293e-02 -5.021e-04 -5.490e+01
461 1.328e-01 6.982e-02 -1.505e-03 -5.399e+01
462 1.130e-01 5.678e-02 -2.193e-03 -5.246e+01
463 9.462e-02 5.639e-02 -6.611e-04 -5.362e+01
464 7.626e-02 4.384e-02 6.227e-04 -5.533e+01
465 6.331e-02 4.361e-02 1.859e-03 -5.584e+01
466 5.054e-02 3.000e-02 -5.026e-05 -5.235e+01
467 3.915e-02 2.893e-02 3.214e-03 -4.966e+01
468 3.367e-02 2.447e-02 7.608e-04 -4.992e+01
469 3.085e-02 1.860e-02 3.391e-03 -5.393e+01
470 3.228e-02 1.303e-02 2.189e-03 -4.139e+01
471 2.440e-02 1.929e-02 -1.699e-03 -4.654e+01
472 2.509e-02 1.885e-02 2.014e-03 -5.666e+01
473 1.688e-02 1.885e-02 4.746e-03 -5.150e+01
474 2.222e-02 1.182e-02 -5.383e-04 -5.164e+01
475 8.122e-03 6.323e-03 3.313e-04 -6.690e+01
476 8.907e-03 1.138e-02 3.054e-03 -5.730e+01
477 5.491e-03 4.695e-03 -2.496e-05 0.000e+00
478 5.556e-03 3.819e-03 -2.328e-04 0.000e+00
479 1.245e-02 5.688e-03 2.553e-04 -4.169e+01
480 3.350e-04 8.350e-03 6.042e-04 -1.981e+01
481 6.731e-03 -2.435e-03 1.038e-03 0.000e+00
482 6.604e-04 4.011e-03 -1.536e-03 0.000e+00
483 3.761e-03 2.518e-04 5.548e-03 0.000e+00
484 -2.168e-03 -2.947e-03 3.209e-03 0.000e+00
485 9.921e-04 -2.781e-03 2.385e-03 0.000e+00
486 5.796e-03 1.153e-03 -4.302e-03 0.000e+00
487 4.315e-03 2.492e-03 6.371e-04 0.000e+00
488 -1.903e-03 -2.344e-04 -2.591e-03 0.000e+00
489 2.653e-03 1.876e-03 -1.456e-03 0.000e+00
490 -9.919e-04 7.765e-04 -3.307e-04 0.000e+00
491 -3.267e-03 -3.400e-04 7.128e-05 0.000e+00
492 4.958e-03 4.322e-03 -4.194e-04 0.000e+00
493 -7.244e-04 1.072e-03 4.931e-04 0.000e+00
494 1.244e-03 -3.038e-03 -5.205e-05 0.000e+00
495 -3.573e-03 1.424e-03 -1.292e-03 0.000e+00
496 -1.368e-03 5.250e-03 2.804e-03 -5.551e+01
497 -2.489e-03 9.301e-04 -5.184e-05 0.000e+00
498 -5.467e-03 -3.742e-03 1.732e-04 0.000e+00
499 1.772e-03 -4.513e-03 -3.478e-03 0.000e+00
500 1.564e-03 2.689e-03 5.475e-03 0.000e+00
501 -3.695e-04 1.690e-03 1.132e-03 0.000e+00
502 3.161e-04 -2.105e-03 5.045e-03 0.000e+00
503 -9.344e-04 -1.783e-06 1.195e-04 0.000e+00
504 -1.592e-03 -3.874e-03 5.348e-04 0.000e+00
505 -4.351e-03 2.717e-03 -1.066e-04 0.000e+00
506 -6.980e-04 -4.516e-03 2.609e-03 0.000e+00
507 -3.506e-03 -7.754e-05 5.877e-04 0.000e+00
508 -6.427e-04 -3.163e-03 -4.119e-03 0.000e+00
509 -4.601e-03 -2.852e-03 -1.334e-03 0.000e+00
510 -5.839e-03 4.225e-03 -2.492e-03 0.000e+00
511 -1.154e-03 -4.486e-03 -3.925e-03 0.000e+00
512 -2.134e-03 1.471e-03 4.518e-03 0.000e+00
513 -1.152e-03 1.439e-03 -3.304e-03 0.000e+00
514 -4.683e-03 7.982e-04 2.614e-03 0.000e+00
515 -2.623e-03 2.887e-03 4.076e-03 0.000e+00
516 -5.719e-03 1.600e-03 1.221e-03 0.000e+00
517 3.777e-04 2.949e-03 1.712e-03 0.000e+00
518 2.539e-03 -7.075e-04 4.843e-03 0.000e+00
519 -4.923e-03 9.965e-04 -6.110e-03 0.000e+00
520 -3.720e-03 4.586e-03 -1.070e-03 0.000e+00
521 -2.520e-03 -4.381e-03 2.975e-03 0.000e+00
522 1.667e-03 9.133e-04 2.203e-03 0.000e+00
523 -4.463e-04 -4.495e-03 1.829e-04 0.000e+00
524 -2.999e-03 7.419e-03 -3.028e-03 -9.731e+00
525 -3.369e-03 5.458e-03 -1.058e-03 -3.431e+00
526 -2.273e-03 1.832e-03 4.761e-04 0.000e+00
527 8.598e-04 5.024e-04 -7.878e-04 0.000e+00
528 2.532e-03 -2.909e-03 -2.121e-03 0.000e+00
529 -3.979e-03 -2.272e-04 2.323e-03 0.000e+00
530 -6.930e-03 -4.350e-03 -6.365e-05 0.000e+00
531 -5.298e-03 3.747e-03 3.114e-03 0.000e+00
532 2.064e-03 -3.508e-03 3.032e-03 0.000e+00
533 3.218e-03 -4.227e-03 -4.891e-03 0.000e+00
534 -5.073e-03 -3.321e-03 -1.626e-03 0.000e+00
535 -2.588e-03 4.795e-04 2.155e-03 0.000e+00
536 -7.149e-03 -4.016e-03 2.374e-03 0.000e+00
537 -1.639e-03 -4.099e-03 -1.187e-03 0.000e+00
538 -5.854e-03 -2.684e-04 2.505e-03 0.000e+00
539 -3.765e-03 4.975e-03 -9.319e-04 -2.851e+01
540 -2.251e-03 -3.158e-03 2.145e-03 0.000e+00
541 8.561e-03 2.360e-03 -3.419e-03 0.000e+00
542 -1.294e-03 1.478e-03 3.328e-03 0.000e+00
543 3.591e-03 -2.838e-03 -3.704e-04 0.000e+00
544 1.554e-03 -3.661e-03 3.412e-03 0.000e+00
545 -1.075e-03 -4.412e-03 1.025e-03 0.000e+00
546 -6.975e-04 7.253e-04 5.248e-03 0.000e+00
547 -6.043e-03 8.857e-03 -3.555e-03 -7.853e+01
548 -1.144e-03 4.545e-03 5.029e-03 0.000e+00
549 -3.064e-03 2.967e-03 -1.499e-03 0.000e+00
550 4.228e-03 -8.811e-04 -6.801e-03 0.000e+00
551 -3.747e-03 1.933e-03 -4.751e-03 0.000e+00
552 -5.924e-03 6.551e-04 -4.064e-03 0.000e+00
553 3.482e-03 2.280e-03 2.639e-04 0.000e+00
554 2.738e-03 -9.682e-04 -1.576e-04 0.000e+00
555 -7.424e-03 4.011e-04 -7.305e-04 0.000e+00
556 2.349e-03 8.062e-03 4.326e-04 -1.338e+01
557 -3.970e-03 8.799e-03 -2.432e-03 3.355e+01
558 -2.594e-04 -4.456e-03 -5.565e-03 0.000e+00
559 -8.184e-03 -4.315e-03 1.403e-03 0.000e+00
560 -3.272e-03 -4.525e-03 3.187e-04 0.000e+00
561 3.315e-03 1.013e-03 1.600e-03 0.000e+00
562 -2.829e-03 1.594e-03 1.533e-03 0.000e+00
563 -1.386e-03 -4.242e-03 3.063e-03 0.000e+00
564 -3.100e-03 2.664e-05 -3.601e-03 0.000e+00
565 -2.185e-03 -3.658e-03 -2.988e-03 0.000e+00
566 2.844e-03 6.760e-03 -1.281e-03 -3.779e+01
567 -5.450e-04 -2.191e-03 2.024e-03 0.000e+00
568 5.717e-04 -2.526e-03 5.557e-03 0.000e+00
569 -5.067e-03 -4.157e-03 -1.334e-03 0.000e+00
570 -4.131e-03 3.877e-03 5.228e-03 0.000e+00
571 -5.533e-03 2.628e-04 7.753e-03 0.000e+00
572 -1.002e-03 -3.314e-03 3.382e-03 0.000e+00
573 1.531e-03 -3.447e-03 3.727e-04 0.000e+00
574 -3.747e-03 -4.326e-03 5.759e-03 0.000e+00
575 -3.838e-03 -3.005e-03 6.532e-03 0.000e+00
576 2.660e-03 5.125e-03 1.043e-03 -3.527e+01
577 -5.242e-03 -3.374e-03 -1.544e-03 0.000e+00
578 3.501e-04 -4.463e-03 4.366e-03 0.000e+00
579 -4.686e-03 -3.438e-03 1.072e-04 0.000e+00
580 -2.443e-03 2.840e-03 6.984e-03 0.000e+00
581 1.828e-03 2.018e-03 2.554e-03 0.000e+00
582 4.487e-04 6.070e-03 1.261e-03 -3.966e+01
583 2.914e-04 2.931e-03 7.240e-05 0.000e+00
584 -2.156e-03 7.959e-03 2.488e-03 -5.109e+01
585 -6.495e-04 -4.505e-03 3.222e-03 0.000e+00
586 3.109e-03 -7.218e-04 3.374e-03 0.000e+00
587 1.872e-03 -4.029e-03 4.598e-05 0.000e+00
588 -2.026e-03 -2.696e-03 -7.158e-04 0.000e+00
589 -5.689e-03 -3.327e-04 1.588e-03 0.000e+00
590 1.369e-03 -1.462e-04 -3.780e-03 0.000e+00
591 -6.558e-03 -4.375e-03 1.485e-03 0.000e+00
592 -9.004e-04 -3.922e-03 1.464e-03 0.000e+00
593 -4.202e-03 2.035e-03 4.274e-04 0.000e+00
594 -2.858e-03 6.727e-04 9.186e-04 0.000e+00
595 -1.857e-03 9.209e-04 4.942e-04 0.000e+00
596 6.349e-04 2.103e-03 3.005e-03 0.000e+00
597 1.242e-05 1.428e-03 -9.077e-04 0.000e+00
598 2.102e-03 2.586e-03 1.769e-03 0.000e+00
599 -3.925e-03 -9.131e-04 -7.388e-04 0.000e+00
600 1.136e-03 -4.444e-03 6.703e-03 0.000e+00
601 1.998e-03 -9.424e-04 -2.734e-03 0.000e+00
602 -3.260e-03 -3.694e-03 1.153e-03 0.000e+00
603 -1.566e-03 -3.540e-03 2.475e-03 0.000e+00
604 -5.214e-03 -4.018e-03 -1.617e-03 0.000e+00
605 2.471e-03 -1.940e-03 1.817e-03 0.000e+00
606 -6.926e-03 -3.896e-03 -3.723e-03 0.000e+00
607 1.425e-03 3.762e-03 9.963e-04 0.000e+00
608 1.396e-03 -4.484e-03 -1.591e-03 0.000e+00
609 -2.752e-03 3.654e-03 -1.761e-03 0.000e+00
610 1.679e-03 -3.960e-03 1.440e-03 0.000e+00
611 -1.691e-03 2.938e-03 1.272e-04 0.000e+00
612 -2.029e-03 -1.064e-03 1.465e-04 0.000e+00
613 5.516e-04 3.732e-03 -3.322e-03 0.000e+00
614 -5.148e-04 -4.310e-03 -2.452e-03 0.000e+00
615 -2.187e-03 2.366e-03 1.940e-04 0.000e+00
616 5.326e-04 2.952e-03 -2.756e-03 0.000e+00
617 -4.348e-03 1.731e-04 -3.903e-04 0.000e+00
618 -8.059e-04 -9.639e-04 4.724e-03 0.000e+00
619 -1.310e-03 -3.491e-03 -1.335e-03 0.000e+00
620 2.655e-03 -3.707e-03 -1.778e-03 0.000e+00
621 -3.198e-03 -4.382e-03 6.326e-03 0.000e+00
622 2.587e-03 1.478e-03 -4.201e-04 0.000e+00
623 2.092e-03 -4.293e-03 2.512e-03 0.000e+00
624 9.199e-04 1.608e-03 -3.886e-03 0.000e+00
625 8.274e-04 3.120e-03 -1.067e-03 0.000e+00
626 -5.474e-04 -1.138e-05 -1.489e-03 0.000e+00
627 3.843e-03 3.905e-03 9.327e-04 0.000e+00
628 -2.456e-03 -4.304e-03 3.610e-03 0.000e+00
629 3.398e-03 3.527e-03 2.447e-03 0.000e+00
630 -2.167e-03 3.104e-03 -7.990e-04 0.000e+00
631 -1.650e-03 6.638e-04 -4.508e-03 0.000e+00
632 5.044e-03 3.093e-03 4.074e-03 0.000e+00
633 2.427e-03 -3.451e-03 1.695e-03 0.000e+00
634 1.773e-03 4.296e-03 -4.977e-03 0.000e+00
635 1.954e-03 1.719e-04 -2.768e-03 0.000e+00
636 2.536e-03 -2.578e-04 -3.059e-03 0.000e+00
637 5.560e-03 -2.954e-03 5.863e-03 0.000e+00
638 2.115e-04 -1.997e-03 2.635e-03 0.000e+00
639 2.509e-03 3.361e-03 8.148e-04 0.000e+00
640 2.738e-03 -4.237e-04 5.782e-03 0.000e+00
641 3.366e-03 -1.394e-03 -1.865e-03 0.000e+00
642 -4.402e-03 -3.967e-03 -1.576e-03 0.000e+00
643 1.402e-03 -4.461e-03 -2.557e-03 0.000e+00
644 7.915e-05 -2.258e-03 -3.604e-03 0.000e+00
645 4.401e-04 -3.268e-04 1.395e-03 0.000e+00
646 -7.026e-03 -2.964e-03 -2.545e-03 0.000e+00
647 5.836e-03 7.437e-04 3.331e-03 0.000e+00
648 9.297e-04 -2.957e-03 3.767e-03 0.000e+00
649 -2.334e-03 -1.155e-03 -1.379e-03 0.000e+00
650 3.358e-03 -4.509e-03 8.398e-04 0.000e+00
651 -2.166e-03 4.238e-03 1.997e-03 0.000e+00
652 3.577e-03 2.182e-04 -2.013e-04 0.000e+00
653 2.895e-03 -2.786e-03 2.664e-03 0.000e+00
654 -2.892e-03 -4.418e-03 -1.116e-03 0.000e+00
655 1.143e-03 -4.424e-03 1.001e-02 0.000e+00
656 -3.179e-03 -4.424e-03 -3.135e-03 0.000e+00
657 3.731e-04 -2.783e-03 1.615e-03 0.000e+00
658 1.246e-03 1.853e-03 -2.990e-04 0.000e+00
659 -1.192e-03 6.384e-03 -1.165e-03 -1.033e+02
660 9.839e-04 -6.241e-04 2.248e-03 0.000e+00
661 3.992e-03 -1.014e-03 3.367e-03 0.000e+00
662 1.567e-03 -4.465e-03 4.244e-03 0.000e+00
663 2.444e-03 -2.270e-03 -3.271e-03 0.000e+00
664 -8.653e-04 -2.289e-03 -3.320e-03 0.000e+00
665 3.401e-03 3.165e-03 -4.180e-03 0.000e+00
666 -6.407e-03 -2.911e-03 3.002e-03 0.000e+00
667 9.573e-04 -4.425e-03 -2.870e-03 0.000e+00
668 1.923e-03 -3.062e-03 2.048e-04 0.000e+00
669 4.104e-03 -3.459e-03 -6.810e-06 0.000e+00
670 -9.995e-03 -3.409e-03 1.230e-03 0.000e+00
671 -3.154e-03 -4.179e-05 5.037e-03 0.000e+00
672 3.313e-03 3.955e-03 -2.384e-03 0.000e+00
673 5.860e-03 7.034e-03 1.173e-03 -9.634e+01
674 -5.738e-04 -3.094e-03 -5.141e-03 0.000e+00
675 1.769e-03 6.803e-03 6.529e-04 -7.709e+01
676 -1.793e-04 -4.287e-03 2.266e-03 0.000e+00
677 -3.734e-04 -4.528e-03 4.689e-03 0.000e+00
678 1.145e-04 -3.602e-03 3.982e-03 0.000e+00
679 -1.858e-03 -3.547e-03 3.113e-03 0.000e+00
680 4.632e-03 4.433e-03 -2.178e-03 0.000e+00
681 2.371e-03 -3.906e-03 -1.402e-03 0.000e+00
682 2.103e-03 8.025e-04 -2.852e-03 0.000e+00
683 4.032e-04 -2.925e-03 2.774e-03 0.000e+00
684 2.148e-03 -2.705e-03 4.284e-03 0.000e+00
685 -3.299e-03 -2.587e-04 2.897e-03 0.000e+00
686 -3.932e-03 -2.788e-03 9.867e-03 0.000e+00
687 5.423e-03 5.168e-03 -5.672e-04 5.231e+01
688 -4.423e-03 3.894e-04 1.918e-03 0.000e+00
689 3.675e-03 1.445e-04 7.929e-04 0.000e+00
690 1.287e-03 -2.763e-04 5.301e-03 0.000e+00
691 -2.447e-03 4.578e-03 2.085e-03 0.000e+00
692 5.001e-03 1.711e-03 3.925e-03 0.000e+00
693 3.640e-03 -4.517e-05 -4.328e-03 0.000e+00
694 -1.898e-03 1.201e-03 3.238e-03 0.000e+00
695 -3.549e-03 -4.108e-03 4.655e-03 0.000e+00
696 2.856e-03 -4.066e-03 1.924e-03 0.000e+00
697 -9.348e-04 3.118e-04 -4.813e-03 0.000e+00
698 2.798e-03 4.757e-04 1.062e-03 0.000e+00
699 4.647e-03 -4.218e-03 8.938e-04 0.000e+00
700 5.454e-04 1.582e-03 -2.966e-03 0.000e+00
701 -5.643e-03 1.718e-03 3.043e-04 0.000e+00
702 3.548e-03 1.834e-03 -5.684e-04 0.000e+00
703 9.079e-05 -2.402e-03 5.119e-03 0.000e+00
704 -6.618e-04 5.947e-04 -4.421e-03 0.000e+00
705 -1.051e-03 -4.550e-03 5.358e-03 0.000e+00
706 -5.425e-03 7.268e-04 -6.647e-03 0.000e+00
707 -4.055e-03 -3.624e-03 -3.184e-04 0.000e+00
708 -5.395e-04 1.818e-03 5.998e-03 0.000e+00
709 -3.416e-03 -3.656e-03 -1.406e-04 0.000e+00
710 3.140e-03 -4.034e-03 2.303e-03 0.000e+00
711 2.353e-03 8.568e-04 -1.720e-03 0.000e+00
712 -5.157e-03 6.913e-04 3.714e-03 0.000e+00
713 -1.522e-03 -1.967e-03 5.430e-03 0.000e+00
714 2.775e-03 3.969e-03 -1.037e-03 0.000e+00
715 1.263e-03 -3.590e-03 2.005e-03 0.000e+00
716 -2.345e-03 4.486e-03 3.687e-03 0.000e+00
717 4.570e-03 2.146e-03 2.739e-03 0.000e+00
718 3.215e-03 9.705e-03 -2.534e-03 -7.622e+01
719 -4.769e-04 2.294e-04 -4.879e-04 0.000e+00
720 4.845e-03 2.935e-03 1.538e-03 0.000e+00
721 3.413e-03 3.550e-04 1.787e-03 0.000e+00
722 -2.757e-06 7.284e-04 -3.600e-03 0.000e+00
723 2.834e-03 -3.246e-03 -3.921e-04 0.000e+00
724 -4.280e-04 -3.812e-03 -9.352e-04 0.000e+00
725 3.088e-03 -4.445e-03 -8.778e-05 0.000e+00
726 -2.593e-03 1.248e-03 9.210e-05 0.000e+00
727 5.415e-03 2.300e-03 -1.027e-03 0.000e+00
728 3.340e-04 4.205e-03 -4.193e-03 0.000e+00
729 2.910e-03 -4.520e-03 8.161e-04 0.000e+00
730 -2.659e-03 -3.928e-03 -4.036e-03 0.000e+00
731 1.461e-03 -3.598e-03 2.035e-03 0.000e+00
732 -2.645e-03 -2.661e-03 -1.143e-03 0.000e+00
733 4.643e-03 1.683e-03 4.153e-03 0.000e+00
734 1.547e-04 2.095e-03 5.843e-03 0.000e+00
735 2.003e-03 -4.494e-03 3.460e-03 0.000e+00
736 -3.132e-03 2.050e-03 -3.881e-03 0.000e+00
737 2.365e-04 1.374e-04 -2.156e-03 0.000e+00
738 1.448e-03 1.124e-03 -1.006e-03 0.000e+00
739 -2.095e-03 -3.311e-03 1.029e-04 0.000e+00
740 3.849e-03 6.703e-04 3.311e-03 0.000e+00
741 -4.039e-03 -6.652e-05 -1.028e-03 0.000e+00
742 3.020e-03 -2.007e-03 2.814e-03 0.000e+00
743 5.237e-05 -4.491e-03 4.046e-03 0.000e+00
744 1.407e-03 -3.907e-03 -1.603e-03 0.000e+00
745 6.499e-03 3.372e-03 -2.683e-03 0.000e+00
746 1.622e-03 -3.086e-03 3.014e-03 0.000e+00
747 6.301e-05 -4.330e-03 1.003e-03 0.000e+00
748 3.648e-03 -3.299e-03 -3.127e-03 0.000e+00
749 4.554e-03 -4.084e-03 -4.234e-03 0.000e+00
750 2.641e-04 -4.411e-03 -9.057e-04 0.000e+00
751 -3.014e-03 -3.822e-03 9.859e-04 0.000e+00
752 1.952e-03 2.277e-03 2.066e-03 0.000e+00
753 -1.268e-04 1.983e-03 -1.167e-03 0.000e+00
754 -1.583e-03 -3.522e-03 -3.893e-03 0.000e+00
755 2.878e-03 -8.728e-05 8.048e-05 0.000e+00
756 3.574e-03 -4.123e-03 5.790e-03 0.000e+00
757 4.848e-03 5.714e-03 -8.501e-04 -7.968e+01
758 -4.828e-03 6.967e-04 1.894e-04 0.000e+00
759 -1.084e-03 2.128e-03 6.259e-03 0.000e+00
760 -1.800e-03 -3.400e-03 1.842e-03 0.000e+00
761 -1.539e-03 1.337e-03 -3.208e-03 0.000e+00
762 4.136e-04 4.686e-03 7.206e-05 0.000e+00
763 -1.750e-04 -2.538e-03 5.374e-03 0.000e+00
764 -3.541e-04 1.947e-03 6.382e-04 0.000e+00
765 9.453e-04 3.902e-03 5.812e-03 0.000e+00
766 -1.757e-03 5.360e-05 4.120e-03 0.000e+00
767 -7.417e-03 4.233e-03 1.698e-03 0.000e+00
768 -1.848e-03 9.297e-04 1.598e-03 0.000e+00
769 -3.379e-04 -4.050e-03 2.242e-03 0.000e+00
770 -1.040e-03 -4.170e-03 -8.534e-04 0.000e+00
771 3.942e-03 3.348e-03 -5.368e-03 0.000e+00
772 -6.539e-04 2.420e-03 -7.375e-03 0.000e+00
773 -1.975e-03 3.000e-03 2.355e-03 0.000e+00
774 1.338e-03 -4.341e-03 -2.730e-03 0.000e+00
775 4.261e-03 -6.242e-04 -2.983e-03 0.000e+00
776 -3.351e-03 3.869e-03 7.184e-03 0.000e+00
777 4.406e-04 2.188e-03 -3.958e-03 0.000e+00
778 3.232e-03 9.890e-04 1.849e-03 0.000e+00
779 1.301e-03 -4.020e-03 -3.707e-03 0.000e+00
780 2.937e-03 2.597e-03 4.685e-03 0.000e+00
781 1.922e-03 3.061e-03 1.746e-03 0.000e+00
782 -2.091e-03 3.391e-03 -2.679e-03 0.000e+00
783 -5.298e-03 6.437e-03 -4.808e-03 3.075e+01
784 -1.636e-03 -4.359e-03 3.716e-04 0.000e+00
785 -1.472e-03 6.348e-03 4.131e-03 -6.497e+01
786 5.390e-03 -9.819e-04 3.102e-03 0.000e+00
787 5.707e-03 -3.530e-03 2.175e-03 0.000e+00
788 -3.058e-03 2.870e-03 2.349e-03 0.000e+00
789 2.154e-03 -3.589e-03 1.463e-03 0.000e+00
790 9.375e-04 7.544e-05 7.939e-04 0.000e+00
791 -8.162e-05 -3.906e-03 -4.157e-03 0.000e+00
792 9.995e-03 5.833e-04 1.999e-03 0.000e+00
793 1.682e-04 4.658e-03 -1.288e-03 0.000e+00
794 1.814e-03 4.417e-03 -1.438e-03 0.000e+00
795 5.395e-03 -4.480e-03 4.812e-03 0.000e+00
796 -1.287e-03 -4.157e-03 9.507e-04 0.000e+00
797 6.083e-03 6.543e-04 -7.355e-03 0.000e+00
798 2.382e-03 4.408e-03 1.514e-03 0.000e+00
799 1.970e-03 -2.783e-03 2.873e-04 0.000e+00
800 3.454e-03 3.130e-03 -4.417e-04 0.000e+00
801 -5.305e-04 -3.882e-03 1.179e-03 0.000e+00
802 8.764e-04 -4.793e-04 9.577e-04 0.000e+00
803 3.669e-03 -3.263e-03 4.064e-03 0.000e+00
804 5.010e-03 -4.189e-03 -1.609e-03 0.000e+00
805 4.107e-03 2.821e-03 2.311e-03 0.000e+00
806 -5.480e-05 -2.987e-03 1.490e-03 0.000e+00
807 9.151e-04 -3.538e-03 3.175e-03 0.000e+00
808 4.935e-03 5.561e-03 -2.401e-03 2.721e+00
809 4.992e-03 -4.421e-03 2.592e-03 0.000e+00
810 5.863e-03 -1.710e-03 -3.771e-03 0.000e+00
811 1.827e-03 -4.151e-03 2.123e-03 0.000e+00
812 4.083e-03 -1.884e-03 7.619e-04 0.000e+00
813 -5.366e-05 3.625e-03 6.540e-04 0.000e+00
814 8.730e-03 2.527e-03 -1.150e-03 0.000e+00
815 -1.389e-03 -4.156e-03 9.582e-04 0.000e+00
816 2.296e-03 -4.013e-03 2.411e-03 0.000e+00
817 8.239e-04 -3.885e-03 3.156e-04 0.000e+00
818 1.234e-03 1.653e-03 -3.818e-03 0.000e+00
819 -7.003e-04 1.719e-03 -5.129e-03 0.000e+00
820 1.242e-03 -4.089e-03 4.720e-03 0.000e+00
821 3.031e-03 -3.779e-03 9.184e-04 0.000e+00
822 5.746e-03 3.207e-03 -3.465e-03 0.000e+00
823 4.769e-03 3.331e-04 1.260e-03 0.000e+00
824 2.488e-03 8.625e-03 1.260e-03 4.537e+01
825 2.122e-03 -4.420e-03 -4.429e-04 0.000e+00
826 4.888e-03 -3.953e-03 2.482e-04 0.000e+00
827 5.938e-04 4.206e-03 -2.084e-03 0.000e+00
828 3.561e-03 -1.222e-03 3.515e-04 0.000e+00
829 -8.545e-04 3.720e-03 9.311e-04 0.000e+00
830 2.508e-03 4.901e-04 5.268e-04 0.000e+00
831 6.911e-03 -4.414e-03 6.761e-03 0.000e+00
832 3.119e-04 1.140e-03 6.430e-04 0.000e+00
833 -3.486e-04 6.825e-03 -2.465e-03 -1.551e+01
834 -6.907e-04 1.167e-03 -4.620e-03 0.000e+00
835 2.429e-03 -3.615e-03 7.701e-04 0.000e+00
836 -1.829e-03 2.073e-03 -2.192e-03 0.000e+00
837 4.983e-03 -4.258e-03 1.846e-03 0.000e+00
838 -2.345e-03 5.120e-03 5.039e-03 1.920e+01
839 5.593e-03 8.946e-05 -8.597e-04 0.000e+00
840 -4.663e-03 -4.518e-03 -2.612e-03 0.000e+00
841 -1.443e-03 1.378e-03 -1.226e-03 0.000e+00
842 2.529e-03 6.953e-03 -5.233e-03 3.106e+00
843 -5.105e-04 -3.683e-03 -1.267e-04 0.000e+00
844 -4.700e-03 -3.468e-03 -3.752e-03 0.000e+00
845 3.159e-04 -3.154e-03 3.440e-03 0.000e+00
846 2.619e-03 7.408e-04 2.820e-03 0.000e+00
847 -3.241e-04 3.017e-03 1.510e-03 0.000e+00
848 4.225e-03 -3.955e-03 6.573e-03 0.000e+00
849 -4.158e-04 -3.824e-03 -7.987e-04 0.000e+00
850 -4.301e-03 1.067e-03 4.405e-03 0.000e+00
851 2.528e-04 -3.928e-03 -1.091e-03 0.000e+00
852 -3.053e-03 -4.543e-03 -6.830e-05 0.000e+00
853 4.390e-04 2.196e-03 -7.048e-03 0.000e+00
854 3.940e-03 -4.262e-03 -3.970e-04 0.000e+00
855 1.846e-03 -2.346e-04 4.890e-03 0.000e+00
856 -1.109e-03 6.517e-04 -2.271e-03 0.000e+00
857 5.083e-03 3.879e-03 4.807e-03 0.000e+00
858 2.436e-03 6.005e-03 2.550e-03 -3.658e+01
859 -3.378e-03 3.032e-03 2.878e-03 0.000e+00
860 2.860e-03 -3.488e-03 2.593e-03 0.000e+00
861 3.445e-03 -3.155e-03 4.101e-03 0.000e+00
862 3.037e-03 3.807e-03 1.490e-03 0.000e+00
863 3.148e-03 -1.702e-04 -1.811e-03 0.000e+00
864 1.025e-02 3.281e-03 6.791e-04 0.000e+00
865 2.653e-03 -4.373e-03 4.761e-03 0.000e+00
866 1.341e-04 2.389e-03 -3.646e-03 0.000e+00
867 -1.204e-03 -2.968e-03 -4.950e-03 0.000e+00
868 -3.000e-04 -3.618e-03 1.047e-03 0.000e+00
869 2.017e-03 -3.518e-03 -1.082e-03 0.000e+00
870 -3.623e-03 -4.023e-03 1.737e-03 0.000e+00
871 -2.654e-04 -1.002e-03 -2.100e-03 0.000e+00
872 6.056e-03 -4.164e-03 1.311e-03 0.000e+00
873 -3.882e-03 -3.944e-03 -6.510e-03 0.000e+00
874 7.699e-03 1.637e-03 -2.698e-03 0.000e+00
875 1.404e-03 2.263e-03 -2.721e-03 0.000e+00
876 4.755e-03 4.178e-03 -1.498e-04 0.000e+00
877 2.855e-03 -4.084e-03 -7.410e-05 0.000e+00
878 -9.965e-05 -4.204e-03 1.730e-03 0.000e+00
879 -5.653e-03 -3.115e-04 2.126e-03 0.000e+00
880 1.196e-03 -4.468e-03 -4.542e-04 0.000e+00
881 -2.737e-04 -4.389e-03 2.087e-03 0.000e+00
882 1.526e-03 8.249e-04 -2.867e-03 0.000e+00
883 5.535e-03 -3.386e-03 1.216e-04 0.000e+00
884 -3.962e-03 -4.411e-03 9.287e-04 0.000e+00
885 4.945e-03 6.662e-03 -1.094e-03 -9.597e+01
886 2.159e-03 -4.196e-03 2.702e-03 0.000e+00
887 -3.548e-03 -3.620e-03 1.958e-03 0.000e+00
888 6.307e-03 1.575e-03 2.541e-03 0.000e+00
889 -4.083e-03 -4.263e-03 -5.047e-03 0.000e+00
890 -2.236e-03 1.197e-03 -6.645e-04 0.000e+00
891 4.219e-03 -4.534e-03 6.965e-04 0.000e+00
892 3.319e-03 -1.204e-03 3.096e-03 0.000e+00
893 3.284e-03 2.562e-03 1.980e-03 0.000e+00
894 3.220e-03 -4.429e-03 -1.799e-03 0.000e+00
895 -3.730e-04 -1.207e-03 2.568e-03 0.000e+00
896 2.441e-03 -4.130e-04 -2.254e-04 0.000e+00
897 -2.208e-03 -3.780e-03 6.512e-04 0.000e+00
898 3.450e-03 2.957e-03 -5.225e-03 0.000e+00
899 1.788e-03 2.064e-03 -2.586e-03 0.000e+00
900 9.270e-04 -4.335e-03 -2.962e-03 0.000e+00
901 9.376e-03 2.505e-03 1.849e-03 0.000e+00
902 -9.887e-04 -4.891e-04 -5.190e-03 0.000e+00
903 5.477e-04 3.644e-03 3.368e-03 0.000e+00
904 2.695e-03 -4.640e-04 -8.013e-03 0.000e+00
905 2.007e-03 2.716e-04 -3.134e-03 0.000e+00
906 4.594e-03 -4.272e-03 1.099e-05 0.000e+00
907 4.347e-03 -3.519e-03 3.522e-03 0.000e+00
908 -2.424e-03 -3.698e-04 -2.544e-03 0.000e+00
909 -2.742e-03 -4.219e-04 -1.401e-03 0.000e+00
910 3.711e-03 3.953e-03 -5.275e-03 0.000e+00
911 2.031e-05 -4.471e-03 1.074e-03 0.000e+00
912 6.280e-03 1.322e-03 -1.223e-03 0.000e+00
913 -1.224e-03 3.071e-03 -1.242e-03 0.000e+00
914 2.858e-04 1.326e-03 -2.446e-05 0.000e+00
915 -1.866e-03 -3.949e-03 -4.881e-03 0.000e+00
916 4.923e-03 -3.698e-03 -8.362e-04 0.000e+00
917 -1.447e-03 -4.845e-04 4.198e-03 0.000e+00
918 6.423e-03 3.517e-03 3.389e-03 0.000e+00
919 6.221e-04 -3.089e-03 -3.028e-03 0.000e+00
920 -1.016e-03 -3.012e-03 1.217e-03 0.000e+00
921 1.622e-03 -2.835e-03 1.383e-03 0.000e+00
922 -4.229e-04 -2.107e-03 -1.172e-03 0.000e+00
923 1.488e-03 1.645e-03 4.333e-04 0.000e+00
924 -3.091e-03 -4.046e-03 1.921e-04 0.000e+00
925 2.053e-03 -3.949e-03 -4.497e-05 0.000e+00
926 2.148e-04 -3.395e-03 -1.673e-03 0.000e+00
927 1.312e-03 6.056e-03 2.008e-03 -1.608e+01
928 -9.041e-04 5.976e-03 -9.874e-04 5.660e+01
929 1.901e-03 7.278e-05 -3.430e-03 0.000e+00
930 2.345e-03 -3.397e-03 2.087e-03 0.000e+00
931 2.470e-03 -1.005e-03 -3.582e-04 0.000e+00
932 3.080e-03 1.420e-03 2.586e-03 0.000e+00
933 2.125e-03 3.281e-03 -5.036e-03 0.000e+00
934 4.736e-05 -4.366e-03 3.193e-03 0.000e+00
935 2.927e-04 -4.146e-03 -4.659e-04 0.000e+00
936 2.556e-03 4.137e-03 2.628e-03 0.000e+00
937 2.528e-04 -3.810e-03 1.825e-03 0.000e+00
938 4.473e-04 3.037e-03 6.019e-03 0.000e+00
939 4.848e-03 -2.847e-03 2.095e-03 0.000e+00
940 -7.683e-05 -4.437e-03 6.641e-04 0.000e+00
941 -1.688e-05 -3.027e-03 -5.480e-04 0.000e+00
942 -6.989e-04 -3.744e-03 1.416e-03 0.000e+00
943 -3.430e-04 -3.415e-03 -1.124e-03 0.000e+00
944 -2.796e-03 1.562e-03 2.995e-03 0.000e+00
945 -8.160e-04 2.251e-03 6.024e-04 0.000e+00
946 -7.561e-04 3.588e-03 -2.491e-04 0.000e+00
947 1.673e-03 -2.976e-03 8.755e-04 0.000e+00
948 -2.510e-03 6.723e-03 1.454e-03 -5.796e+01
949 -1.175e-03 -3.491e-03 -6.361e-04 0.000e+00
950 4.700e-03 -4.327e-03 -2.559e-03 0.000e+00
951 2.773e-04 3.769e-03 -2.357e-03 0.000e+00
952 4.057e-03 -4.223e-03 -2.645e-04 0.000e+00
953 -7.435e-04 -2.338e-03 -2.468e-03 0.000e+00
954 3.356e-03 -1.897e-03 -3.471e-03 0.000e+00
955 4.451e-04 -4.141e-03 -6.355e-04 0.000e+00
956 2.269e-03 -3.405e-03 6.186e-03 0.000e+00
957 -4.771e-03 3.578e-03 -4.164e-03 0.000e+00
958 -3.419e-03 1.361e-03 1.365e-03 0.000e+00
959 -3.186e-03 2.791e-03 -1.220e-03 0.000e+00
960 4.557e-03 2.103e-03 5.826e-03 0.000e+00
961 8.085e-03 -3.624e-03 1.791e-03 0.000e+00
962 3.392e-03 4.213e-03 3.012e-03 0.000e+00
963 2.023e-03 3.853e-03 1.680e-03 0.000e+00
964 -2.654e-03 -3.375e-03 -1.475e-03 0.000e+00
965 3.030e-03 3.847e-03 9.191e-04 0.000e+00
966 8.569e-03 3.775e-03 -1.244e-03 0.000e+00
967 2.326e-05 4.119e-03 -1.600e-04 0.000e+00
968 5.116e-03 -4.361e-03 3.608e-03 0.000e+00
969 -3.237e-03 -4.204e-03 1.956e-04 0.000e+00
970 1.323e-03 4.369e-03 1.980e-03 0.000e+00
971 1.048e-03 1.518e-03 -4.060e-03 0.000e+00
972 -4.780e-04 1.081e-03 6.065e-04 0.000e+00
973 3.391e-03 -2.383e-03 -7.335e-03 0.000e+00
974 -6.926e-04 5.357e-03 -2.351e-03 -8.609e+01
975 -8.281e-04 1.942e-03 -5.539e-03 0.000e+00
976 4.271e-03 3.382e-03 1.840e-03 0.000e+00
977 5.883e-03 1.387e-04 -4.214e-03 0.000e+00
978 -1.505e-03 -2.225e-03 2.432e-03 0.000e+00
979 1.125e-03 3.587e-03 1.247e-03 0.000e+00
980 7.852e-03 -2.002e-03 -5.476e-03 0.000e+00
981 7.089e-03 -2.891e-03 2.360e-04 0.000e+00
982 -1.759e-03 -3.993e-03 -5.989e-03 0.000e+00
983 4.145e-03 2.160e-03 -3.526e-03 0.000e+00
984 1.031e-03 2.338e-04 -5.324e-03 0.000e+00
985 3.388e-03 2.529e-03 9.169e-04 0.000e+00
986 9.492e-04 -2.736e-03 -4.993e-03 0.000e+00
987 2.077e-03 -2.912e-03 -4.908e-03 0.000e+00
988 1.775e-03 8.048e-04 1.475e-03 0.000e+00
989 2.300e-04 -4.277e-03 2.696e-03 0.000e+00
990 7.381e-03 3.265e-04 1.157e-03 0.000e+00
991 2.054e-03 -1.591e-05 1.258e-03 0.000e+00
992 6.073e-03 1.434e-03 1.487e-03 0.000e+00
993 1.825e-03 4.299e-04 1.236e-03 0.000e+00
994 -7.465e-04 -4.419e-03 4.587e-03 0.000e+00
995 2.089e-03 1.849e-03 1.335e-03 0.000e+00
996 4.912e-03 -4.038e-03 -1.605e-03 0.000e+00
997 5.454e-03 2.858e-03 -4.406e-03 0.000e+00
998 -4.837e-03 3.528e-03 -2.332e-03 0.000e+00
999 6.168e-04 -1.960e-07 -1.795e-03 0.000e+00
1000 -2.762e-03 4.844e-04 -5.290e-04 0.000e+00
1001 -1.623e-03 -4.127e-03 6.082e-04 0.000e+00
1002 -2.528e-03 -3.275e-03 2.047e-04 0.000e+00
1003 1.005e-03 5.899e-03 -1.537e-03 -1.394e+01
1004 -1.534e-03 1.762e-03 6.121e-04 0.000e+00
1005 -4.044e-03 -4.510e-03 2.975e-04 0.000e+00
1006 -2.637e-03 -4.167e-03 2.656e-03 0.000e+00
1007 -1.012e-03 1.692e-03 -3.141e-03 0.000e+00
1008 -1.106e-03 2.015e-03 -1.081e-03 0.000e+00
1009 -4.613e-03 -4.162e-03 3.191e-03 0.000e+00
1010 -6.144e-03 1.374e-03 -5.381e-04 0.000e+00
1011 8.072e-04 2.876e-03 6.014e-03 0.000e+00
1012 2.923e-03 -4.432e-03 -7.266e-03 0.000e+00
1013 -2.366e-03 3.357e-03 2.871e-03 0.000e+00
1014 -6.287e-04 3.957e-03 2.769e-03 0.000e+00
1015 -1.937e-03 -6.267e-04 7.129e-03 0.000e+00
1016 4.361e-03 -4.175e-03 1.054e-03 0.000e+00
1017 6.276e-04 1.799e-03 -5.134e-03 0.000e+00
1018 4.241e-03 -2.828e-03 2.598e-03 0.000e+00
1019 -2.901e-03 -1.446e-04 -1.174e-03 0.000e+00
1020 2.961e-03 1.692e-03 1.720e-04 0.000e+00
1021 -2.027e-03 3.747e-03 -9.846e-04 0.000e+00
1022 4.838e-03 2.781e-03 8.013e-04 0.000e+00
1023 3.946e-03 -3.075e-03 3.492e-04 0.000e+00
1024 2.190e-03 -4.539e-03 9.303e-04 0.000e+00
1025 1.079e-03 -3.169e-04 1.277e-03 0.000e+00
1026 7.909e-04 5.438e-03 4.936e-04 3.543e+01
1027 -2.666e-03 -2.257e-04 -2.816e-04 0.000e+00
1028 -5.953e-04 1.050e-03 4.871e-03 0.000e+00
1029 1.061e-03 1.766e-03 5.860e-03 0.000e+00
1030 3.258e-04 -4.309e-03 2.747e-03 0.000e+00
1031 -6.292e-03 2.808e-03 -7.396e-04 0.000e+00
1032 -4.366e-05 3.085e-03 6.798e-03 0.000e+00
1033 -3.988e-03 -3.816e-03 -2.547e-03 0.000e+00
1034 -1.790e-03 2.294e-03 4.581e-03 0.000e+00
1035 -2.058e-03 -2.911e-03 1.903e-03 0.000e+00
1036 -4.652e-03 -5.358e-04 -1.264e-04 0.000e+00
1037 -1.001e-03 -4.144e-03 -9.466e-03 0.000e+00
1038 1.185e-03 -3.808e-03 3.262e-03 0.000e+00
1039 -7.290e-04 -3.839e-03 -5.299e-03 0.000e+00
1040 3.207e-03 -2.202e-03 -2.510e-03 0.000e+00
1041 -6.483e-04 2.532e-03 -1.677e-03 0.000e+00
1042 1.375e-04 -1.874e-04 7.375e-04 0.000e+00
1043 -2.662e-03 -3.940e-03 2.317e-03 0.000e+00
1044 -1.294e-03 1.470e-04 1.595e-03 0.000e+00
1045 3.216e-03 -4.421e-03 5.688e-04 0.000e+00
1046 2.419e-03 3.011e-03 5.402e-04 0.000e+00
1047 -1.915e-03 -3.009e-05 -4.834e-03 0.000e+00
1048 3.241e-03 -3.837e-03 -4.017e-04 0.000e+00
1049 2.497e-04 -3.001e-03 2.796e-03 0.000e+00
1050 -5.615e-04 -3.280e-03 -1.450e-03 0.000e+00
1051 2.635e-03 4.552e-03 4.957e-03 0.000e+00
1052 4.478e-03 6.352e-03 -2.117e-03 4.750e+01
1053 3.617e-03 4.801e-03 6.290e-03 0.000e+00
1054 -6.005e-04 -3.803e-03 -1.468e-03 0.000e+00
1055 1.886e-03 -8.109e-05 4.200e-03 0.000e+00
1056 -1.516e-03 -4.449e-03 -1.309e-03 0.000e+00
1057 3.002e-03 -1.517e-03 1.730e-04 0.000e+00
1058 -1.018e-03 -3.329e-03 1.538e-03 0.000e+00
1059 3.903e-03 7.689e-04 -5.437e-03 0.000e+00
1060 -4.683e-03 2.017e-03 7.326e-04 0.000e+00
1061 -1.692e-03 1.380e-03 4.666e-03 0.000e+00
1062 -7.730e-04 -4.428e-03 -2.228e-03 0.000e+00
1063 1.943e-03 5.033e-03 -8.506e-04 5.085e+01
1064 1.164e-03 5.348e-03 1.876e-03 5.519e+01
1065 1.265e-03 -3.511e-03 1.080e-03 0.000e+00
1066 -2.055e-04 1.862e-03 -1.272e-03 0.000e+00
1067 3.270e-03 -2.591e-03 3.081e-03 0.000e+00
1068 -4.914e-03 5.342e-03 -5.104e-03 3.226e+01
1069 2.029e-03 -4.314e-03 4.817e-04 0.000e+00
1070 2.050e-04 5.845e-03 -7.725e-04 -8.324e+01
1071 3.429e-03 -2.656e-03 -4.638e-03 0.000e+00
1072 -3.441e-03 -3.934e-03 -4.052e-03 0.000e+00
1073 3.884e-03 3.087e-03 -2.819e-03 0.000e+00
1074 5.508e-04 -3.926e-03 2.568e-03 0.000e+00
1075 4.849e-03 -4.396e-03 4.591e-03 0.000e+00
1076 -8.173e-04 -4.058e-03 8.023e-04 0.000e+00
1077 -6.146e-04 3.832e-03 5.845e-05 0.000e+00
1078 -1.200e-03 -8.833e-04 2.225e-03 0.000e+00
1079 4.620e-03 -2.898e-03 -3.045e-03 0.000e+00
1080 -2.262e-03 -7.653e-05 3.997e-05 0.000e+00
1081 -1.952e-03 -4.116e-03 -1.280e-03 0.000e+00
1082 2.111e-03 -5.892e-04 -4.237e-03 0.000e+00
1083 -2.070e-03 -4.516e-03 9.642e-04 0.000e+00
1084 1.488e-03 3.778e-03 -1.443e-03 0.000e+00
1085 4.065e-03 -2.205e-03 4.499e-03 0.000e+00
1086 3.763e-03 -3.628e-03 -3.575e-04 0.000e+00
1087 -8.795e-04 2.317e-03 2.459e-03 0.000e+00
1088 4.020e-03 1.139e-03 -3.073e-04 0.000e+00
1089 -2.405e-03 -3.593e-03 -1.219e-03 0.000e+00
1090 -3.202e-03 -6.768e-04 -6.845e-04 0.000e+00
1091 1.170e-03 -3.515e-03 -1.479e-03 0.000e+00
1092 -1.697e-03 -4.059e-03 -7.924e-04 0.000e+00
1093 -1.881e-03 -3.940e-03 -2.327e-03 0.000e+00
1094 -4.568e-03 3.196e-03 2.895e-03 0.000e+00
1095 -3.067e-03 -2.223e-03 -3.366e-03 0.000e+00
1096 -2.197e-03 2.617e-03 6.306e-05 0.000e+00
1097 2.168e-03 -2.465e-03 -3.883e-03 0.000e+00
1098 6.681e-04 4.963e-03 3.961e-03 1.350e+01
1099 -1.862e-03 3.688e-03 2.161e-03 0.000e+00
1100 2.574e-03 -4.201e-03 1.631e-05 0.000e+00
1101 2.422e-03 -3.090e-03 -2.316e-03 0.000e+00
1102 2.463e-04 -2.974e-03 2.901e-04 0.000e+00
1103 -9.244e-04 -3.164e-03 2.314e-03 0.000e+00
1104 7.729e-04 -2.531e-03 -1.662e-03 0.000e+00
1105 5.353e-03 2.578e-03 -1.890e-03 0.000e+00
1106 3.963e-03 -3.523e-03 3.723e-03 0.000e+00
1107 -3.655e-05 -4.419e-03 -1.024e-03 0.000e+00
1108 5.199e-03 1.133e-03 -3.938e-03 0.000e+00
1109 -2.665e-03 2.315e-03 2.051e-03 0.000e+00
1110 6.218e-03 4.630e-03 4.975e-03 0.000e+00
1111 2.814e-03 -2.892e-03 -2.995e-04 0.000e+00
1112 -1.301e-03 2.591e-03 5.958e-04 0.000e+00
1113 3.214e-03 -4.401e-03 2.990e-03 0.000e+00
1114 -3.429e-03 5.584e-03 -3.450e-03 3.031e+01
1115 4.230e-03 7.065e-04 -5.003e-03 0.000e+00
1116 -1.971e-03 -8.312e-05 -1.713e-03 0.000e+00
1117 1.528e-03 9.282e-03 -5.166e-03 2.023e+01
1118 4.714e-03 2.304e-03 2.879e-03 0.000e+00
1119 1.620e-03 1.697e-03 8.248e-04 0.000e+00
1120 1.191e-03 4.323e-03 -1.314e-03 0.000e+00
1121 -3.604e-03 -3.139e-03 1.524e-03 0.000e+00
1122 4.476e-04 4.117e-04 8.369e-04 0.000e+00
1123 1.939e-03 -4.231e-03 -4.099e-03 0.000e+00
1124 -1.136e-03 -3.730e-03 4.985e-03 0.000e+00
1125 2.639e-03 3.009e-03 -1.556e-03 0.000e+00
1126 2.460e-03 -3.294e-03 -5.312e-03 0.000e+00
1127 1.445e-03 3.883e-03 -1.087e-03 0.000e+00
1128 -3.226e-03 7.767e-03 -2.531e-04 -8.825e+01
1129 1.309e-03 3.888e-03 -5.561e-03 0.000e+00
1130 -9.436e-04 -3.444e-03 -2.834e-03 0.000e+00
1131 -2.547e-03 2.910e-04 3.182e-03 0.000e+00
1132 -8.667e-04 -4.412e-03 -3.561e-04 0.000e+00
1133 -8.609e-04 5.185e-03 -4.180e-03 3.533e+01
1134 1.548e-03 5.110e-04 -5.917e-04 0.000e+00
1135 -6.652e-04 1.391e-03 -4.092e-03 0.000e+00
1136 3.891e-04 2.799e-03 -2.098e-03 0.000e+00
1137 2.306e-03 -4.012e-03 4.594e-03 0.000e+00
1138 2.605e-03 -4.410e-03 -7.670e-04 0.000e+00
1139 5.040e-03 1.391e-03 -2.934e-03 0.000e+00
1140 -2.630e-04 3.900e-03 -8.515e-03 0.000e+00
1141 4.342e-03 -6.878e-04 -3.049e-03 0.000e+00
1142 4.216e-04 -3.603e-03 -1.854e-03 0.000e+00
1143 -3.990e-03 -3.815e-03 8.475e-05 0.000e+00
1144 2.689e-03 -5.010e-05 -1.305e-03 0.000e+00
1145 2.669e-03 -3.782e-03 -2.472e-03 0.000e+00
1146 -3.792e-03 -3.763e-03 4.284e-04 0.000e+00
1147 -1.971e-03 -3.706e-03 -2.370e-04 0.000e+00
1148 1.272e-03 -4.034e-03 -8.597e-04 0.000e+00
1149 2.294e-03 5.362e-03 -2.906e-03 -9.357e+01
1150 -2.797e-03 -2.784e-03 4.408e-03 0.000e+00
1151 1.269e-03 6.033e-03 -4.555e-03 -9.155e+01
1152 -1.298e-03 -3.491e-03 6.275e-04 0.000e+00
1153 1.647e-03 -3.863e-03 3.405e-04 0.000e+00
1154 5.148e-04 -2.059e-04 5.063e-03 0.000e+00
1155 1.155e-04 -3.593e-03 -4.347e-04 0.000e+00
1156 -4.155e-03 -4.550e-03 1.481e-03 0.000e+00
1157 -2.537e-03 2.030e-03 1.177e-03 0.000e+00
1158 2.143e-03 3.393e-03 2.700e-04 0.000e+00
1159 5.005e-04 5.219e-03 -2.078e-03 -5.369e+01
1160 -1.284e-06 5.213e-03 3.911e-03 -1.840e+01
1161 2.587e-03 -4.141e-03 2.328e-03 0.000e+00
1162 -7.702e-04 1.814e-04 1.368e-03 0.000e+00
1163 2.047e-04 -3.513e-03 -2.835e-03 0.000e+00
1164 1.234e-03 2.928e-03 -5.415e-03 0.000e+00
1165 -6.953e-04 3.103e-03 1.965e-03 0.000e+00
1166 -1.211e-03 2.507e-03 -1.683e-03 0.000e+00
1167 2.611e-04 -4.336e-03 -2.375e-03 0.000e+00
1168 -1.868e-04 2.425e-03 -1.821e-03 0.000e+00
1169 1.139e-03 -2.879e-03 4.103e-03 0.000e+00
1170 -3.286e-03 -3.656e-03 -1.723e-03 0.000e+00
1171 2.023e-03 1.522e-03 3.842e-06 0.000e+00
1172 -1.810e-03 -3.115e-03 7.793e-04 0.000e+00
1173 4.612e-03 -4.274e-03 2.394e-03 0.000e+00
1174 4.721e-03 -2.524e-03 -9.886e-05 0.000e+00
1175 3.215e-03 5.642e-03 2.097e-05 -5.931e+01
1176 7.473e-04 -3.918e-04 3.547e-03 0.000e+00
1177 -2.518e-03 2.462e-03 -3.545e-03 0.000e+00
1178 -5.983e-04 -7.508e-04 1.699e-03 0.000e+00
1179 -2.275e-03 1.554e-03 -5.018e-04 0.000e+00
1180 -5.914e-04 -2.982e-03 1.844e-03 0.000e+00
1181 1.807e-03 -3.508e-03 1.460e-03 0.000e+00
1182 2.881e-03 -4.230e-03 8.386e-04 0.000e+00
1183 -3.878e-03 6.919e-04 1.842e-03 0.000e+00
1184 7.642e-04 1.237e-03 3.119e-03 0.000e+00
1185 1.410e-03 3.530e-03 -1.511e-03 0.000e+00
1186 1.505e-04 9.383e-04 -3.654e-04 0.000e+00
1187 -2.214e-04 3.038e-03 -7.246e-04 0.000e+00
1188 5.743e-03 -4.522e-03 3.550e-03 0.000e+00
1189 -1.472e-03 -4.077e-03 5.140e-04 0.000e+00
1190 8.212e-04 1.650e-03 -2.945e-03 0.000e+00
1191 -2.928e-03 1.032e-03 -3.320e-03 0.000e+00
1192 -3.276e-03 6.422e-04 1.371e-03 0.000e+00
1193 -1.950e-03 -3.443e-03 -2.434e-03 0.000e+00
1194 1.113e-03 1.063e-03 2.203e-03 0.000e+00
1195 4.667e-03 1.000e-03 -5.250e-03 0.000e+00
1196 1.344e-03 1.060e-04 -3.951e-04 0.000e+00
1197 9.832e-04 -3.522e-03 2.696e-03 0.000e+00
1198 -5.823e-03 4.969e-03 1.391e-04 -4.889e+01
1199 2.116e-03 1.844e-03 4.512e-03 0.000e+00
1200 8.899e-04 -3.912e-03 -2.998e-03 0.000e+00
1201 3.853e-03 3.525e-03 -2.033e-03 0.000e+00
1202 1.547e-04 1.133e-03 -3.079e-03 0.000e+00
1203 -2.422e-03 -5.164e-04 -7.450e-05 0.000e+00
1204 4.655e-03 3.314e-03 -4.111e-03 0.000e+00
1205 -4.822e-03 3.840e-03 -1.095e-03 0.000e+00
1206 1.587e-03 1.219e-03 3.171e-04 0.000e+00
1207 -1.242e-03 1.892e-03 5.561e-04 0.000e+00
1208 -2.252e-03 2.346e-03 2.795e-03 0.000e+00
1209 -6.290e-04 -3.424e-03 -2.902e-03 0.000e+00
1210 3.509e-03 2.120e-03 -1.214e-03 0.000e+00
1211 2.060e-04 -3.263e-03 1.308e-03 0.000e+00
1212 -1.132e-03 2.846e-04 1.081e-03 0.000e+00
1213 3.695e-05 1.760e-04 -3.864e-03 0.000e+00
1214 6.831e-03 2.996e-04 -4.515e-03 0.000e+00
1215 4.856e-04 -4.232e-03 -3.807e-03 0.000e+00
1216 -3.928e-03 1.942e-03 -2.134e-03 0.000e+00
1217 3.890e-03 -3.092e-03 -2.592e-03 0.000e+00
1218 1.683e-03 -3.513e-03 -1.473e-03 0.000e+00
1219 7.425e-04 -4.116e-03 4.120e-04 0.000e+00
1220 2.146e-03 1.821e-03 -1.907e-03 0.000e+00
1221 2.504e-03 4.221e-03 -3.670e-03 0.000e+00
1222 -1.313e-04 -2.923e-03 -3.006e-03 0.000e+00
1223 9.620e-04 -4.199e-03 9.011e-04 0.000e+00
1224 8.453e-04 -4.538e-03 -2.133e-03 0.000e+00
1225 -3.211e-03 5.165e-04 -1.191e-03 0.000e+00
1226 2.538e-03 3.300e-03 -6.841e-04 0.000e+00
1227 -1.242e-04 2.027e-03 3.567e-04 0.000e+00
1228 -4.894e-03 9.585e-04 4.005e-03 0.000e+00
1229 1.538e-03 -4.359e-03 -1.488e-03 0.000e+00
1230 -5.871e-04 -3.626e-03 5.862e-04 0.000e+00
1231 -2.504e-03 -2.946e-03 2.896e-03 0.000e+00
1232 -1.167e-03 -4.026e-03 -1.085e-03 0.000e+00
1233 7.646e-04 2.094e-03 -1.485e-04 0.000e+00
1234 2.209e-04 2.737e-03 -2.834e-03 0.000e+00
1235 6.516e-03 3.272e-03 5.673e-04 0.000e+00
1236 1.652e-03 8.711e-05 9.396e-06 0.000e+00
1237 1.400e-03 -4.255e-03 6.098e-04 0.000e+00
1238 -4.524e-04 -3.268e-03 -2.111e-04 0.000e+00
1239 -2.731e-03 2.805e-03 2.306e-03 0.000e+00
1240 7.912e-04 2.220e-03 1.319e-03 0.000e+00
1241 1.080e-03 3.115e-03 2.866e-03 0.000e+00
1242 4.765e-03 -4.278e-03 6.918e-05 0.000e+00
1243 1.645e-03 -4.285e-04 -1.105e-03 0.000e+00
1244 -4.063e-03 4.167e-03 -5.133e-03 0.000e+00
1245 2.707e-04 -3.776e-03 -4.735e-03 0.000e+00
1246 2.030e-03 2.503e-03 -3.785e-03 0.000e+00
1247 -4.318e-04 -4.476e-03 -1.439e-03 0.000e+00
1248 -2.047e-03 2.692e-03 -3.819e-04 0.000e+00
1249 1.427e-04 8.521e-04 -1.289e-03 0.000e+00
1250 -3.725e-03 -3.154e-03 9.660e-04 0.000e+00
1251 1.016e-03 1.604e-03 5.637e-05 0.000e+00
1252 1.984e-03 -3.291e-03 3.718e-03 0.000e+00
1253 6.060e-03 7.170e-04 -3.476e-03 0.000e+00
1254 -8.012e-04 4.134e-03 3.457e-03 0.000e+00
1255 -1.852e-03 -4.429e-03 -1.316e-03 0.000e+00
1256 1.610e-03 -3.707e-03 1.891e-03 0.000e+00
1257 -8.361e-04 -3.843e-03 -5.591e-04 0.000e+00
1258 -9.951e-04 -8.316e-05 -3.261e-03 0.000e+00
1259 -1.346e-03 1.873e-03 -3.376e-03 0.000e+00
1260 1.350e-03 -3.194e-03 -3.218e-03 0.000e+00
1261 -1.852e-03 3.305e-03 -1.893e-05 0.000e+00
1262 -4.152e-04 -3.813e-03 -1.018e-02 0.000e+00
1263 -6.550e-03 3.817e-03 3.639e-03 0.000e+00
1264 -5.020e-04 -3.468e-03 4.622e-03 0.000e+00
1265 -3.314e-03 6.563e-04 5.830e-04 0.000e+00
1266 1.273e-03 -3.923e-03 -2.935e-03 0.000e+00
1267 7.780e-04 -7.640e-04 -7.477e-04 0.000e+00
1268 2.642e-05 -4.517e-03 -6.798e-04 0.000e+00
1269 3.678e-03 3.835e-03 3.549e-03 0.000e+00
1270 2.205e-03 -2.187e-03 2.582e-03 0.000e+00
1271 2.562e-03 -3.168e-03 -3.378e-04 0.000e+00
1272 -3.286e-04 3.549e-03 4.470e-03 0.000e+00
1273 4.930e-03 4.075e-03 -1.348e-04 0.000e+00
1274 2.204e-03 -4.029e-03 2.049e-03 0.000e+00
1275 2.718e-03 -2.404e-03 -4.117e-03 0.000e+00
1276 -3.524e-03 -3.401e-03 -2.974e-03 0.000e+00
1277 4.337e-03 -3.188e-03 -7.367e-04 0.000e+00
1278 -3.107e-03 -2.371e-03 -1.811e-03 0.000e+00
1279 -6.507e-03 5.324e-03 -1.169e-03 -1.069e+02
1280 9.712e-04 -4.158e-03 2.387e-03 0.000e+00
1281 2.905e-03 -4.255e-03 -2.126e-03 0.000e+00
1282 -1.052e-03 -3.894e-03 1.867e-03 0.000e+00
1283 -3.890e-04 -3.029e-03 -1.927e-03 0.000e+00
1284 -1.043e-03 1.276e-03 8.846e-04 0.000e+00
1285 -2.267e-03 -3.147e-03 -3.368e-03 0.000e+00
1286 -1.503e-03 3.916e-03 -8.335e-04 0.000e+00
1287 -4.828e-03 1.195e-03 2.540e-03 0.000e+00
1288 -4.734e-03 -4.151e-03 2.994e-03 0.000e+00
1289 -3.025e-04 -4.010e-03 6.319e-04 0.000e+00
1290 6.906e-04 -4.493e-03 -4.476e-04 0.000e+00
1291 1.407e-03 9.276e-04 1.085e-03 0.000e+00
1292 -2.440e-03 4.299e-04 -4.199e-03 0.000e+00
1293 2.030e-03 1.836e-03 -3.375e-03 0.000e+00
1294 -2.073e-03 -3.335e-03 -1.450e-03 0.000e+00
1295 -2.714e-03 3.679e-03 1.128e-04 0.000e+00
1296 -7.448e-03 2.901e-03 -1.957e-03 0.000e+00
1297 -7.663e-03 3.685e-03 -2.288e-04 0.000e+00
1298 2.390e-03 -2.826e-03 1.998e-03 0.000e+00
1299 -3.622e-03 4.207e-03 -1.672e-03 0.000e+00
1300 -3.449e-03 6.989e-04 2.175e-04 0.000e+00
1301 5.187e-04 3.701e-03 1.085e-03 0.000e+00
1302 -2.071e-03 1.657e-03 2.137e-03 0.000e+00
1303 1.680e-03 -3.078e-03 2.004e-03 0.000e+00
1304 2.088e-03 2.879e-03 4.370e-03 0.000e+00
1305 -2.738e-03 -4.431e-03 1.611e-03 0.000e+00
1306 3.340e-03 -2.859e-03 -1.162e-04 0.000e+00
1307 4.877e-03 -1.820e-03 1.988e-03 0.000e+00
1308 8.304e-04 -4.218e-03 -1.185e-03 0.000e+00
1309 -8.219e-03 -3.736e-05 -1.401e-03 0.000e+00
1310 3.264e-03 3.545e-03 -2.384e-03 0.000e+00
1311 -1.432e-03 -4.523e-03 9.175e-04 0.000e+00
1312 -1.068e-03 1.123e-03 2.050e-03 0.000e+00
1313 1.625e-03 -4.358e-03 -1.185e-03 0.000e+00
1314 3.014e-03 1.463e-03 2.279e-03 0.000e+00
1315 2.072e-03 3.145e-03 -4.658e-03 0.000e+00
1316 -3.380e-03 -4.343e-03 5.026e-03 0.000e+00
1317 -5.460e-03 2.324e-03 -5.379e-03 0.000e+00
1318 -1.714e-05 -3.957e-03 -1.769e-03 0.000e+00
1319 3.054e-03 -4.146e-03 -2.853e-03 0.000e+00
1320 -3.364e-03 2.700e-03 3.543e-03 0.000e+00
1321 -1.701e-04 9.655e-04 4.711e-03 0.000e+00
1322 -9.982e-04 -3.661e-03 -2.609e-05 0.000e+00
1323 -2.535e-03 8.953e-03 -1.323e-03 -9.468e+01
1324 3.641e-03 -3.655e-03 -3.322e-03 0.000e+00
1325 -7.335e-04 1.214e-03 -1.400e-03 0.000e+00
1326 -3.040e-03 2.678e-04 2.531e-03 0.000e+00
1327 -1.068e-03 -3.141e-03 -2.869e-03 0.000e+00
1328 -1.572e-03 -3.416e-03 -6.006e-03 0.000e+00
1329 3.131e-03 -3.911e-03 -5.767e-04 0.000e+00
1330 -1.832e-03 5.778e-04 -1.271e-03 0.000e+00
1331 -3.169e-03 1.833e-03 -5.652e-03 0.000e+00
1332 3.272e-03 1.485e-03 -3.275e-03 0.000e+00
1333 -4.483e-03 5.917e-04 -3.624e-03 0.000e+00
1334 -3.435e-03 -2.758e-03 -4.004e-03 0.000e+00
1335 -6.433e-04 -3.291e-03 1.308e-03 0.000e+00
1336 -6.162e-03 4.754e-03 1.700e-03 0.000e+00
1337 -1.107e-03 -3.647e-03 2.622e-03 0.000e+00
1338 -5.717e-07 -2.644e-03 -2.064e-03 0.000e+00
1339 -4.319e-03 2.560e-03 2.905e-03 0.000e+00
1340 -9.187e-03 1.154e-03 -2.261e-03 0.000e+00
1341 2.906e-04 -2.939e-03 4.401e-03 0.000e+00
1342 1.940e-04 -4.527e-03 -2.096e-03 0.000e+00
1343 2.486e-04 -3.836e-03 -6.119e-03 0.000e+00
1344 2.074e-04 -3.471e-03 -2.687e-04 0.000e+00
1345 8.544e-04 2.120e-03 -4.251e-03 0.000e+00
1346 2.512e-03 5.712e-03 -3.952e-03 -5.881e+01
1347 6.403e-04 4.561e-03 -5.635e-04 0.000e+00
1348 -1.091e-03 2.939e-03 5.465e-03 0.000e+00
1349 1.206e-03 -4.224e-03 -3.741e-03 0.000e+00
1350 7.409e-04 -4.075e-03 -9.001e-04 0.000e+00
1351 -5.955e-04 -4.853e-04 -2.880e-03 0.000e+00
1352 -8.789e-03 1.449e-03 1.248e-03 0.000e+00
1353 -8.835e-03 -4.040e-03 -1.862e-03 0.000e+00
1354 -5.986e-03 5.359e-03 1.899e-04 -5.736e+01
1355 -3.003e-03 8.539e-04 -2.404e-03 0.000e+00
1356 -5.235e-03 -3.552e-03 -2.025e-04 0.000e+00
1357 -3.591e-03 3.718e-03 2.076e-03 0.000e+00
1358 3.230e-03 3.581e-03 -1.559e-03 0.000e+00
1359 -1.073e-03 -4.307e-03 4.887e-03 0.000e+00
1360 -2.106e-03 2.128e-03 -2.602e-03 0.000e+00
1361 -8.019e-04 3.659e-03 -1.266e-03 0.000e+00
1362 5.551e-04 2.168e-03 4.290e-03 0.000e+00
1363 -1.455e-03 2.562e-03 2.748e-03 0.000e+00
1364 -3.508e-04 -3.462e-03 6.044e-03 0.000e+00
1365 -1.778e-03 1.960e-07 -1.454e-03 0.000e+00
1366 -2.275e-03 -4.502e-03 -2.818e-03 0.000e+00
1367 -5.917e-04 4.948e-03 2.385e-03 -2.993e+00
1368 -2.946e-03 1.012e-03 -2.065e-03 0.000e+00
1369 -3.744e-03 1.947e-03 -2.297e-03 0.000e+00
1370 -7.329e-04 -4.471e-03 -9.142e-04 0.000e+00
1371 -2.473e-04 -2.710e-03 1.685e-03 0.000e+00
1372 1.543e-03 1.272e-03 -4.285e-03 0.000e+00
1373 4.286e-03 1.905e-03 5.509e-03 0.000e+00
1374 -2.036e-03 -4.539e-03 -4.173e-03 0.000e+00
1375 -5.917e-03 -4.425e-03 -5.050e-03 0.000e+00
1376 -1.620e-03 -3.830e-03 -9.139e-04 0.000e+00
1377 -5.454e-04 7.434e-04 3.453e-03 0.000e+00
1378 -5.353e-03 2.627e-03 5.903e-03 0.000e+00
1379 3.223e-04 1.358e-03 -1.744e-03 0.000e+00
1380 3.838e-03 6.500e-04 4.073e-03 0.000e+00
1381 1.913e-04 4.165e-03 -5.191e-04 0.000e+00
1382 -5.634e-04 -3.508e-03 -3.545e-03 0.000e+00
1383 1.119e-03 4.785e-03 -6.204e-04 0.000e+00
1384 -7.405e-04 -3.611e-03 -5.932e-03 0.000e+00
1385 1.061e-03 -4.333e-03 3.199e-03 0.000e+00
1386 2.269e-03 7.064e-03 3.115e-03 -5.076e+00
1387 -1.966e-03 3.902e-03 2.804e-03 0.000e+00
1388 -6.907e-04 -3.413e-03 7.662e-04 0.000e+00
1389 6.169e-03 -3.721e-03 -3.044e-03 0.000e+00
1390 1.279e-03 3.659e-03 -8.963e-04 0.000e+00
1391 -5.951e-03 1.175e-03 -4.520e-05 0.000e+00
1392 -5.647e-04 6.134e-03 3.239e-03 1.188e+00
1393 -1.893e-03 8.269e-04 -1.499e-03 0.000e+00
1394 -6.764e-04 -3.531e-03 -2.328e-03 0.000e+00
1395 -6.245e-04 2.133e-03 6.519e-04 0.000e+00
1396 -3.176e-03 2.950e-03 3.850e-03 0.000e+00
1397 -8.676e-04 3.973e-03 -3.153e-03 0.000e+00
1398 3.747e-04 -3.839e-03 7.850e-04 0.000e+00
1399 -2.554e-03 -3.634e-03 -2.699e-03 0.000e+00
1400 8.550e-04 1.888e-03 -3.142e-04 0.000e+00
1401 -2.124e-03 5.124e-03 -1.435e-04 2.358e+01
1402 4.910e-04 4.915e-04 -7.094e-04 0.000e+00
1403 6.947e-04 4.034e-03 -7.805e-03 0.000e+00
1404 -3.852e-03 3.428e-03 -2.382e-03 0.000e+00
1405 3.845e-03 4.038e-03 -1.541e-03 0.000e+00
1406 -2.798e-03 1.683e-04 -9.816e-04 0.000e+00
1407 -3.912e-04 1.976e-04 -3.726e-04 0.000e+00
1408 -3.616e-03 -3.790e-03 -5.091e-03 0.000e+00
1409 2.195e-04 1.050e-03 -2.195e-03 0.000e+00
1410 -1.304e-03 3.250e-03 -2.565e-03 0.000e+00
1411 5.328e-03 -2.941e-03 -2.347e-04 0.000e+00
1412 -5.232e-03 1.807e-03 5.321e-03 0.000e+00
1413 -4.444e-03 -1.981e-04 -2.445e-03 0.000e+00
1414 -1.032e-03 -2.942e-03 7.580e-03 0.000e+00
1415 2.422e-03 2.531e-03 6.723e-04 0.000e+00
1416 1.538e-03 -3.924e-03 2.344e-03 0.000e+00
1417 -1.299e-04 -4.459e-03 1.306e-03 0.000e+00
1418 -4.005e-03 -3.730e-03 2.648e-04 0.000e+00
1419 -3.388e-03 -3.673e-03 1.215e-03 0.000e+00
1420 -5.128e-03 1.523e-03 -3.371e-03 0.000e+00
1421 -1.233e-03 4.704e-03 -2.270e-03 0.000e+00
1422 -2.596e-03 2.390e-03 -6.508e-03 0.000e+00
1423 -6.251e-03 1.162e-03 2.767e-03 0.000e+00
1424 -5.821e-03 -4.044e-03 -2.913e-04 0.000e+00
1425 -3.487e-04 -4.271e-03 2.651e-04 0.000e+00
1426 1.959e-03 3.701e-04 -4.140e-03 0.000e+00
1427 -3.799e-03 -3.718e-03 3.953e-03 0.000e+00
1428 -2.041e-03 -3.672e-03 2.698e-03 0.000e+00
1429 -1.071e-03 -1.888e-03 6.304e-04 0.000e+00
1430 -4.473e-03 -4.265e-03 -5.847e-03 0.000e+00
1431 6.357e-04 2.078e-03 -1.168e-03 0.000e+00
1432 -3.913e-03 6.398e-06 -3.137e-03 0.000e+00
1433 -1.804e-04 1.684e-03 -2.925e-04 0.000e+00
1434 -8.429e-04 2.558e-03 -3.030e-03 0.000e+00
1435 -8.140e-03 -4.435e-03 -1.109e-04 0.000e+00
1436 2.567e-03 -2.705e-03 -2.249e-03 0.000e+00
1437 -1.907e-03 2.003e-03 -2.553e-03 0.000e+00
1438 1.558e-03 2.905e-04 -5.441e-03 0.000e+00
1439 5.776e-03 -4.102e-03 -8.116e-04 0.000e+00
1440 4.085e-03 1.146e-03 8.198e-04 0.000e+00
1441 -5.128e-03 -4.381e-03 3.653e-03 0.000e+00
1442 1.413e-03 -3.033e-04 -3.051e-03 0.000e+00
1443 -5.360e-03 2.561e-03 3.228e-03 0.000e+00
1444 3.394e-03 -4.005e-03 -2.555e-03 0.000e+00
1445 7.332e-03 -3.621e-03 -7.221e-04 0.000e+00
1446 1.288e-03 -4.193e-04 -5.493e-04 0.000e+00
1447 -3.797e-03 2.229e-03 1.852e-03 0.000e+00
1448 -7.318e-03 -3.979e-03 2.812e-03 0.000e+00
1449 -7.165e-03 2.971e-03 1.193e-03 0.000e+00
1450 4.678e-03 2.254e-03 -3.170e-03 0.000e+00
1451 -1.568e-05 -4.438e-03 1.144e-03 0.000e+00
1452 -4.582e-03 -3.431e-03 -1.034e-03 0.000e+00
1453 -4.290e-03 -3.351e-03 4.718e-04 0.000e+00
1454 -2.188e-04 5.161e-03 3.315e-04 3.903e+01
1455 7.561e-03 -3.386e-03 -2.571e-03 0.000e+00
1456 -2.281e-03 -2.716e-04 3.754e-03 0.000e+00
1457 -8.203e-04 7.437e-03 5.342e-04 -1.446e+01
1458 -3.770e-03 -3.629e-03 5.249e-03 0.000e+00
1459 -2.806e-04 3.587e-03 1.176e-03 0.000e+00
1460 -2.714e-03 -4.035e-03 8.075e-04 0.000e+00
1461 -2.234e-03 -3.431e-03 -1.569e-03 0.000e+00
1462 -1.998e-03 -3.803e-03 -5.018e-03 0.000e+00
1463 -4.402e-03 -1.639e-03 -7.975e-05 0.000e+00
1464 -7.088e-03 -3.906e-03 -2.394e-03 0.000e+00
1465 -2.856e-03 1.219e-03 4.406e-03 0.000e+00
1466 5.164e-04 -3.877e-03 -6.544e-03 0.000e+00
1467 2.742e-03 -3.467e-03 -2.377e-03 0.000e+00
1468 1.051e-03 -1.604e-03 -2.574e-03 0.000e+00
1469 5.112e-03 4.543e-03 -4.342e-03 0.000e+00
1470 -2.602e-03 -4.030e-04 -6.185e-03 0.000e+00
1471 9.206e-04 -4.025e-03 -1.126e-03 0.000e+00
1472 -3.646e-03 -3.637e-03 -1.143e-03 0.000e+00
1473 -2.509e-03 1.239e-03 -2.239e-03 0.000e+00
1474 -3.570e-03 4.649e-03 2.628e-03 0.000e+00
1475 1.090e-03 -2.615e-03 1.760e-03 0.000e+00
1476 1.422e-03 1.207e-03 2.547e-03 0.000e+00
1477 -7.349e-04 -3.789e-03 4.907e-03 0.000e+00
1478 -3.312e-03 1.250e-03 -2.535e-03 0.000e+00
1479 -8.652e-04 1.217e-04 -4.604e-03 0.000e+00
1480 -2.791e-03 -3.664e-03 -1.563e-03 0.000e+00
1481 1.673e-04 1.951e-03 -2.208e-04 0.000e+00
1482 -1.776e-05 2.637e-03 1.190e-03 0.000e+00
1483 1.173e-03 8.016e-03 -8.501e-04 -3.088e+01
1484 -1.451e-03 -2.674e-03 2.322e-03 0.000e+00
1485 -3.478e-03 1.095e-03 6.707e-04 0.000e+00
1486 1.125e-03 1.528e-03 -1.410e-03 0.000e+00
1487 -2.006e-03 1.271e-03 5.706e-03 0.000e+00
1488 -7.035e-03 5.731e-03 -4.899e-03 8.463e+00
1489 4.967e-04 5.080e-03 1.819e-03 6.818e+01
1490 -6.593e-03 -6.470e-04 -2.263e-03 0.000e+00
1491 -2.748e-03 7.963e-07 6.084e-04 0.000e+00
1492 8.602e-04 5.977e-03 -9.841e-04 -1.918e+00
1493 -7.585e-04 -4.271e-03 2.014e-03 0.000e+00
1494 -6.038e-04 -4.360e-03 -3.045e-03 0.000e+00
1495 2.872e-03 1.548e-03 2.165e-03 0.000e+00
1496 3.885e-03 -4.223e-03 4.997e-03 0.000e+00
1497 3.474e-03 -9.272e-05 -2.630e-03 0.000e+00
1498 2.297e-03 -3.096e-03 -1.304e-03 0.000e+00
1499 -4.265e-03 -4.079e-03 2.250e-03 0.000e+00
1500 -1.656e-03 -4.208e-03 4.163e-03 0.000e+00
1501 -8.175e-04 -3.979e-03 -1.339e-03 0.000e+00
1502 -4.335e-04 6.710e-03 1.370e-03 3.999e+01
1503 -9.900e-04 4.114e-03 -3.613e-03 0.000e+00
1504 8.095e-04 4.503e-03 -6.239e-03 0.000e+00
1505 -2.667e-03 -4.530e-03 -2.073e-03 0.000e+00
1506 9.132e-04 1.936e-03 -2.162e-03 0.000e+00
1507 -3.943e-03 -2.150e-03 -4.032e-03 0.000e+00
1508 1.672e-03 2.044e-03 -2.647e-04 0.000e+00
1509 -2.679e-04 -2.614e-03 -3.745e-04 0.000e+00
1510 9.473e-05 3.220e-03 1.438e-03 0.000e+00
1511 -1.906e-03 5.345e-04 2.271e-03 0.000e+00
1512 -3.989e-03 -3.284e-03 2.773e-03 0.000e+00
1513 -5.466e-03 -3.016e-03 9.209e-04 0.000e+00
1514 -1.609e-03 -3.212e-03 -1.152e-03 0.000e+00
1515 1.300e-04 1.792e-03 1.717e-03 0.000e+00
1516 5.149e-05 -2.973e-03 -3.258e-04 0.000e+00
1517 -2.281e-03 7.896e-04 -5.384e-04 0.000e+00
1518 -1.456e-03 1.816e-03 1.977e-03 0.000e+00
1519 -1.393e-03 1.578e-03 -2.104e-04 0.000e+00
1520 6.750e-04 -3.367e-03 2.847e-03 0.000e+00
1521 -7.343e-03 -1.782e-05 2.187e-03 0.000e+00
1522 2.814e-03 8.086e-04 -9.473e-04 0.000e+00
1523 1.326e-03 -4.422e-03 -2.642e-03 0.000e+00
1524 1.060e-04 2.864e-04 -2.363e-03 0.000e+00
1525 1.119e-03 -4.537e-03 -1.625e-03 0.000e+00
1526 -9.349e-04 -2.224e-03 6.020e-04 0.000e+00
1527 -2.094e-03 7.071e-03 3.401e-03 1.294e+01
1528 -3.450e-03 -3.227e-03 3.559e-03 0.000e+00
1529 1.568e-03 1.186e-03 -3.548e-03 0.000e+00
1530 -4.336e-03 -4.089e-03 4.174e-03 0.000e+00
1531 -4.359e-04 -2.958e-03 1.894e-03 0.000e+00
1532 -1.914e-03 2.236e-03 -3.507e-03 0.000e+00
1533 -1.299e-03 -9.232e-04 4.004e-03 0.000e+00
1534 2.115e-03 -3.497e-03 1.259e-03 0.000e+00
1535 -6.480e-04 6.795e-03 -1.727e-03 -4.802e+01
1536 2.934e-03 2.102e-03 -2.735e-03 0.000e+00
1537 -3.042e-03 1.985e-03 -1.927e-03 0.000e+00
1538 -1.485e-04 4.786e-03 9.743e-04 0.000e+00
1539 -1.722e-04 -4.213e-03 -4.054e-03 0.000e+00
1540 -2.373e-03 5.250e-03 -2.965e-03 -2.236e+01
1541 -8.645e-04 1.496e-03 -6.091e-03 0.000e+00
1542 9.749e-04 4.997e-03 3.723e-03 -2.029e+01
1543 -2.946e-03 -3.390e-03 -1.293e-03 0.000e+00
1544 1.227e-03 -4.290e-03 2.094e-03 0.000e+00
1545 -3.134e-03 -4.544e-03 -4.379e-03 0.000e+00
1546 1.707e-03 -2.711e-03 -5.050e-03 0.000e+00
1547 1.744e-03 -3.641e-03 -1.418e-03 0.000e+00
1548 5.199e-03 -4.044e-03 2.271e-03 0.000e+00
1549 -1.787e-03 6.623e-04 -2.695e-03 0.000e+00
1550 4.408e-05 -2.973e-03 -8.873e-04 0.000e+00
1551 -2.364e-03 1.922e-03 -3.542e-03 0.000e+00
1552 1.644e-03 1.944e-03 1.280e-03 0.000e+00
1553 -1.238e-03 3.420e-03 -2.614e-03 0.000e+00
1554 1.550e-04 -4.044e-03 -1.295e-03 0.000e+00
1555 -2.526e-03 4.220e-03 -7.735e-04 0.000e+00
1556 2.241e-03 2.074e-03 3.383e-03 0.000e+00
1557 -2.698e-03 2.132e-03 -3.648e-04 0.000e+00
1558 -6.240e-04 3.136e-03 2.120e-03 0.000e+00
1559 2.538e-03 -4.004e-03 2.784e-03 0.000e+00
1560 -9.782e-04 -2.783e-03 3.771e-03 0.000e+00
1561 -1.232e-03 -3.918e-03 2.721e-03 0.000e+00
1562 -3.677e-03 -4.154e-03 -5.847e-03 0.000e+00
1563 -4.930e-03 -3.150e-04 -2.363e-03 0.000e+00
1564 3.512e-03 1.706e-03 3.660e-03 0.000e+00
1565 -3.906e-03 2.567e-03 -5.108e-03 0.000e+00
1566 6.560e-04 3.086e-03 4.724e-04 0.000e+00
1567 -5.444e-03 -3.897e-03 -2.184e-03 0.000e+00
1568 -5.691e-03 2.833e-03 1.672e-03 0.000e+00
1569 -2.497e-03 2.839e-03 1.872e-03 0.000e+00
1570 -2.181e-03 -3.411e-03 -1.973e-03 0.000e+00
1571 -3.908e-04 -3.091e-03 -3.088e-03 0.000e+00
1572 -5.620e-03 5.584e-03 -2.108e-03 -5.018e+01
1573 -1.790e-03 -3.493e-03 -2.321e-03 0.000e+00
1574 -1.469e-03 2.891e-03 3.899e-04 0.000e+00
1575 2.099e-03 1.808e-03 3.420e-03 0.000e+00
1576 -2.705e-05 1.088e-03 1.201e-03 0.000e+00
1577 -1.896e-03 1.035e-03 -6.443e-03 0.000e+00
1578 6.788e-04 1.804e-03 -8.011e-04 0.000e+00
1579 -1.248e-03 1.209e-03 -1.758e-03 0.000e+00
1580 2.807e-03 1.109e-04 5.307e-03 0.000e+00
1581 -1.657e-03 -4.047e-03 1.052e-03 0.000e+00
1582 3.364e-03 -1.897e-03 3.934e-04 0.000e+00
1583 8.000e-04 4.675e-03 -2.360e-03 0.000e+00
1584 -1.132e-03 3.522e-03 1.750e-05 0.000e+00
1585 1.250e-03 1.944e-03 7.602e-04 0.000e+00
1586 -1.216e-03 -2.717e-03 -2.236e-03 0.000e+00
1587 2.974e-03 3.016e-03 2.483e-03 0.000e+00
1588 3.808e-04 3.998e-03 2.489e-04 0.000e+00
1589 -1.995e-03 3.308e-04 -5.642e-03 0.000e+00
1590 4.732e-03 -3.364e-03 -2.285e-03 0.000e+00
1591 -8.273e-05 2.479e-04 1.803e-03 0.000e+00
1592 -8.856e-04 5.877e-03 2.653e-03 4.516e+01
1593 -3.445e-03 1.929e-03 -1.477e-03 0.000e+00
1594 -1.970e-03 -3.921e-03 2.226e-03 0.000e+00
1595 -5.080e-03 -3.198e-03 -7.392e-04 0.000e+00
1596 -4.281e-04 3.522e-03 -1.195e-03 0.000e+00
1597 -1.277e-03 -2.727e-03 2.421e-04 0.000e+00
1598 1.390e-03 -2.581e-03 4.146e-03 0.000e+00
1599 2.211e-03 3.727e-04 7.525e-03 0.000e+00
1600 -3.255e-03 -2.085e-04 -2.412e-03 0.000e+00
1601 -1.953e-03 4.242e-03 3.633e-03 0.000e+00
1602 -3.418e-03 3.779e-04 7.736e-04 0.000e+00
1603 1.006e-03 -3.119e-03 3.352e-03 0.000e+00
1604 -1.137e-03 -3.068e-03 1.914e-03 0.000e+00
1605 -6.011e-04 -3.192e-03 -6.646e-03 0.000e+00
1606 -3.093e-03 6.244e-03 -2.821e-03 -3.181e+01
1607 5.397e-03 -3.747e-04 -3.427e-04 0.000e+00
1608 1.633e-03 -4.531e-03 -4.111e-03 0.000e+00
1609 -2.601e-03 1.700e-03 -3.319e-04 0.000e+00
1610 5.016e-03 -2.640e-03 4.090e-03 0.000e+00
1611 6.060e-03 -2.797e-05 4.577e-04 0.000e+00
1612 -8.445e-04 -2.500e-03 8.972e-04 0.000e+00
1613 5.475e-03 5.675e-03 -1.732e-03 -9.567e+01
1614 1.150e-03 -3.487e-03 -1.040e-03 0.000e+00
1615 -1.731e-03 4.252e-03 2.876e-03 0.000e+00
1616 -1.921e-03 -4.035e-03 -4.037e-03 0.000e+00
1617 -4.183e-03 2.373e-03 -5.910e-05 0.000e+00
1618 3.924e-04 -7.302e-04 2.139e-03 0.000e+00
1619 -2.077e-03 5.485e-03 8.027e-03 4.366e+01
1620 6.163e-03 -3.795e-03 3.522e-03 0.000e+00
1621 2.887e-03 -2.968e-03 5.374e-04 0.000e+00
1622 -3.069e-03 -9.418e-04 1.712e-03 0.000e+00
1623 2.003e-03 6.015e-03 -6.346e-03 1.362e+00
1624 1.360e-03 8.008e-04 -1.310e-03 0.000e+00
1625 1.190e-03 -4.182e-03 3.330e-03 0.000e+00
1626 5.588e-03 4.572e-04 3.044e-03 0.000e+00
1627 4.771e-04 2.480e-03 -5.729e-03 0.000e+00
1628 3.160e-03 5.809e-03 -2.356e-04 5.149e+01
1629 7.228e-04 -4.152e-03 2.228e-03 0.000e+00
1630 -4.116e-04 1.315e-03 -1.636e-03 0.000e+00
1631 1.038e-03 -2.449e-03 -4.693e-03 0.000e+00
1632 -9.107e-04 1.873e-04 9.838e-04 0.000e+00
1633 -3.620e-03 -4.446e-03 1.960e-03 0.000e+00
1634 -1.399e-03 4.085e-03 -4.638e-04 0.000e+00
1635 3.316e-03 8.565e-04 3.948e-03 0.000e+00
1636 -1.140e-03 -3.794e-03 -2.579e-03 0.000e+00
1637 -6.282e-03 -4.926e-05 -1.654e-03 0.000e+00
1638 5.383e-03 2.135e-03 -8.374e-04 0.000e+00
1639 -3.925e-04 -4.321e-03 2.664e-03 0.000e+00
1640 -1.104e-05 5.915e-03 -2.718e-03 -9.333e+01
1641 1.733e-03 -1.492e-04 -4.118e-03 0.000e+00
1642 -4.635e-04 1.322e-03 7.136e-05 0.000e+00
1643 1.220e-03 2.870e-03 -3.798e-03 0.000e+00
1644 2.159e-03 2.769e-03 -7.697e-03 0.000e+00
1645 -4.552e-03 -2.324e-03 -2.361e-03 0.000e+00
1646 -1.028e-03 -4.146e-03 1.356e-03 0.000e+00
1647 2.053e-03 -4.402e-03 -3.955e-03 0.000e+00
1648 3.786e-04 4.800e-03 1.076e-04 0.000e+00
1649 2.999e-03 -4.474e-03 4.267e-03 0.000e+00
1650 2.475e-03 -3.659e-03 -2.568e-03 0.000e+00
1651 6.274e-03 -4.495e-03 -2.933e-03 0.000e+00
1652 -5.242e-03 -3.198e-04 2.837e-03 0.000e+00
1653 2.109e-03 -3.037e-03 -7.289e-03 0.000e+00
1654 -3.855e-03 1.761e-03 3.947e-03 0.000e+00
1655 -1.863e-04 9.525e-04 2.090e-03 0.000e+00
1656 5.480e-03 9.430e-03 1.996e-03 -7.522e+01
1657 3.979e-03 6.660e-03 -6.210e-03 2.989e+01
1658 1.909e-03 -4.407e-03 7.499e-04 0.000e+00
1659 2.867e-03 -3.536e-03 1.309e-03 0.000e+00
1660 -2.062e-04 2.342e-04 -6.144e-03 0.000e+00
1661 3.611e-03 -3.043e-03 -6.890e-03 0.000e+00
1662 4.507e-03 5.535e-03 1.676e-03 6.791e+01
1663 -4.737e-04 3.356e-03 -1.557e-03 0.000e+00
1664 3.911e-05 -4.524e-03 -2.724e-03 0.000e+00
1665 1.505e-03 9.627e-04 2.960e-03 0.000e+00
1666 -1.483e-03 -3.444e-03 -2.709e-03 0.000e+00
1667 -7.329e-04 -3.440e-03 -2.266e-03 0.000e+00
1668 -7.414e-04 7.325e-05 1.912e-03 0.000e+00
1669 -2.957e-03 -3.156e-03 -4.265e-03 0.000e+00
1670 6.834e-03 -3.483e-03 -1.296e-03 0.000e+00
1671 1.697e-03 -4.707e-04 -2.915e-03 0.000e+00
1672 3.815e-04 2.375e-03 -1.040e-03 0.000e+00
1673 -1.457e-03 6.382e-04 -7.230e-04 0.000e+00
1674 1.695e-03 2.573e-03 -6.470e-03 0.000e+00
1675 -3.609e-04 5.661e-03 5.055e-03 1.931e+01
1676 1.955e-05 -4.425e-03 5.189e-04 0.000e+00
1677 8.248e-04 3.982e-03 -5.999e-03 0.000e+00
1678 -3.516e-04 -1.913e-03 2.286e-04 0.000e+00
1679 3.260e-03 -3.621e-03 2.458e-03 0.000e+00
1680 -4.269e-04 5.001e-04 -1.412e-03 0.000e+00
1681 -5.900e-03 2.413e-03 -3.278e-03 0.000e+00
1682 -1.965e-03 -1.090e-03 -4.179e-03 0.000e+00
1683 -2.048e-03 1.491e-03 -1.290e-03 0.000e+00
1684 -1.114e-03 -3.226e-03 1.969e-04 0.000e+00
1685 5.124e-03 5.648e-03 1.301e-03 -9.728e+01
1686 5.667e-03 -3.910e-03 -1.174e-03 0.000e+00
1687 3.270e-03 2.020e-03 -4.319e-03 0.000e+00
1688 -1.487e-03 -3.832e-04 2.277e-03 0.000e+00
1689 -3.561e-03 -4.520e-03 3.691e-03 0.000e+00
1690 1.615e-03 -2.280e-03 -1.494e-03 0.000e+00
1691 -3.274e-03 1.723e-03 -2.449e-03 0.000e+00
1692 -1.098e-04 1.692e-03 -7.062e-04 0.000e+00
1693 5.717e-07 -3.307e-03 1.220e-03 0.000e+00
1694 4.051e-03 -3.611e-03 -3.830e-05 0.000e+00
1695 3.427e-03 -3.996e-03 5.904e-04 0.000e+00
1696 -8.072e-03 -2.769e-03 -1.652e-03 0.000e+00
1697 1.121e-03 2.450e-03 3.495e-03 0.000e+00
1698 2.681e-03 -4.544e-03 4.200e-03 0.000e+00
1699 -3.610e-03 2.822e-04 -7.349e-03 0.000e+00
1700 -2.041e-03 2.249e-03 -2.909e-03 0.000e+00
1701 2.550e-03 2.378e-03 3.475e-04 0.000e+00
1702 -1.328e-03 -2.860e-03 1.567e-03 0.000e+00
1703 4.527e-03 -4.226e-03 -1.067e-03 0.000e+00
1704 4.285e-03 -6.480e-04 7.505e-04 0.000e+00
1705 -3.148e-03 -4.072e-03 5.105e-03 0.000e+00
1706 3.943e-03 5.395e-03 -4.058e-03 -1.407e+01
1707 2.085e-03 3.991e-03 -2.602e-04 0.000e+00
1708 2.279e-03 -3.224e-03 1.060e-03 0.000e+00
1709 -1.334e-03 2.237e-03 -4.699e-03 0.000e+00
1710 -6.242e-03 5.466e-03 1.511e-03 -1.689e+01
1711 5.905e-04 2.648e-03 -2.875e-03 0.000e+00
1712 -2.209e-03 2.175e-03 -3.937e-03 0.000e+00
1713 1.101e-03 -3.776e-03 -2.465e-04 0.000e+00
1714 -7.934e-04 4.381e-03 3.521e-04 0.000e+00
1715 1.440e-03 -4.508e-03 -3.784e-03 0.000e+00
1716 -1.934e-03 4.682e-03 -4.704e-03 0.000e+00
1717 -2.065e-03 -4.435e-03 -1.762e-03 0.000e+00
1718 7.815e-04 -4.534e-03 -1.403e-03 0.000e+00
1719 5.445e-03 4.790e-03 -2.736e-04 0.000e+00
1720 5.727e-05 -3.103e-03 -1.468e-03 0.000e+00
1721 -4.879e-04 1.193e-03 -7.881e-04 0.000e+00
1722 -1.834e-03 -4.401e-03 7.831e-03 0.000e+00
1723 -1.527e-03 2.007e-03 2.768e-03 0.000e+00
1724 2.668e-03 -4.381e-04 1.180e-03 0.000e+00
1725 -1.055e-03 -4.044e-03 -7.312e-04 0.000e+00
1726 -1.658e-03 3.816e-03 1.737e-04 0.000e+00
1727 -5.332e-03 2.694e-03 5.175e-03 0.000e+00
1728 -2.337e-03 2.235e-03 -1.240e-03 0.000e+00
1729 -2.176e-03 -3.851e-03 4.101e-04 0.000e+00
1730 2.793e-04 -3.877e-03 5.273e-03 0.000e+00
1731 4.583e-03 -3.296e-03 2.592e-04 0.000e+00
1732 -1.252e-03 6.113e-03 1.033e-03 7.085e-01
1733 4.562e-03 -3.412e-03 2.564e-03 0.000e+00
1734 2.973e-06 -3.546e-04 4.098e-04 0.000e+00
1735 -1.637e-03 9.520e-04 -1.425e-03 0.000e+00
1736 -3.797e-03 -4.004e-03 4.529e-03 0.000e+00
1737 -5.153e-03 -2.318e-03 5.688e-04 0.000e+00
1738 3.365e-03 3.496e-03 -5.320e-05 0.000e+00
1739 4.498e-03 4.084e-03 -3.873e-03 0.000e+00
1740 2.656e-03 3.071e-04 -5.297e-03 0.000e+00
1741 6.295e-03 8.276e-04 1.096e-03 0.000e+00
1742 2.979e-03 -3.875e-03 2.096e-03 0.000e+00
1743 -3.704e-03 -3.849e-03 5.968e-03 0.000e+00
1744 -1.772e-03 2.507e-03 5.131e-03 0.000e+00
1745 3.212e-03 2.494e-03 2.852e-03 0.000e+00
1746 -4.554e-03 -4.543e-03 -1.171e-03 0.000e+00
1747 7.415e-03 6.084e-04 7.453e-04 0.000e+00
1748 3.340e-03 3.375e-04 -5.446e-03 0.000e+00
1749 5.623e-03 3.612e-03 -2.922e-03 0.000e+00
1750 5.365e-03 -3.599e-03 -5.076e-03 0.000e+00
1751 -1.471e-03 -2.322e-03 2.455e-03 0.000e+00
1752 4.217e-03 6.005e-04 7.218e-03 0.000e+00
1753 -1.455e-03 5.359e-03 -1.787e-03 -1.037e+02
1754 -1.556e-03 -4.297e-03 -3.816e-03 0.000e+00
1755 7.817e-04 2.691e-03 3.290e-03 0.000e+00
1756 -2.158e-03 -4.174e-03 7.702e-04 0.000e+00
1757 1.163e-03 -1.172e-03 5.490e-04 0.000e+00
1758 2.628e-04 -3.232e-03 -1.905e-03 0.000e+00
1759 1.668e-03 3.683e-03 -1.610e-03 0.000e+00
1760 2.334e-03 -3.648e-03 7.953e-03 0.000e+00
1761 8.660e-04 2.119e-03 3.203e-03 0.000e+00
1762 -4.400e-03 3.945e-03 2.437e-03 0.000e+00
1763 -5.378e-04 3.904e-03 3.939e-03 0.000e+00
1764 4.494e-03 5.504e-03 7.776e-03 3.195e+01
1765 -4.630e-03 -2.903e-03 -2.975e-03 0.000e+00
1766 3.619e-04 6.415e-03 -3.402e-03 3.571e+01
1767 -5.966e-04 1.161e-03 7.788e-03 0.000e+00
1768 -4.391e-03 4.159e-03 3.535e-03 0.000e+00
1769 4.182e-03 -4.252e-03 5.452e-03 0.000e+00
1770 -7.837e-04 6.727e-03 -3.127e-03 4.732e+01
1771 5.806e-03 3.184e-03 -1.568e-03 0.000e+00
1772 -2.349e-03 1.396e-03 -2.563e-03 0.000e+00
1773 -1.015e-03 -3.328e-03 1.194e-03 0.000e+00
1774 -6.840e-04 -4.059e-03 4.052e-03 0.000e+00
1775 2.063e-03 -4.509e-03 2.112e-03 0.000e+00
1776 1.418e-03 -3.446e-03 -2.523e-04 0.000e+00
1777 -3.421e-03 -3.196e-03 -4.116e-03 0.000e+00
1778 2.915e-04 2.057e-03 4.247e-03 0.000e+00
1779 1.110e-03 1.383e-03 -5.811e-03 0.000e+00
1780 -1.088e-03 -2.968e-03 1.539e-03 0.000e+00
1781 9.681e-04 3.133e-03 3.133e-04 0.000e+00
1782 -3.695e-04 1.257e-03 2.963e-03 0.000e+00
1783 -2.375e-03 -3.291e-04 5.551e-03 0.000e+00
1784 -3.693e-03 -3.119e-04 3.948e-03 0.000e+00
1785 -3.239e-03 1.373e-03 2.653e-03 0.000e+00
1786 2.199e-03 1.235e-03 -2.081e-03 0.000e+00
1787 6.106e-03 3.468e-03 1.811e-04 0.000e+00
1788 -9.026e-04 4.533e-03 1.877e-03 0.000e+00
1789 -1.772e-03 4.509e-05 -4.003e-03 0.000e+00
1790 6.876e-03 -4.414e-03 1.545e-03 0.000e+00
1791 -1.159e-03 -6.166e-04 -1.256e-03 0.000e+00
1792 2.309e-03 3.132e-03 3.731e-04 0.000e+00
1793 1.316e-03 -4.051e-03 1.790e-04 0.000e+00
1794 1.593e-03 -3.846e-03 3.805e-03 0.000e+00
1795 1.809e-03 -2.861e-03 -9.499e-04 0.000e+00
1796 -1.387e-03 -3.776e-04 5.816e-03 0.000e+00
1797 2.943e-03 3.239e-03 2.634e-03 0.000e+00
1798 -1.801e-03 1.170e-03 8.466e-03 0.000e+00
1799 1.748e-03 -3.973e-03 -4.423e-05 0.000e+00
1800 1.781e-03 1.621e-04 -3.957e-03 0.000e+00
1801 -5.531e-04 -4.407e-03 8.224e-04 0.000e+00
1802 5.249e-03 4.217e-04 -4.957e-03 0.000e+00
1803 1.714e-03 -4.547e-03 2.045e-03 0.000e+00
1804 4.647e-04 1.742e-03 2.104e-03 0.000e+00
1805 7.279e-03 3.060e-03 -1.149e-03 0.000e+00
1806 4.895e-03 -2.507e-03 1.505e-04 0.000e+00
1807 3.907e-04 -4.402e-03 -1.022e-03 0.000e+00
1808 -1.884e-03 3.366e-03 -1.606e-03 0.000e+00
1809 3.361e-03 4.073e-03 -2.465e-03 0.000e+00
1810 -1.994e-03 -4.666e-05 2.469e-03 0.000e+00
1811 3.549e-03 6.601e-04 2.485e-03 0.000e+00
1812 -3.129e-03 2.019e-03 -2.513e-03 0.000e+00
1813 3.054e-03 -4.268e-03 2.811e-03 0.000e+00
1814 2.583e-03 -4.073e-03 -5.400e-04 0.000e+00
1815 3.637e-04 -4.279e-03 3.587e-04 0.000e+00
1816 -1.591e-04 2.787e-03 -7.915e-03 0.000e+00
1817 1.324e-03 -2.997e-03 -2.996e-03 0.000e+00
1818 2.174e-03 -2.858e-03 -3.552e-03 0.000e+00
1819 -4.938e-04 -2.552e-05 -2.419e-04 0.000e+00
1820 -5.769e-03 -3.272e-03 2.161e-03 0.000e+00
1821 4.016e-03 -4.405e-03 4.901e-04 0.000e+00
1822 -1.511e-03 1.589e-03 2.638e-03 0.000e+00
1823 3.314e-03 -3.017e-03 -1.031e-03 0.000e+00
1824 -3.938e-03 2.682e-03 2.753e-03 0.000e+00
1825 1.733e-04 -5.529e-04 -1.616e-03 0.000e+00
1826 6.303e-04 2.834e-03 8.734e-04 0.000e+00
1827 3.795e-03 -3.192e-03 2.489e-03 0.000e+00
1828 1.976e-03 -4.104e-03 3.716e-03 0.000e+00
1829 -3.230e-05 4.510e-03 1.096e-03 0.000e+00
1830 -9.622e-04 -4.580e-04 -2.776e-05 0.000e+00
1831 1.552e-03 9.161e-04 -3.005e-03 0.000e+00
1832 -2.151e-03 -3.116e-03 2.673e-03 0.000e+00
1833 -4.494e-03 4.487e-03 9.340e-04 0.000e+00
1834 -2.784e-03 -3.279e-03 -2.151e-03 0.000e+00
1835 -1.463e-03 -3.560e-03 -6.259e-04 0.000e+00
1836 1.699e-03 3.545e-03 6.714e-04 0.000e+00
1837 -2.585e-03 -6.877e-05 2.032e-03 0.000e+00
1838 -9.824e-04 -4.281e-03 -1.371e-03 0.000e+00
1839 2.361e-03 -4.249e-03 1.451e-03 0.000e+00
1840 2.342e-03 5.207e-03 1.975e-03 7.607e+00
1841 -1.554e-03 -4.413e-03 -2.006e-03 0.000e+00
1842 -3.555e-03 -3.653e-03 1.417e-03 0.000e+00
1843 1.289e-03 -4.339e-03 -2.859e-04 0.000e+00
1844 -3.954e-04 6.850e-04 -2.828e-03 0.000e+00
1845 4.284e-03 -4.112e-03 -7.217e-04 0.000e+00
1846 2.304e-03 -2.762e-03 7.922e-04 0.000e+00
1847 9.805e-04 -2.109e-04 3.127e-03 0.000e+00
1848 -5.976e-04 -2.632e-04 -6.954e-05 0.000e+00
1849 4.498e-04 -1.994e-03 1.223e-04 0.000e+00
1850 2.621e-03 -3.663e-03 -2.583e-03 0.000e+00
1851 -1.718e-03 -4.434e-03 -6.182e-04 0.000e+00
1852 7.800e-04 1.269e-03 3.929e-04 0.000e+00
1853 -3.662e-03 -3.550e-03 -2.552e-03 0.000e+00
1854 8.273e-04 6.233e-04 6.659e-04 0.000e+00
1855 -4.191e-03 -3.451e-03 2.055e-03 0.000e+00
1856 -3.480e-03 1.878e-03 -3.928e-04 0.000e+00
1857 -4.584e-04 3.258e-03 -9.668e-04 0.000e+00
1858 -2.404e-03 1.399e-03 1.241e-03 0.000e+00
1859 -3.267e-04 -3.090e-03 -2.265e-04 0.000e+00
1860 5.271e-03 -4.272e-03 -1.228e-04 0.000e+00
1861 -5.145e-03 8.838e-05 -4.450e-04 0.000e+00
1862 1.560e-03 4.023e-03 3.211e-03 0.000e+00
1863 2.805e-04 -4.364e-03 -1.355e-03 0.000e+00
1864 6.584e-04 -4.419e-03 -1.594e-04 0.000e+00
1865 2.117e-03 2.976e-04 1.812e-03 0.000e+00
1866 1.924e-03 -3.653e-03 3.408e-03 0.000e+00
1867 5.931e-04 -2.977e-03 3.165e-04 0.000e+00
1868 3.945e-03 3.808e-03 8.401e-03 0.000e+00
1869 -1.719e-03 -4.272e-03 -4.069e-04 0.000e+00
1870 -5.659e-03 1.019e-03 -3.262e-03 0.000e+00
1871 2.936e-03 5.526e-03 6.553e-03 -5.654e+01
1872 2.574e-04 8.273e-03 -5.414e-03 -4.053e+01
1873 -1.786e-03 -3.516e-03 3.165e-03 0.000e+00
1874 1.414e-03 2.287e-03 2.391e-03 0.000e+00
1875 -5.243e-03 -3.218e-03 3.376e-03 0.000e+00
1876 -1.335e-03 -4.034e-03 -5.124e-03 0.000e+00
1877 3.995e-03 3.865e-03 1.035e-03 0.000e+00
1878 2.604e-03 2.516e-05 1.729e-03 0.000e+00
1879 -5.088e-04 1.526e-03 -2.420e-03 0.000e+00
1880 1.015e-03 -4.376e-03 5.566e-03 0.000e+00
1881 5.223e-03 5.562e-03 3.461e-03 -7.189e+01
1882 -3.572e-03 4.255e-03 3.816e-03 0.000e+00
1883 -4.106e-03 3.948e-03 1.559e-03 0.000e+00
1884 -2.664e-03 2.889e-03 -2.387e-03 0.000e+00
1885 1.449e-03 -4.327e-03 -9.719e-04 0.000e+00
1886 3.950e-04 -4.101e-03 -3.120e-03 0.000e+00
1887 -1.905e-03 -4.291e-03 3.699e-03 0.000e+00
1888 -2.667e-03 -3.820e-03 -1.767e-03 0.000e+00
1889 -2.783e-03 -2.405e-03 3.087e-03 0.000e+00
1890 -2.685e-03 3.627e-03 3.339e-03 0.000e+00
1891 1.200e-04 2.467e-03 3.088e-03 0.000e+00
1892 3.879e-03 -4.395e-03 4.246e-03 0.000e+00
1893 4.383e-04 4.012e-03 -7.671e-03 0.000e+00
1894 8.645e-04 -2.898e-03 2.548e-03 0.000e+00
1895 3.601e-03 1.072e-03 3.855e-03 0.000e+00
1896 1.435e-03 1.350e-03 7.244e-03 0.000e+00
1897 8.139e-04 1.094e-03 -3.319e-04 0.000e+00
1898 5.072e-04 1.452e-03 -2.197e-03 0.000e+00
1899 -7.846e-04 -4.439e-03 -2.067e-03 0.000e+00
1900 -3.073e-03 -4.358e-03 -3.589e-03 0.000e+00
1901 -3.040e-03 1.672e-03 2.168e-03 0.000e+00
1902 3.953e-04 -3.247e-04 5.329e-03 0.000e+00
1903 1.299e-04 -3.582e-03 4.024e-03 0.000e+00
1904 -2.396e-03 1.982e-03 -7.764e-04 0.000e+00
1905 -2.010e-03 1.552e-03 -2.037e-03 0.000e+00
1906 -1.848e-03 -4.447e-03 5.774e-03 0.000e+00
1907 -7.871e-04 4.652e-04 -2.618e-04 0.000e+00
1908 9.332e-04 1.812e-03 -2.764e-03 0.000e+00
1909 -4.252e-03 -2.974e-03 -1.506e-04 0.000e+00
1910 -2.901e-03 -4.375e-03 -4.356e-03 0.000e+00
1911 -5.869e-04 3.895e-05 -2.134e-03 0.000e+00
1912 -6.166e-04 3.278e-03 5.625e-05 0.000e+00
1913 3.486e-03 5.969e-03 -2.925e-03 4.715e+01
1914 -5.643e-03 1.425e-03 -2.085e-03 0.000e+00
1915 -2.205e-03 -4.808e-04 -3.528e-03 0.000e+00
1916 -3.771e-03 2.683e-03 2.761e-03 0.000e+00
1917 -2.078e-03 1.736e-04 3.019e-03 0.000e+00
1918 2.319e-03 -3.792e-03 2.282e-03 0.000e+00
1919 -1.255e-03 2.492e-03 6.218e-04 0.000e+00
1920 -9.252e-04 -3.815e-03 -8.524e-04 0.000e+00
1921 -2.537e-03 4.226e-03 5.439e-04 0.000e+00
1922 1.639e-03 -2.598e-04 -4.816e-03 0.000e+00
1923 -1.247e-03 -3.961e-03 1.220e-03 0.000e+00
1924 -1.888e-03 -3.470e-03 2.995e-03 0.000e+00
1925 4.992e-04 -3.826e-03 4.633e-03 0.000e+00
1926 -7.327e-04 1.498e-03 -3.685e-03 0.000e+00
1927 1.549e-03 1.139e-03 3.418e-03 0.000e+00
1928 4.229e-03 1.834e-03 4.149e-03 0.000e+00
1929 6.453e-04 7.272e-04 2.158e-05 0.000e+00
1930 1.625e-04 -3.064e-03 3.380e-03 0.000e+00
1931 4.401e-03 -4.250e-03 -1.105e-03 0.000e+00
1932 1.458e-03 3.912e-03 5.299e-04 0.000e+00
1933 -5.335e-03 5.721e-03 -5.913e-05 3.652e+01
1934 1.398e-03 -4.475e-03 3.541e-04 0.000e+00
1935 -3.176e-03 1.621e-03 -4.330e-03 0.000e+00
1936 1.304e-03 2.319e-04 1.111e-03 0.000e+00
1937 -1.033e-03 -2.229e-03 -1.363e-03 0.000e+00
1938 6.462e-03 7.081e-03 2.491e-04 -1.034e+02
1939 -2.086e-03 4.198e-03 1.852e-03 0.000e+00
1940 5.069e-04 -6.307e-04 2.415e-03 0.000e+00
1941 -3.962e-03 3.699e-03 -1.195e-03 0.000e+00
1942 -1.364e-03 7.090e-03 5.641e-03 -9.747e+01
1943 4.097e-04 2.737e-03 6.222e-03 0.000e+00
1944 -1.642e-03 -2.084e-03 4.646e-03 0.000e+00
1945 4.304e-03 -3.812e-03 -1.562e-04 0.000e+00
1946 -5.418e-03 -3.439e-03 9.670e-04 0.000e+00
1947 -6.232e-03 -2.217e-03 2.172e-03 0.000e+00
1948 -1.702e-03 6.529e-03 2.554e-04 -1.030e+02
1949 3.364e-03 2.009e-03 -1.131e-04 0.000e+00
1950 1.425e-03 1.131e-03 -2.612e-03 0.000e+00
1951 5.940e-03 4.873e-03 -2.463e-03 2.650e+01
1952 6.509e-03 -4.275e-03 8.711e-03 0.000e+00
1953 3.377e-04 5.350e-03 2.668e-03 3.922e+01
1954 3.676e-03 1.366e-03 7.530e-04 0.000e+00
1955 -2.649e-03 4.589e-03 1.649e-03 0.000e+00
1956 4.636e-03 6.017e-03 -1.862e-03 -3.272e+01
1957 4.945e-03 4.218e-04 3.764e-03 0.000e+00
1958 1.216e-03 3.006e-03 1.437e-03 0.000e+00
1959 -3.212e-03 -4.472e-03 -2.938e-03 0.000e+00
1960 3.269e-03 -4.456e-03 -3.531e-05 0.000e+00
1961 1.860e-03 1.073e-03 -1.910e-03 0.000e+00
1962 -1.063e-05 -2.080e-03 -2.801e-03 0.000e+00
1963 2.063e-04 3.376e-03 1.468e-03 0.000e+00
1964 -2.481e-03 2.107e-03 -1.239e-03 0.000e+00
1965 -3.967e-03 3.912e-03 -1.711e-03 0.000e+00
1966 -3.754e-03 -4.384e-03 3.584e-03 0.000e+00
1967 -1.128e-03 2.805e-03 -2.938e-04 0.000e+00
1968 -7.672e-04 -3.547e-03 -2.679e-03 0.000e+00
1969 2.813e-03 4.649e-03 5.308e-03 0.000e+00
1970 -2.987e-03 -2.119e-03 2.011e-03 0.000e+00
1971 -3.313e-03 3.866e-03 -2.654e-03 0.000e+00
1972 1.677e-03 -3.527e-03 -1.335e-03 0.000e+00
1973 5.081e-03 -3.331e-03 2.906e-03 0.000e+00
1974 6.512e-03 -3.841e-03 4.435e-03 0.000e+00
1975 -4.055e-03 2.479e-03 -1.055e-03 0.000e+00
1976 -3.350e-03 -3.116e-03 5.807e-04 0.000e+00
1977 -5.217e-03 -2.697e-03 -4.483e-03 0.000e+00
1978 -1.138e-03 2.269e-03 -4.080e-03 0.000e+00
1979 -3.415e-03 -4.377e-03 -1.253e-03 0.000e+00
1980 -2.691e-03 -4.136e-03 2.891e-03 0.000e+00
1981 3.335e-03 -2.371e-03 -5.785e-04 0.000e+00
1982 1.043e-03 -4.458e-03 -4.485e-04 0.000e+00
1983 -1.531e-03 2.028e-03 -3.512e-03 0.000e+00
1984 6.823e-04 4.434e-03 1.019e-02 0.000e+00
1985 -7.659e-03 8.432e-04 -3.337e-03 0.000e+00
1986 5.342e-04 -3.878e-03 -1.588e-03 0.000e+00
1987 -5.162e-03 -1.892e-03 4.311e-03 0.000e+00
1988 -1.850e-03 -1.857e-06 1.226e-03 0.000e+00
1989 -2.464e-03 1.001e-03 1.691e-03 0.000e+00
1990 -6.582e-04 -2.909e-03 -5.692e-03 0.000e+00
1991 -5.930e-04 1.513e-03 -1.090e-03 0.000e+00
1992 -1.834e-03 2.407e-03 4.302e-04 0.000e+00
1993 -3.621e-03 2.229e-03 -3.707e-03 0.000e+00
1994 -2.558e-03 -3.123e-03 -1.582e-03 0.000e+00
1995 -3.606e-04 2.418e-03 1.549e-03 0.000e+00
1996 1.317e-03 2.392e-03 -2.496e-03 0.000e+00
1997 2.638e-03 4.601e-03 -2.085e-03 0.000e+00
1998 1.963e-03 5.281e-03 -2.730e-03 2.779e+01
1999 -2.294e-03 3.578e-03 -5.390e-05 0.000e+00
2000 -7.179e-03 1.823e-03 7.611e-04 0.000e+00
2001 -1.601e-03 3.793e-03 8.191e-04 0.000e+00
2002 2.138e-03 1.665e-03 -1.099e-03 0.000e+00
2003 4.361e-03 -1.643e-04 -1.332e-03 0.000e+00
2004 1.898e-03 -2.416e-03 1.959e-03 0.000e+00
2005 2.932e-03 -3.493e-03 1.036e-03 0.000e+00
2006 7.401e-04 6.548e-04 3.276e-03 0.000e+00
2007 3.822e-03 -3.872e-03 -4.821e-03 0.000e+00
2008 -6.945e-04 5.631e-03 -1.265e-03 1.544e+01
2009 1.339e-03 7.605e-03 -2.712e-03 -6.587e+01
2010 -3.176e-03 1.319e-04 4.691e-03 0.000e+00
2011 -2.323e-03 8.896e-04 4.917e-03 0.000e+00
2012 2.236e-03 6.518e-05 1.706e-04 0.000e+00
2013 3.041e-03 2.874e-04 -3.408e-03 0.000e+00
2014 4.048e-03 7.617e-04 2.256e-03 0.000e+00
2015 -1.892e-03 -3.880e-03 4.813e-04 0.000e+00
2016 -1.100e-03 3.893e-04 2.628e-03 0.000e+00
2017 3.867e-03 -2.343e-03 4.127e-03 0.000e+00
2018 -4.993e-03 1.615e-03 2.635e-03 0.000e+00
2019 2.212e-03 -3.020e-03 1.931e-03 0.000e+00
2020 -7.677e-03 3.173e-03 1.666e-03 0.000e+00
2021 6.198e-03 5.004e-03 2.883e-03 -7.810e+01
2022 -4.547e-04 -5.063e-04 -5.019e-03 0.000e+00
2023 6.318e-03 -3.711e-03 1.795e-03 0.000e+00
2024 -2.037e-04 -1.885e-03 3.421e-03 0.000e+00
2025 2.004e-03 2.531e-03 -1.579e-03 0.000e+00
2026 2.947e-03 1.653e-03 1.418e-04 0.000e+00
2027 9.598e-04 -6.139e-04 6.361e-03 0.000e+00
2028 2.818e-03 2.907e-03 3.564e-03 0.000e+00
2029 -5.836e-04 2.293e-03 2.851e-04 0.000e+00
2030 -1.959e-03 -3.843e-03 3.691e-03 0.000e+00
2031 5.459e-04 -4.501e-03 5.189e-03 0.000e+00
2032 -3.496e-03 2.230e-03 5.429e-03 0.000e+00
2033 7.640e-03 3.321e-03 -8.136e-04 0.000e+00
2034 -7.979e-04 1.360e-03 -3.842e-06 0.000e+00
2035 -9.194e-03 -3.644e-03 -4.077e-03 0.000e+00
2036 -2.973e-03 4.296e-03 6.216e-03 0.000e+00
2037 -1.724e-04 -3.872e-03 1.961e-04 0.000e+00
2038 -1.483e-03 -4.525e-03 -6.938e-04 0.000e+00
2039 1.306e-03 2.828e-03 1.269e-03 0.000e+00
2040 -2.602e-03 1.649e-03 1.750e-03 0.000e+00
2041 1.073e-03 2.830e-03 2.287e-03 0.000e+00
2042 2.739e-04 2.674e-03 2.910e-03 0.000e+00
2043 5.049e-04 4.615e-03 5.181e-03 0.000e+00
2044 3.499e-04 8.307e-04 3.034e-03 0.000e+00
2045 -3.931e-05 1.822e-03 -5.913e-03 0.000e+00
2046 2.833e-03 -3.563e-03 -2.128e-03 0.000e+00
2047 -1.154e-03 -4.436e-03 -2.313e-03 0.000e+00
