Bin I L V PA
0 5.995e-03 6.979e-03 -3.133e-05 2.382e+01
1 3.264e-03 -4.925e-03 -2.268e-03 0.000e+00
2 9.400e-03 -3.658e-03 1.006e-03 0.000e+00
3 2.015e-03 -4.132e-03 -1.448e-03 0.000e+00
4 -2.228e-04 -3.831e-03 -2.997e-03 0.000e+00
5 9.017e-03 2.674e-03 6.828e-03 0.000e+00
6 9.379e-03 7.625e-03 -3.254e-03 1.919e+01
7 -7.362e-04 -4.106e-04 -3.287e-03 0.000e+00
8 -1.244e-03 4.467e-03 2.321e-03 0.000e+00
9 -1.355e-03 1.066e-03 2.964e-03 0.000e+00
10 2.939e-03 -3.543e-03 4.381e-03 0.000e+00
11 3.682e-04 -5.240e-03 4.381e-03 0.000e+00
12 3.061e-03 3.554e-03 -2.299e-03 0.000e+00
13 8.758e-03 8.780e-04 1.020e-03 0.000e+00
14 -2.845e-03 3.369e-03 2.541e-03 0.000e+00
15 2.654e-03 2.984e-03 1.280e-03 0.000e+00
16 2.539e-04 1.133e-04 2.951e-04 0.000e+00
17 8.855e-03 -3.211e-03 1.505e-03 0.000e+00
18 7.283e-05 5.583e-03 -4.522e-03 0.000e+00
19 3.280e-03 -5.678e-03 4.849e-03 0.000e+00
20 6.241e-03 8.249e-03 -2.058e-03 1.225e+02
21 -5.516e-03 6.003e-03 -4.043e-03 0.000e+00
22 2.820e-03 -5.184e-03 -5.225e-05 0.000e+00
23 6.185e-03 -4.752e-03 -6.939e-04 0.000e+00
24 -1.024e-03 6.400e-03 6.954e-04 0.000e+00
25 -6.611e-04 6.765e-03 -4.463e-03 -4.364e+01
26 1.540e-03 -5.549e-03 2.608e-03 0.000e+00
27 2.119e-03 -3.092e-03 1.207e-03 0.000e+00
28 4.987e-04 -5.098e-03 -2.930e-03 0.000e+00
29 5.351e-03 -4.105e-03 2.139e-03 0.000e+00
30 -2.292e-03 -2.898e-04 -3.286e-03 0.000e+00
31 -2.433e-03 3.387e-04 4.484e-03 0.000e+00
32 1.841e-03 -3.124e-03 2.447e-03 0.000e+00
33 2.095e-03 1.006e-03 -1.170e-03 0.000e+00
34 -3.072e-03 -5.498e-03 -4.206e-04 0.000e+00
35 4.322e-03 -5.130e-03 -4.983e-03 0.000e+00
36 1.280e-03 2.338e-03 4.200e-03 0.000e+00
37 -1.692e-03 1.997e-03 7.683e-04 0.000e+00
38 1.362e-03 5.529e-03 -6.796e-04 0.000e+00
39 5.108e-03 -4.799e-04 3.455e-03 0.000e+00
40 -1.646e-03 -4.431e-03 -2.106e-03 0.000e+00
41 1.065e-03 -3.775e-03 8.151e-03 0.000e+00
42 2.721e-03 6.479e-03 -7.327e-03 9.168e+01
43 -3.256e-03 5.002e-03 -6.498e-03 0.000e+00
44 3.785e-04 1.307e-03 -4.267e-03 0.000e+00
45 1.008e-02 -5.031e-03 4.782e-03 0.000e+00
46 6.166e-03 3.590e-03 2.566e-03 0.000e+00
47 4.154e-03 -5.716e-03 -2.511e-04 0.000e+00
48 -5.866e-03 -5.076e-03 -3.103e-03 0.000e+00
49 9.781e-04 3.977e-03 -7.189e-04 0.000e+00
50 1.335e-03 -4.606e-03 8.364e-03 0.000e+00
51 6.103e-03 5.217e-04 -4.423e-04 0.000e+00
52 -5.061e-03 -5.728e-03 -2.568e-03 0.000e+00
53 -3.601e-03 -1.806e-03 -1.740e-03 0.000e+00
54 -4.179e-03 -4.627e-03 1.554e-03 0.000e+00
55 2.392e-03 2.914e-04 2.606e-03 0.000e+00
56 6.650e-03 -2.503e-03 -5.241e-04 0.000e+00
57 4.127e-05 2.132e-03 3.385e-03 0.000e+00
58 3.444e-03 8.925e-03 2.596e-03 1.371e+01
59 -2.636e-03 -5.248e-03 -4.393e-03 0.000e+00
60 -2.575e-04 -4.349e-03 -6.112e-03 0.000e+00
61 9.181e-03 2.958e-03 3.127e-04 0.000e+00
62 1.680e-03 -5.028e-04 1.520e-03 0.000e+00
63 -1.551e-03 4.894e-03 -4.745e-03 0.000e+00
64 -7.451e-03 1.253e-03 3.832e-03 0.000e+00
65 -2.489e-03 2.655e-03 1.130e-02 0.000e+00
66 -7.988e-04 -7.601e-04 -7.640e-04 0.000e+00
67 1.962e-03 -2.801e-03 -1.623e-03 0.000e+00
68 -2.594e-03 6.653e-03 -7.135e-03 1.202e+02
69 -7.334e-03 1.875e-03 3.912e-03 0.000e+00
70 1.306e-03 1.168e-03 -2.250e-03 0.000e+00
71 -3.214e-03 -3.768e-03 -2.358e-03 0.000e+00
72 -2.673e-03 -4.032e-03 -1.971e-03 0.000e+00
73 -3.810e-03 7.245e-04 7.812e-03 0.000e+00
74 -1.890e-03 4.078e-04 -4.252e-03 0.000e+00
75 2.329e-03 -5.096e-03 6.013e-03 0.000e+00
76 4.249e-03 3.907e-03 -2.356e-03 0.000e+00
77 6.699e-04 6.966e-03 4.117e-04 -1.226e+01
78 4.096e-03 -5.203e-03 2.849e-04 0.000e+00
79 -3.668e-03 -3.648e-03 -4.459e-03 0.000e+00
80 9.020e-03 4.771e-03 3.413e-03 0.000e+00
81 7.435e-04 -5.659e-03 -4.439e-04 0.000e+00
82 5.918e-03 -5.641e-03 3.878e-03 0.000e+00
83 -2.493e-03 -5.216e-03 -2.452e-04 0.000e+00
84 -2.029e-03 -4.911e-03 -5.502e-04 0.000e+00
85 2.933e-03 2.533e-03 -6.298e-03 0.000e+00
86 1.099e-03 -1.305e-03 -3.753e-03 0.000e+00
87 -5.991e-05 2.366e-03 9.256e-04 0.000e+00
88 -5.049e-03 -5.048e-03 6.042e-04 0.000e+00
89 -2.576e-03 3.293e-03 -3.877e-03 0.000e+00
90 -1.264e-03 -4.048e-03 -6.484e-03 0.000e+00
91 -2.747e-03 -4.622e-03 -2.863e-03 0.000e+00
92 -5.852e-04 -4.654e-03 5.248e-03 0.000e+00
93 -1.045e-03 -5.117e-03 -2.811e-03 0.000e+00
94 -5.185e-03 -4.371e-03 8.148e-04 0.000e+00
95 -2.260e-03 -5.640e-03 1.291e-03 0.000e+00
96 3.799e-03 -1.289e-03 -5.972e-03 0.000e+00
97 1.854e-03 3.281e-03 -3.152e-03 0.000e+00
98 -3.743e-03 3.595e-03 6.986e-03 0.000e+00
99 -4.683e-03 2.779e-03 1.048e-03 0.000e+00
100 -2.822e-03 2.438e-03 2.667e-03 0.000e+00
101 -6.963e-04 2.251e-03 5.800e-03 0.000e+00
102 -2.570e-03 4.130e-03 3.358e-03 0.000e+00
103 6.259e-03 2.182e-03 -2.236e-04 0.000e+00
104 -7.362e-03 1.831e-03 5.687e-03 0.000e+00
105 -1.342e-02 -4.746e-03 -7.361e-03 0.000e+00
106 -4.115e-03 -3.647e-03 4.206e-03 0.000e+00
107 -2.500e-03 -2.519e-03 8.397e-04 0.000e+00
108 -3.050e-03 -5.034e-04 -3.827e-03 0.000e+00
109 4.019e-03 -3.063e-03 -3.965e-03 0.000e+00
110 8.462e-04 -5.596e-03 4.669e-03 0.000e+00
111 1.497e-03 -5.741e-03 2.541e-03 0.000e+00
112 4.130e-03 1.811e-03 5.793e-03 0.000e+00
113 -2.060e-03 2.958e-03 4.880e-03 0.000e+00
114 -5.284e-03 -4.512e-03 -5.440e-04 0.000e+00
115 -6.829e-03 8.641e-05 2.806e-03 0.000e+00
116 1.081e-03 -4.549e-03 -1.417e-03 0.000e+00
117 -2.178e-03 4.345e-04 8.243e-03 0.000e+00
118 1.988e-03 4.813e-03 -5.471e-03 0.000e+00
119 -4.407e-03 2.570e-03 4.411e-03 0.000e+00
120 -5.031e-03 5.093e-03 -5.077e-03 0.000e+00
121 2.011e-03 5.957e-03 5.563e-03 0.000e+00
122 -9.067e-04 -5.285e-03 -4.437e-03 0.000e+00
123 -1.000e-02 -5.680e-03 1.033e-03 0.000e+00
124 3.376e-03 -4.892e-03 -2.361e-03 0.000e+00
125 8.111e-03 -5.353e-03 -3.240e-03 0.000e+00
126 -3.009e-03 -5.653e-03 6.802e-03 0.000e+00
127 4.867e-04 3.141e-03 -9.969e-04 0.000e+00
128 -1.014e-03 -5.468e-03 4.331e-03 0.000e+00
129 -2.842e-03 -3.434e-04 7.955e-04 0.000e+00
130 4.257e-03 8.679e-03 3.311e-03 1.675e+01
131 3.230e-03 -5.429e-03 2.142e-04 0.000e+00
132 1.620e-03 -4.318e-03 3.393e-03 0.000e+00
133 2.352e-03 -4.349e-04 -3.987e-04 0.000e+00
134 -1.481e-03 2.551e-03 -2.430e-03 0.000e+00
135 -3.210e-03 3.490e-03 1.554e-03 0.000e+00
136 1.351e-03 -3.348e-03 6.727e-04 0.000e+00
137 6.470e-03 4.301e-03 -1.011e-03 0.000e+00
138 2.295e-03 5.863e-03 2.971e-03 0.000e+00
139 4.566e-03 1.524e-03 -3.578e-03 0.000e+00
140 1.904e-03 5.169e-03 -7.541e-04 0.000e+00
141 6.776e-03 -5.486e-03 -5.082e-04 0.000e+00
142 4.976e-03 6.165e-03 -2.578e-03 0.000e+00
143 1.086e-03 2.086e-03 6.376e-05 0.000e+00
144 -1.644e-03 8.640e-03 5.709e-03 1.308e+02
145 3.009e-03 -1.747e-04 2.422e-03 0.000e+00
146 -4.959e-03 -4.033e-03 4.766e-03 0.000e+00
147 -1.605e-03 2.011e-03 3.972e-03 0.000e+00
148 -8.350e-04 3.331e-03 3.985e-03 0.000e+00
149 -4.397e-03 5.691e-03 -6.790e-05 0.000e+00
150 5.456e-03 -2.875e-03 1.434e-03 0.000e+00
151 -3.702e-03 8.357e-03 2.948e-03 1.216e+02
152 1.286e-03 -4.841e-03 5.034e-03 0.000e+00
153 -1.264e-03 2.164e-03 -2.049e-03 0.000e+00
154 3.088e-03 5.369e-03 1.097e-03 0.000e+00
155 5.987e-04 2.910e-03 -7.983e-03 0.000e+00
156 3.447e-04 -3.946e-04 -1.595e-03 0.000e+00
157 -1.664e-03 4.536e-03 -4.420e-03 0.000e+00
158 -6.429e-03 5.554e-03 3.038e-03 0.000e+00
159 -1.277e-03 -2.901e-03 -6.716e-03 0.000e+00
160 2.106e-03 -4.757e-04 1.812e-03 0.000e+00
161 -3.024e-04 -3.871e-03 -3.407e-03 0.000e+00
162 -4.040e-03 -5.302e-03 2.182e-03 0.000e+00
163 -9.644e-03 -3.063e-03 -2.188e-03 0.000e+00
164 3.987e-03 -5.613e-03 -3.239e-03 0.000e+00
165 -6.747e-03 7.449e-04 -1.591e-03 0.000e+00
166 5.544e-04 -4.147e-05 -9.297e-05 0.000e+00
167 -2.970e-03 -4.313e-03 -1.520e-03 0.000e+00
168 -4.732e-03 1.223e-03 3.841e-03 0.000e+00
169 -6.986e-04 1.584e-03 -6.917e-03 0.000e+00
170 -1.050e-03 4.775e-03 -2.462e-04 0.000e+00
171 -2.489e-03 -3.330e-03 1.953e-03 0.000e+00
172 -3.363e-03 5.435e-03 -5.542e-03 0.000e+00
173 -5.313e-05 5.894e-03 -1.306e-03 0.000e+00
174 1.243e-03 -5.340e-03 -3.128e-03 0.000e+00
175 -2.252e-04 -5.182e-03 -4.569e-03 0.000e+00
176 6.155e-03 2.759e-03 7.212e-04 0.000e+00
177 -4.901e-03 -4.694e-03 -9.632e-04 0.000e+00
178 -2.968e-03 -4.930e-03 -1.358e-03 0.000e+00
179 3.225e-03 -3.508e-03 3.194e-03 0.000e+00
180 -5.185e-04 6.498e-03 -5.433e-03 6.796e+01
181 3.121e-03 -5.517e-03 -9.050e-03 0.000e+00
182 -1.295e-03 5.913e-03 -4.640e-03 0.000e+00
183 -1.854e-03 3.832e-03 -1.583e-03 0.000e+00
184 9.713e-04 1.393e-03 -6.532e-03 0.000e+00
185 1.745e-03 -3.132e-06 7.975e-03 0.000e+00
186 9.551e-04 -5.305e-03 -4.221e-03 0.000e+00
187 4.430e-03 -4.509e-03 -7.693e-04 0.000e+00
188 -1.965e-03 -4.040e-03 7.201e-03 0.000e+00
189 -2.126e-03 -4.986e-03 -1.551e-03 0.000e+00
190 -3.411e-03 5.231e-03 6.239e-03 0.000e+00
191 2.815e-03 5.421e-03 -2.676e-03 0.000e+00
192 -1.546e-04 -3.447e-03 -9.434e-03 0.000e+00
193 -2.232e-03 -4.858e-03 5.750e-03 0.000e+00
194 -6.690e-03 -4.116e-03 -7.531e-04 0.000e+00
195 3.247e-03 4.051e-03 2.889e-03 0.000e+00
196 -9.458e-03 5.452e-03 3.497e-03 0.000e+00
197 -1.053e-02 -5.630e-03 -1.596e-03 0.000e+00
198 -1.872e-03 -4.071e-03 -1.913e-03 0.000e+00
199 1.884e-03 6.075e-03 2.311e-03 0.000e+00
200 2.920e-03 5.970e-03 6.000e-04 0.000e+00
201 4.812e-03 1.313e-03 1.808e-03 0.000e+00
202 2.796e-03 1.417e-03 -2.776e-04 0.000e+00
203 -2.357e-03 1.223e-04 2.250e-03 0.000e+00
204 2.644e-03 -4.049e-03 1.409e-04 0.000e+00
205 7.380e-04 2.637e-03 -8.134e-03 0.000e+00
206 -2.875e-03 3.079e-03 2.318e-03 0.000e+00
207 3.356e-03 5.415e-03 -8.184e-04 0.000e+00
208 -6.020e-03 2.004e-03 -2.691e-03 0.000e+00
209 -5.269e-04 5.371e-03 -2.763e-03 0.000e+00
210 1.786e-03 1.679e-03 2.515e-04 0.000e+00
211 5.439e-03 -4.203e-03 -2.450e-03 0.000e+00
212 2.764e-05 -1.444e-04 3.148e-03 0.000e+00
213 -2.981e-04 -4.826e-03 4.447e-03 0.000e+00
214 -2.889e-03 -5.062e-03 2.003e-03 0.000e+00
215 -1.949e-03 8.675e-03 8.883e-04 -3.547e+01
216 7.444e-04 -5.504e-03 4.190e-03 0.000e+00
217 2.236e-03 3.102e-03 3.883e-03 0.000e+00
218 4.473e-03 -4.216e-03 6.554e-04 0.000e+00
219 -1.919e-03 -4.449e-03 7.046e-03 0.000e+00
220 -6.166e-03 -4.774e-04 4.338e-03 0.000e+00
221 2.692e-03 7.685e-03 -2.661e-03 8.142e+01
222 -2.829e-04 2.585e-03 -2.770e-03 0.000e+00
223 1.565e-03 -4.216e-03 3.349e-03 0.000e+00
224 2.089e-03 4.527e-03 -3.895e-03 0.000e+00
225 5.981e-03 -3.962e-03 -3.239e-03 0.000e+00
226 2.543e-03 -4.899e-03 -4.190e-05 0.000e+00
227 4.472e-03 -5.633e-03 -5.504e-03 0.000e+00
228 5.789e-03 1.935e-03 3.475e-03 0.000e+00
229 -2.233e-03 5.249e-03 -1.865e-03 0.000e+00
230 2.612e-04 -5.267e-03 -3.847e-03 0.000e+00
231 3.980e-03 -5.547e-03 2.007e-03 0.000e+00
232 -2.920e-03 2.733e-03 -1.680e-03 0.000e+00
233 -6.660e-04 -4.325e-03 -6.657e-03 0.000e+00
234 5.871e-03 -5.002e-03 -2.430e-03 0.000e+00
235 -4.299e-03 -3.205e-03 2.549e-03 0.000e+00
236 4.818e-03 1.837e-03 2.960e-03 0.000e+00
237 -7.090e-04 1.066e-03 3.456e-03 0.000e+00
238 -7.344e-04 -4.913e-03 -1.392e-03 0.000e+00
239 -6.030e-04 2.899e-03 3.528e-03 0.000e+00
240 9.244e-03 5.027e-03 -2.538e-04 0.000e+00
241 -2.681e-03 -5.385e-03 -2.789e-03 0.000e+00
242 3.956e-03 5.571e-03 1.729e-04 0.000e+00
243 -2.699e-04 1.544e-03 3.703e-03 0.000e+00
244 1.270e-03 -4.981e-03 3.676e-03 0.000e+00
245 5.700e-03 3.069e-03 1.737e-04 0.000e+00
246 3.224e-03 -2.886e-03 -1.021e-04 0.000e+00
247 4.961e-03 -3.989e-03 -7.163e-04 0.000e+00
248 6.061e-03 2.529e-03 -6.848e-04 0.000e+00
249 5.596e-03 -4.354e-03 -3.531e-03 0.000e+00
250 -3.153e-03 3.389e-03 -3.978e-03 0.000e+00
251 6.700e-03 -3.728e-03 4.372e-04 0.000e+00
252 1.157e-03 -3.668e-03 6.074e-03 0.000e+00
253 7.796e-03 -1.135e-05 -1.901e-03 0.000e+00
254 3.081e-03 -5.433e-03 -1.715e-03 0.000e+00
255 4.289e-03 -5.227e-03 -6.363e-04 0.000e+00
256 -1.797e-03 3.633e-03 1.481e-03 0.000e+00
257 2.793e-03 2.997e-03 -2.262e-03 0.000e+00
258 2.177e-03 4.631e-03 -7.473e-05 0.000e+00
259 8.031e-03 -7.545e-04 1.694e-03 0.000e+00
260 -2.743e-03 3.434e-03 -5.822e-04 0.000e+00
261 6.207e-03 -3.343e-03 6.353e-04 0.000e+00
262 4.125e-03 -1.254e-03 -3.969e-03 0.000e+00
263 4.201e-03 7.768e-03 7.908e-03 1.245e+02
264 -6.679e-03 -4.929e-03 8.493e-03 0.000e+00
265 -4.665e-03 2.331e-03 -6.886e-04 0.000e+00
266 -6.299e-03 -4.430e-03 6.987e-04 0.000e+00
267 2.837e-03 -3.765e-03 -2.049e-03 0.000e+00
268 -1.233e-03 -4.796e-03 4.434e-03 0.000e+00
269 3.802e-03 3.731e-03 2.048e-03 0.000e+00
270 9.338e-03 -5.758e-03 2.498e-03 0.000e+00
271 -1.410e-03 4.015e-03 4.130e-03 0.000e+00
272 4.283e-03 -5.412e-03 -2.118e-03 0.000e+00
273 5.656e-03 -3.137e-03 2.511e-03 0.000e+00
274 4.198e-03 2.582e-03 5.619e-03 0.000e+00
275 3.422e-03 4.031e-04 -3.848e-04 0.000e+00
276 5.909e-03 3.978e-03 -7.814e-03 0.000e+00
277 2.929e-03 2.028e-03 -1.955e-03 0.000e+00
278 3.191e-03 -4.586e-03 3.699e-03 0.000e+00
279 2.330e-03 1.552e-03 -3.426e-03 0.000e+00
280 6.751e-03 1.508e-03 -5.808e-04 0.000e+00
281 3.422e-04 3.252e-03 5.432e-03 0.000e+00
282 -1.858e-03 1.041e-03 4.523e-03 0.000e+00
283 -6.530e-03 -5.500e-03 -1.924e-03 0.000e+00
284 8.305e-03 -4.643e-03 6.477e-04 0.000e+00
285 5.663e-03 -4.972e-03 2.481e-03 0.000e+00
286 3.470e-03 -4.258e-03 -7.741e-03 0.000e+00
287 7.239e-03 6.649e-03 3.703e-03 9.379e+01
288 1.576e-03 -3.735e-03 -1.606e-03 0.000e+00
289 -4.044e-03 -5.459e-03 -2.088e-03 0.000e+00
290 2.174e-03 -5.487e-03 6.734e-04 0.000e+00
291 -8.502e-04 7.738e-03 1.388e-03 8.777e+01
292 2.987e-03 6.755e-03 1.992e-03 5.676e+01
293 -5.998e-03 4.327e-03 -2.017e-03 0.000e+00
294 1.037e-02 4.839e-03 1.007e-04 0.000e+00
295 -3.354e-03 7.226e-03 1.533e-03 8.834e+01
296 -1.001e-03 -2.792e-03 -1.507e-03 0.000e+00
297 1.171e-03 -5.344e-03 4.471e-03 0.000e+00
298 -1.678e-03 -5.572e-03 -3.160e-03 0.000e+00
299 5.634e-03 4.411e-03 8.444e-03 0.000e+00
300 -1.768e-03 -4.801e-03 4.686e-03 0.000e+00
301 7.331e-03 -5.330e-03 -6.128e-03 0.000e+00
302 -4.477e-04 -4.404e-03 3.817e-03 0.000e+00
303 -7.701e-03 1.969e-03 2.845e-03 0.000e+00
304 1.423e-03 8.529e-03 4.997e-03 1.071e+02
305 1.387e-04 -5.477e-03 -1.152e-03 0.000e+00
306 1.163e-03 -5.263e-03 1.289e-03 0.000e+00
307 2.041e-03 -5.707e-03 -8.281e-04 0.000e+00
308 1.675e-03 2.713e-03 -6.167e-03 0.000e+00
309 -1.283e-03 -5.130e-03 7.268e-03 0.000e+00
310 1.688e-03 -7.109e-04 -3.530e-03 0.000e+00
311 -3.981e-04 1.107e-02 7.228e-03 6.779e+01
312 -1.346e-03 -3.489e-03 3.112e-03 0.000e+00
313 -6.131e-04 -3.827e-03 1.295e-03 0.000e+00
314 5.268e-03 -3.062e-03 4.560e-04 0.000e+00
315 9.286e-03 3.720e-03 2.734e-03 0.000e+00
316 2.208e-03 -7.921e-04 -1.538e-03 0.000e+00
317 -2.338e-03 2.064e-03 6.986e-03 0.000e+00
318 1.537e-05 2.144e-03 2.259e-04 0.000e+00
319 8.852e-04 2.847e-03 3.894e-03 0.000e+00
320 5.436e-03 1.636e-03 7.491e-03 0.000e+00
321 2.630e-03 4.708e-03 3.738e-03 0.000e+00
322 -2.018e-03 1.714e-03 4.729e-03 0.000e+00
323 -2.163e-03 -5.246e-03 1.639e-03 0.000e+00
324 7.962e-04 2.179e-03 -1.563e-04 0.000e+00
325 7.079e-04 5.010e-03 6.468e-03 0.000e+00
326 1.780e-04 1.561e-03 8.025e-04 0.000e+00
327 2.316e-03 -3.991e-04 4.744e-03 0.000e+00
328 -3.417e-03 1.798e-03 2.700e-03 0.000e+00
329 1.818e-03 6.054e-03 2.449e-03 0.000e+00
330 6.094e-03 2.309e-03 -2.661e-03 0.000e+00
331 3.819e-03 3.961e-03 2.096e-03 0.000e+00
332 3.339e-03 -3.104e-03 -3.516e-04 0.000e+00
333 2.102e-03 -5.190e-03 3.046e-04 0.000e+00
334 -2.686e-05 -4.281e-03 -6.535e-04 0.000e+00
335 1.038e-03 2.816e-03 5.758e-03 0.000e+00
336 2.020e-03 2.411e-03 2.017e-03 0.000e+00
337 5.425e-04 -3.409e-03 1.133e-03 0.000e+00
338 -3.424e-03 -4.434e-03 9.054e-03 0.000e+00
339 8.132e-03 -6.821e-04 -2.397e-03 0.000e+00
340 1.694e-03 3.710e-03 -1.780e-03 0.000e+00
341 -7.370e-03 2.047e-03 4.746e-03 0.000e+00
342 1.799e-03 -5.684e-03 -3.479e-03 0.000e+00
343 9.234e-04 3.094e-03 1.570e-03 0.000e+00
344 -9.808e-04 2.055e-03 6.308e-04 0.000e+00
345 -3.740e-03 -4.530e-03 -5.151e-03 0.000e+00
346 1.306e-03 5.375e-03 -1.077e-03 0.000e+00
347 -2.872e-03 1.468e-03 2.881e-03 0.000e+00
348 -4.557e-04 5.855e-04 -2.534e-03 0.000e+00
349 -1.401e-03 4.622e-03 -1.383e-03 0.000e+00
350 6.907e-04 1.529e-03 1.703e-03 0.000e+00
351 4.023e-03 -5.036e-03 -5.395e-04 0.000e+00
352 -1.197e-03 -2.873e-03 -2.373e-03 0.000e+00
353 -2.599e-03 -3.933e-03 -2.450e-03 0.000e+00
354 5.285e-03 4.534e-03 2.269e-03 0.000e+00
355 -1.044e-03 3.168e-03 6.544e-03 0.000e+00
356 2.706e-03 -5.335e-04 9.161e-04 0.000e+00
357 5.766e-04 1.008e-03 6.386e-04 0.000e+00
358 2.474e-03 1.046e-03 6.467e-05 0.000e+00
359 -8.875e-03 6.979e-03 3.660e-03 1.270e+02
360 -2.026e-04 3.630e-03 1.312e-03 0.000e+00
361 -1.640e-04 -7.329e-04 2.964e-03 0.000e+00
362 -4.369e-03 -5.356e-03 4.079e-03 0.000e+00
363 2.164e-03 -3.785e-03 6.233e-03 0.000e+00
364 7.225e-03 -5.542e-03 4.135e-03 0.000e+00
365 5.317e-03 -5.111e-03 8.478e-04 0.000e+00
366 -4.913e-05 2.115e-03 -5.789e-03 0.000e+00
367 -4.292e-03 7.013e-03 4.494e-04 2.671e+01
368 -3.769e-03 2.431e-03 -2.853e-03 0.000e+00
369 2.281e-03 2.035e-03 -5.348e-03 0.000e+00
370 1.884e-03 -1.192e-03 4.066e-04 0.000e+00
371 -2.356e-03 5.098e-03 4.186e-03 0.000e+00
372 -5.705e-03 -5.332e-03 -1.536e-03 0.000e+00
373 2.504e-03 -7.532e-04 -2.717e-03 0.000e+00
374 1.352e-03 3.796e-03 2.450e-04 0.000e+00
375 1.042e-03 -8.392e-04 3.524e-03 0.000e+00
376 -1.766e-03 -5.209e-03 -4.272e-03 0.000e+00
377 -6.298e-04 -4.492e-03 -7.524e-04 0.000e+00
378 -1.712e-03 -5.163e-03 1.748e-03 0.000e+00
379 -4.118e-03 3.739e-03 -1.640e-03 0.000e+00
380 -2.030e-03 4.449e-03 5.485e-03 0.000e+00
381 -2.447e-03 -4.264e-03 1.656e-03 0.000e+00
382 1.427e-03 -4.967e-03 -3.855e-03 0.000e+00
383 -2.401e-03 -5.452e-03 -4.981e-03 0.000e+00
384 3.167e-03 3.017e-03 3.567e-03 0.000e+00
385 -4.322e-03 -5.328e-03 5.631e-04 0.000e+00
386 -9.919e-04 2.628e-03 -3.519e-03 0.000e+00
387 -2.864e-03 7.076e-03 5.533e-03 1.139e+02
388 -1.411e-03 5.517e-03 -6.438e-03 0.000e+00
389 -2.957e-03 4.697e-03 2.280e-03 0.000e+00
390 1.275e-04 -6.784e-04 -6.545e-03 0.000e+00
391 -1.105e-02 5.026e-03 -3.621e-04 0.000e+00
392 -9.643e-04 2.072e-03 -1.462e-03 0.000e+00
393 -2.468e-03 -1.085e-04 1.275e-03 0.000e+00
394 -7.762e-03 -4.148e-04 1.663e-03 0.000e+00
395 -5.878e-03 -1.489e-03 2.376e-03 0.000e+00
396 -2.366e-03 -4.916e-03 -8.578e-03 0.000e+00
397 -7.663e-03 -2.259e-03 -1.215e-03 0.000e+00
398 -6.111e-03 7.794e-03 -1.484e-03 1.091e+02
399 -7.481e-03 3.715e-03 -2.456e-03 0.000e+00
400 -3.787e-03 2.513e-03 -2.636e-03 0.000e+00
401 -3.140e-03 3.609e-04 1.051e-03 0.000e+00
402 -2.391e-03 -5.133e-03 1.189e-03 0.000e+00
403 -4.371e-03 1.222e-03 1.007e-03 0.000e+00
404 -2.023e-03 -4.851e-03 1.055e-02 0.000e+00
405 -3.098e-03 -5.648e-03 -2.537e-03 0.000e+00
406 -7.564e-03 2.211e-03 -2.066e-03 0.000e+00
407 -1.909e-05 4.736e-03 1.002e-04 0.000e+00
408 -7.075e-03 3.676e-04 -2.539e-04 0.000e+00
409 -7.129e-03 4.652e-03 2.374e-03 0.000e+00
410 -1.053e-03 -5.159e-03 -1.424e-04 0.000e+00
411 -4.584e-03 4.520e-03 -2.625e-03 0.000e+00
412 -7.615e-03 5.648e-03 -4.977e-03 0.000e+00
413 -3.078e-03 1.560e-03 5.931e-03 0.000e+00
414 4.956e-03 7.698e-04 6.165e-04 0.000e+00
415 -1.074e-02 -2.978e-03 -4.218e-03 0.000e+00
416 -5.575e-03 6.231e-03 -4.463e-03 0.000e+00
417 2.039e-04 1.541e-03 1.115e-03 0.000e+00
418 -6.134e-03 2.355e-04 5.466e-03 0.000e+00
419 -8.766e-03 -5.465e-04 6.331e-03 0.000e+00
420 -7.689e-03 7.790e-04 6.147e-03 0.000e+00
421 -6.295e-03 3.179e-03 2.067e-04 0.000e+00
422 -6.876e-03 -2.268e-03 -4.069e-03 0.000e+00
423 -4.542e-03 5.168e-03 1.895e-03 0.000e+00
424 -6.874e-03 9.238e-03 4.569e-04 1.114e+02
425 -3.473e-03 -3.578e-03 -4.045e-04 0.000e+00
426 -1.219e-02 -4.584e-03 -4.320e-03 0.000e+00
427 -4.658e-03 -4.796e-03 -4.046e-03 0.000e+00
428 -2.181e-03 -2.636e-05 -1.238e-02 0.000e+00
429 -3.103e-03 -5.549e-03 9.123e-05 0.000e+00
430 -4.948e-03 2.003e-03 -1.048e-03 0.000e+00
431 -4.182e-03 -4.795e-03 -3.351e-04 0.000e+00
432 -4.086e-03 9.497e-04 5.511e-03 0.000e+00
433 -3.930e-03 -3.557e-03 4.572e-03 0.000e+00
434 -3.441e-03 3.527e-03 -4.383e-03 0.000e+00
435 -3.738e-03 -4.871e-03 3.965e-04 0.000e+00
436 -2.968e-03 8.342e-04 -2.290e-04 0.000e+00
437 -9.848e-04 -5.732e-03 1.550e-03 0.000e+00
438 -3.802e-03 7.921e-03 0.000e+00 1.147e+02
439 -4.302e-03 4.715e-03 -2.192e-03 0.000e+00
440 -4.271e-03 5.069e-03 -3.434e-03 0.000e+00
441 -3.269e-03 -3.395e-03 -9.837e-04 0.000e+00
442 -3.508e-03 2.580e-04 2.002e-03 0.000e+00
443 -8.464e-03 5.388e-03 7.502e-04 0.000e+00
444 5.861e-03 5.931e-03 6.794e-04 0.000e+00
445 2.051e-03 -4.396e-03 1.952e-03 0.000e+00
446 4.085e-03 -5.565e-03 -1.195e-03 0.000e+00
447 -1.277e-03 -2.806e-03 5.669e-03 0.000e+00
448 -1.836e-03 -5.762e-03 4.306e-03 0.000e+00
449 -9.943e-04 3.737e-03 7.801e-05 0.000e+00
450 6.553e-04 -5.300e-03 -2.020e-03 0.000e+00
451 -3.711e-03 4.238e-03 -2.176e-03 0.000e+00
452 -9.087e-04 8.926e-04 4.846e-04 0.000e+00
453 6.074e-03 1.851e-03 -1.332e-03 0.000e+00
454 -3.088e-03 1.362e-03 1.313e-03 0.000e+00
455 -5.981e-04 2.829e-03 -3.997e-03 0.000e+00
456 -3.434e-03 -3.458e-03 6.954e-03 0.000e+00
457 -6.678e-03 -5.102e-03 3.817e-03 0.000e+00
458 -5.742e-04 3.158e-03 -4.748e-03 0.000e+00
459 6.525e-03 -4.345e-03 -3.782e-03 0.000e+00
460 -6.863e-03 -5.554e-03 3.891e-03 0.000e+00
461 5.079e-04 1.104e-03 1.065e-03 0.000e+00
462 4.510e-03 -1.172e-03 1.963e-03 0.000e+00
463 -1.318e-03 -2.301e-03 3.070e-03 0.000e+00
464 5.329e-03 -3.966e-04 4.681e-03 0.000e+00
465 -1.481e-03 1.880e-03 -1.500e-03 0.000e+00
466 1.098e-03 -4.110e-03 -7.105e-03 0.000e+00
467 -7.385e-04 -4.363e-03 -7.644e-03 0.000e+00
468 1.880e-04 -3.623e-03 7.942e-04 0.000e+00
469 -1.351e-03 -4.164e-03 -7.998e-03 0.000e+00
470 -4.668e-04 -4.126e-03 -5.149e-04 0.000e+00
471 8.306e-03 -5.575e-03 -1.196e-03 0.000e+00
472 -4.826e-03 6.566e-03 -8.880e-03 3.276e+01
473 -3.090e-03 -3.574e-03 -1.924e-03 0.000e+00
474 -2.743e-03 7.867e-03 2.459e-03 6.174e+01
475 -3.953e-03 -3.492e-03 -4.160e-03 0.000e+00
476 -1.391e-03 1.348e-03 -1.605e-03 0.000e+00
477 2.588e-03 -3.908e-03 -2.395e-03 0.000e+00
478 4.602e-04 2.449e-03 -2.502e-03 0.000e+00
479 -6.660e-03 -3.555e-03 -1.744e-03 0.000e+00
480 -6.657e-03 7.232e-03 -2.733e-03 -3.791e+01
481 -4.908e-03 7.932e-03 9.673e-04 -3.159e+01
482 3.125e-03 -2.781e-03 4.514e-03 0.000e+00
483 -6.636e-04 7.489e-04 -8.219e-03 0.000e+00
484 1.820e-03 4.766e-03 -4.531e-03 0.000e+00
485 -1.276e-03 -2.955e-03 6.134e-04 0.000e+00
486 3.034e-03 -4.155e-03 2.194e-04 0.000e+00
487 4.319e-03 -3.973e-03 3.399e-03 0.000e+00
488 2.954e-03 4.921e-03 -2.039e-03 0.000e+00
489 3.541e-03 6.709e-03 3.240e-03 8.178e+01
490 6.029e-03 2.976e-03 1.812e-03 0.000e+00
491 5.472e-05 -1.250e-03 -4.426e-03 0.000e+00
492 -1.049e-03 4.693e-03 -1.633e-04 0.000e+00
493 5.381e-04 -4.514e-03 -3.538e-03 0.000e+00
494 7.675e-04 1.437e-03 -2.110e-03 0.000e+00
495 8.081e-03 -3.656e-03 4.765e-03 0.000e+00
496 -2.234e-03 -2.837e-03 6.878e-03 0.000e+00
497 -1.397e-03 -5.172e-03 8.928e-03 0.000e+00
498 -2.333e-03 -5.042e-03 6.093e-04 0.000e+00
499 -3.977e-03 1.255e-03 -4.694e-03 0.000e+00
500 -1.101e-03 2.141e-03 -2.894e-03 0.000e+00
501 4.683e-03 1.164e-02 -9.445e-04 1.227e+02
502 1.089e-02 -1.309e-03 -2.020e-03 0.000e+00
503 -4.974e-04 3.964e-03 5.034e-03 0.000e+00
504 5.710e-03 1.324e-03 -1.772e-03 0.000e+00
505 -4.019e-03 4.897e-03 -2.077e-03 0.000e+00
506 -2.585e-03 6.453e-03 1.055e-02 0.000e+00
507 5.645e-03 -5.313e-03 -4.761e-03 0.000e+00
508 -2.049e-04 1.809e-03 9.401e-04 0.000e+00
509 3.573e-03 -4.253e-03 -2.391e-03 0.000e+00
510 -1.778e-03 2.462e-03 -5.504e-03 0.000e+00
511 2.796e-03 2.808e-03 -3.454e-03 0.000e+00
512 2.314e-03 5.593e-03 -4.346e-03 0.000e+00
513 -5.894e-03 7.833e-04 -3.463e-04 0.000e+00
514 7.464e-04 -4.989e-03 2.251e-03 0.000e+00
515 7.666e-03 3.520e-03 1.482e-03 0.000e+00
516 1.965e-03 -3.464e-04 -6.560e-04 0.000e+00
517 -1.191e-03 1.149e-03 7.598e-04 0.000e+00
518 2.189e-03 2.526e-03 -3.157e-03 0.000e+00
519 -3.181e-03 -3.578e-03 1.693e-03 0.000e+00
520 4.903e-03 -5.205e-03 -6.981e-04 0.000e+00
521 -4.400e-03 -5.132e-03 -2.443e-03 0.000e+00
522 6.335e-03 2.410e-03 -4.133e-04 0.000e+00
523 -8.890e-04 3.003e-03 2.417e-03 0.000e+00
524 -4.280e-03 3.243e-03 4.734e-03 0.000e+00
525 6.920e-03 -5.106e-03 2.570e-03 0.000e+00
526 1.577e-03 -4.937e-04 -5.858e-03 0.000e+00
527 2.141e-03 -3.009e-03 -4.971e-03 0.000e+00
528 4.390e-03 -5.049e-03 -1.612e-03 0.000e+00
529 -1.019e-03 -1.274e-03 2.861e-03 0.000e+00
530 1.002e-02 -4.566e-03 3.598e-03 0.000e+00
531 -2.103e-03 9.303e-05 -3.367e-04 0.000e+00
532 4.859e-03 2.162e-03 3.245e-03 0.000e+00
533 -2.442e-03 6.467e-03 -4.184e-03 0.000e+00
534 -5.304e-04 -4.374e-03 4.191e-03 0.000e+00
535 1.321e-03 -5.548e-03 -1.314e-03 0.000e+00
536 -4.401e-03 -2.274e-03 2.697e-03 0.000e+00
537 6.355e-03 -7.969e-04 -2.298e-03 0.000e+00
538 -2.757e-03 4.087e-03 -4.089e-03 0.000e+00
539 5.800e-03 1.053e-03 3.834e-03 0.000e+00
540 2.704e-03 2.458e-03 -7.465e-03 0.000e+00
541 -4.221e-03 -3.481e-03 -4.244e-03 0.000e+00
542 6.200e-03 8.024e-04 2.668e-04 0.000e+00
543 -1.001e-03 -2.211e-03 -1.571e-03 0.000e+00
544 1.022e-03 5.328e-03 -1.274e-03 0.000e+00
545 -2.153e-03 -3.733e-03 2.256e-03 0.000e+00
546 -3.227e-03 -3.937e-03 -1.807e-03 0.000e+00
547 2.435e-03 -5.472e-03 4.089e-03 0.000e+00
548 -1.768e-03 -5.406e-03 -7.441e-04 0.000e+00
549 4.881e-03 4.427e-03 -7.100e-03 0.000e+00
550 9.043e-04 3.488e-03 -5.526e-03 0.000e+00
551 1.724e-03 1.759e-03 3.305e-03 0.000e+00
552 -2.360e-03 -3.423e-04 -2.231e-03 0.000e+00
553 -8.356e-03 -4.579e-03 1.693e-03 0.000e+00
554 5.567e-03 -3.724e-03 1.028e-03 0.000e+00
555 3.768e-04 2.032e-03 2.046e-03 0.000e+00
556 4.152e-03 3.380e-03 1.483e-03 0.000e+00
557 -3.414e-04 -4.175e-03 -4.246e-03 0.000e+00
558 -1.071e-03 -5.499e-03 -4.991e-03 0.000e+00
559 6.689e-03 2.217e-03 -5.381e-03 0.000e+00
560 2.858e-03 3.276e-03 1.576e-03 0.000e+00
561 6.516e-03 -5.652e-03 -3.177e-03 0.000e+00
562 -1.893e-03 8.153e-03 -3.376e-03 4.718e+01
563 -1.102e-03 9.781e-03 8.718e-04 2.316e+01
564 2.861e-03 -4.058e-03 2.530e-03 0.000e+00
565 8.711e-04 -5.138e-03 -4.957e-03 0.000e+00
566 -2.103e-03 4.675e-03 1.623e-03 0.000e+00
567 6.760e-03 -3.900e-03 -2.467e-03 0.000e+00
568 1.227e-03 2.074e-03 8.213e-03 0.000e+00
569 7.272e-03 6.989e-03 9.976e-04 -2.261e+01
570 6.494e-03 3.744e-03 3.208e-03 0.000e+00
571 3.036e-03 3.309e-03 -1.573e-03 0.000e+00
572 7.387e-03 2.122e-04 3.436e-03 0.000e+00
573 1.722e-03 5.831e-03 2.726e-03 0.000e+00
574 -8.661e-04 -5.176e-03 -2.886e-03 0.000e+00
575 3.504e-03 -4.515e-03 -1.356e-03 0.000e+00
576 1.536e-03 -4.469e-03 -1.309e-05 0.000e+00
577 -1.785e-03 9.044e-04 -4.557e-03 0.000e+00
578 2.443e-03 -1.875e-03 2.355e-03 0.000e+00
579 8.327e-04 4.392e-03 5.979e-03 0.000e+00
580 -2.111e-03 8.764e-03 2.883e-03 -3.328e+01
581 9.878e-03 -6.553e-04 -7.774e-03 0.000e+00
582 5.612e-03 5.714e-03 7.365e-04 0.000e+00
583 2.911e-03 -5.494e-03 -1.655e-03 0.000e+00
584 3.436e-03 2.306e-03 1.286e-03 0.000e+00
585 -2.711e-03 2.071e-03 1.569e-03 0.000e+00
586 -3.812e-04 2.266e-03 2.659e-03 0.000e+00
587 4.741e-03 -4.803e-03 -4.803e-03 0.000e+00
588 -1.398e-03 -4.999e-03 1.769e-03 0.000e+00
589 -5.207e-04 9.653e-04 -2.567e-03 0.000e+00
590 1.330e-04 5.148e-03 -7.015e-03 0.000e+00
591 -2.704e-03 4.444e-03 -1.682e-03 0.000e+00
592 7.947e-03 -5.606e-03 -1.734e-03 0.000e+00
593 6.663e-03 -3.249e-03 6.351e-03 0.000e+00
594 2.191e-03 -5.213e-03 2.330e-03 0.000e+00
595 7.198e-04 -4.679e-03 1.292e-04 0.000e+00
596 -4.066e-03 4.599e-03 1.235e-03 0.000e+00
597 1.928e-03 -5.578e-03 5.382e-03 0.000e+00
598 7.985e-03 8.698e-04 -2.598e-03 0.000e+00
599 5.449e-03 1.981e-03 1.439e-03 0.000e+00
600 6.505e-03 -4.593e-03 4.059e-04 0.000e+00
601 1.785e-03 -5.021e-03 -1.532e-03 0.000e+00
602 3.320e-03 4.838e-03 2.743e-03 0.000e+00
603 -5.443e-03 -1.968e-04 5.411e-05 0.000e+00
604 1.870e-03 -4.194e-03 2.405e-03 0.000e+00
605 -7.557e-04 2.879e-03 9.781e-04 0.000e+00
606 -1.313e-03 2.216e-03 2.238e-03 0.000e+00
607 -9.195e-04 4.170e-03 -1.509e-03 0.000e+00
608 -6.717e-03 -4.878e-03 -5.304e-03 0.000e+00
609 6.215e-04 5.357e-03 3.132e-04 0.000e+00
610 5.621e-03 4.803e-03 -9.606e-04 0.000e+00
611 2.127e-03 2.541e-03 -1.730e-03 0.000e+00
612 1.321e-04 -5.015e-03 -5.335e-03 0.000e+00
613 -2.753e-03 3.882e-03 4.286e-03 0.000e+00
614 -2.437e-03 -3.988e-03 2.060e-03 0.000e+00
615 1.114e-03 5.456e-03 -1.197e-02 0.000e+00
616 -3.052e-03 3.786e-03 3.099e-03 0.000e+00
617 -3.660e-04 -4.549e-03 3.028e-03 0.000e+00
618 -2.676e-03 7.963e-03 -8.441e-03 6.692e+01
619 1.032e-03 -4.658e-03 -1.448e-04 0.000e+00
620 -6.848e-03 -1.267e-03 7.522e-04 0.000e+00
621 -1.490e-03 -1.829e-03 3.186e-03 0.000e+00
622 -4.443e-03 -3.150e-03 -3.223e-03 0.000e+00
623 -5.709e-03 -2.322e-03 8.368e-04 0.000e+00
624 6.199e-04 4.500e-03 4.397e-03 0.000e+00
625 -3.044e-03 -5.013e-03 7.269e-03 0.000e+00
626 1.552e-03 -5.184e-03 -1.880e-03 0.000e+00
627 -1.033e-03 9.106e-03 1.635e-03 -3.602e+01
628 6.638e-03 4.784e-03 1.632e-03 0.000e+00
629 7.451e-04 4.364e-04 1.135e-03 0.000e+00
630 -3.148e-03 -5.099e-03 -1.657e-04 0.000e+00
631 2.892e-03 -1.882e-04 -3.077e-03 0.000e+00
632 7.811e-03 -4.084e-03 -3.281e-03 0.000e+00
633 -2.494e-03 -5.434e-03 2.145e-03 0.000e+00
634 3.208e-03 8.686e-04 -1.270e-03 0.000e+00
635 -1.140e-03 1.579e-03 -6.131e-05 0.000e+00
636 8.408e-04 -5.602e-03 -6.520e-04 0.000e+00
637 1.063e-03 -1.019e-03 -2.822e-03 0.000e+00
638 1.421e-03 -5.660e-03 -1.043e-03 0.000e+00
639 2.476e-03 -5.239e-03 -4.082e-03 0.000e+00
640 -1.028e-03 -5.385e-03 4.454e-03 0.000e+00
641 1.792e-03 -4.134e-03 -2.566e-03 0.000e+00
642 2.266e-03 1.725e-03 1.697e-03 0.000e+00
643 6.162e-04 1.721e-03 2.231e-03 0.000e+00
644 -1.482e-03 1.256e-03 1.577e-03 0.000e+00
645 -2.849e-03 2.825e-03 5.617e-04 0.000e+00
646 3.830e-03 -5.078e-03 4.727e-03 0.000e+00
647 3.323e-03 2.159e-03 2.363e-03 0.000e+00
648 2.734e-03 -4.756e-03 -1.589e-03 0.000e+00
649 -6.309e-03 -3.147e-03 1.355e-03 0.000e+00
650 3.299e-03 7.416e-03 1.741e-03 4.002e+01
651 -2.279e-03 -5.206e-03 -3.921e-03 0.000e+00
652 -1.585e-03 7.531e-04 -5.653e-04 0.000e+00
653 -7.038e-03 -3.554e-03 1.695e-03 0.000e+00
654 -2.994e-03 -3.080e-03 -2.008e-03 0.000e+00
655 -2.303e-03 -5.094e-03 3.247e-03 0.000e+00
656 -2.091e-03 4.389e-03 1.335e-03 0.000e+00
657 7.988e-03 -3.050e-03 8.592e-03 0.000e+00
658 3.687e-03 9.478e-03 2.391e-03 -1.410e+01
659 5.674e-03 -5.440e-03 -7.811e-04 0.000e+00
660 -3.728e-03 -3.670e-03 3.192e-03 0.000e+00
661 -7.133e-03 5.994e-03 -2.854e-04 0.000e+00
662 3.395e-03 3.018e-03 4.533e-03 0.000e+00
663 -2.830e-03 -2.836e-03 -3.571e-03 0.000e+00
664 -2.080e-03 1.141e-02 3.715e-03 -4.495e+00
665 -9.352e-05 -2.751e-04 7.267e-04 0.000e+00
666 -1.171e-03 -3.458e-03 2.442e-03 0.000e+00
667 -4.778e-03 -7.036e-04 7.188e-03 0.000e+00
668 -2.857e-03 -5.182e-03 -4.329e-03 0.000e+00
669 -3.353e-03 1.700e-03 2.391e-03 0.000e+00
670 4.504e-03 -3.214e-03 5.778e-03 0.000e+00
671 -6.374e-03 7.646e-03 3.126e-03 -3.246e+00
672 8.789e-04 2.224e-03 2.367e-03 0.000e+00
673 -4.010e-03 3.420e-03 3.193e-04 0.000e+00
674 -9.624e-04 4.252e-03 1.669e-03 0.000e+00
675 3.271e-03 -4.990e-03 -9.500e-03 0.000e+00
676 -9.161e-04 -1.562e-03 8.782e-04 0.000e+00
677 4.925e-03 5.196e-04 1.364e-03 0.000e+00
678 3.955e-03 -4.897e-03 3.978e-03 0.000e+00
679 -1.051e-04 5.200e-03 -2.421e-03 0.000e+00
680 3.196e-03 7.824e-03 4.213e-04 2.540e+01
681 1.743e-03 5.357e-03 6.065e-04 0.000e+00
682 -1.367e-03 2.284e-03 -6.656e-03 0.000e+00
683 1.229e-03 -4.523e-03 -4.277e-03 0.000e+00
684 -6.261e-03 -4.934e-04 -1.078e-03 0.000e+00
685 -5.898e-03 2.781e-03 -1.153e-03 0.000e+00
686 3.931e-03 1.762e-03 2.587e-03 0.000e+00
687 -5.728e-03 7.705e-03 1.612e-03 -2.955e+01
688 -2.377e-03 4.506e-03 -2.442e-03 0.000e+00
689 2.295e-04 -3.818e-03 2.970e-03 0.000e+00
690 -6.006e-03 1.441e-03 -2.560e-03 0.000e+00
691 2.868e-03 -4.850e-03 -2.302e-03 0.000e+00
692 -5.578e-03 -5.382e-03 1.877e-03 0.000e+00
693 -8.155e-04 5.008e-03 5.808e-03 0.000e+00
694 -2.739e-03 6.623e-03 5.941e-03 7.239e+01
695 3.925e-04 -5.581e-03 3.852e-03 0.000e+00
696 2.619e-03 -5.297e-03 -2.304e-03 0.000e+00
697 -5.546e-03 -3.803e-03 5.608e-03 0.000e+00
698 5.066e-05 -2.392e-03 -2.303e-03 0.000e+00
699 2.252e-03 -5.215e-03 1.545e-03 0.000e+00
700 -2.687e-03 -3.993e-03 2.630e-03 0.000e+00
701 -1.833e-03 -4.981e-03 1.947e-03 0.000e+00
702 -2.502e-03 -5.748e-03 5.183e-03 0.000e+00
703 -9.718e-03 8.810e-04 7.495e-04 0.000e+00
704 1.768e-03 -2.622e-03 -3.500e-03 0.000e+00
705 -7.428e-03 -4.702e-03 5.869e-03 0.000e+00
706 -2.289e-03 -1.645e-04 3.131e-03 0.000e+00
707 2.170e-03 -5.533e-03 6.933e-03 0.000e+00
708 1.912e-04 4.029e-03 8.912e-03 0.000e+00
709 3.747e-04 -5.150e-03 -7.072e-03 0.000e+00
710 -3.397e-03 -5.468e-03 4.813e-04 0.000e+00
711 -2.417e-03 -5.517e-03 3.493e-03 0.000e+00
712 -1.470e-03 -5.421e-03 -3.216e-03 0.000e+00
713 5.972e-03 2.703e-03 -7.654e-04 0.000e+00
714 -4.351e-03 -2.589e-03 -2.937e-03 0.000e+00
715 6.942e-04 -4.521e-03 2.017e-03 0.000e+00
716 1.215e-03 -4.860e-03 -2.214e-03 0.000e+00
717 8.671e-04 -1.882e-03 4.708e-03 0.000e+00
718 -1.642e-03 2.794e-03 -8.311e-04 0.000e+00
719 -4.265e-04 4.357e-03 -2.142e-03 0.000e+00
720 -7.072e-04 -4.396e-03 9.565e-04 0.000e+00
721 -8.792e-04 -5.044e-03 -1.731e-03 0.000e+00
722 -5.934e-04 -5.509e-03 -1.971e-03 0.000e+00
723 -3.244e-03 -5.761e-03 4.003e-03 0.000e+00
724 2.326e-03 5.006e-03 3.584e-03 0.000e+00
725 -7.486e-03 -5.532e-03 8.506e-03 0.000e+00
726 -2.848e-03 -5.730e-03 2.395e-03 0.000e+00
727 3.703e-05 2.343e-03 -1.042e-03 0.000e+00
728 -1.398e-03 -5.317e-03 -2.970e-03 0.000e+00
729 -6.804e-03 8.343e-03 -5.723e-03 8.012e+01
730 -3.534e-03 -4.848e-03 -3.840e-03 0.000e+00
731 -5.314e-03 5.353e-03 3.714e-03 0.000e+00
732 -2.267e-03 3.457e-03 5.148e-03 0.000e+00
733 -7.043e-03 -5.899e-04 -2.540e-04 0.000e+00
734 -2.002e-04 -3.363e-03 3.209e-03 0.000e+00
735 4.988e-03 5.702e-04 1.577e-03 0.000e+00
736 -5.433e-03 -2.466e-05 8.985e-04 0.000e+00
737 -4.355e-04 -5.422e-03 -1.400e-03 0.000e+00
738 2.984e-05 1.248e-03 1.193e-03 0.000e+00
739 -2.485e-03 -5.303e-03 3.422e-03 0.000e+00
740 -4.852e-03 -4.721e-03 -1.793e-03 0.000e+00
741 7.168e-03 -5.309e-03 -1.660e-03 0.000e+00
742 4.822e-03 -4.348e-03 -1.481e-03 0.000e+00
743 -8.324e-04 7.983e-04 -1.564e-03 0.000e+00
744 -4.741e-03 3.242e-04 -3.238e-03 0.000e+00
745 -1.021e-03 1.714e-03 5.837e-03 0.000e+00
746 1.009e-03 6.442e-03 1.053e-03 0.000e+00
747 -6.177e-05 -3.762e-03 5.994e-04 0.000e+00
748 3.790e-03 7.790e-03 -1.903e-03 6.414e+01
749 -2.048e-03 -4.854e-03 4.031e-03 0.000e+00
750 -1.731e-03 6.080e-03 6.488e-04 0.000e+00
751 -1.950e-03 5.381e-03 1.894e-03 0.000e+00
752 -6.391e-03 -4.553e-03 1.484e-03 0.000e+00
753 -7.811e-03 -4.347e-03 -1.896e-04 0.000e+00
754 -3.592e-04 4.399e-03 -1.976e-03 0.000e+00
755 3.015e-03 1.288e-04 1.644e-03 0.000e+00
756 2.882e-03 5.114e-03 -4.123e-03 0.000e+00
757 -2.417e-03 -2.860e-04 2.322e-03 0.000e+00
758 3.642e-03 -4.495e-03 3.546e-03 0.000e+00
759 1.124e-03 -5.551e-03 2.593e-03 0.000e+00
760 2.311e-03 1.593e-03 -1.087e-03 0.000e+00
761 -2.074e-03 1.071e-04 3.985e-03 0.000e+00
762 -2.679e-03 -5.278e-03 -2.785e-03 0.000e+00
763 -5.631e-03 -5.725e-03 1.838e-03 0.000e+00
764 -1.900e-03 1.567e-03 -7.717e-03 0.000e+00
765 -1.976e-03 -4.260e-03 -1.572e-03 0.000e+00
766 6.730e-04 -5.753e-03 4.506e-03 0.000e+00
767 4.022e-03 -3.663e-03 -2.138e-03 0.000e+00
768 8.538e-05 -5.291e-03 8.050e-03 0.000e+00
769 2.672e-03 -7.363e-04 1.572e-03 0.000e+00
770 -8.525e-04 -4.233e-03 3.961e-03 0.000e+00
771 3.927e-03 -5.262e-03 3.069e-03 0.000e+00
772 -2.647e-03 1.926e-03 8.731e-04 0.000e+00
773 -3.383e-03 -5.284e-03 -3.599e-03 0.000e+00
774 -2.339e-03 -4.579e-03 -1.033e-03 0.000e+00
775 -5.636e-03 3.994e-03 -1.252e-03 0.000e+00
776 3.772e-03 -2.651e-03 6.052e-03 0.000e+00
777 -1.755e-03 -5.314e-03 6.124e-03 0.000e+00
778 -1.010e-03 -3.432e-03 -7.355e-03 0.000e+00
779 2.687e-03 -4.702e-03 -1.170e-03 0.000e+00
780 9.922e-05 -5.391e-03 -5.869e-03 0.000e+00
781 -7.855e-03 -3.267e-03 9.783e-05 0.000e+00
782 3.836e-03 1.594e-03 5.058e-03 0.000e+00
783 -2.266e-03 -4.804e-03 -7.250e-03 0.000e+00
784 -9.528e-04 3.904e-03 -1.857e-04 0.000e+00
785 3.508e-04 -4.917e-03 -2.999e-03 0.000e+00
786 2.351e-04 -5.557e-03 7.792e-04 0.000e+00
787 -1.538e-04 -4.259e-03 6.822e-03 0.000e+00
788 8.582e-03 3.711e-03 -4.334e-03 0.000e+00
789 -3.758e-03 3.422e-05 -6.448e-03 0.000e+00
790 -7.965e-03 -5.700e-03 -1.173e-03 0.000e+00
791 -4.766e-03 -4.858e-03 5.451e-03 0.000e+00
792 1.012e-03 2.407e-03 -1.294e-03 0.000e+00
793 -8.802e-04 -4.214e-03 -1.282e-04 0.000e+00
794 -1.358e-03 2.819e-03 -7.942e-03 0.000e+00
795 -3.433e-03 5.612e-03 2.468e-03 0.000e+00
796 -1.954e-03 -5.350e-03 -2.635e-03 0.000e+00
797 2.496e-03 1.072e-03 3.049e-03 0.000e+00
798 2.605e-03 3.443e-03 4.588e-03 0.000e+00
799 3.187e-03 -4.957e-03 1.320e-04 0.000e+00
800 4.014e-03 3.978e-03 -2.289e-03 0.000e+00
801 -2.498e-03 1.289e-03 1.190e-03 0.000e+00
802 7.233e-03 2.542e-03 -2.024e-03 0.000e+00
803 -3.852e-03 -1.587e-04 -2.192e-03 0.000e+00
804 4.613e-03 2.081e-03 -3.934e-03 0.000e+00
805 -6.104e-03 3.847e-03 2.198e-03 0.000e+00
806 5.534e-03 -3.913e-03 -9.341e-03 0.000e+00
807 -5.397e-03 1.086e-03 -1.936e-03 0.000e+00
808 -8.813e-04 -4.184e-03 -1.152e-03 0.000e+00
809 4.507e-04 -4.496e-03 4.248e-03 0.000e+00
810 -1.592e-03 8.046e-03 -1.604e-03 4.971e+01
811 -3.085e-03 2.035e-03 -3.242e-04 0.000e+00
812 -5.206e-03 -5.203e-03 -2.628e-03 0.000e+00
813 -4.993e-03 -5.537e-03 -5.991e-03 0.000e+00
814 -6.702e-03 4.292e-03 9.577e-04 0.000e+00
815 -6.629e-04 3.229e-03 3.625e-03 0.000e+00
816 2.534e-03 2.991e-03 -3.071e-03 0.000e+00
817 -4.012e-04 -4.626e-03 5.012e-04 0.000e+00
818 3.967e-04 4.655e-03 -3.031e-03 0.000e+00
819 -1.171e-04 -2.638e-03 -1.220e-04 0.000e+00
820 2.380e-03 -5.289e-03 -6.263e-03 0.000e+00
821 -5.648e-03 -4.017e-03 -3.526e-04 0.000e+00
822 2.554e-03 3.397e-03 6.575e-03 0.000e+00
823 -2.536e-03 -5.390e-03 -3.134e-03 0.000e+00
824 -1.514e-03 -3.806e-03 4.083e-03 0.000e+00
825 -5.966e-03 -3.781e-03 -6.349e-04 0.000e+00
826 -1.251e-03 -4.970e-04 -4.080e-03 0.000e+00
827 -8.489e-03 3.150e-03 2.015e-03 0.000e+00
828 5.634e-03 -2.043e-03 -2.097e-03 0.000e+00
829 2.658e-03 2.590e-03 -5.185e-03 0.000e+00
830 5.273e-03 2.955e-03 -3.813e-03 0.000e+00
831 -4.969e-03 -8.071e-04 1.754e-03 0.000e+00
832 4.678e-03 -5.177e-03 1.502e-03 0.000e+00
833 -3.121e-03 4.372e-03 6.279e-03 0.000e+00
834 -6.912e-03 2.969e-03 -4.304e-04 0.000e+00
835 2.284e-03 -4.055e-03 1.973e-03 0.000e+00
836 7.643e-04 -5.065e-03 -5.064e-03 0.000e+00
837 -4.120e-03 5.385e-03 -2.843e-03 0.000e+00
838 -1.244e-03 8.276e-03 -2.998e-03 6.804e+01
839 8.013e-03 1.195e-03 6.679e-04 0.000e+00
840 -4.909e-03 -5.449e-03 -1.699e-03 0.000e+00
841 -3.964e-03 1.914e-03 2.939e-03 0.000e+00
842 6.709e-03 3.530e-03 -2.347e-03 0.000e+00
843 3.803e-03 -3.676e-03 -1.405e-05 0.000e+00
844 -4.645e-03 6.873e-04 -9.409e-04 0.000e+00
845 -3.897e-03 6.451e-03 3.174e-03 0.000e+00
846 1.113e-03 -2.724e-03 -1.371e-03 0.000e+00
847 -3.279e-03 -4.159e-03 3.401e-03 0.000e+00
848 -3.802e-03 -9.126e-04 1.307e-03 0.000e+00
849 -1.680e-03 -3.483e-03 -1.051e-03 0.000e+00
850 7.763e-04 1.846e-03 -1.264e-03 0.000e+00
851 -4.571e-03 7.852e-04 -1.076e-05 0.000e+00
852 -1.851e-03 3.255e-03 -3.798e-03 0.000e+00
853 -5.780e-03 -4.077e-03 1.409e-03 0.000e+00
854 -1.927e-04 1.578e-04 5.842e-03 0.000e+00
855 -1.021e-02 -5.551e-03 4.482e-04 0.000e+00
856 3.142e-03 -3.552e-03 5.576e-03 0.000e+00
857 -2.737e-03 5.714e-03 -1.401e-03 0.000e+00
858 -8.110e-03 -3.797e-03 -3.504e-04 0.000e+00
859 1.633e-03 -4.439e-03 2.114e-03 0.000e+00
860 -5.806e-04 -4.463e-03 -1.930e-03 0.000e+00
861 -1.437e-03 -4.105e-03 -1.578e-04 0.000e+00
862 -5.962e-03 -4.809e-03 -2.006e-04 0.000e+00
863 1.556e-03 -5.452e-03 8.191e-04 0.000e+00
864 9.779e-04 2.251e-03 -4.274e-03 0.000e+00
865 -2.934e-03 -5.538e-03 -1.131e-03 0.000e+00
866 1.277e-03 -5.458e-03 -9.519e-04 0.000e+00
867 -1.148e-03 3.004e-03 2.522e-03 0.000e+00
868 -1.295e-03 -4.324e-03 1.257e-03 0.000e+00
869 2.759e-03 -4.788e-03 2.882e-03 0.000e+00
870 -6.194e-03 -4.356e-03 -5.469e-03 0.000e+00
871 2.759e-03 -3.061e-03 2.436e-03 0.000e+00
872 4.536e-03 -4.839e-03 -5.768e-03 0.000e+00
873 7.740e-04 -4.278e-03 3.403e-03 0.000e+00
874 1.190e-03 6.725e-04 7.063e-03 0.000e+00
875 -5.725e-03 7.708e-03 1.185e-03 7.078e+01
876 1.476e-03 -3.871e-03 1.274e-03 0.000e+00
877 3.944e-04 3.241e-03 -8.628e-03 0.000e+00
878 -1.385e-03 8.099e-04 -8.266e-03 0.000e+00
879 2.215e-03 3.134e-04 -5.546e-04 0.000e+00
880 9.033e-04 -4.785e-03 1.751e-04 0.000e+00
881 -3.106e-04 6.419e-03 8.115e-03 0.000e+00
882 5.342e-03 1.941e-03 5.012e-03 0.000e+00
883 1.439e-03 1.079e-03 2.232e-03 0.000e+00
884 4.500e-03 -5.448e-03 -1.450e-03 0.000e+00
885 1.325e-03 -5.590e-03 3.586e-03 0.000e+00
886 4.257e-03 -1.013e-04 -4.944e-04 0.000e+00
887 -2.155e-03 7.078e-04 -9.887e-04 0.000e+00
888 7.471e-03 4.259e-03 -3.862e-03 0.000e+00
889 -2.220e-03 4.544e-03 3.290e-03 0.000e+00
890 4.925e-03 -4.892e-03 3.401e-03 0.000e+00
891 2.787e-03 -5.160e-03 -1.464e-04 0.000e+00
892 -1.038e-02 2.687e-03 4.137e-03 0.000e+00
893 -5.801e-03 -5.713e-03 -1.602e-03 0.000e+00
894 1.268e-03 3.158e-03 2.220e-03 0.000e+00
895 1.087e-04 -4.947e-03 -6.059e-03 0.000e+00
896 -3.012e-03 -4.939e-03 -2.761e-03 0.000e+00
897 3.451e-03 7.312e-03 -2.321e-03 2.139e+01
898 -9.437e-03 -2.550e-03 -1.633e-03 0.000e+00
899 3.974e-04 -5.573e-03 -2.310e-03 0.000e+00
900 2.621e-03 -4.047e-03 5.080e-03 0.000e+00
901 -4.913e-03 -4.631e-03 2.570e-03 0.000e+00
902 -4.746e-04 -4.113e-03 4.363e-03 0.000e+00
903 3.049e-03 1.984e-03 8.375e-04 0.000e+00
904 2.137e-03 -5.276e-03 6.730e-03 0.000e+00
905 -5.013e-03 -4.877e-03 -8.522e-04 0.000e+00
906 5.753e-03 3.987e-03 4.633e-04 0.000e+00
907 -2.897e-03 3.334e-03 4.189e-03 0.000e+00
908 -2.403e-03 9.616e-04 5.790e-03 0.000e+00
909 -2.494e-04 -5.401e-03 -1.572e-03 0.000e+00
910 4.242e-03 4.130e-04 6.838e-03 0.000e+00
911 2.737e-03 -4.402e-03 -5.136e-03 0.000e+00
912 8.249e-04 4.153e-03 -1.735e-03 0.000e+00
913 -1.056e-03 -2.040e-03 -1.258e-03 0.000e+00
914 3.835e-03 6.489e-03 -2.351e-03 9.863e+01
915 -7.748e-03 2.573e-03 1.981e-03 0.000e+00
916 7.180e-03 -5.386e-03 -1.336e-03 0.000e+00
917 -4.948e-03 -4.791e-03 4.963e-03 0.000e+00
918 6.224e-03 -4.179e-03 -5.066e-04 0.000e+00
919 1.731e-03 -5.388e-03 -4.478e-04 0.000e+00
920 -1.478e-03 5.687e-03 -9.496e-04 0.000e+00
921 -1.450e-03 5.127e-03 2.282e-03 0.000e+00
922 7.120e-03 2.379e-03 -1.534e-03 0.000e+00
923 -5.891e-03 -5.754e-03 1.643e-03 0.000e+00
924 4.751e-03 -4.344e-03 5.664e-03 0.000e+00
925 -1.077e-03 -4.873e-03 7.338e-04 0.000e+00
926 -5.623e-03 3.568e-03 -1.308e-03 0.000e+00
927 -1.882e-03 -3.538e-03 -3.297e-03 0.000e+00
928 -5.518e-03 -5.551e-03 4.295e-03 0.000e+00
929 -3.240e-03 -4.896e-03 -1.943e-03 0.000e+00
930 -6.331e-04 4.054e-03 -7.420e-03 0.000e+00
931 -2.502e-03 -4.601e-03 2.163e-03 0.000e+00
932 -2.198e-03 1.120e-03 1.964e-03 0.000e+00
933 -1.500e-03 7.867e-04 -3.642e-04 0.000e+00
934 -1.345e-03 5.153e-03 8.163e-03 0.000e+00
935 -1.984e-03 7.536e-03 3.249e-03 7.597e+00
936 1.343e-03 -5.506e-03 -6.458e-05 0.000e+00
937 3.696e-04 -5.756e-03 -8.232e-04 0.000e+00
938 -2.127e-03 -3.823e-03 3.503e-03 0.000e+00
939 -1.387e-03 8.798e-04 3.261e-04 0.000e+00
940 1.616e-03 -3.064e-03 1.716e-03 0.000e+00
941 -2.877e-03 -2.895e-03 4.332e-04 0.000e+00
942 2.689e-04 1.526e-03 -9.209e-03 0.000e+00
943 -7.136e-04 3.551e-03 8.175e-03 0.000e+00
944 1.560e-03 2.862e-04 4.359e-03 0.000e+00
945 -2.176e-03 -5.239e-03 1.731e-03 0.000e+00
946 -4.333e-03 -5.433e-03 -2.263e-03 0.000e+00
947 -4.667e-03 5.421e-03 3.454e-03 0.000e+00
948 -1.763e-03 -6.345e-04 -9.057e-03 0.000e+00
949 4.157e-03 -4.605e-04 -6.826e-03 0.000e+00
950 -5.563e-03 -5.027e-03 -5.211e-03 0.000e+00
951 -1.880e-03 1.877e-03 9.573e-04 0.000e+00
952 5.305e-04 -5.155e-03 2.650e-03 0.000e+00
953 3.998e-03 -2.623e-03 4.553e-04 0.000e+00
954 7.295e-04 7.489e-04 -3.755e-04 0.000e+00
955 -6.886e-03 -2.648e-03 1.454e-03 0.000e+00
956 -2.454e-03 1.319e-03 -1.379e-03 0.000e+00
957 -2.688e-03 4.627e-03 8.817e-03 0.000e+00
958 -3.848e-03 2.081e-03 1.977e-03 0.000e+00
959 -3.259e-03 1.814e-03 -5.528e-03 0.000e+00
960 -1.615e-03 1.790e-03 -4.406e-03 0.000e+00
961 -8.559e-03 -5.626e-03 -7.939e-03 0.000e+00
962 -5.782e-03 3.937e-05 1.876e-03 0.000e+00
963 -2.267e-03 -5.500e-03 3.938e-03 0.000e+00
964 -8.973e-03 6.751e-03 -3.280e-03 -2.561e+01
965 -1.018e-02 -5.070e-03 1.190e-03 0.000e+00
966 -5.406e-03 -3.617e-03 3.931e-03 0.000e+00
967 -1.282e-04 -1.156e-03 1.244e-03 0.000e+00
968 -3.512e-03 5.688e-03 -3.997e-03 0.000e+00
969 2.425e-03 4.252e-03 5.140e-03 0.000e+00
970 -5.452e-03 7.459e-03 4.638e-03 8.095e+01
971 -5.259e-03 -4.059e-03 4.191e-04 0.000e+00
972 2.887e-03 5.752e-03 -6.758e-03 0.000e+00
973 -4.007e-03 -3.873e-03 5.723e-03 0.000e+00
974 -1.539e-03 3.641e-03 5.721e-03 0.000e+00
975 -5.532e-03 4.493e-03 5.364e-04 0.000e+00
976 -6.564e-03 -3.427e-03 9.395e-04 0.000e+00
977 -4.478e-03 6.425e-03 3.358e-03 0.000e+00
978 -3.256e-03 -5.713e-03 2.335e-03 0.000e+00
979 -6.101e-03 4.715e-03 -3.145e-03 0.000e+00
980 -5.225e-03 -5.318e-03 3.295e-04 0.000e+00
981 -5.799e-03 1.028e-03 1.020e-03 0.000e+00
982 -5.924e-03 7.454e-03 7.555e-04 1.302e+02
983 -1.907e-03 6.552e-03 -1.199e-03 1.046e+02
984 -4.089e-03 3.155e-03 -6.880e-04 0.000e+00
985 -7.723e-03 -5.700e-03 -1.341e-04 0.000e+00
986 -2.059e-03 4.198e-03 -2.057e-03 0.000e+00
987 -4.288e-03 2.728e-03 -5.618e-03 0.000e+00
988 9.695e-04 8.311e-04 -5.143e-03 0.000e+00
989 1.605e-03 -4.291e-03 2.191e-03 0.000e+00
990 -5.924e-03 -5.751e-03 1.799e-04 0.000e+00
991 -2.364e-03 8.820e-04 3.762e-03 0.000e+00
992 -5.186e-03 3.188e-03 -2.223e-04 0.000e+00
993 -5.605e-03 -5.717e-03 -2.316e-04 0.000e+00
994 7.514e-04 3.158e-03 -1.147e-04 0.000e+00
995 -1.555e-03 3.551e-03 -4.459e-03 0.000e+00
996 -4.468e-03 7.546e-03 1.228e-03 1.288e+02
997 -4.787e-03 4.481e-03 8.899e-04 0.000e+00
998 1.153e-03 8.957e-04 -7.359e-04 0.000e+00
999 -4.850e-03 2.036e-03 5.749e-03 0.000e+00
1000 -2.309e-03 7.657e-03 3.846e-03 1.034e+02
1001 -3.222e-03 1.979e-03 2.094e-03 0.000e+00
1002 -1.801e-03 1.802e-03 -8.645e-04 0.000e+00
1003 -1.431e-03 -4.397e-03 6.706e-03 0.000e+00
1004 -8.633e-03 -2.453e-03 -4.440e-05 0.000e+00
1005 -4.654e-03 7.221e-03 -3.390e-03 5.380e+01
1006 3.187e-03 -4.490e-03 -1.533e-03 0.000e+00
1007 3.697e-04 7.536e-03 3.928e-04 8.079e+01
1008 -3.183e-03 5.415e-03 1.361e-03 0.000e+00
1009 2.469e-03 -3.814e-03 -2.528e-03 0.000e+00
1010 -8.642e-03 5.058e-04 4.270e-03 0.000e+00
1011 -2.786e-03 -2.659e-03 -2.350e-03 0.000e+00
1012 -5.264e-03 -3.452e-03 4.056e-03 0.000e+00
1013 -2.390e-03 8.586e-03 9.075e-04 6.112e+01
1014 -9.892e-03 -5.768e-03 5.511e-04 0.000e+00
1015 1.812e-03 7.420e-03 2.920e-03 7.532e+01
1016 -2.514e-03 4.968e-03 2.144e-03 0.000e+00
1017 -8.982e-03 -5.698e-03 -3.955e-03 0.000e+00
1018 -5.594e-03 -5.507e-03 5.494e-03 0.000e+00
1019 -6.480e-04 -1.137e-04 -3.622e-04 0.000e+00
1020 1.397e-03 3.704e-03 -7.493e-04 0.000e+00
1021 -1.777e-03 3.920e-03 -3.872e-03 0.000e+00
1022 -1.011e-02 -3.997e-03 1.468e-03 0.000e+00
1023 -3.098e-03 -3.397e-03 1.023e-05 0.000e+00
1024 -3.716e-03 6.794e-03 1.879e-03 1.050e+02
1025 -6.543e-03 3.485e-03 5.549e-03 0.000e+00
1026 -4.646e-03 2.163e-03 7.361e-04 0.000e+00
1027 -1.532e-03 6.329e-03 -2.257e-03 0.000e+00
1028 -7.049e-03 4.349e-03 -1.860e-03 0.000e+00
1029 -1.362e-03 1.138e-03 -1.155e-03 0.000e+00
1030 6.029e-06 2.597e-03 -4.156e-03 0.000e+00
1031 -7.520e-03 4.042e-03 2.673e-03 0.000e+00
1032 1.967e-03 7.327e-04 9.637e-03 0.000e+00
1033 -1.628e-03 -5.375e-03 -8.967e-03 0.000e+00
1034 4.862e-03 4.608e-03 -2.703e-03 0.000e+00
1035 2.970e-03 5.406e-03 -1.378e-03 0.000e+00
1036 -3.874e-03 -5.666e-03 3.326e-03 0.000e+00
1037 2.588e-04 -1.362e-04 3.350e-03 0.000e+00
1038 8.593e-04 -5.735e-03 -1.252e-03 0.000e+00
1039 1.826e-03 1.227e-03 -5.186e-03 0.000e+00
1040 9.347e-04 1.415e-03 4.426e-03 0.000e+00
1041 -3.112e-03 -5.101e-03 -3.231e-03 0.000e+00
1042 4.519e-05 -4.079e-03 -5.706e-03 0.000e+00
1043 4.004e-03 1.846e-04 3.282e-03 0.000e+00
1044 1.624e-03 3.640e-04 -5.392e-03 0.000e+00
1045 8.323e-03 -5.549e-03 1.749e-03 0.000e+00
1046 6.661e-04 -3.898e-03 3.739e-03 0.000e+00
1047 5.174e-03 -4.674e-03 3.024e-03 0.000e+00
1048 2.783e-03 7.634e-03 -2.273e-03 7.411e+01
1049 -1.452e-03 -4.491e-03 3.325e-03 0.000e+00
1050 4.181e-03 1.947e-03 -2.729e-03 0.000e+00
1051 -5.593e-03 1.075e-02 1.216e-03 8.410e+01
1052 6.807e-03 -5.085e-03 -3.648e-04 0.000e+00
1053 5.976e-03 -5.539e-03 -5.036e-03 0.000e+00
1054 5.139e-03 -2.097e-03 -5.915e-04 0.000e+00
1055 2.873e-03 3.933e-03 3.042e-03 0.000e+00
1056 5.955e-03 -1.007e-03 -2.746e-03 0.000e+00
1057 2.438e-03 -5.270e-03 -3.747e-03 0.000e+00
1058 5.231e-03 -3.577e-03 -1.815e-03 0.000e+00
1059 -7.857e-04 1.050e-02 -1.535e-03 7.486e+01
1060 6.936e-03 1.063e-03 -3.761e-03 0.000e+00
1061 -6.914e-03 -4.163e-03 -1.210e-03 0.000e+00
1062 9.599e-04 8.079e-03 5.573e-03 4.687e+01
1063 1.599e-03 5.073e-03 -1.946e-03 0.000e+00
1064 3.744e-03 8.744e-03 -1.597e-03 7.318e+01
1065 -2.975e-03 -6.438e-04 -4.885e-03 0.000e+00
1066 -1.811e-04 -4.219e-03 1.281e-03 0.000e+00
1067 1.587e-03 -4.736e-03 5.313e-03 0.000e+00
1068 4.952e-03 1.980e-03 4.297e-03 0.000e+00
1069 7.226e-03 -5.265e-03 1.936e-03 0.000e+00
1070 3.599e-03 -4.256e-03 7.503e-03 0.000e+00
1071 2.367e-03 -8.052e-04 3.144e-03 0.000e+00
1072 1.245e-02 -3.270e-03 -1.970e-03 0.000e+00
1073 5.603e-03 5.191e-05 -2.533e-03 0.000e+00
1074 -6.620e-03 -5.016e-03 6.045e-03 0.000e+00
1075 4.356e-04 -5.070e-03 1.945e-03 0.000e+00
1076 1.576e-03 -4.066e-03 5.765e-03 0.000e+00
1077 8.872e-03 4.263e-03 -6.684e-05 0.000e+00
1078 3.666e-03 9.346e-04 -5.860e-04 0.000e+00
1079 2.482e-03 1.951e-03 3.237e-03 0.000e+00
1080 4.171e-03 -5.623e-03 -9.232e-03 0.000e+00
1081 7.380e-03 3.897e-03 1.935e-03 0.000e+00
1082 8.874e-03 5.487e-03 7.923e-04 0.000e+00
1083 8.913e-03 1.077e-03 -3.161e-03 0.000e+00
1084 4.309e-03 -4.294e-03 -2.959e-03 0.000e+00
1085 3.569e-03 -5.357e-03 3.696e-03 0.000e+00
1086 -8.953e-04 8.149e-03 -4.033e-03 1.346e+02
1087 5.953e-03 -4.427e-03 -7.170e-04 0.000e+00
1088 2.088e-03 -5.662e-03 3.655e-04 0.000e+00
1089 1.568e-03 1.939e-03 3.781e-03 0.000e+00
1090 4.952e-03 6.479e-03 4.498e-03 -3.438e+01
1091 4.701e-03 -4.529e-03 1.754e-03 0.000e+00
1092 7.935e-04 7.702e-04 -6.439e-03 0.000e+00
1093 9.408e-03 1.126e-03 7.094e-04 0.000e+00
1094 1.044e-03 1.926e-03 1.038e-03 0.000e+00
1095 2.605e-03 6.666e-03 2.821e-04 -3.745e+01
1096 1.711e-03 -2.873e-03 1.723e-03 0.000e+00
1097 7.710e-04 4.802e-03 -8.711e-04 0.000e+00
1098 1.820e-04 2.090e-03 -3.738e-03 0.000e+00
1099 -1.051e-03 5.783e-03 2.610e-03 0.000e+00
1100 -8.235e-03 -4.789e-03 1.374e-03 0.000e+00
1101 2.231e-03 -4.543e-03 4.213e-03 0.000e+00
1102 -2.099e-03 -4.365e-03 4.338e-03 0.000e+00
1103 -1.152e-03 4.374e-03 -8.585e-04 0.000e+00
1104 -1.499e-03 -4.789e-03 -4.002e-03 0.000e+00
1105 -2.229e-03 -5.184e-03 -2.772e-03 0.000e+00
1106 6.091e-03 1.053e-03 -4.250e-03 0.000e+00
1107 2.589e-03 6.811e-03 3.391e-03 5.058e+01
1108 -1.490e-03 -4.845e-03 -1.440e-03 0.000e+00
1109 5.462e-03 5.976e-03 -8.008e-04 0.000e+00
1110 4.561e-03 2.699e-03 4.057e-03 0.000e+00
1111 3.560e-03 1.739e-03 2.147e-03 0.000e+00
1112 5.133e-03 5.572e-03 -4.597e-03 0.000e+00
1113 1.509e-03 -4.726e-03 -1.719e-03 0.000e+00
1114 1.070e-02 4.193e-03 -9.958e-05 0.000e+00
1115 5.493e-03 -4.815e-03 1.149e-03 0.000e+00
1116 -1.945e-03 1.663e-03 -3.592e-03 0.000e+00
1117 1.776e-03 1.688e-03 4.277e-03 0.000e+00
1118 -2.759e-03 8.501e-03 -2.788e-03 4.027e+01
1119 3.734e-03 -5.497e-03 -5.821e-04 0.000e+00
1120 -1.207e-03 -4.898e-03 -4.972e-03 0.000e+00
1121 3.576e-03 -5.044e-03 -2.306e-03 0.000e+00
1122 1.422e-04 7.814e-03 5.898e-03 9.911e+01
1123 -2.662e-03 2.698e-03 -4.075e-03 0.000e+00
1124 5.980e-03 4.484e-03 -1.116e-03 0.000e+00
1125 9.878e-03 4.111e-03 -1.909e-03 0.000e+00
1126 9.125e-03 -2.170e-04 -2.809e-03 0.000e+00
1127 2.129e-02 -2.149e-03 3.750e-03 0.000e+00
1128 2.439e-02 -5.744e-03 3.737e-03 0.000e+00
1129 3.792e-02 4.708e-03 -3.983e-03 0.000e+00
1130 4.857e-02 9.152e-03 4.753e-03 7.234e+01
1131 7.385e-02 1.379e-02 2.248e-03 6.428e+01
1132 1.177e-01 1.246e-02 -6.776e-03 6.472e+01
1133 1.781e-01 2.720e-02 -5.070e-03 6.935e+01
1134 2.632e-01 2.870e-02 -9.359e-03 6.442e+01
1135 3.706e-01 3.858e-02 -1.185e-02 6.878e+01
1136 4.910e-01 4.458e-02 -1.510e-02 6.708e+01
1137 6.183e-01 5.811e-02 -2.686e-02 6.490e+01
1138 7.048e-01 1.084e-01 -2.548e-02 6.540e+01
1139 7.624e-01 1.580e-01 -1.113e-02 6.565e+01
1140 7.946e-01 2.280e-01 -1.660e-02 6.766e+01
1141 8.129e-01 2.983e-01 -2.404e-02 6.685e+01
1142 7.655e-01 3.263e-01 -1.927e-02 6.726e+01
1143 6.874e-01 3.264e-01 -2.241e-02 6.900e+01
1144 6.058e-01 3.162e-01 -2.604e-02 6.853e+01
1145 5.276e-01 2.994e-01 -2.490e-02 6.883e+01
1146 4.482e-01 2.654e-01 -2.328e-02 6.963e+01
1147 3.656e-01 2.112e-01 -1.714e-02 6.892e+01
1148 3.007e-01 1.694e-01 -1.918e-02 6.869e+01
1149 2.466e-01 1.332e-01 -1.848e-02 6.973e+01
1150 2.120e-01 1.149e-01 -2.394e-02 6.888e+01
1151 1.973e-01 9.944e-02 -3.472e-02 6.859e+01
1152 1.742e-01 9.055e-02 -3.560e-02 7.511e+01
1153 1.564e-01 7.968e-02 -4.285e-02 7.781e+01
1154 1.461e-01 7.680e-02 -3.779e-02 8.247e+01
1155 1.290e-01 6.815e-02 -3.766e-02 9.001e+01
1156 1.148e-01 7.098e-02 -2.593e-02 9.545e+01
1157 1.056e-01 6.714e-02 -1.119e-02 9.837e+01
1158 9.560e-02 5.951e-02 -4.825e-03 1.013e+02
1159 7.925e-02 4.677e-02 -7.220e-03 1.077e+02
1160 7.651e-02 4.691e-02 4.509e-03 1.081e+02
1161 6.635e-02 3.372e-02 5.702e-03 1.196e+02
1162 5.511e-02 2.892e-02 1.558e-04 1.184e+02
1163 4.959e-02 2.429e-02 -2.191e-03 1.311e+02
1164 4.639e-02 2.378e-02 2.731e-03 1.339e+02
1165 3.770e-02 1.625e-02 -2.779e-03 -3.726e+01
1166 2.774e-02 7.451e-03 -2.117e-03 -3.529e+01
1167 2.860e-02 1.443e-02 -3.400e-03 -1.774e+01
1168 2.950e-02 1.131e-02 -6.290e-03 -1.443e+01
1169 3.073e-02 8.783e-03 -4.337e-03 -1.065e+01
1170 2.926e-02 9.544e-03 -5.477e-03 -7.013e+00
1171 3.044e-02 1.036e-02 -5.031e-03 1.344e+01
1172 4.545e-02 1.735e-02 -6.526e-03 9.424e+00
1173 6.150e-02 1.680e-02 -8.346e-03 1.550e+01
1174 9.904e-02 4.498e-02 -1.573e-02 1.782e+01
1175 1.706e-01 8.747e-02 -1.938e-02 1.809e+01
1176 2.842e-01 1.266e-01 -2.031e-02 2.140e+01
1177 4.365e-01 1.763e-01 -3.647e-02 2.222e+01
1178 6.024e-01 1.989e-01 -3.896e-02 2.321e+01
1179 7.445e-01 2.323e-01 -3.103e-02 2.605e+01
1180 8.773e-01 2.959e-01 -4.943e-02 2.707e+01
1181 9.671e-01 3.677e-01 -5.252e-02 2.682e+01
1182 1.000e+00 4.310e-01 -6.913e-02 2.889e+01
1183 9.258e-01 4.034e-01 -6.144e-02 3.005e+01
1184 8.507e-01 3.416e-01 -5.077e-02 3.061e+01
1185 7.878e-01 3.052e-01 -3.252e-02 3.221e+01
1186 6.974e-01 2.484e-01 -2.589e-02 3.307e+01
1187 6.239e-01 2.197e-01 -3.169e-02 3.397e+01
1188 5.340e-01 1.749e-01 -2.242e-02 3.344e+01
1189 4.138e-01 1.134e-01 -1.703e-02 3.353e+01
1190 3.224e-01 8.190e-02 -8.109e-03 3.567e+01
1191 2.398e-01 6.619e-02 -5.883e-03 3.677e+01
1192 1.804e-01 3.662e-02 -7.507e-03 3.832e+01
1193 1.262e-01 2.319e-02 -2.824e-03 4.896e+01
1194 8.313e-02 1.512e-02 2.450e-03 3.534e+01
1195 6.049e-02 3.565e-03 2.088e-03 0.000e+00
1196 3.689e-02 1.190e-02 -5.491e-04 4.818e+01
1197 2.959e-02 3.382e-04 4.718e-03 0.000e+00
1198 1.195e-02 1.132e-02 -6.123e-03 8.684e+01
1199 1.003e-02 6.893e-03 -4.005e-03 7.597e+01
1200 2.360e-03 -5.143e-03 1.304e-03 0.000e+00
1201 4.160e-03 1.576e-03 5.038e-03 0.000e+00
1202 6.765e-04 -2.653e-03 1.298e-03 0.000e+00
1203 9.782e-04 -5.512e-03 -1.698e-03 0.000e+00
1204 -3.237e-03 1.061e-02 -4.818e-03 1.294e+02
1205 -2.646e-03 6.464e-03 2.648e-03 0.000e+00
1206 -1.531e-03 -4.879e-03 -2.977e-03 0.000e+00
1207 -4.723e-04 -7.098e-07 3.098e-03 0.000e+00
1208 -7.697e-03 2.845e-03 6.017e-04 0.000e+00
1209 -3.078e-03 1.144e-03 -3.162e-03 0.000e+00
1210 -2.413e-03 4.708e-03 -4.879e-03 0.000e+00
1211 -1.132e-02 -4.497e-04 6.209e-03 0.000e+00
1212 -3.187e-03 6.199e-03 -1.094e-03 0.000e+00
1213 -7.563e-03 -4.909e-03 3.045e-04 0.000e+00
1214 -6.231e-03 8.384e-03 -3.133e-03 5.189e+01
1215 -3.546e-03 -4.818e-03 3.188e-03 0.000e+00
1216 -6.863e-03 3.041e-03 1.180e-03 0.000e+00
1217 -7.679e-03 5.449e-03 6.350e-03 0.000e+00
1218 -4.480e-03 6.427e-03 -7.919e-04 0.000e+00
1219 -4.341e-03 -3.113e-03 4.149e-04 0.000e+00
1220 7.195e-04 5.189e-03 3.268e-03 0.000e+00
1221 -9.605e-03 -3.629e-03 6.013e-03 0.000e+00
1222 -1.178e-03 9.652e-04 4.943e-03 0.000e+00
1223 -3.653e-03 7.742e-03 -1.008e-03 8.919e+01
1224 -5.213e-04 -4.056e-03 3.094e-03 0.000e+00
1225 -4.860e-03 3.625e-03 -3.672e-03 0.000e+00
1226 -8.344e-03 5.781e-03 -2.398e-03 0.000e+00
1227 1.340e-04 6.163e-03 -1.630e-03 0.000e+00
1228 -2.863e-03 7.288e-04 7.980e-04 0.000e+00
1229 -2.379e-03 5.331e-03 -2.083e-03 0.000e+00
1230 -1.710e-03 -4.590e-03 1.255e-03 0.000e+00
1231 -2.593e-03 4.083e-03 3.919e-03 0.000e+00
1232 4.360e-03 -2.489e-03 1.947e-03 0.000e+00
1233 -3.941e-03 6.743e-03 4.827e-03 8.205e+01
1234 3.316e-03 5.265e-03 -2.413e-03 0.000e+00
1235 -6.133e-03 -3.784e-03 3.398e-03 0.000e+00
1236 -1.155e-02 -4.304e-03 3.445e-04 0.000e+00
1237 -5.121e-04 4.745e-03 -1.548e-04 0.000e+00
1238 -3.577e-03 2.973e-03 5.369e-04 0.000e+00
1239 -7.674e-03 1.226e-03 -2.327e-03 0.000e+00
1240 -6.387e-03 4.829e-03 -1.863e-03 0.000e+00
1241 -6.849e-03 3.626e-03 8.685e-03 0.000e+00
1242 -6.915e-03 -5.562e-03 1.492e-03 0.000e+00
1243 -6.016e-03 -5.527e-03 -5.049e-03 0.000e+00
1244 -9.566e-03 9.878e-03 -1.792e-03 9.317e+01
1245 -4.457e-03 1.263e-03 6.430e-03 0.000e+00
1246 -3.027e-03 2.689e-03 -6.532e-05 0.000e+00
1247 -9.003e-04 2.083e-03 -4.273e-03 0.000e+00
1248 -6.439e-04 -4.952e-03 2.442e-03 0.000e+00
1249 -4.856e-03 2.408e-03 -3.489e-03 0.000e+00
1250 5.067e-03 -4.970e-03 -3.540e-03 0.000e+00
1251 -2.504e-03 -5.645e-03 -2.067e-03 0.000e+00
1252 3.743e-04 -4.952e-03 7.340e-04 0.000e+00
1253 -5.172e-03 -4.203e-03 4.450e-04 0.000e+00
1254 5.041e-04 3.501e-03 -4.675e-05 0.000e+00
1255 -3.603e-03 -4.104e-03 -2.180e-03 0.000e+00
1256 -1.182e-03 -5.389e-03 2.981e-03 0.000e+00
1257 -1.410e-03 -3.597e-03 -3.782e-03 0.000e+00
1258 -3.785e-03 -5.086e-03 4.182e-04 0.000e+00
1259 -6.985e-03 5.690e-03 2.215e-03 0.000e+00
1260 -1.063e-02 -5.587e-03 -1.665e-03 0.000e+00
1261 -5.516e-03 4.677e-03 2.142e-03 0.000e+00
1262 -5.574e-04 1.173e-03 -3.703e-03 0.000e+00
1263 -6.904e-03 3.936e-03 1.879e-03 0.000e+00
1264 -4.224e-03 -5.159e-03 -2.196e-03 0.000e+00
1265 -3.364e-03 -3.984e-03 -1.761e-03 0.000e+00
1266 -2.369e-03 6.985e-04 1.002e-03 0.000e+00
1267 -9.698e-03 2.837e-03 8.588e-03 0.000e+00
1268 6.425e-04 -2.809e-03 7.249e-04 0.000e+00
1269 -2.002e-03 3.432e-03 -2.038e-03 0.000e+00
1270 -4.270e-03 -4.609e-03 -2.526e-03 0.000e+00
1271 3.992e-03 -3.627e-03 -3.811e-03 0.000e+00
1272 -9.568e-03 1.029e-03 -4.150e-03 0.000e+00
1273 -1.957e-03 3.262e-04 -4.922e-04 0.000e+00
1274 -8.188e-03 -4.524e-03 -3.121e-03 0.000e+00
1275 -4.959e-03 -5.277e-03 2.968e-03 0.000e+00
1276 -3.530e-03 4.167e-03 3.512e-04 0.000e+00
1277 -3.165e-03 -4.568e-03 -5.907e-03 0.000e+00
1278 -1.185e-03 -4.537e-03 9.824e-04 0.000e+00
1279 -4.103e-03 1.452e-03 -1.349e-03 0.000e+00
1280 -3.833e-04 2.904e-03 1.887e-03 0.000e+00
1281 -1.263e-03 -4.033e-03 -3.701e-03 0.000e+00
1282 -1.756e-03 -1.683e-04 -1.931e-03 0.000e+00
1283 -3.436e-03 -4.282e-03 7.481e-03 0.000e+00
1284 -3.645e-03 2.157e-03 -4.559e-04 0.000e+00
1285 -1.741e-03 7.244e-03 -5.175e-03 -4.055e+01
1286 7.223e-04 -1.105e-03 -2.150e-03 0.000e+00
1287 -5.653e-03 -5.588e-03 -2.812e-03 0.000e+00
1288 3.208e-04 7.361e-03 3.259e-04 -4.401e+01
1289 -5.652e-03 9.836e-04 -1.607e-03 0.000e+00
1290 2.367e-03 4.013e-03 -5.652e-03 0.000e+00
1291 -4.647e-03 -6.818e-05 -1.609e-03 0.000e+00
1292 1.368e-04 -5.568e-03 -4.307e-03 0.000e+00
1293 -5.341e-03 -5.732e-03 1.076e-03 0.000e+00
1294 -6.805e-03 3.687e-03 -2.560e-04 0.000e+00
1295 -4.071e-03 9.606e-04 6.853e-03 0.000e+00
1296 4.231e-03 5.626e-03 3.607e-04 0.000e+00
1297 -2.149e-03 5.187e-03 2.434e-03 0.000e+00
1298 3.919e-03 3.240e-03 2.151e-03 0.000e+00
1299 -2.071e-03 5.884e-03 -9.959e-04 0.000e+00
1300 3.519e-03 -5.183e-03 3.799e-03 0.000e+00
1301 -3.514e-03 -3.660e-04 -5.826e-03 0.000e+00
1302 -4.834e-03 6.106e-03 1.441e-03 0.000e+00
1303 -1.739e-03 6.812e-03 -6.156e-03 7.095e+01
1304 -1.147e-03 -5.744e-03 4.129e-03 0.000e+00
1305 2.401e-03 2.801e-03 9.043e-03 0.000e+00
1306 -1.232e-03 4.604e-03 -8.095e-04 0.000e+00
1307 -4.587e-03 3.740e-03 1.956e-03 0.000e+00
1308 -4.973e-03 -4.261e-03 4.101e-03 0.000e+00
1309 1.355e-03 -5.616e-03 6.756e-03 0.000e+00
1310 1.702e-03 2.613e-03 -3.110e-03 0.000e+00
1311 5.426e-03 -5.612e-03 -5.962e-03 0.000e+00
1312 3.926e-03 1.673e-03 -1.439e-03 0.000e+00
1313 3.723e-03 3.796e-03 1.912e-04 0.000e+00
1314 -3.413e-03 -5.389e-03 1.165e-04 0.000e+00
1315 -2.076e-03 -4.838e-03 3.959e-04 0.000e+00
1316 -1.281e-03 -2.806e-03 -4.876e-03 0.000e+00
1317 -9.087e-04 -1.547e-03 1.573e-03 0.000e+00
1318 1.742e-03 4.209e-03 -3.815e-04 0.000e+00
1319 -1.425e-04 6.629e-03 2.227e-03 1.205e+02
1320 3.879e-03 2.557e-03 6.123e-03 0.000e+00
1321 5.073e-03 -4.479e-03 1.292e-03 0.000e+00
1322 -1.046e-03 4.988e-03 4.649e-03 0.000e+00
1323 -4.218e-03 -4.718e-03 -3.182e-03 0.000e+00
1324 -2.208e-03 -5.032e-03 3.520e-03 0.000e+00
1325 -2.082e-03 3.677e-03 3.974e-03 0.000e+00
1326 5.503e-03 5.206e-04 -5.553e-03 0.000e+00
1327 1.622e-03 -4.909e-03 -2.277e-03 0.000e+00
1328 4.910e-03 -5.329e-03 3.320e-03 0.000e+00
1329 1.819e-03 3.032e-03 -4.640e-03 0.000e+00
1330 2.789e-03 -3.195e-03 2.350e-03 0.000e+00
1331 4.431e-05 5.934e-03 -4.412e-03 0.000e+00
1332 3.660e-03 -5.656e-03 -7.467e-05 0.000e+00
1333 -4.328e-03 6.852e-03 3.501e-03 1.151e+02
1334 3.816e-03 5.170e-03 3.226e-03 0.000e+00
1335 -4.260e-04 -5.438e-03 -7.280e-03 0.000e+00
1336 4.261e-03 -4.944e-03 2.597e-03 0.000e+00
1337 5.551e-03 -5.090e-03 -5.803e-04 0.000e+00
1338 -2.104e-03 -4.541e-03 -3.439e-03 0.000e+00
1339 -3.025e-04 -5.019e-03 1.039e-02 0.000e+00
1340 3.431e-04 9.620e-04 -1.336e-03 0.000e+00
1341 1.094e-04 1.873e-03 -6.997e-03 0.000e+00
1342 4.120e-03 -1.129e-03 -3.632e-03 0.000e+00
1343 -3.002e-03 -5.210e-03 1.943e-03 0.000e+00
1344 -6.684e-03 1.220e-03 1.723e-03 0.000e+00
1345 3.141e-04 -5.029e-03 -2.396e-03 0.000e+00
1346 3.969e-03 5.172e-03 3.893e-03 0.000e+00
1347 3.619e-03 -5.636e-03 -1.917e-03 0.000e+00
1348 9.960e-04 9.305e-04 8.338e-04 0.000e+00
1349 2.647e-03 8.957e-04 -1.072e-06 0.000e+00
1350 -8.303e-04 2.347e-03 2.381e-04 0.000e+00
1351 -2.081e-03 2.151e-04 1.425e-03 0.000e+00
1352 3.718e-03 -5.312e-03 -2.227e-03 0.000e+00
1353 7.655e-03 -4.218e-03 -2.843e-03 0.000e+00
1354 -1.931e-03 -3.781e-03 -4.509e-03 0.000e+00
1355 3.253e-03 -5.019e-03 3.961e-03 0.000e+00
1356 9.762e-03 3.588e-05 -4.530e-03 0.000e+00
1357 -9.823e-03 -4.900e-03 6.147e-03 0.000e+00
1358 1.114e-02 -5.612e-03 3.995e-03 0.000e+00
1359 5.325e-03 -3.682e-03 -1.057e-02 0.000e+00
1360 -3.075e-03 -5.743e-03 2.641e-03 0.000e+00
1361 -3.081e-03 -3.458e-03 1.665e-03 0.000e+00
1362 4.700e-03 -4.173e-03 9.125e-03 0.000e+00
1363 -4.724e-04 2.333e-03 -7.078e-03 0.000e+00
1364 1.525e-03 -5.304e-03 1.850e-03 0.000e+00
1365 3.983e-03 7.187e-03 4.428e-03 -3.368e+01
1366 -5.660e-03 1.460e-04 4.573e-03 0.000e+00
1367 -5.353e-03 3.674e-03 -8.499e-04 0.000e+00
1368 4.471e-03 -2.366e-03 7.518e-03 0.000e+00
1369 5.320e-03 -7.855e-04 3.223e-03 0.000e+00
1370 1.559e-03 -3.484e-03 2.739e-03 0.000e+00
1371 -2.044e-03 1.491e-03 2.608e-03 0.000e+00
1372 3.086e-04 -4.368e-03 1.251e-03 0.000e+00
1373 -1.058e-03 1.438e-03 2.014e-03 0.000e+00
1374 4.451e-03 -5.207e-03 3.385e-03 0.000e+00
1375 -1.580e-03 4.400e-03 -2.068e-03 0.000e+00
1376 1.126e-02 -3.725e-03 2.952e-03 0.000e+00
1377 3.220e-03 9.522e-04 -3.485e-03 0.000e+00
1378 7.298e-03 7.908e-04 -6.159e-05 0.000e+00
1379 3.640e-04 2.564e-03 -1.120e-03 0.000e+00
1380 -3.006e-03 2.956e-03 1.621e-03 0.000e+00
1381 5.132e-03 5.539e-03 -3.648e-04 0.000e+00
1382 9.061e-03 4.745e-03 3.562e-03 0.000e+00
1383 6.077e-03 3.223e-04 4.680e-03 0.000e+00
1384 2.690e-03 1.396e-03 -1.463e-03 0.000e+00
1385 2.406e-03 8.006e-04 -1.463e-03 0.000e+00
1386 -1.463e-03 9.325e-03 7.362e-03 1.210e+02
1387 -4.445e-03 -3.830e-03 -3.271e-03 0.000e+00
1388 1.962e-03 -5.372e-03 1.815e-03 0.000e+00
1389 3.892e-03 4.442e-03 2.330e-03 0.000e+00
1390 1.704e-03 -8.293e-04 5.735e-03 0.000e+00
1391 1.945e-03 9.683e-05 2.087e-03 0.000e+00
1392 1.737e-03 3.563e-03 2.380e-03 0.000e+00
1393 9.647e-04 7.875e-04 -4.320e-03 0.000e+00
1394 -5.448e-03 -4.367e-03 1.110e-04 0.000e+00
1395 4.332e-03 5.923e-03 2.297e-03 0.000e+00
1396 4.310e-03 3.027e-03 -3.536e-03 0.000e+00
1397 2.959e-03 -4.969e-03 4.181e-03 0.000e+00
1398 1.243e-03 2.284e-03 -5.119e-04 0.000e+00
1399 -7.193e-03 3.686e-03 -3.406e-03 0.000e+00
1400 2.250e-03 -7.461e-04 5.194e-03 0.000e+00
1401 2.113e-03 -5.467e-03 3.713e-03 0.000e+00
1402 -2.048e-03 5.485e-03 1.149e-03 0.000e+00
1403 -6.966e-04 -5.793e-05 -3.655e-03 0.000e+00
1404 -3.162e-03 7.787e-03 -3.764e-03 6.144e+01
1405 1.483e-03 -4.830e-03 -8.912e-04 0.000e+00
1406 -6.390e-03 2.689e-03 1.700e-03 0.000e+00
1407 -2.754e-03 -5.556e-03 -2.546e-03 0.000e+00
1408 -7.627e-04 -5.483e-03 5.213e-05 0.000e+00
1409 -8.038e-03 3.189e-03 1.840e-03 0.000e+00
1410 8.271e-03 1.142e-03 -7.623e-04 0.000e+00
1411 -1.662e-03 1.854e-03 4.577e-03 0.000e+00
1412 -7.361e-04 -5.301e-03 3.908e-03 0.000e+00
1413 -2.413e-03 2.590e-03 -3.222e-03 0.000e+00
1414 -1.345e-03 -5.494e-03 -3.119e-04 0.000e+00
1415 -7.943e-03 -4.606e-03 4.721e-03 0.000e+00
1416 -4.377e-03 5.963e-03 2.735e-03 0.000e+00
1417 -5.190e-03 -4.920e-03 -3.468e-03 0.000e+00
1418 -4.575e-03 -3.824e-03 3.016e-03 0.000e+00
1419 4.372e-03 -5.635e-03 -3.328e-03 0.000e+00
1420 -4.220e-03 1.844e-03 1.020e-02 0.000e+00
1421 -2.653e-03 -3.995e-03 -4.960e-03 0.000e+00
1422 -3.665e-03 1.268e-03 2.093e-03 0.000e+00
1423 -4.181e-03 -5.627e-03 5.685e-04 0.000e+00
1424 1.912e-03 -5.566e-03 1.840e-03 0.000e+00
1425 -4.833e-03 3.989e-04 -8.665e-04 0.000e+00
1426 -4.165e-03 -5.421e-03 -2.025e-03 0.000e+00
1427 -3.019e-03 4.582e-03 3.130e-03 0.000e+00
1428 -2.829e-03 -3.881e-03 6.705e-03 0.000e+00
1429 4.916e-03 3.050e-03 -9.896e-04 0.000e+00
1430 2.178e-04 4.448e-03 4.178e-04 0.000e+00
1431 -9.490e-03 6.451e-03 5.896e-03 0.000e+00
1432 -1.925e-03 -3.923e-03 -1.477e-03 0.000e+00
1433 -2.855e-04 -4.020e-03 8.100e-04 0.000e+00
1434 -1.369e-04 3.273e-03 6.340e-04 0.000e+00
1435 -3.803e-03 5.016e-03 -1.177e-03 0.000e+00
1436 -4.940e-03 2.653e-03 5.320e-03 0.000e+00
1437 -2.950e-03 -3.797e-03 1.943e-03 0.000e+00
1438 -1.030e-02 4.216e-03 -1.580e-03 0.000e+00
1439 -1.714e-03 1.362e-03 -1.300e-03 0.000e+00
1440 -3.874e-03 -1.532e-03 -4.235e-03 0.000e+00
1441 -4.066e-03 6.039e-03 1.975e-03 0.000e+00
1442 -4.659e-03 -3.768e-03 1.055e-03 0.000e+00
1443 -5.616e-03 3.311e-03 5.837e-03 0.000e+00
1444 -3.648e-03 3.029e-03 1.206e-04 0.000e+00
1445 -3.493e-03 -3.420e-03 2.927e-04 0.000e+00
1446 -3.674e-03 5.590e-03 -3.456e-03 0.000e+00
1447 3.075e-03 -2.560e-04 2.862e-03 0.000e+00
1448 1.516e-03 -5.548e-03 2.869e-03 0.000e+00
1449 9.378e-04 3.957e-03 7.347e-03 0.000e+00
1450 -8.049e-03 -5.532e-03 -2.893e-03 0.000e+00
1451 -1.700e-03 -3.242e-03 3.076e-03 0.000e+00
1452 -3.612e-03 1.653e-03 1.612e-04 0.000e+00
1453 -4.753e-04 4.330e-03 3.527e-03 0.000e+00
1454 1.900e-03 9.005e-04 -2.684e-03 0.000e+00
1455 1.198e-03 3.472e-03 -1.979e-03 0.000e+00
1456 -2.516e-03 2.445e-03 -3.423e-03 0.000e+00
1457 -1.944e-04 3.295e-03 2.893e-03 0.000e+00
1458 -3.797e-03 9.490e-04 3.987e-03 0.000e+00
1459 1.448e-03 2.949e-03 -2.839e-04 0.000e+00
1460 -5.130e-03 -4.757e-03 3.731e-03 0.000e+00
1461 -8.071e-05 -5.613e-03 3.553e-03 0.000e+00
1462 1.913e-03 4.080e-03 -9.076e-03 0.000e+00
1463 9.164e-04 2.679e-03 -3.236e-03 0.000e+00
1464 -1.583e-03 4.864e-03 -4.101e-03 0.000e+00
1465 5.935e-03 -5.702e-03 7.188e-04 0.000e+00
1466 -2.864e-03 -3.704e-03 8.258e-05 0.000e+00
1467 7.992e-03 5.454e-03 -3.568e-03 0.000e+00
1468 3.016e-03 1.415e-03 -3.925e-03 0.000e+00
1469 8.046e-04 4.746e-03 7.733e-04 0.000e+00
1470 4.465e-03 -2.924e-03 5.810e-03 0.000e+00
1471 6.029e-04 -5.585e-03 -5.921e-03 0.000e+00
1472 3.441e-03 4.574e-03 7.582e-03 0.000e+00
1473 8.586e-04 5.299e-04 -1.597e-03 0.000e+00
1474 2.668e-03 2.036e-03 1.998e-03 0.000e+00
1475 -3.573e-03 -4.775e-03 -2.323e-03 0.000e+00
1476 4.547e-03 -2.608e-03 3.233e-03 0.000e+00
1477 7.465e-05 -4.791e-03 -4.992e-03 0.000e+00
1478 5.989e-03 8.011e-03 3.289e-03 3.729e+01
1479 2.338e-03 -3.694e-03 5.548e-03 0.000e+00
1480 9.837e-04 2.798e-03 -6.213e-03 0.000e+00
1481 -6.171e-03 3.895e-03 -1.269e-03 0.000e+00
1482 -2.683e-03 -2.359e-03 1.311e-04 0.000e+00
1483 -3.609e-03 6.016e-03 2.125e-03 0.000e+00
1484 1.945e-03 -4.910e-03 4.714e-03 0.000e+00
1485 1.953e-03 -2.698e-03 4.098e-03 0.000e+00
1486 1.240e-03 1.570e-03 2.901e-03 0.000e+00
1487 1.650e-03 3.264e-03 7.365e-04 0.000e+00
1488 -4.950e-03 -8.214e-04 4.703e-03 0.000e+00
1489 3.014e-03 2.599e-03 -3.420e-03 0.000e+00
1490 4.599e-03 3.272e-03 -1.308e-03 0.000e+00
1491 -9.474e-04 -3.122e-03 -4.043e-03 0.000e+00
1492 3.023e-04 3.598e-03 -1.400e-03 0.000e+00
1493 1.252e-03 3.745e-03 1.836e-03 0.000e+00
1494 -2.134e-03 3.050e-03 -6.395e-04 0.000e+00
1495 1.236e-03 -8.047e-04 7.980e-03 0.000e+00
1496 -4.168e-03 -4.231e-04 -3.027e-03 0.000e+00
1497 -1.264e-03 -3.381e-03 -1.716e-03 0.000e+00
1498 1.459e-03 -5.453e-03 9.540e-04 0.000e+00
1499 1.546e-03 3.171e-03 -5.403e-03 0.000e+00
1500 -1.542e-03 -7.702e-04 -2.894e-03 0.000e+00
1501 -6.231e-03 -5.594e-03 7.308e-04 0.000e+00
1502 4.359e-03 5.206e-03 -5.893e-03 0.000e+00
1503 -2.966e-03 -4.980e-03 3.813e-03 0.000e+00
1504 -2.695e-03 9.248e-03 5.606e-03 -8.735e+00
1505 -1.442e-05 -7.625e-04 3.965e-03 0.000e+00
1506 -7.664e-05 4.157e-03 4.205e-03 0.000e+00
1507 2.505e-03 -2.685e-03 -6.730e-04 0.000e+00
1508 6.705e-03 -4.418e-03 -3.237e-03 0.000e+00
1509 -8.566e-03 -4.557e-03 3.854e-03 0.000e+00
1510 -1.420e-03 -3.435e-03 -4.806e-03 0.000e+00
1511 -7.175e-03 -5.166e-03 3.862e-04 0.000e+00
1512 -2.767e-03 -3.928e-03 -4.142e-03 0.000e+00
1513 -1.093e-03 2.938e-03 -2.522e-03 0.000e+00
1514 -6.215e-03 5.157e-03 2.825e-03 0.000e+00
1515 0.000e+00 3.229e-03 7.917e-04 0.000e+00
1516 -1.397e-03 -4.679e-03 9.935e-04 0.000e+00
1517 4.732e-03 3.767e-03 -5.555e-04 0.000e+00
1518 -2.380e-03 2.808e-03 2.393e-03 0.000e+00
1519 -1.075e-03 2.358e-03 -4.156e-04 0.000e+00
1520 -2.391e-04 -2.123e-03 -2.039e-03 0.000e+00
1521 -4.785e-03 4.077e-03 9.399e-04 0.000e+00
1522 3.449e-03 -4.047e-03 3.885e-03 0.000e+00
1523 5.420e-03 -4.889e-03 -6.203e-03 0.000e+00
1524 1.970e-04 1.515e-03 1.852e-03 0.000e+00
1525 3.659e-03 -5.666e-03 2.285e-03 0.000e+00
1526 4.134e-03 6.069e-04 -6.437e-04 0.000e+00
1527 4.441e-03 -4.975e-03 7.982e-03 0.000e+00
1528 2.122e-03 -2.973e-03 -1.743e-03 0.000e+00
1529 6.620e-03 5.855e-03 7.068e-04 0.000e+00
1530 3.651e-03 4.975e-03 7.659e-03 0.000e+00
1531 -1.162e-03 1.686e-03 2.532e-03 0.000e+00
1532 4.244e-03 3.618e-03 -1.434e-03 0.000e+00
1533 8.148e-03 -4.944e-03 -5.679e-03 0.000e+00
1534 4.157e-03 5.304e-03 -7.754e-03 0.000e+00
1535 2.075e-03 2.335e-03 2.492e-03 0.000e+00
1536 6.453e-03 -3.044e-03 -4.444e-03 0.000e+00
1537 9.960e-03 1.716e-03 -1.957e-03 0.000e+00
1538 5.577e-03 1.856e-03 3.475e-03 0.000e+00
1539 -7.581e-03 3.332e-03 4.284e-03 0.000e+00
1540 -4.416e-03 -5.632e-03 -1.525e-04 0.000e+00
1541 5.004e-03 3.834e-03 5.218e-05 0.000e+00
1542 3.588e-04 -3.812e-03 -8.677e-04 0.000e+00
1543 2.589e-03 6.876e-04 3.016e-03 0.000e+00
1544 -2.112e-03 -5.262e-03 4.400e-03 0.000e+00
1545 1.131e-03 3.278e-03 6.534e-03 0.000e+00
1546 1.113e-02 6.882e-03 -7.666e-03 4.139e+01
1547 4.448e-03 -5.559e-03 1.968e-03 0.000e+00
1548 4.105e-03 4.956e-03 -4.492e-03 0.000e+00
1549 6.006e-03 2.394e-03 -3.267e-04 0.000e+00
1550 6.868e-03 2.415e-03 1.945e-03 0.000e+00
1551 7.277e-03 2.445e-03 -5.949e-03 0.000e+00
1552 4.662e-03 1.812e-03 8.759e-03 0.000e+00
1553 5.675e-03 6.849e-03 -2.442e-03 1.080e+02
1554 8.190e-04 6.357e-03 7.360e-03 0.000e+00
1555 7.447e-05 -5.744e-03 -1.530e-04 0.000e+00
1556 2.016e-03 2.142e-04 -4.714e-03 0.000e+00
1557 4.331e-03 3.386e-03 -4.746e-03 0.000e+00
1558 2.508e-03 -4.457e-03 2.240e-03 0.000e+00
1559 6.104e-03 -3.692e-04 -5.332e-04 0.000e+00
1560 5.589e-03 1.487e-03 -1.045e-04 0.000e+00
1561 2.960e-03 3.457e-03 -7.051e-03 0.000e+00
1562 8.911e-03 -3.693e-03 2.922e-04 0.000e+00
1563 3.830e-03 5.481e-03 1.809e-03 0.000e+00
1564 2.931e-03 2.512e-03 -2.395e-03 0.000e+00
1565 2.939e-03 6.135e-03 1.528e-03 0.000e+00
1566 1.047e-03 3.137e-03 -3.267e-03 0.000e+00
1567 2.045e-03 -3.332e-03 -7.157e-04 0.000e+00
1568 6.728e-03 -5.608e-03 -4.655e-03 0.000e+00
1569 8.625e-03 -1.449e-04 -9.255e-04 0.000e+00
1570 1.061e-03 2.221e-03 4.734e-03 0.000e+00
1571 4.006e-03 -5.159e-03 2.278e-03 0.000e+00
1572 4.096e-03 -5.354e-03 2.940e-03 0.000e+00
1573 -1.995e-03 -5.553e-03 -3.253e-03 0.000e+00
1574 1.459e-03 -5.654e-03 -1.301e-03 0.000e+00
1575 3.678e-03 -5.759e-03 -1.648e-04 0.000e+00
1576 8.962e-03 3.446e-03 5.785e-06 0.000e+00
1577 1.885e-03 -5.249e-03 -3.897e-03 0.000e+00
1578 3.110e-03 -4.061e-03 -1.939e-03 0.000e+00
1579 7.109e-03 -4.956e-03 8.480e-03 0.000e+00
1580 2.567e-03 1.991e-03 8.945e-03 0.000e+00
1581 4.411e-03 -4.079e-03 -9.696e-03 0.000e+00
1582 6.660e-03 6.679e-03 1.120e-04 -2.033e+01
1583 6.263e-04 -4.843e-03 -3.527e-03 0.000e+00
1584 8.886e-03 -3.923e-03 -2.756e-03 0.000e+00
1585 3.790e-04 -3.467e-03 4.965e-03 0.000e+00
1586 2.314e-03 4.456e-03 2.429e-03 0.000e+00
1587 3.484e-03 1.020e-03 -4.153e-03 0.000e+00
1588 1.620e-03 -3.624e-03 -3.794e-03 0.000e+00
1589 5.404e-03 4.190e-03 3.736e-03 0.000e+00
1590 2.854e-03 -5.295e-03 -5.073e-03 0.000e+00
1591 6.934e-03 -3.038e-03 -8.057e-04 0.000e+00
1592 3.273e-03 5.532e-03 -1.969e-04 0.000e+00
1593 3.567e-05 1.618e-03 1.341e-03 0.000e+00
1594 5.727e-03 -4.516e-03 -2.635e-03 0.000e+00
1595 4.946e-03 -2.949e-03 -1.597e-03 0.000e+00
1596 6.791e-03 9.326e-04 -2.327e-03 0.000e+00
1597 2.205e-03 -2.625e-03 4.359e-03 0.000e+00
1598 -5.966e-04 1.120e-02 -4.743e-03 -3.548e+01
1599 5.630e-03 7.296e-03 3.500e-03 1.121e+02
1600 3.275e-03 1.480e-03 -1.735e-03 0.000e+00
1601 3.014e-03 5.981e-03 8.404e-04 0.000e+00
1602 2.935e-03 -4.070e-03 1.081e-03 0.000e+00
1603 1.876e-03 -3.020e-04 -1.217e-03 0.000e+00
1604 -1.982e-03 -4.996e-03 3.847e-03 0.000e+00
1605 1.673e-03 -3.996e-03 -1.045e-03 0.000e+00
1606 3.627e-04 -5.134e-03 1.097e-03 0.000e+00
1607 -1.857e-03 6.555e-03 -1.117e-03 -2.054e+01
1608 3.309e-03 -5.338e-03 1.274e-03 0.000e+00
1609 1.932e-03 -5.347e-03 -4.569e-04 0.000e+00
1610 1.652e-03 3.374e-03 -5.141e-03 0.000e+00
1611 3.862e-03 9.628e-04 1.795e-03 0.000e+00
1612 -1.311e-03 2.284e-03 5.453e-04 0.000e+00
1613 -1.817e-04 -4.533e-03 1.474e-05 0.000e+00
1614 3.453e-04 8.866e-03 -5.411e-04 6.687e+01
1615 9.860e-03 1.884e-03 -5.586e-03 0.000e+00
1616 2.217e-03 2.028e-03 -2.389e-03 0.000e+00
1617 1.268e-03 -3.200e-03 -7.082e-04 0.000e+00
1618 1.880e-03 -4.004e-04 -4.518e-03 0.000e+00
1619 1.102e-02 1.832e-03 -1.220e-03 0.000e+00
1620 8.907e-04 4.904e-03 1.597e-03 0.000e+00
1621 1.603e-03 -5.031e-03 6.755e-03 0.000e+00
1622 4.607e-03 1.303e-03 -2.526e-03 0.000e+00
1623 -1.399e-03 8.193e-03 -1.524e-03 4.427e+01
1624 2.312e-03 3.662e-03 3.296e-03 0.000e+00
1625 2.627e-03 5.710e-03 9.632e-04 0.000e+00
1626 -9.691e-04 8.963e-03 -3.429e-03 -8.416e+00
1627 -1.767e-03 3.139e-04 8.382e-04 0.000e+00
1628 3.054e-03 -4.866e-03 5.813e-05 0.000e+00
1629 5.734e-04 3.347e-04 -4.104e-03 0.000e+00
1630 -5.689e-03 -5.463e-03 2.938e-03 0.000e+00
1631 -4.178e-03 -5.674e-03 2.255e-03 0.000e+00
1632 4.607e-03 -5.412e-03 -4.793e-03 0.000e+00
1633 -8.853e-04 -5.009e-03 5.622e-03 0.000e+00
1634 -4.054e-03 1.990e-03 1.717e-03 0.000e+00
1635 -2.400e-03 5.522e-03 1.853e-03 0.000e+00
1636 3.030e-03 8.861e-03 5.286e-04 4.933e+01
1637 5.155e-03 1.106e-03 2.913e-03 0.000e+00
1638 5.378e-05 -2.902e-03 -3.004e-03 0.000e+00
1639 1.627e-03 -3.867e-03 1.740e-04 0.000e+00
1640 8.606e-03 -5.611e-03 -4.205e-03 0.000e+00
1641 4.636e-04 -5.626e-03 -5.757e-03 0.000e+00
1642 -3.891e-03 3.420e-03 3.495e-04 0.000e+00
1643 3.426e-03 5.683e-03 2.724e-03 0.000e+00
1644 -5.382e-04 -2.491e-03 -2.043e-03 0.000e+00
1645 3.528e-03 -4.864e-03 -2.263e-04 0.000e+00
1646 9.283e-03 4.917e-03 4.853e-03 0.000e+00
1647 -1.435e-03 -4.325e-03 4.725e-03 0.000e+00
1648 1.841e-03 7.194e-04 1.439e-04 0.000e+00
1649 -2.817e-03 1.059e-03 2.076e-03 0.000e+00
1650 3.094e-03 -5.379e-03 -1.571e-03 0.000e+00
1651 1.018e-02 -5.073e-04 -1.446e-03 0.000e+00
1652 6.152e-03 -5.046e-03 -1.217e-04 0.000e+00
1653 6.269e-03 -5.505e-03 -1.295e-03 0.000e+00
1654 1.639e-03 -4.254e-03 1.761e-03 0.000e+00
1655 2.372e-04 -5.314e-03 2.220e-03 0.000e+00
1656 2.684e-03 -5.319e-03 -5.720e-03 0.000e+00
1657 -3.253e-03 3.832e-03 -4.321e-03 0.000e+00
1658 7.664e-03 -3.944e-03 -4.402e-03 0.000e+00
1659 1.524e-03 -3.728e-03 -1.994e-03 0.000e+00
1660 4.047e-03 1.882e-03 -3.587e-04 0.000e+00
1661 2.784e-03 1.767e-03 1.093e-03 0.000e+00
1662 -6.702e-03 -4.472e-03 -4.303e-03 0.000e+00
1663 -1.134e-03 -5.344e-03 -2.893e-03 0.000e+00
1664 1.802e-03 1.940e-03 -6.720e-03 0.000e+00
1665 1.413e-03 -5.243e-03 -1.968e-03 0.000e+00
1666 1.318e-03 4.598e-03 -6.073e-03 0.000e+00
1667 -2.825e-03 6.342e-03 -5.018e-03 0.000e+00
1668 -3.643e-04 -5.024e-03 5.127e-04 0.000e+00
1669 -3.914e-03 -5.416e-03 -2.054e-03 0.000e+00
1670 -9.080e-04 5.054e-04 -1.610e-03 0.000e+00
1671 2.845e-04 -4.287e-03 -5.870e-03 0.000e+00
1672 6.219e-04 -4.686e-03 1.884e-03 0.000e+00
1673 -7.873e-04 9.416e-04 -3.000e-03 0.000e+00
1674 3.495e-03 4.000e-03 1.183e-03 0.000e+00
1675 4.949e-04 2.795e-03 -2.562e-03 0.000e+00
1676 1.655e-03 3.048e-03 2.907e-03 0.000e+00
1677 -3.979e-03 -4.009e-03 -4.986e-03 0.000e+00
1678 4.787e-03 -5.025e-03 -3.312e-03 0.000e+00
1679 -8.565e-04 -5.578e-03 -5.016e-05 0.000e+00
1680 4.193e-04 -3.537e-03 -4.827e-03 0.000e+00
1681 4.852e-03 1.153e-03 3.564e-03 0.000e+00
1682 3.370e-03 -4.759e-03 5.510e-03 0.000e+00
1683 2.771e-03 5.240e-03 8.260e-05 0.000e+00
1684 1.380e-03 3.329e-03 6.810e-04 0.000e+00
1685 1.533e-04 2.244e-03 5.113e-03 0.000e+00
1686 2.859e-03 2.383e-03 -2.705e-03 0.000e+00
1687 2.638e-03 4.659e-03 3.707e-03 0.000e+00
1688 4.650e-03 3.499e-03 3.341e-04 0.000e+00
1689 2.688e-03 4.400e-03 -4.317e-03 0.000e+00
1690 3.451e-05 -5.546e-03 -3.565e-04 0.000e+00
1691 -1.000e-03 2.335e-03 -3.294e-03 0.000e+00
1692 -2.160e-03 -5.009e-03 -1.483e-03 0.000e+00
1693 -1.431e-03 -5.688e-03 2.797e-03 0.000e+00
1694 2.383e-03 -3.170e-03 4.440e-05 0.000e+00
1695 -1.095e-03 7.573e-03 5.953e-03 7.368e+01
1696 9.600e-04 6.652e-03 -3.004e-03 1.076e+02
1697 -3.762e-03 4.294e-03 -2.417e-04 0.000e+00
1698 -5.401e-03 -5.551e-03 -4.745e-04 0.000e+00
1699 -9.126e-04 8.068e-04 -3.130e-03 0.000e+00
1700 2.576e-03 4.634e-03 -5.684e-03 0.000e+00
1701 -4.264e-03 2.104e-04 -6.382e-03 0.000e+00
1702 -6.576e-03 -5.481e-03 2.094e-03 0.000e+00
1703 -2.042e-03 -3.864e-03 -1.605e-03 0.000e+00
1704 -4.247e-03 -5.004e-03 -7.982e-03 0.000e+00
1705 -3.470e-03 -2.870e-03 7.534e-04 0.000e+00
1706 1.289e-03 2.565e-03 -3.886e-03 0.000e+00
1707 -1.014e-03 2.054e-03 -4.979e-04 0.000e+00
1708 -2.328e-03 -4.278e-03 5.300e-03 0.000e+00
1709 2.694e-03 5.921e-04 5.302e-03 0.000e+00
1710 3.021e-04 -3.270e-03 3.368e-04 0.000e+00
1711 3.436e-03 9.068e-03 -6.403e-03 7.642e+01
1712 2.470e-03 -5.072e-03 -4.653e-03 0.000e+00
1713 -7.707e-03 2.367e-03 7.446e-04 0.000e+00
1714 -2.255e-03 -5.712e-03 4.026e-04 0.000e+00
1715 -3.199e-03 -5.703e-03 -9.360e-04 0.000e+00
1716 -4.498e-03 1.228e-03 5.984e-05 0.000e+00
1717 -4.936e-04 -3.948e-03 -7.203e-03 0.000e+00
1718 1.112e-03 -4.806e-03 1.492e-03 0.000e+00
1719 5.128e-04 -2.515e-03 -7.175e-03 0.000e+00
1720 4.273e-03 -4.925e-03 -3.389e-03 0.000e+00
1721 1.610e-03 -5.645e-03 -3.680e-03 0.000e+00
1722 -9.383e-04 -5.629e-03 4.703e-04 0.000e+00
1723 3.412e-03 -2.425e-04 -3.204e-03 0.000e+00
1724 -1.328e-03 -4.961e-03 2.238e-03 0.000e+00
1725 -7.094e-03 -3.732e-03 1.657e-04 0.000e+00
1726 -1.917e-03 -4.793e-03 3.838e-03 0.000e+00
1727 7.014e-04 -5.443e-03 1.462e-04 0.000e+00
1728 -1.168e-03 -4.473e-03 -9.303e-04 0.000e+00
1729 1.650e-03 -4.959e-03 2.497e-03 0.000e+00
1730 4.368e-03 -3.885e-03 9.408e-04 0.000e+00
1731 6.012e-04 -4.966e-03 -2.852e-03 0.000e+00
1732 3.572e-03 -3.321e-03 -8.505e-03 0.000e+00
1733 -8.141e-04 1.974e-03 -2.479e-03 0.000e+00
1734 -2.319e-03 -2.730e-03 4.995e-03 0.000e+00
1735 -1.665e-03 -5.222e-03 -1.577e-03 0.000e+00
1736 8.419e-03 -5.581e-03 -5.482e-03 0.000e+00
1737 7.717e-04 -3.399e-04 -3.622e-03 0.000e+00
1738 -3.948e-04 -5.655e-03 -4.193e-03 0.000e+00
1739 -3.748e-03 -4.301e-03 -3.020e-03 0.000e+00
1740 -7.577e-04 -2.063e-03 -1.433e-04 0.000e+00
1741 -6.938e-04 -3.741e-03 5.142e-03 0.000e+00
1742 -3.639e-03 2.352e-03 1.848e-03 0.000e+00
1743 1.005e-03 -4.841e-03 -2.699e-04 0.000e+00
1744 -1.038e-03 -5.060e-03 1.593e-03 0.000e+00
1745 3.808e-03 -4.878e-03 -6.236e-03 0.000e+00
1746 2.211e-03 1.302e-03 -1.678e-03 0.000e+00
1747 -1.106e-03 6.433e-04 1.500e-03 0.000e+00
1748 -3.944e-04 5.224e-03 2.600e-03 0.000e+00
1749 2.172e-03 -5.421e-03 -2.085e-03 0.000e+00
1750 3.169e-03 3.515e-03 3.452e-03 0.000e+00
1751 -3.099e-03 -5.177e-03 5.142e-03 0.000e+00
1752 5.557e-03 -5.239e-03 3.021e-03 0.000e+00
1753 5.106e-03 2.985e-03 4.048e-03 0.000e+00
1754 1.364e-03 1.815e-03 2.258e-03 0.000e+00
1755 3.511e-03 3.727e-03 6.541e-03 0.000e+00
1756 1.902e-03 1.562e-03 -4.143e-03 0.000e+00
1757 -3.031e-03 2.828e-03 -4.487e-03 0.000e+00
1758 1.210e-04 -3.803e-03 9.647e-04 0.000e+00
1759 5.581e-03 -5.646e-03 5.254e-03 0.000e+00
1760 6.933e-03 1.794e-03 -1.718e-03 0.000e+00
1761 2.774e-03 4.718e-03 -5.934e-03 0.000e+00
1762 3.832e-03 2.566e-03 -1.664e-03 0.000e+00
1763 1.680e-03 -5.176e-03 1.677e-03 0.000e+00
1764 -4.139e-04 4.875e-03 -3.394e-03 0.000e+00
1765 5.174e-03 1.651e-03 8.489e-05 0.000e+00
1766 1.434e-03 5.744e-04 -3.229e-03 0.000e+00
1767 -3.780e-03 6.689e-04 7.667e-03 0.000e+00
1768 8.207e-03 -8.760e-04 1.556e-03 0.000e+00
1769 -4.723e-03 -3.650e-03 -4.776e-03 0.000e+00
1770 1.248e-03 2.835e-03 -9.271e-04 0.000e+00
1771 3.864e-03 3.791e-03 -2.144e-04 0.000e+00
1772 -5.185e-04 4.049e-03 -4.749e-03 0.000e+00
1773 3.614e-03 -4.789e-03 5.497e-04 0.000e+00
1774 -2.034e-03 7.384e-03 -1.243e-03 -3.764e+01
1775 1.853e-03 -5.645e-03 1.661e-03 0.000e+00
1776 2.012e-03 5.691e-03 -4.844e-03 0.000e+00
1777 5.749e-03 0.000e+00 1.751e-05 0.000e+00
1778 2.363e-03 4.446e-03 -1.771e-03 0.000e+00
1779 -2.763e-03 -5.732e-03 7.080e-03 0.000e+00
1780 1.697e-03 -5.637e-03 -2.107e-03 0.000e+00
1781 4.508e-04 -5.690e-03 -3.765e-03 0.000e+00
1782 7.277e-03 -5.748e-03 1.313e-03 0.000e+00
1783 -4.311e-04 3.878e-03 -1.088e-03 0.000e+00
1784 3.536e-03 -4.345e-03 -3.902e-03 0.000e+00
1785 2.649e-03 3.362e-03 1.491e-04 0.000e+00
1786 1.306e-03 -4.357e-03 2.837e-03 0.000e+00
1787 3.448e-04 2.589e-04 1.685e-03 0.000e+00
1788 -3.679e-03 -5.613e-03 -2.680e-03 0.000e+00
1789 8.107e-03 4.709e-03 -4.328e-03 0.000e+00
1790 4.345e-03 9.662e-03 3.173e-03 -4.316e+01
1791 1.087e-02 -5.583e-03 4.596e-03 0.000e+00
1792 5.464e-03 -5.577e-03 -3.447e-03 0.000e+00
1793 2.039e-04 4.304e-03 -5.633e-03 0.000e+00
1794 3.795e-03 5.727e-04 -1.380e-03 0.000e+00
1795 4.391e-03 1.661e-03 -1.342e-03 0.000e+00
1796 2.112e-03 -3.779e-03 -8.737e-03 0.000e+00
1797 1.526e-03 4.243e-03 7.604e-03 0.000e+00
1798 3.324e-03 1.104e-02 -3.851e-03 1.055e+02
1799 5.163e-04 3.110e-03 2.902e-03 0.000e+00
1800 -4.714e-04 3.251e-03 -3.315e-04 0.000e+00
1801 1.482e-03 -3.612e-03 3.705e-03 0.000e+00
1802 4.602e-03 4.104e-03 7.436e-05 0.000e+00
1803 1.161e-03 9.505e-05 7.895e-03 0.000e+00
1804 2.276e-03 6.530e-03 -1.897e-03 1.440e+01
1805 -8.607e-04 3.440e-03 -1.753e-03 0.000e+00
1806 -3.053e-03 4.515e-03 -1.401e-03 0.000e+00
1807 3.650e-03 -5.755e-03 -3.083e-03 0.000e+00
1808 -3.528e-03 -5.267e-04 4.844e-03 0.000e+00
1809 5.180e-04 -5.642e-03 1.412e-03 0.000e+00
1810 2.053e-03 5.007e-03 -1.837e-03 0.000e+00
1811 -2.127e-03 2.190e-04 -6.643e-03 0.000e+00
1812 1.714e-03 -5.237e-03 -4.781e-03 0.000e+00
1813 1.942e-03 1.609e-03 1.268e-03 0.000e+00
1814 6.518e-03 -3.222e-03 6.069e-03 0.000e+00
1815 3.715e-03 1.783e-03 -5.794e-03 0.000e+00
1816 1.241e-03 7.089e-03 1.790e-03 -9.262e+00
1817 2.069e-03 2.685e-03 -5.789e-03 0.000e+00
1818 3.454e-03 1.948e-03 -4.165e-03 0.000e+00
1819 -1.110e-03 1.462e-03 3.455e-04 0.000e+00
1820 -4.795e-03 -5.046e-03 -2.181e-03 0.000e+00
1821 -4.136e-03 -4.561e-03 1.002e-03 0.000e+00
1822 7.539e-03 5.175e-03 3.975e-03 0.000e+00
1823 3.900e-03 7.301e-04 -6.286e-03 0.000e+00
1824 6.074e-03 2.970e-03 6.541e-04 0.000e+00
1825 -1.093e-03 8.373e-03 3.698e-03 1.089e+02
1826 -4.789e-03 -4.775e-03 2.082e-03 0.000e+00
1827 -4.192e-03 3.392e-03 -3.798e-03 0.000e+00
1828 3.748e-04 5.082e-03 -1.830e-03 0.000e+00
1829 1.046e-03 -5.381e-03 2.852e-03 0.000e+00
1830 6.600e-03 3.879e-03 -3.471e-03 0.000e+00
1831 3.774e-03 4.496e-04 1.623e-03 0.000e+00
1832 3.300e-03 9.277e-04 -2.443e-03 0.000e+00
1833 1.758e-03 5.085e-03 2.566e-03 0.000e+00
1834 1.254e-03 1.839e-03 -1.094e-02 0.000e+00
1835 -5.108e-04 -4.027e-03 -2.119e-03 0.000e+00
1836 1.578e-03 6.832e-03 1.250e-02 2.962e+00
1837 -3.798e-03 5.092e-03 -6.821e-04 0.000e+00
1838 3.646e-03 3.472e-03 -2.741e-03 0.000e+00
1839 1.830e-03 2.204e-03 -4.056e-03 0.000e+00
1840 2.259e-03 6.865e-03 2.879e-04 1.272e+01
1841 7.971e-03 3.681e-03 -1.329e-04 0.000e+00
1842 5.457e-03 -5.081e-03 -1.124e-03 0.000e+00
1843 3.762e-03 -4.722e-03 -3.633e-04 0.000e+00
1844 5.170e-03 -5.047e-03 -3.395e-03 0.000e+00
1845 5.884e-03 1.523e-03 -1.455e-04 0.000e+00
1846 1.294e-03 -4.571e-03 8.197e-03 0.000e+00
1847 4.641e-03 2.269e-03 -6.684e-03 0.000e+00
1848 5.576e-03 -4.043e-03 -9.806e-03 0.000e+00
1849 1.010e-03 4.216e-03 1.563e-04 0.000e+00
1850 8.066e-03 -3.850e-03 -6.601e-03 0.000e+00
1851 1.570e-03 1.697e-03 -4.162e-04 0.000e+00
1852 -1.635e-03 3.511e-03 -5.078e-04 0.000e+00
1853 -5.567e-03 8.421e-04 1.012e-02 0.000e+00
1854 -3.987e-03 1.582e-03 -1.907e-03 0.000e+00
1855 -1.358e-03 2.737e-03 -3.869e-03 0.000e+00
1856 4.294e-03 -4.428e-03 3.007e-03 0.000e+00
1857 2.682e-03 -5.444e-03 -1.436e-03 0.000e+00
1858 3.385e-03 -5.363e-03 8.790e-04 0.000e+00
1859 -2.160e-03 -4.401e-03 3.278e-03 0.000e+00
1860 5.128e-04 3.197e-03 -6.184e-03 0.000e+00
1861 3.452e-03 3.059e-03 2.315e-03 0.000e+00
1862 -2.533e-04 5.413e-03 -2.193e-03 0.000e+00
1863 -7.525e-03 -4.057e-03 3.096e-03 0.000e+00
1864 -4.506e-03 1.989e-03 -1.896e-03 0.000e+00
1865 4.996e-03 -4.414e-03 3.958e-03 0.000e+00
1866 2.346e-03 5.473e-03 -2.365e-03 0.000e+00
1867 4.527e-03 -5.484e-03 -5.374e-03 0.000e+00
1868 8.074e-03 2.290e-03 4.103e-03 0.000e+00
1869 -5.425e-03 3.839e-03 7.354e-03 0.000e+00
1870 1.907e-04 -4.654e-03 -4.455e-03 0.000e+00
1871 5.500e-03 2.266e-03 -5.348e-03 0.000e+00
1872 5.426e-03 -5.194e-03 -3.399e-03 0.000e+00
1873 5.784e-03 -5.283e-03 -7.390e-03 0.000e+00
1874 -2.986e-03 2.671e-03 -7.116e-03 0.000e+00
1875 -4.182e-03 -1.544e-03 2.559e-03 0.000e+00
1876 1.609e-03 -5.254e-03 -7.920e-04 0.000e+00
1877 -3.587e-03 -5.735e-03 9.651e-04 0.000e+00
1878 -2.630e-03 -5.226e-03 4.527e-03 0.000e+00
1879 3.749e-04 1.260e-03 -1.991e-03 0.000e+00
1880 -1.274e-04 -3.587e-03 2.182e-03 0.000e+00
1881 -5.857e-03 -5.729e-03 -6.356e-03 0.000e+00
1882 4.420e-03 4.441e-03 3.130e-03 0.000e+00
1883 -4.351e-03 -4.890e-03 4.138e-03 0.000e+00
1884 1.455e-03 1.011e-02 -3.178e-03 3.951e+01
1885 5.210e-03 7.618e-03 -3.045e-03 3.148e+01
1886 -5.231e-03 -4.399e-03 -6.124e-04 0.000e+00
1887 -2.450e-03 -5.231e-03 2.549e-03 0.000e+00
1888 7.028e-03 -4.845e-03 -4.535e-03 0.000e+00
1889 -9.095e-04 3.383e-03 1.247e-03 0.000e+00
1890 9.164e-04 -4.652e-03 7.772e-04 0.000e+00
1891 -3.096e-03 2.519e-03 1.784e-03 0.000e+00
1892 -2.330e-03 8.296e-03 -2.470e-03 2.100e+01
1893 -6.535e-03 -2.886e-03 8.726e-04 0.000e+00
1894 -1.331e-03 4.271e-03 -4.783e-03 0.000e+00
1895 -2.149e-03 2.376e-03 1.967e-04 0.000e+00
1896 2.384e-03 -1.969e-03 -3.808e-03 0.000e+00
1897 -3.459e-03 -4.643e-03 2.650e-03 0.000e+00
1898 -6.673e-03 -5.139e-03 6.357e-03 0.000e+00
1899 -3.875e-03 -2.762e-03 1.222e-03 0.000e+00
1900 -4.919e-03 -4.871e-03 9.555e-04 0.000e+00
1901 3.492e-03 -4.007e-03 -1.347e-03 0.000e+00
1902 -4.979e-03 2.254e-03 2.250e-04 0.000e+00
1903 -7.371e-04 5.066e-03 -4.788e-03 0.000e+00
1904 -1.907e-03 3.363e-03 9.948e-05 0.000e+00
1905 -1.123e-03 2.729e-03 -3.850e-03 0.000e+00
1906 -1.824e-03 4.351e-03 1.312e-04 0.000e+00
1907 6.173e-04 -5.501e-03 -2.615e-03 0.000e+00
1908 9.036e-03 -5.760e-03 -6.112e-03 0.000e+00
1909 3.844e-03 -3.912e-03 -1.434e-05 0.000e+00
1910 -4.219e-03 5.760e-03 -3.591e-03 0.000e+00
1911 -4.783e-03 8.421e-04 -1.549e-03 0.000e+00
1912 3.813e-03 -4.740e-03 -1.128e-03 0.000e+00
1913 -4.996e-03 3.967e-03 -2.299e-03 0.000e+00
1914 5.867e-03 1.032e-02 -5.285e-03 3.338e+00
1915 7.390e-03 6.712e-03 -2.637e-03 4.404e-01
1916 -6.672e-03 5.512e-04 -2.519e-03 0.000e+00
1917 2.033e-03 -8.027e-04 -4.956e-03 0.000e+00
1918 -5.257e-03 1.937e-03 -2.443e-04 0.000e+00
1919 -2.909e-03 1.956e-03 4.138e-03 0.000e+00
1920 3.631e-04 7.204e-04 4.829e-03 0.000e+00
1921 1.059e-03 8.384e-05 -3.106e-03 0.000e+00
1922 -3.279e-03 6.195e-03 2.121e-04 0.000e+00
1923 9.670e-04 2.994e-03 -1.146e-05 0.000e+00
1924 -1.254e-03 -5.611e-03 -2.653e-03 0.000e+00
1925 -8.729e-03 1.820e-03 4.745e-04 0.000e+00
1926 -1.361e-03 -5.024e-04 -2.264e-04 0.000e+00
1927 3.636e-03 7.432e-03 -1.568e-03 9.108e+00
1928 -2.363e-04 -5.011e-03 -1.501e-03 0.000e+00
1929 9.909e-04 1.610e-03 -2.301e-03 0.000e+00
1930 -9.555e-04 -3.631e-03 -6.409e-03 0.000e+00
1931 5.414e-04 2.678e-03 2.299e-03 0.000e+00
1932 -3.216e-03 -5.404e-03 1.368e-03 0.000e+00
1933 -5.923e-03 -5.045e-03 9.247e-04 0.000e+00
1934 1.262e-03 -3.138e-03 -1.559e-03 0.000e+00
1935 -3.404e-03 3.160e-03 8.349e-03 0.000e+00
1936 -5.572e-03 3.475e-03 -1.856e-03 0.000e+00
1937 -2.243e-03 -5.683e-03 -1.868e-03 0.000e+00
1938 -7.165e-03 -2.777e-03 1.178e-03 0.000e+00
1939 -2.638e-03 3.975e-03 8.144e-03 0.000e+00
1940 -5.154e-03 3.402e-03 -4.754e-03 0.000e+00
1941 -1.222e-03 3.411e-04 -3.846e-03 0.000e+00
1942 -7.130e-03 2.144e-03 -3.111e-03 0.000e+00
1943 -1.264e-03 3.831e-03 8.635e-04 0.000e+00
1944 -6.752e-03 2.223e-03 -2.953e-03 0.000e+00
1945 5.850e-04 3.641e-03 -6.189e-04 0.000e+00
1946 -1.588e-03 9.686e-04 -3.175e-03 0.000e+00
1947 -3.434e-03 -4.449e-03 -6.422e-03 0.000e+00
1948 -7.756e-03 4.701e-03 1.925e-03 0.000e+00
1949 -5.182e-03 1.972e-03 -1.373e-03 0.000e+00
1950 -9.109e-03 -2.735e-03 6.173e-04 0.000e+00
1951 -5.212e-04 5.079e-03 -3.374e-03 0.000e+00
1952 -9.155e-03 -4.707e-03 7.106e-03 0.000e+00
1953 -5.026e-03 5.104e-03 -1.729e-03 0.000e+00
1954 3.803e-03 -3.361e-03 -3.049e-03 0.000e+00
1955 -8.369e-03 -4.780e-03 4.916e-03 0.000e+00
1956 -7.680e-03 1.212e-03 -2.242e-03 0.000e+00
1957 -7.388e-03 3.015e-03 3.884e-03 0.000e+00
1958 -1.087e-02 -5.377e-03 1.198e-03 0.000e+00
1959 -5.248e-04 -3.436e-03 -2.473e-03 0.000e+00
1960 -7.833e-03 -2.917e-03 1.697e-03 0.000e+00
1961 -4.529e-03 7.995e-03 5.900e-03 1.615e+01
1962 -2.940e-03 3.759e-03 -8.275e-04 0.000e+00
1963 -8.020e-03 4.432e-03 -5.075e-03 0.000e+00
1964 -2.079e-03 -5.625e-03 6.527e-04 0.000e+00
1965 -3.480e-03 -5.626e-03 -6.317e-03 0.000e+00
1966 -6.116e-03 -2.858e-04 -9.430e-03 0.000e+00
1967 -3.396e-03 2.055e-03 2.160e-03 0.000e+00
1968 -1.239e-02 -5.274e-03 -4.122e-03 0.000e+00
1969 -8.096e-03 6.648e-03 -2.723e-04 1.087e+02
1970 -5.436e-03 1.129e-03 1.807e-03 0.000e+00
1971 -8.706e-03 -4.259e-03 2.201e-03 0.000e+00
1972 1.981e-03 -5.336e-03 1.590e-03 0.000e+00
1973 -8.026e-04 -3.514e-03 5.719e-04 0.000e+00
1974 -1.581e-02 -7.820e-04 2.924e-03 0.000e+00
1975 -1.795e-03 5.016e-03 -3.354e-03 0.000e+00
1976 -3.567e-03 -4.822e-03 3.138e-03 0.000e+00
1977 2.813e-03 3.105e-03 1.445e-05 0.000e+00
1978 -1.448e-02 5.890e-03 -2.466e-03 0.000e+00
1979 -3.817e-03 2.006e-03 2.864e-03 0.000e+00
1980 5.220e-03 -5.498e-03 4.015e-03 0.000e+00
1981 -1.293e-02 5.076e-03 -1.610e-03 0.000e+00
1982 -2.744e-03 5.833e-03 3.227e-03 0.000e+00
1983 -1.308e-02 4.427e-03 3.981e-04 0.000e+00
1984 -6.866e-03 1.465e-03 -6.691e-04 0.000e+00
1985 -5.338e-03 -5.518e-03 2.350e-04 0.000e+00
1986 -1.279e-02 3.059e-03 -1.378e-03 0.000e+00
1987 -5.459e-03 1.742e-03 2.852e-03 0.000e+00
1988 -1.334e-03 -1.949e-03 4.144e-03 0.000e+00
1989 -1.417e-03 6.255e-03 4.328e-03 0.000e+00
1990 -3.513e-03 2.380e-03 3.842e-04 0.000e+00
1991 -2.785e-03 -4.036e-03 -3.838e-03 0.000e+00
1992 6.487e-04 -5.574e-03 8.809e-03 0.000e+00
1993 -7.344e-03 4.823e-04 -3.412e-03 0.000e+00
1994 1.078e-03 -7.588e-05 -7.137e-04 0.000e+00
1995 -2.199e-03 -4.258e-03 -1.221e-03 0.000e+00
1996 -1.563e-03 -4.059e-03 5.287e-03 0.000e+00
1997 1.894e-04 -5.116e-03 3.646e-03 0.000e+00
1998 -4.491e-03 3.345e-04 -3.459e-03 0.000e+00
1999 -2.483e-03 2.725e-03 -2.552e-03 0.000e+00
2000 -5.031e-03 -4.529e-03 -2.771e-03 0.000e+00
2001 -2.006e-03 1.226e-03 1.604e-03 0.000e+00
2002 -9.436e-04 1.996e-03 -1.380e-03 0.000e+00
2003 -6.068e-03 -4.600e-03 -4.269e-03 0.000e+00
2004 -3.916e-03 7.141e-03 -6.351e-05 5.982e+01
2005 -5.651e-04 1.745e-03 6.000e-03 0.000e+00
2006 -1.112e-03 4.222e-03 3.888e-03 0.000e+00
2007 -6.843e-04 -2.894e-03 -1.319e-04 0.000e+00
2008 -3.231e-03 -2.600e-03 -3.057e-03 0.000e+00
2009 -2.732e-03 1.867e-03 2.607e-03 0.000e+00
2010 -1.057e-03 4.248e-03 5.159e-03 0.000e+00
2011 -4.818e-03 -5.167e-03 1.505e-03 0.000e+00
2012 -5.215e-04 -4.092e-03 9.818e-05 0.000e+00
2013 1.417e-03 9.529e-04 -4.107e-03 0.000e+00
2014 -3.439e-03 9.496e-04 3.497e-03 0.000e+00
2015 -1.937e-03 -3.392e-03 3.932e-03 0.000e+00
2016 -7.087e-03 -4.492e-04 -3.366e-03 0.000e+00
2017 -3.899e-03 -4.727e-03 -7.816e-03 0.000e+00
2018 8.583e-03 -5.084e-03 -3.145e-03 0.000e+00
2019 -1.314e-03 4.844e-03 -3.225e-03 0.000e+00
2020 -3.210e-03 3.032e-03 9.152e-05 0.000e+00
2021 8.420e-05 -5.175e-03 -3.321e-03 0.000e+00
2022 7.244e-03 5.011e-03 5.233e-04 0.000e+00
2023 -6.330e-03 3.482e-03 1.215e-03 0.000e+00
2024 -1.711e-03 4.888e-03 -2.326e-04 0.000e+00
2025 -1.236e-03 1.198e-03 -1.936e-03 0.000e+00
2026 1.239e-03 -2.043e-03 -2.260e-03 0.000e+00
2027 -2.113e-03 -5.158e-03 3.091e-03 0.000e+00
2028 5.651e-03 2.901e-03 -7.694e-03 0.000e+00
2029 3.650e-03 -5.104e-03 -4.543e-03 0.000e+00
2030 4.118e-03 -4.895e-03 1.142e-03 0.000e+00
2031 -6.346e-04 1.658e-06 1.339e-03 0.000e+00
2032 4.010e-04 -1.142e-03 1.865e-04 0.000e+00
2033 -2.233e-03 4.274e-03 -4.707e-03 0.000e+00
2034 1.208e-03 5.214e-03 -8.610e-04 0.000e+00
2035 -1.755e-03 5.752e-03 -4.044e-05 0.000e+00
2036 -5.289e-03 -4.970e-03 -8.470e-04 0.000e+00
2037 -6.185e-03 5.638e-03 -5.374e-03 0.000e+00
2038 3.538e-03 -3.453e-03 -5.673e-04 0.000e+00
2039 7.022e-03 -2.760e-03 2.937e-03 0.000e+00
2040 -3.985e-03 -5.404e-03 1.954e-03 0.000e+00
2041 -3.310e-04 -3.517e-03 7.962e-04 0.000e+00
2042 2.067e-03 -4.968e-03 2.536e-03 0.000e+00
2043 1.712e-03 -5.002e-03 -1.289e-03 0.000e+00
2044 -1.060e-02 -5.740e-03 -8.242e-03 0.000e+00
2045 3.896e-03 4.407e-03 -2.021e-03 0.000e+00
2046 -3.235e-04 4.082e-03 3.428e-03 0.000e+00
2047 -4.702e-03 -3.156e-03 -5.779e-03 0.000e+00
