Bin I L V PA
0 1.590e-03 -2.460e-03 -3.811e-03 0.000e+00
1 4.363e-03 -2.703e-03 4.170e-03 0.000e+00
2 -7.987e-04 -2.939e-03 -1.155e-04 0.000e+00
3 2.900e-03 -2.744e-03 3.428e-03 0.000e+00
4 -2.749e-03 4.369e-04 -1.776e-03 0.000e+00
5 -2.437e-03 -3.438e-04 -6.538e-04 0.000e+00
6 1.460e-04 -3.635e-03 2.192e-03 0.000e+00
7 2.486e-03 -3.247e-03 -9.120e-04 0.000e+00
8 7.091e-04 -2.409e-03 -8.616e-04 0.000e+00
9 7.171e-04 1.233e-03 -1.563e-03 0.000e+00
10 2.151e-03 -3.105e-03 1.052e-04 0.000e+00
11 4.433e-03 -3.168e-03 2.208e-03 0.000e+00
12 1.914e-05 1.946e-03 7.624e-04 0.000e+00
13 -4.266e-03 7.092e-04 1.652e-03 0.000e+00
14 1.467e-03 -3.083e-03 -3.312e-03 0.000e+00
15 2.070e-03 1.251e-03 -6.274e-04 0.000e+00
16 -1.648e-03 -1.743e-03 1.621e-03 0.000e+00
17 -5.522e-04 -3.274e-03 -1.986e-04 0.000e+00
18 6.036e-04 2.112e-03 1.872e-05 0.000e+00
19 7.716e-04 2.753e-03 -1.786e-03 0.000e+00
20 2.286e-03 -3.471e-03 -4.085e-04 0.000e+00
21 -1.332e-03 1.061e-03 -3.810e-03 0.000e+00
22 5.426e-04 1.148e-03 1.890e-03 0.000e+00
23 -7.853e-04 -3.293e-03 -1.155e-03 0.000e+00
24 -2.440e-03 -2.435e-03 -1.004e-03 0.000e+00
25 2.899e-03 6.635e-04 1.692e-03 0.000e+00
26 -9.317e-04 6.675e-06 -7.368e-04 0.000e+00
27 -3.480e-03 4.088e-03 2.602e-03 -7.284e+01
28 8.785e-04 -3.507e-03 -2.986e-03 0.000e+00
29 -1.427e-03 1.787e-04 1.434e-03 0.000e+00
30 -3.162e-03 6.402e-04 -2.184e-04 0.000e+00
31 -3.685e-03 6.768e-04 -7.730e-04 0.000e+00
32 -1.879e-03 5.860e-04 -4.942e-05 0.000e+00
33 7.702e-04 1.517e-03 -2.334e-03 0.000e+00
34 -2.487e-03 2.437e-03 -6.782e-03 0.000e+00
35 2.364e-03 1.308e-03 2.519e-03 0.000e+00
36 2.505e-03 6.822e-05 -1.978e-03 0.000e+00
37 2.685e-03 3.343e-03 -1.142e-03 0.000e+00
38 -1.633e-03 2.157e-03 -1.120e-03 0.000e+00
39 6.620e-04 1.846e-03 2.108e-03 0.000e+00
40 -1.174e-03 6.448e-04 2.686e-03 0.000e+00
41 7.682e-05 -6.461e-04 8.143e-04 0.000e+00
42 3.164e-03 -3.349e-03 -6.365e-04 0.000e+00
43 -2.067e-03 -3.706e-03 -8.626e-04 0.000e+00
44 4.606e-04 -2.161e-03 5.485e-04 0.000e+00
45 -2.427e-03 -2.509e-03 3.938e-04 0.000e+00
46 2.203e-03 1.026e-03 -5.059e-03 0.000e+00
47 7.464e-03 -2.897e-03 -2.025e-03 0.000e+00
48 2.083e-03 7.404e-04 -4.684e-03 0.000e+00
49 -4.837e-03 -5.366e-04 8.640e-04 0.000e+00
50 2.532e-04 1.176e-03 2.109e-04 0.000e+00
51 2.905e-03 3.650e-04 1.129e-03 0.000e+00
52 2.160e-03 -2.458e-03 -2.408e-03 0.000e+00
53 7.118e-04 1.912e-03 -2.423e-04 0.000e+00
54 -1.558e-03 1.278e-03 2.060e-03 0.000e+00
55 -6.714e-05 -3.503e-03 1.599e-03 0.000e+00
56 -3.647e-04 -3.543e-03 -1.430e-03 0.000e+00
57 -7.904e-04 -3.661e-03 -1.375e-03 0.000e+00
58 -4.365e-03 1.030e-05 1.774e-03 0.000e+00
59 7.218e-04 -3.138e-03 4.665e-03 0.000e+00
60 1.185e-03 3.985e-04 1.427e-04 0.000e+00
61 -1.626e-03 -3.606e-03 -1.564e-03 0.000e+00
62 -1.418e-03 2.338e-03 -1.943e-04 0.000e+00
63 -1.185e-03 2.793e-03 7.885e-04 0.000e+00
64 1.573e-03 -2.192e-03 2.069e-03 0.000e+00
65 -1.507e-03 -1.727e-04 7.144e-04 0.000e+00
66 -2.268e-03 7.172e-04 -9.076e-04 0.000e+00
67 2.430e-04 -3.074e-03 1.782e-03 0.000e+00
68 -2.360e-03 1.951e-05 -2.853e-03 0.000e+00
69 2.424e-04 -3.702e-03 1.373e-05 0.000e+00
70 4.042e-04 -3.666e-03 -1.462e-03 0.000e+00
71 2.036e-03 1.696e-03 2.015e-03 0.000e+00
72 2.370e-03 2.660e-03 -2.927e-03 0.000e+00
73 3.934e-03 -3.365e-03 -9.119e-04 0.000e+00
74 -4.687e-03 -4.768e-04 4.001e-04 0.000e+00
75 2.982e-03 -2.907e-03 -1.134e-04 0.000e+00
76 3.833e-03 1.126e-03 -2.489e-03 0.000e+00
77 1.478e-03 4.240e-03 -1.776e-03 6.357e+01
78 5.286e-03 -2.786e-03 -1.344e-03 0.000e+00
79 1.988e-04 2.545e-03 2.202e-03 0.000e+00
80 -4.614e-04 -3.165e-03 3.369e-03 0.000e+00
81 4.894e-04 -2.762e-03 -4.230e-03 0.000e+00
82 -4.803e-04 -1.363e-04 1.451e-04 0.000e+00
83 -6.316e-04 -3.623e-03 6.250e-04 0.000e+00
84 1.832e-03 1.486e-03 -1.808e-03 0.000e+00
85 -3.384e-03 4.262e-03 -8.517e-05 9.538e+00
86 5.850e-03 2.523e-03 4.671e-03 0.000e+00
87 -9.956e-04 -2.529e-03 2.450e-03 0.000e+00
88 -1.218e-05 -2.975e-03 2.182e-03 0.000e+00
89 -3.550e-03 1.392e-03 -3.454e-03 0.000e+00
90 -6.087e-04 3.492e-03 1.239e-03 0.000e+00
91 -3.122e-04 4.201e-04 1.201e-03 0.000e+00
92 2.021e-03 3.351e-03 -6.941e-04 0.000e+00
93 1.299e-03 -2.298e-03 1.130e-03 0.000e+00
94 1.486e-03 -5.016e-04 -2.821e-03 0.000e+00
95 4.625e-04 -3.553e-03 -2.856e-05 0.000e+00
96 -1.642e-03 -3.541e-03 1.721e-04 0.000e+00
97 -6.606e-03 -3.183e-03 7.146e-04 0.000e+00
98 4.474e-04 -2.108e-03 -2.842e-03 0.000e+00
99 4.027e-05 -3.303e-03 1.180e-03 0.000e+00
100 -1.870e-03 -3.350e-03 -1.885e-03 0.000e+00
101 1.374e-04 -3.313e-03 3.366e-03 0.000e+00
102 1.415e-03 3.830e-04 -5.570e-04 0.000e+00
103 3.270e-03 -2.502e-05 8.788e-04 0.000e+00
104 3.906e-04 -3.268e-03 7.148e-04 0.000e+00
105 5.176e-03 1.001e-03 -7.347e-04 0.000e+00
106 -3.442e-03 -2.740e-03 -2.269e-03 0.000e+00
107 1.416e-03 2.116e-03 -1.499e-03 0.000e+00
108 1.406e-03 -3.679e-03 7.688e-04 0.000e+00
109 -5.122e-03 -2.456e-03 -1.438e-03 0.000e+00
110 1.860e-03 2.397e-03 -9.053e-04 0.000e+00
111 9.071e-04 -9.561e-04 -4.691e-04 0.000e+00
112 -3.146e-04 -2.677e-03 -3.789e-03 0.000e+00
113 2.415e-03 -3.497e-03 -3.892e-04 0.000e+00
114 1.433e-03 -4.702e-04 -2.935e-03 0.000e+00
115 1.120e-03 1.340e-03 1.562e-03 0.000e+00
116 -7.688e-04 3.738e-03 3.588e-03 1.410e-01
117 -2.300e-03 2.570e-03 2.611e-03 0.000e+00
118 7.930e-04 7.429e-04 2.369e-03 0.000e+00
119 1.077e-04 -2.639e-03 -3.571e-03 0.000e+00
120 4.926e-04 4.164e-03 -3.985e-03 -3.071e+01
121 -2.579e-03 2.707e-03 1.024e-03 0.000e+00
122 -3.052e-03 -2.821e-03 -8.864e-04 0.000e+00
123 -4.288e-03 -3.687e-03 3.129e-03 0.000e+00
124 0.000e+00 5.794e-04 4.932e-04 0.000e+00
125 -1.069e-03 -3.488e-03 7.541e-04 0.000e+00
126 -3.278e-03 -3.195e-03 1.895e-03 0.000e+00
127 -2.018e-03 -3.003e-03 -3.665e-03 0.000e+00
128 1.603e-03 -3.663e-03 -6.267e-04 0.000e+00
129 3.700e-04 -3.630e-03 6.540e-04 0.000e+00
130 1.069e-03 1.057e-03 2.070e-03 0.000e+00
131 -3.011e-04 1.357e-03 7.006e-04 0.000e+00
132 3.583e-03 -2.445e-03 -1.841e-04 0.000e+00
133 -1.094e-03 -3.353e-03 1.084e-03 0.000e+00
134 6.994e-04 -1.919e-04 3.299e-03 0.000e+00
135 3.281e-03 -3.719e-03 2.421e-03 0.000e+00
136 1.132e-03 -6.141e-04 6.811e-04 0.000e+00
137 1.738e-03 -3.402e-03 -1.312e-03 0.000e+00
138 -1.106e-03 2.535e-03 -1.628e-03 0.000e+00
139 -3.105e-03 3.152e-04 1.620e-04 0.000e+00
140 -2.831e-03 -3.564e-03 3.178e-04 0.000e+00
141 5.860e-04 1.639e-03 4.841e-05 0.000e+00
142 2.891e-03 1.614e-03 -4.744e-03 0.000e+00
143 -8.066e-04 1.858e-03 3.791e-04 0.000e+00
144 2.674e-03 4.695e-03 -8.688e-05 -8.664e+01
145 -3.061e-03 2.123e-03 3.239e-03 0.000e+00
146 -2.349e-03 -2.708e-03 4.345e-03 0.000e+00
147 7.725e-04 -3.429e-04 -3.134e-04 0.000e+00
148 1.601e-04 2.286e-03 -9.514e-04 0.000e+00
149 -5.972e-04 -2.715e-03 -2.208e-03 0.000e+00
150 2.022e-03 2.905e-03 -1.880e-04 0.000e+00
151 1.939e-03 3.206e-03 -3.454e-03 0.000e+00
152 -2.635e-03 7.108e-05 8.250e-04 0.000e+00
153 2.806e-04 -3.310e-03 6.858e-04 0.000e+00
154 -2.486e-03 -3.299e-03 -3.180e-03 0.000e+00
155 3.582e-03 -3.052e-03 -2.562e-03 0.000e+00
156 5.938e-03 1.232e-03 -1.376e-03 0.000e+00
157 2.052e-03 -2.002e-03 6.372e-04 0.000e+00
158 -1.402e-03 -3.592e-03 -1.812e-03 0.000e+00
159 -9.271e-04 2.150e-03 1.655e-03 0.000e+00
160 -2.208e-03 7.624e-04 2.948e-03 0.000e+00
161 -1.105e-04 8.542e-04 1.646e-03 0.000e+00
162 -1.282e-03 2.118e-03 -1.453e-03 0.000e+00
163 -2.398e-03 1.633e-03 7.433e-04 0.000e+00
164 4.050e-03 -2.974e-03 2.010e-03 0.000e+00
165 3.668e-04 4.680e-03 2.180e-03 -7.523e+01
166 -1.252e-03 2.233e-03 -3.190e-05 0.000e+00
167 1.173e-03 8.024e-04 -2.072e-03 0.000e+00
168 -3.245e-04 -3.346e-03 5.719e-04 0.000e+00
169 -2.864e-03 1.046e-03 -2.005e-06 0.000e+00
170 2.845e-04 -1.769e-03 -2.623e-03 0.000e+00
171 -7.509e-04 7.805e-04 -9.416e-04 0.000e+00
172 -2.073e-04 -3.405e-03 -4.884e-04 0.000e+00
173 5.647e-05 -3.244e-03 -2.942e-03 0.000e+00
174 3.619e-03 1.041e-03 1.094e-03 0.000e+00
175 2.138e-03 -2.991e-03 -2.993e-03 0.000e+00
176 2.514e-03 6.850e-04 1.314e-03 0.000e+00
177 -3.041e-03 2.739e-03 -2.685e-03 0.000e+00
178 1.822e-03 1.298e-03 -1.285e-03 0.000e+00
179 5.908e-04 -2.274e-03 2.926e-03 0.000e+00
180 1.023e-03 5.696e-03 2.120e-03 -4.849e+01
181 -1.112e-03 5.591e-04 -1.733e-03 0.000e+00
182 4.411e-03 1.041e-03 -1.680e-04 0.000e+00
183 -2.058e-03 5.203e-04 -7.224e-03 0.000e+00
184 -6.481e-04 -3.320e-03 1.240e-03 0.000e+00
185 4.383e-03 -5.945e-04 -9.780e-04 0.000e+00
186 2.241e-03 3.065e-03 -1.662e-03 0.000e+00
187 -2.088e-03 1.954e-03 7.700e-04 0.000e+00
188 -3.990e-04 2.565e-03 -3.990e-03 0.000e+00
189 1.658e-03 4.834e-04 2.142e-03 0.000e+00
190 4.602e-05 -2.821e-03 -1.798e-03 0.000e+00
191 1.120e-03 2.210e-03 8.198e-04 0.000e+00
192 1.055e-03 4.711e-04 9.287e-04 0.000e+00
193 1.054e-03 -3.645e-03 2.796e-03 0.000e+00
194 7.099e-04 3.496e-03 -1.642e-03 0.000e+00
195 -2.828e-03 1.453e-03 3.348e-03 0.000e+00
196 -5.795e-03 -2.635e-03 -4.327e-03 0.000e+00
197 -2.071e-03 8.996e-05 6.894e-04 0.000e+00
198 -1.006e-03 -3.431e-03 -1.505e-03 0.000e+00
199 -8.767e-04 1.433e-04 3.933e-03 0.000e+00
200 -5.638e-04 -3.438e-03 4.146e-04 0.000e+00
201 4.807e-05 7.471e-03 1.519e-03 -1.388e+01
202 3.439e-03 -2.051e-03 -9.700e-04 0.000e+00
203 7.486e-04 -6.547e-05 -4.394e-05 0.000e+00
204 2.193e-03 3.715e-03 2.102e-04 0.000e+00
205 3.463e-03 -3.083e-03 2.639e-03 0.000e+00
206 5.340e-03 1.711e-03 3.634e-03 0.000e+00
207 -1.971e-03 -3.143e-03 -2.566e-03 0.000e+00
208 -1.830e-03 2.180e-03 1.722e-04 0.000e+00
209 -1.171e-03 1.941e-03 7.110e-04 0.000e+00
210 -3.840e-04 -3.231e-03 -2.437e-03 0.000e+00
211 3.810e-03 7.828e-04 3.740e-03 0.000e+00
212 -2.479e-03 -2.737e-03 3.504e-03 0.000e+00
213 5.712e-04 -2.415e-03 2.074e-03 0.000e+00
214 1.038e-03 -3.507e-03 -9.806e-04 0.000e+00
215 1.710e-03 -6.400e-05 5.173e-04 0.000e+00
216 2.205e-04 5.141e-03 9.297e-04 -1.446e+01
217 -3.769e-03 1.350e-03 2.440e-03 0.000e+00
218 2.314e-03 -3.595e-03 -4.737e-05 0.000e+00
219 1.039e-03 3.683e-03 4.838e-05 0.000e+00
220 1.364e-03 -2.663e-03 1.354e-03 0.000e+00
221 3.061e-03 -6.873e-04 -3.719e-04 0.000e+00
222 2.208e-03 -5.558e-04 -3.112e-03 0.000e+00
223 -8.236e-04 2.971e-03 2.029e-04 0.000e+00
224 4.682e-04 5.262e-05 1.811e-03 0.000e+00
225 -1.201e-03 -2.921e-03 -2.224e-03 0.000e+00
226 2.767e-03 9.760e-04 -1.226e-03 0.000e+00
227 -1.049e-03 4.140e-03 -4.689e-04 -9.864e+01
228 -1.307e-03 2.268e-03 -1.561e-03 0.000e+00
229 5.193e-03 -2.947e-03 -1.376e-03 0.000e+00
230 2.461e-03 6.569e-04 -4.805e-03 0.000e+00
231 -1.427e-03 -3.709e-03 -3.821e-03 0.000e+00
232 1.641e-03 -9.947e-05 -8.386e-04 0.000e+00
233 1.103e-03 2.988e-04 -2.640e-03 0.000e+00
234 1.250e-03 1.652e-03 2.405e-03 0.000e+00
235 -8.237e-04 -3.575e-03 -1.610e-03 0.000e+00
236 1.179e-03 -4.512e-04 2.762e-03 0.000e+00
237 -8.593e-04 -5.595e-04 4.095e-03 0.000e+00
238 1.061e-03 -2.557e-04 2.329e-03 0.000e+00
239 6.349e-04 5.518e-04 3.663e-03 0.000e+00
240 8.230e-04 -3.468e-03 -1.920e-03 0.000e+00
241 -4.752e-03 -2.046e-03 3.807e-04 0.000e+00
242 -1.826e-03 3.448e-03 1.292e-03 0.000e+00
243 3.250e-03 -2.043e-03 3.679e-03 0.000e+00
244 8.335e-04 -2.655e-03 -1.370e-03 0.000e+00
245 3.124e-03 1.469e-03 -6.664e-04 0.000e+00
246 1.579e-03 -3.516e-03 -2.201e-03 0.000e+00
247 -3.321e-03 3.395e-03 1.915e-03 0.000e+00
248 2.046e-03 2.636e-03 8.484e-04 0.000e+00
249 -5.049e-03 -3.337e-03 -6.550e-03 0.000e+00
250 -1.072e-03 1.983e-03 4.020e-03 0.000e+00
251 -7.249e-04 3.242e-05 -2.995e-03 0.000e+00
252 2.571e-03 -2.682e-03 -3.033e-04 0.000e+00
253 -5.461e-03 3.852e-03 -2.129e-03 -1.727e+01
254 -6.206e-05 -3.619e-03 1.748e-03 0.000e+00
255 -1.864e-03 -3.602e-03 1.450e-03 0.000e+00
256 -6.866e-04 -3.360e-03 -2.931e-03 0.000e+00
257 1.079e-03 -3.010e-03 2.830e-05 0.000e+00
258 2.639e-03 -2.307e-03 -3.109e-04 0.000e+00
259 1.941e-03 1.019e-03 8.066e-04 0.000e+00
260 3.721e-03 -3.551e-03 -3.106e-03 0.000e+00
261 4.032e-03 -3.381e-03 1.432e-03 0.000e+00
262 -1.836e-03 4.736e-04 -1.037e-03 0.000e+00
263 -2.493e-04 -2.669e-03 1.774e-03 0.000e+00
264 -3.936e-03 -3.410e-03 1.002e-03 0.000e+00
265 -3.605e-03 1.580e-03 3.218e-04 0.000e+00
266 -5.302e-04 3.436e-03 -2.444e-03 0.000e+00
267 2.477e-04 -3.132e-03 -2.476e-04 0.000e+00
268 -2.194e-03 -3.556e-03 5.311e-04 0.000e+00
269 -7.941e-04 3.765e-03 2.540e-03 7.300e+01
270 2.458e-03 -5.375e-04 4.129e-05 0.000e+00
271 7.433e-04 -2.190e-03 -2.417e-05 0.000e+00
272 -1.422e-03 -4.351e-04 3.236e-03 0.000e+00
273 1.660e-03 2.786e-03 2.839e-03 0.000e+00
274 -2.560e-03 2.300e-03 8.320e-04 0.000e+00
275 3.605e-04 -6.452e-07 -3.137e-03 0.000e+00
276 5.888e-03 -3.394e-03 -1.962e-04 0.000e+00
277 -8.227e-04 2.200e-03 3.967e-03 0.000e+00
278 5.774e-04 2.829e-04 -1.061e-03 0.000e+00
279 -1.993e-03 -3.539e-03 -8.653e-04 0.000e+00
280 -4.418e-03 4.260e-05 8.606e-04 0.000e+00
281 2.496e-03 1.944e-03 2.193e-03 0.000e+00
282 -3.479e-03 5.666e-04 2.874e-03 0.000e+00
283 1.087e-03 -3.361e-03 -3.971e-04 0.000e+00
284 -6.364e-04 2.737e-04 -1.621e-03 0.000e+00
285 4.386e-03 1.535e-04 2.935e-03 0.000e+00
286 -4.829e-04 1.583e-03 3.434e-03 0.000e+00
287 -1.061e-03 2.000e-03 -3.501e-03 0.000e+00
288 1.275e-03 -2.850e-03 -3.825e-03 0.000e+00
289 -2.851e-03 1.350e-03 -1.026e-03 0.000e+00
290 1.955e-03 2.161e-03 7.932e-04 0.000e+00
291 -2.317e-04 -2.408e-03 -2.708e-03 0.000e+00
292 2.627e-04 2.241e-03 -3.135e-04 0.000e+00
293 -7.710e-05 -3.004e-03 -3.009e-03 0.000e+00
294 4.561e-03 -2.161e-03 -5.705e-03 0.000e+00
295 2.057e-03 -3.249e-03 9.062e-04 0.000e+00
296 7.294e-04 -2.995e-03 1.128e-03 0.000e+00
297 -2.137e-03 3.543e-03 -2.165e-03 0.000e+00
298 -3.222e-03 -3.582e-03 8.911e-03 0.000e+00
299 4.027e-03 5.588e-05 1.130e-03 0.000e+00
300 -1.545e-03 -1.817e-03 -2.948e-03 0.000e+00
301 3.208e-03 1.513e-03 -1.752e-03 0.000e+00
302 -6.710e-04 -3.610e-03 5.765e-04 0.000e+00
303 -2.223e-04 -2.530e-03 2.232e-03 0.000e+00
304 -3.093e-03 -2.199e-03 7.246e-04 0.000e+00
305 2.303e-03 3.009e-03 -4.087e-04 0.000e+00
306 -1.182e-04 -3.479e-03 2.441e-03 0.000e+00
307 -9.865e-04 -1.992e-03 -1.554e-03 0.000e+00
308 1.845e-04 1.162e-03 3.049e-03 0.000e+00
309 -3.526e-03 1.161e-03 -3.415e-03 0.000e+00
310 9.863e-04 7.973e-04 -2.376e-03 0.000e+00
311 3.631e-04 2.273e-03 9.192e-04 0.000e+00
312 3.100e-04 -3.174e-03 -3.403e-03 0.000e+00
313 2.533e-03 3.757e-03 2.708e-04 4.763e+01
314 -6.512e-04 1.576e-03 2.043e-03 0.000e+00
315 9.969e-04 -2.748e-03 4.099e-03 0.000e+00
316 -3.039e-04 -2.965e-04 1.544e-03 0.000e+00
317 -1.155e-03 -3.692e-03 1.127e-05 0.000e+00
318 9.897e-04 3.315e-03 1.324e-04 0.000e+00
319 -1.694e-03 7.426e-04 1.754e-03 0.000e+00
320 -2.259e-03 2.569e-03 1.504e-04 0.000e+00
321 2.472e-03 -3.612e-03 -2.428e-05 0.000e+00
322 -2.186e-03 1.210e-03 -6.330e-04 0.000e+00
323 -1.763e-03 -2.938e-03 2.162e-03 0.000e+00
324 -2.000e-03 -2.907e-03 -3.152e-03 0.000e+00
325 -3.738e-03 -3.572e-03 -2.086e-03 0.000e+00
326 5.216e-05 -3.691e-03 2.556e-04 0.000e+00
327 9.937e-05 -3.714e-03 -2.156e-03 0.000e+00
328 -2.649e-03 -2.202e-03 9.503e-04 0.000e+00
329 4.103e-03 -3.592e-03 9.902e-04 0.000e+00
330 2.201e-03 1.192e-03 1.197e-04 0.000e+00
331 -1.777e-03 -3.363e-03 -4.676e-03 0.000e+00
332 2.082e-03 1.262e-03 -5.430e-03 0.000e+00
333 2.006e-03 1.586e-03 -4.924e-04 0.000e+00
334 1.050e-03 1.979e-03 1.811e-03 0.000e+00
335 3.878e-03 2.869e-04 4.041e-03 0.000e+00
336 1.326e-03 -1.939e-03 -2.324e-03 0.000e+00
337 1.572e-03 4.602e-04 -2.203e-03 0.000e+00
338 1.988e-03 -2.175e-03 2.241e-03 0.000e+00
339 8.584e-04 -3.263e-03 -4.775e-03 0.000e+00
340 1.158e-03 -3.617e-03 -3.597e-03 0.000e+00
341 -2.999e-03 -3.530e-03 -1.035e-03 0.000e+00
342 1.371e-03 -1.704e-04 -1.749e-03 0.000e+00
343 -3.061e-03 5.560e-04 2.310e-03 0.000e+00
344 2.586e-04 -3.360e-03 1.543e-03 0.000e+00
345 -3.567e-04 -2.404e-05 6.974e-04 0.000e+00
346 1.372e-03 -2.548e-03 -1.386e-03 0.000e+00
347 -7.225e-04 -6.328e-04 2.422e-03 0.000e+00
348 6.566e-03 -3.451e-03 2.520e-06 0.000e+00
349 -1.073e-04 -4.694e-04 -3.003e-04 0.000e+00
350 2.081e-04 -3.527e-03 -4.155e-04 0.000e+00
351 9.415e-04 3.595e-03 4.604e-04 0.000e+00
352 2.630e-03 1.344e-03 -7.536e-05 0.000e+00
353 1.167e-03 2.347e-03 1.020e-04 0.000e+00
354 -2.943e-03 1.455e-03 -2.803e-04 0.000e+00
355 -2.024e-03 1.141e-04 1.680e-03 0.000e+00
356 -2.458e-04 -3.847e-05 -2.255e-03 0.000e+00
357 1.113e-03 6.082e-04 1.502e-03 0.000e+00
358 4.122e-03 4.992e-04 -3.283e-03 0.000e+00
359 1.048e-03 -3.057e-03 2.470e-03 0.000e+00
360 -2.690e-03 -2.226e-03 1.264e-03 0.000e+00
361 -2.007e-03 2.203e-03 4.266e-04 0.000e+00
362 -3.447e-04 -8.881e-04 -3.199e-03 0.000e+00
363 1.523e-03 6.554e-04 3.006e-03 0.000e+00
364 1.319e-03 -2.933e-03 4.476e-03 0.000e+00
365 -8.374e-05 -3.321e-03 1.386e-03 0.000e+00
366 -1.037e-03 8.337e-04 -1.517e-03 0.000e+00
367 -1.285e-03 2.682e-04 2.552e-03 0.000e+00
368 -5.009e-03 -3.478e-03 -1.606e-03 0.000e+00
369 -1.209e-03 -3.292e-03 -7.129e-03 0.000e+00
370 7.480e-04 -3.553e-03 -8.769e-04 0.000e+00
371 5.238e-05 2.453e-03 2.082e-03 0.000e+00
372 -1.330e-03 1.677e-03 2.353e-03 0.000e+00
373 8.023e-04 -3.633e-03 -1.402e-03 0.000e+00
374 -2.226e-03 1.692e-04 8.565e-04 0.000e+00
375 -6.244e-04 1.673e-03 -4.258e-03 0.000e+00
376 -5.169e-05 -3.264e-03 -1.581e-03 0.000e+00
377 -8.155e-04 1.813e-03 6.866e-04 0.000e+00
378 2.949e-04 4.776e-04 -6.061e-03 0.000e+00
379 -3.370e-03 2.069e-03 7.223e-04 0.000e+00
380 2.397e-03 -3.048e-03 -4.008e-03 0.000e+00
381 -1.613e-04 2.984e-03 1.878e-03 0.000e+00
382 1.253e-03 -2.651e-03 -5.690e-04 0.000e+00
383 -2.272e-03 -3.423e-03 3.624e-03 0.000e+00
384 -4.454e-03 -3.537e-03 3.063e-03 0.000e+00
385 -4.209e-03 -4.138e-04 2.019e-03 0.000e+00
386 4.283e-04 -2.050e-03 -2.741e-03 0.000e+00
387 -2.400e-03 -2.957e-03 2.184e-03 0.000e+00
388 1.274e-03 1.351e-04 -3.724e-04 0.000e+00
389 -2.004e-03 2.171e-03 -2.741e-03 0.000e+00
390 2.247e-03 -3.539e-03 -4.460e-04 0.000e+00
391 -1.279e-03 1.871e-03 -2.849e-03 0.000e+00
392 -7.518e-04 -3.465e-03 1.701e-04 0.000e+00
393 1.102e-03 1.147e-03 -6.668e-03 0.000e+00
394 -3.710e-03 4.289e-03 -3.994e-03 -1.049e+01
395 -2.899e-03 -2.640e-03 -1.808e-03 0.000e+00
396 -2.086e-03 4.075e-04 2.370e-03 0.000e+00
397 -1.847e-03 2.969e-03 2.607e-03 0.000e+00
398 2.374e-04 -2.211e-03 2.717e-04 0.000e+00
399 -8.723e-05 -3.097e-03 -1.637e-03 0.000e+00
400 -8.266e-04 -1.941e-03 1.860e-04 0.000e+00
401 -8.039e-04 1.352e-03 1.290e-03 0.000e+00
402 -7.339e-05 1.108e-03 1.642e-04 0.000e+00
403 -3.509e-03 1.463e-03 7.003e-04 0.000e+00
404 -4.894e-03 1.329e-03 1.331e-03 0.000e+00
405 4.419e-03 -3.116e-04 1.254e-03 0.000e+00
406 -1.573e-03 5.454e-03 1.443e-03 3.760e+01
407 3.368e-03 -3.569e-03 -2.623e-05 0.000e+00
408 2.329e-03 -2.166e-03 4.004e-03 0.000e+00
409 -2.230e-03 1.564e-03 4.305e-03 0.000e+00
410 -1.653e-03 -2.608e-03 4.275e-03 0.000e+00
411 -1.632e-03 7.937e-04 2.055e-03 0.000e+00
412 -1.111e-03 3.033e-03 -8.586e-04 0.000e+00
413 6.921e-04 4.834e-04 9.456e-04 0.000e+00
414 -3.422e-03 -3.597e-03 -1.149e-03 0.000e+00
415 -1.781e-03 2.280e-04 3.057e-03 0.000e+00
416 1.707e-03 -3.149e-03 -1.021e-03 0.000e+00
417 -7.664e-04 -1.830e-03 3.262e-03 0.000e+00
418 -2.657e-03 2.451e-03 -8.473e-04 0.000e+00
419 6.812e-04 1.560e-04 2.645e-03 0.000e+00
420 -9.309e-04 2.193e-03 7.653e-04 0.000e+00
421 2.954e-03 3.505e-03 1.492e-05 0.000e+00
422 4.908e-03 -2.181e-03 -1.862e-04 0.000e+00
423 5.265e-03 1.334e-03 -1.820e-03 0.000e+00
424 -2.642e-04 1.809e-04 -6.580e-03 0.000e+00
425 4.081e-03 1.926e-03 -1.032e-03 0.000e+00
426 -1.842e-03 -3.634e-03 2.023e-03 0.000e+00
427 -1.106e-03 -3.400e-03 6.975e-03 0.000e+00
428 -3.221e-03 -2.542e-03 -2.105e-03 0.000e+00
429 -6.362e-04 -2.675e-03 3.487e-03 0.000e+00
430 1.365e-03 -2.905e-03 9.278e-04 0.000e+00
431 1.970e-03 -3.093e-03 9.853e-05 0.000e+00
432 1.389e-03 -2.497e-03 -5.054e-03 0.000e+00
433 4.389e-03 4.685e-04 -2.277e-03 0.000e+00
434 3.186e-03 -3.415e-03 3.441e-03 0.000e+00
435 1.387e-03 1.941e-03 1.603e-03 0.000e+00
436 -3.716e-03 2.950e-03 1.858e-03 0.000e+00
437 -3.749e-03 1.146e-03 -5.709e-04 0.000e+00
438 8.231e-04 5.176e-03 3.663e-03 -2.701e+01
439 -1.619e-03 2.044e-03 -5.485e-03 0.000e+00
440 -3.367e-03 -3.525e-04 -1.644e-03 0.000e+00
441 -2.800e-03 3.734e-03 -2.561e-03 1.604e+01
442 1.729e-05 1.652e-03 -1.229e-03 0.000e+00
443 2.803e-03 -3.412e-03 -2.303e-03 0.000e+00
444 -1.989e-03 -3.015e-03 -2.590e-03 0.000e+00
445 8.665e-04 -2.327e-03 2.255e-03 0.000e+00
446 -3.789e-03 -3.157e-03 -1.497e-03 0.000e+00
447 -3.662e-03 5.104e-03 6.996e-04 -8.820e+00
448 1.102e-03 -9.992e-04 1.397e-03 0.000e+00
449 -7.125e-04 -3.684e-03 -2.327e-03 0.000e+00
450 -3.219e-03 3.701e-03 2.825e-03 0.000e+00
451 -3.306e-03 3.773e-03 -1.326e-03 -9.452e+01
452 -6.301e-04 -2.971e-03 2.239e-03 0.000e+00
453 2.163e-03 -3.064e-03 -2.084e-03 0.000e+00
454 1.313e-03 -3.546e-03 -1.534e-03 0.000e+00
455 9.276e-04 1.416e-03 1.498e-04 0.000e+00
456 2.942e-04 -3.708e-03 1.194e-03 0.000e+00
457 -3.764e-03 9.186e-04 2.917e-03 0.000e+00
458 -1.530e-03 -3.641e-03 -2.584e-03 0.000e+00
459 1.093e-03 2.221e-03 8.927e-04 0.000e+00
460 -1.964e-03 7.300e-04 -2.623e-03 0.000e+00
461 2.962e-03 3.631e-03 -3.384e-03 0.000e+00
462 2.398e-03 3.382e-04 -1.858e-04 0.000e+00
463 1.117e-03 -3.033e-03 3.742e-05 0.000e+00
464 4.840e-04 8.993e-04 4.542e-03 0.000e+00
465 -1.419e-03 -2.173e-03 2.593e-03 0.000e+00
466 -3.111e-04 1.073e-03 -4.116e-03 0.000e+00
467 3.728e-03 1.991e-03 2.502e-03 0.000e+00
468 -6.482e-03 -3.348e-03 2.477e-03 0.000e+00
469 1.268e-03 1.144e-03 5.985e-04 0.000e+00
470 -3.605e-03 1.443e-03 9.932e-04 0.000e+00
471 -7.128e-04 -3.669e-03 -9.070e-04 0.000e+00
472 1.553e-03 2.785e-03 4.923e-04 0.000e+00
473 -1.490e-04 -3.178e-03 1.184e-03 0.000e+00
474 -8.264e-05 4.523e-03 3.777e-04 6.432e+01
475 -5.311e-03 -2.904e-03 1.446e-03 0.000e+00
476 -3.389e-05 -3.697e-03 7.490e-04 0.000e+00
477 1.111e-03 -2.239e-03 5.452e-04 0.000e+00
478 -8.120e-04 1.236e-03 7.951e-04 0.000e+00
479 -4.690e-03 2.693e-04 2.956e-03 0.000e+00
480 1.213e-03 -2.749e-03 -4.448e-03 0.000e+00
481 -2.656e-03 1.002e-03 6.324e-04 0.000e+00
482 4.647e-03 -2.560e-03 -2.248e-03 0.000e+00
483 -1.418e-03 2.380e-03 -1.312e-03 0.000e+00
484 6.853e-03 -2.934e-03 1.981e-03 0.000e+00
485 -4.814e-03 -2.551e-03 1.589e-03 0.000e+00
486 -1.468e-04 1.836e-03 -8.887e-04 0.000e+00
487 1.221e-03 2.205e-03 -1.010e-03 0.000e+00
488 2.599e-03 -3.595e-03 7.604e-04 0.000e+00
489 4.017e-03 1.802e-03 -1.214e-03 0.000e+00
490 1.955e-03 -3.095e-03 -6.646e-04 0.000e+00
491 -1.406e-03 -2.205e-03 2.203e-03 0.000e+00
492 2.854e-03 -3.667e-03 2.652e-04 0.000e+00
493 1.549e-03 1.277e-04 -2.599e-03 0.000e+00
494 5.553e-04 2.900e-03 2.641e-03 0.000e+00
495 2.191e-03 -2.914e-03 -1.453e-03 0.000e+00
496 -2.717e-04 2.837e-03 1.592e-04 0.000e+00
497 2.647e-04 1.656e-03 -4.048e-05 0.000e+00
498 -2.862e-03 1.199e-03 1.185e-03 0.000e+00
499 1.646e-03 2.237e-03 3.801e-03 0.000e+00
500 1.611e-03 -6.534e-05 1.011e-03 0.000e+00
501 2.254e-03 2.828e-03 5.689e-04 0.000e+00
502 -1.240e-03 8.460e-04 6.176e-04 0.000e+00
503 2.789e-03 -3.021e-03 -1.554e-03 0.000e+00
504 -7.210e-05 -3.272e-03 -9.871e-05 0.000e+00
505 9.982e-04 -2.149e-04 -2.801e-03 0.000e+00
506 3.242e-03 -3.559e-03 2.362e-04 0.000e+00
507 -1.604e-03 1.256e-03 -1.301e-04 0.000e+00
508 -4.609e-03 2.963e-03 -1.926e-03 0.000e+00
509 -1.439e-03 -3.641e-03 -2.079e-03 0.000e+00
510 7.684e-04 -1.833e-03 2.724e-03 0.000e+00
511 7.150e-04 2.502e-03 -1.750e-03 0.000e+00
512 -1.620e-03 2.325e-03 -1.565e-03 0.000e+00
513 -5.022e-04 1.605e-03 -5.202e-04 0.000e+00
514 1.758e-03 -2.882e-03 -4.002e-03 0.000e+00
515 1.593e-03 -2.153e-03 1.334e-03 0.000e+00
516 5.921e-04 -4.834e-04 1.384e-04 0.000e+00
517 4.913e-04 2.236e-03 -5.071e-03 0.000e+00
518 3.211e-03 1.547e-03 -4.350e-03 0.000e+00
519 -4.063e-03 2.474e-03 -1.391e-03 0.000e+00
520 1.236e-03 -3.458e-03 2.973e-04 0.000e+00
521 2.755e-03 1.372e-03 -4.651e-03 0.000e+00
522 1.734e-03 3.315e-03 7.676e-04 0.000e+00
523 -3.170e-03 5.586e-04 -1.526e-03 0.000e+00
524 -1.774e-03 5.426e-04 2.926e-03 0.000e+00
525 5.887e-04 -3.193e-03 -3.827e-03 0.000e+00
526 6.410e-04 -3.593e-03 -1.440e-03 0.000e+00
527 2.404e-03 2.981e-04 -2.119e-03 0.000e+00
528 -5.276e-04 -4.837e-04 4.733e-03 0.000e+00
529 4.156e-05 -2.765e-03 -1.040e-03 0.000e+00
530 3.140e-03 -3.034e-03 -1.829e-03 0.000e+00
531 4.937e-03 2.318e-03 -7.070e-04 0.000e+00
532 -2.027e-03 7.102e-04 4.684e-03 0.000e+00
533 1.333e-03 -8.791e-04 3.695e-03 0.000e+00
534 2.769e-03 -1.185e-04 -3.442e-03 0.000e+00
535 -1.450e-04 -3.154e-03 -1.767e-03 0.000e+00
536 -2.496e-03 -7.310e-04 3.769e-03 0.000e+00
537 1.425e-04 -2.958e-03 -3.234e-04 0.000e+00
538 2.543e-03 1.274e-03 -2.189e-03 0.000e+00
539 -3.793e-03 -3.642e-03 -6.100e-03 0.000e+00
540 8.356e-04 -3.536e-03 1.525e-03 0.000e+00
541 2.832e-03 -2.182e-03 -4.048e-04 0.000e+00
542 -1.568e-03 4.112e-04 -3.522e-04 0.000e+00
543 7.664e-04 -3.041e-03 -1.902e-03 0.000e+00
544 -2.164e-03 -2.092e-03 -1.183e-03 0.000e+00
545 -3.805e-03 4.315e-03 -1.155e-03 -6.566e+01
546 1.458e-03 2.159e-03 -1.612e-03 0.000e+00
547 -1.374e-03 5.066e-03 3.364e-03 -4.170e+01
548 7.690e-04 1.646e-03 2.250e-03 0.000e+00
549 2.282e-03 -3.362e-03 -4.845e-04 0.000e+00
550 -1.422e-03 2.178e-03 1.932e-03 0.000e+00
551 -1.231e-03 -3.410e-04 1.917e-04 0.000e+00
552 -2.762e-03 -3.186e-03 4.728e-04 0.000e+00
553 8.437e-04 3.961e-03 -1.205e-04 -6.796e+01
554 2.076e-03 2.496e-03 1.256e-03 0.000e+00
555 -6.467e-06 -3.436e-03 3.203e-03 0.000e+00
556 3.234e-03 -3.192e-03 -6.107e-05 0.000e+00
557 -8.115e-04 7.815e-04 3.391e-04 0.000e+00
558 -2.634e-03 1.325e-03 -1.691e-03 0.000e+00
559 1.214e-03 -3.454e-04 -2.829e-04 0.000e+00
560 3.574e-03 3.647e-04 -3.185e-03 0.000e+00
561 5.231e-03 7.730e-05 1.455e-03 0.000e+00
562 1.044e-04 1.231e-03 3.758e-03 0.000e+00
563 3.292e-03 -3.647e-03 4.964e-03 0.000e+00
564 6.568e-04 7.775e-04 -1.183e-03 0.000e+00
565 1.231e-03 -7.714e-04 2.742e-03 0.000e+00
566 1.573e-03 2.662e-03 -1.684e-03 0.000e+00
567 2.444e-06 -3.486e-03 -1.573e-04 0.000e+00
568 5.633e-03 -3.344e-03 2.056e-03 0.000e+00
569 -2.339e-03 2.180e-03 -8.833e-04 0.000e+00
570 -1.910e-04 1.964e-03 -6.784e-04 0.000e+00
571 4.017e-03 -2.467e-03 3.253e-03 0.000e+00
572 -1.631e-03 -1.681e-03 -1.984e-03 0.000e+00
573 4.524e-03 1.850e-04 -1.904e-03 0.000e+00
574 2.156e-03 -2.446e-03 3.719e-04 0.000e+00
575 -1.166e-03 1.651e-03 7.966e-05 0.000e+00
576 -2.520e-03 1.444e-03 7.453e-04 0.000e+00
577 -1.721e-03 2.005e-04 -8.504e-04 0.000e+00
578 -8.598e-04 -3.297e-03 1.398e-03 0.000e+00
579 3.818e-03 -3.458e-03 -1.875e-04 0.000e+00
580 -7.994e-04 1.603e-03 1.524e-03 0.000e+00
581 1.048e-03 -3.146e-03 -3.353e-04 0.000e+00
582 3.934e-03 -3.197e-03 2.776e-04 0.000e+00
583 1.087e-04 -2.119e-03 -7.083e-05 0.000e+00
584 -2.466e-03 5.304e-05 4.412e-03 0.000e+00
585 -7.581e-04 2.624e-03 -2.913e-03 0.000e+00
586 -5.848e-04 -6.529e-05 -3.853e-03 0.000e+00
587 2.278e-03 -1.821e-03 -1.229e-03 0.000e+00
588 -1.687e-03 1.529e-04 3.053e-03 0.000e+00
589 2.426e-03 -2.864e-03 1.422e-03 0.000e+00
590 2.694e-03 -3.237e-03 2.643e-04 0.000e+00
591 6.576e-05 2.606e-03 3.053e-03 0.000e+00
592 2.099e-03 2.581e-03 8.399e-04 0.000e+00
593 -1.116e-03 3.551e-04 -9.534e-04 0.000e+00
594 5.382e-04 -2.491e-03 -1.841e-03 0.000e+00
595 -3.592e-03 -1.574e-04 2.136e-03 0.000e+00
596 1.996e-03 1.867e-03 1.557e-04 0.000e+00
597 3.227e-03 -3.006e-03 2.088e-03 0.000e+00
598 -2.119e-03 -3.496e-03 -6.524e-03 0.000e+00
599 -6.771e-04 2.272e-03 -6.688e-04 0.000e+00
600 -7.272e-04 -3.559e-03 -2.178e-03 0.000e+00
601 -4.137e-04 -3.339e-03 -3.953e-03 0.000e+00
602 6.012e-03 8.773e-04 -4.766e-04 0.000e+00
603 -4.436e-03 -6.650e-05 -4.650e-03 0.000e+00
604 -1.284e-03 -2.787e-03 1.320e-03 0.000e+00
605 5.601e-03 -3.191e-03 6.171e-04 0.000e+00
606 -8.357e-04 5.015e-03 7.069e-04 3.640e+01
607 2.380e-03 -3.218e-03 2.178e-03 0.000e+00
608 -2.605e-03 -2.493e-03 -1.018e-03 0.000e+00
609 5.776e-04 -2.172e-03 -5.106e-04 0.000e+00
610 1.958e-03 -2.256e-03 8.207e-04 0.000e+00
611 2.224e-03 -2.837e-03 -3.237e-03 0.000e+00
612 -1.765e-03 -2.681e-03 -7.337e-04 0.000e+00
613 -3.008e-04 -2.720e-03 -1.350e-03 0.000e+00
614 -2.587e-03 2.730e-03 1.646e-03 0.000e+00
615 -4.227e-04 -2.815e-03 -1.759e-03 0.000e+00
616 1.310e-03 1.235e-03 -3.520e-03 0.000e+00
617 -1.002e-04 2.821e-03 -1.183e-03 0.000e+00
618 1.147e-03 -3.611e-03 1.299e-03 0.000e+00
619 -9.194e-04 2.039e-03 1.986e-03 0.000e+00
620 -2.662e-03 -1.899e-03 -1.832e-03 0.000e+00
621 -6.466e-04 -2.651e-03 -8.959e-06 0.000e+00
622 2.518e-03 -2.624e-03 -2.361e-03 0.000e+00
623 -7.743e-04 1.522e-03 -1.686e-03 0.000e+00
624 1.262e-03 9.094e-04 2.721e-03 0.000e+00
625 -3.488e-03 1.492e-03 3.161e-03 0.000e+00
626 -1.972e-03 -3.082e-03 2.588e-03 0.000e+00
627 9.681e-05 1.418e-03 -1.743e-03 0.000e+00
628 1.190e-03 2.691e-03 1.573e-03 0.000e+00
629 3.058e-04 7.831e-04 -2.269e-04 0.000e+00
630 -1.597e-04 -2.846e-03 2.075e-03 0.000e+00
631 -4.711e-04 2.828e-04 3.776e-03 0.000e+00
632 1.802e-03 -9.471e-05 -1.666e-03 0.000e+00
633 2.282e-04 -3.687e-03 -4.866e-04 0.000e+00
634 -2.265e-03 7.200e-04 3.308e-03 0.000e+00
635 2.010e-03 -3.037e-03 -1.915e-04 0.000e+00
636 -8.820e-05 3.584e-03 -3.055e-04 0.000e+00
637 1.508e-03 -2.931e-03 2.559e-03 0.000e+00
638 3.834e-03 1.106e-03 -5.075e-04 0.000e+00
639 -3.170e-03 2.633e-03 2.927e-03 0.000e+00
640 2.477e-03 -2.814e-03 1.631e-03 0.000e+00
641 1.766e-03 3.175e-03 -1.299e-03 0.000e+00
642 -5.695e-04 -3.274e-03 -3.124e-03 0.000e+00
643 -3.047e-03 -2.967e-03 3.797e-04 0.000e+00
644 -2.056e-03 -4.772e-04 4.284e-03 0.000e+00
645 -1.436e-03 1.084e-03 -1.617e-03 0.000e+00
646 -2.406e-03 -2.556e-03 3.484e-03 0.000e+00
647 3.298e-03 9.300e-04 1.681e-03 0.000e+00
648 -1.249e-03 1.836e-03 1.400e-03 0.000e+00
649 4.159e-03 -2.713e-03 3.841e-04 0.000e+00
650 -6.290e-03 -3.652e-03 4.073e-05 0.000e+00
651 1.774e-03 2.409e-03 4.135e-05 0.000e+00
652 5.203e-03 1.480e-03 6.148e-04 0.000e+00
653 4.149e-03 -3.567e-03 -4.076e-04 0.000e+00
654 -1.209e-03 5.515e-04 -3.064e-03 0.000e+00
655 -3.953e-03 1.991e-04 -1.193e-03 0.000e+00
656 -1.431e-04 -1.953e-03 8.869e-04 0.000e+00
657 -7.210e-04 -2.873e-03 -8.845e-05 0.000e+00
658 -2.827e-03 1.368e-03 4.361e-03 0.000e+00
659 2.242e-04 -3.631e-03 -9.482e-04 0.000e+00
660 -9.381e-04 -2.606e-03 1.055e-04 0.000e+00
661 2.304e-03 1.285e-03 3.510e-03 0.000e+00
662 1.854e-03 3.899e-04 1.304e-03 0.000e+00
663 -1.276e-03 -2.958e-03 7.748e-05 0.000e+00
664 -3.019e-03 -3.258e-03 -3.883e-04 0.000e+00
665 -4.091e-03 1.559e-03 2.288e-04 0.000e+00
666 -3.839e-03 -3.003e-04 -2.181e-04 0.000e+00
667 1.186e-03 3.404e-03 -1.696e-04 0.000e+00
668 -8.473e-04 -3.413e-03 -8.180e-04 0.000e+00
669 -4.118e-03 -1.891e-03 -6.716e-04 0.000e+00
670 3.955e-03 3.045e-04 1.694e-03 0.000e+00
671 1.520e-04 2.119e-03 2.497e-03 0.000e+00
672 1.820e-03 1.241e-03 -2.956e-03 0.000e+00
673 3.364e-03 -3.022e-03 6.628e-04 0.000e+00
674 3.555e-03 5.044e-04 2.046e-04 0.000e+00
675 -9.593e-04 4.972e-03 -2.358e-04 6.334e+01
676 1.263e-04 -3.451e-03 1.384e-03 0.000e+00
677 -3.706e-03 7.066e-04 2.309e-04 0.000e+00
678 2.148e-03 -2.968e-03 4.585e-03 0.000e+00
679 -3.569e-03 -3.061e-03 5.464e-04 0.000e+00
680 -1.359e-04 4.186e-03 1.169e-03 4.820e+01
681 -2.347e-03 -1.972e-04 -3.393e-03 0.000e+00
682 -1.059e-03 2.916e-04 -2.790e-03 0.000e+00
683 4.520e-04 -3.271e-03 1.150e-03 0.000e+00
684 -2.228e-03 -1.062e-03 -3.159e-03 0.000e+00
685 -5.415e-03 6.202e-03 1.237e-03 -6.323e+01
686 -3.095e-03 -3.441e-03 1.866e-03 0.000e+00
687 2.160e-03 2.992e-03 1.172e-03 0.000e+00
688 -2.133e-03 1.285e-03 7.287e-04 0.000e+00
689 -1.219e-03 -2.792e-03 -1.049e-03 0.000e+00
690 -1.345e-03 3.319e-03 3.662e-03 0.000e+00
691 -3.101e-03 5.196e-03 -1.909e-03 -9.053e+01
692 7.130e-03 -3.373e-03 2.048e-03 0.000e+00
693 1.756e-03 -7.272e-04 2.909e-03 0.000e+00
694 4.120e-03 1.799e-03 -3.439e-03 0.000e+00
695 -4.831e-05 5.555e-04 8.069e-04 0.000e+00
696 1.424e-03 1.102e-03 -1.592e-03 0.000e+00
697 1.389e-03 -3.599e-03 -4.980e-03 0.000e+00
698 4.178e-03 -1.650e-03 -5.847e-04 0.000e+00
699 -8.554e-04 8.410e-04 -1.120e-04 0.000e+00
700 2.063e-03 3.001e-03 1.199e-03 0.000e+00
701 3.285e-04 5.667e-04 -1.701e-03 0.000e+00
702 9.309e-04 -2.220e-03 2.225e-03 0.000e+00
703 1.035e-03 -2.619e-03 -2.141e-03 0.000e+00
704 1.962e-03 -3.507e-03 4.856e-04 0.000e+00
705 -2.703e-03 1.038e-03 -3.040e-03 0.000e+00
706 1.554e-03 1.296e-03 2.040e-03 0.000e+00
707 -4.119e-03 6.794e-04 -4.065e-03 0.000e+00
708 -2.586e-03 6.980e-04 4.708e-03 0.000e+00
709 3.141e-05 2.655e-03 -1.217e-03 0.000e+00
710 1.745e-04 1.014e-03 5.177e-03 0.000e+00
711 -1.510e-03 -3.441e-03 2.797e-03 0.000e+00
712 -1.381e-03 1.232e-03 -4.544e-03 0.000e+00
713 2.380e-04 -2.342e-03 -9.152e-04 0.000e+00
714 7.910e-04 -3.641e-03 -1.182e-03 0.000e+00
715 2.499e-03 7.676e-04 -4.718e-03 0.000e+00
716 2.609e-03 -3.097e-03 -2.411e-03 0.000e+00
717 -1.999e-03 1.397e-03 -4.274e-04 0.000e+00
718 -8.488e-04 2.298e-03 2.986e-03 0.000e+00
719 3.822e-04 1.100e-03 3.582e-04 0.000e+00
720 -3.130e-03 1.589e-03 -3.266e-04 0.000e+00
721 -2.467e-03 -2.353e-03 1.230e-03 0.000e+00
722 -1.529e-03 -3.096e-03 1.354e-03 0.000e+00
723 2.392e-03 3.878e-04 -4.850e-03 0.000e+00
724 6.221e-03 -3.649e-03 1.285e-04 0.000e+00
725 1.840e-04 -3.105e-03 -9.929e-04 0.000e+00
726 -2.835e-03 5.726e-04 -7.351e-04 0.000e+00
727 4.826e-03 -2.128e-03 7.971e-04 0.000e+00
728 4.175e-03 -3.201e-03 -3.993e-04 0.000e+00
729 1.977e-03 3.432e-04 -1.308e-03 0.000e+00
730 -1.731e-04 -3.739e-05 -1.664e-03 0.000e+00
731 -2.127e-04 1.034e-03 -3.827e-04 0.000e+00
732 -1.596e-03 2.437e-04 4.428e-04 0.000e+00
733 4.657e-03 3.040e-03 1.494e-04 0.000e+00
734 2.275e-03 5.272e-04 -5.120e-04 0.000e+00
735 1.225e-03 -2.362e-03 1.442e-03 0.000e+00
736 3.586e-04 1.164e-03 -1.876e-03 0.000e+00
737 3.966e-03 -1.715e-03 -6.481e-04 0.000e+00
738 8.006e-04 -3.553e-03 -8.231e-04 0.000e+00
739 2.078e-03 -3.549e-03 -2.616e-03 0.000e+00
740 -8.061e-04 2.211e-04 1.337e-03 0.000e+00
741 -3.943e-03 -5.754e-04 5.595e-04 0.000e+00
742 5.392e-03 -3.121e-03 -1.681e-03 0.000e+00
743 3.098e-04 9.103e-04 1.231e-03 0.000e+00
744 -2.280e-03 7.464e-04 4.995e-04 0.000e+00
745 -9.248e-05 -1.486e-03 -4.591e-03 0.000e+00
746 -3.344e-03 1.281e-03 -8.034e-04 0.000e+00
747 2.130e-03 -3.434e-03 -3.840e-03 0.000e+00
748 9.089e-04 1.175e-03 -3.117e-03 0.000e+00
749 8.078e-04 4.197e-04 -7.813e-04 0.000e+00
750 -1.759e-03 -3.445e-03 -1.130e-03 0.000e+00
751 -2.588e-03 3.129e-03 -1.650e-03 0.000e+00
752 3.674e-04 -1.073e-04 -1.090e-03 0.000e+00
753 -3.156e-04 -1.763e-04 -1.764e-04 0.000e+00
754 -1.841e-03 3.872e-03 3.043e-03 -9.019e+01
755 3.221e-03 -3.436e-03 3.314e-04 0.000e+00
756 -9.310e-04 1.180e-03 -3.088e-03 0.000e+00
757 3.958e-04 8.193e-04 -1.237e-03 0.000e+00
758 1.585e-03 2.872e-03 1.673e-03 0.000e+00
759 -6.438e-03 -2.631e-03 -1.050e-03 0.000e+00
760 -3.947e-04 -3.495e-03 2.203e-03 0.000e+00
761 3.808e-03 2.594e-04 5.925e-04 0.000e+00
762 -2.403e-03 1.787e-03 -1.161e-03 0.000e+00
763 5.525e-04 -2.761e-03 4.504e-03 0.000e+00
764 1.665e-03 -3.384e-03 1.997e-03 0.000e+00
765 -1.451e-03 -3.533e-03 -2.763e-03 0.000e+00
766 -1.209e-03 5.744e-04 1.687e-03 0.000e+00
767 1.722e-03 -2.055e-04 2.705e-04 0.000e+00
768 1.281e-03 9.547e-04 -3.054e-04 0.000e+00
769 -1.307e-03 -3.323e-03 -3.497e-03 0.000e+00
770 6.028e-04 3.034e-03 -5.017e-03 0.000e+00
771 -1.854e-03 1.425e-03 -7.066e-04 0.000e+00
772 -2.485e-06 -3.705e-03 2.258e-03 0.000e+00
773 5.091e-03 1.412e-03 1.809e-03 0.000e+00
774 -1.858e-05 5.596e-03 4.741e-04 2.893e+01
775 -1.240e-03 -3.503e-03 7.650e-04 0.000e+00
776 -3.206e-03 -2.307e-03 2.277e-03 0.000e+00
777 -1.358e-03 -8.740e-04 -1.099e-03 0.000e+00
778 1.593e-03 6.134e-04 -3.808e-03 0.000e+00
779 -1.018e-03 1.024e-04 -4.271e-04 0.000e+00
780 -3.939e-03 -2.850e-03 -2.762e-04 0.000e+00
781 1.632e-03 -3.552e-03 -2.065e-03 0.000e+00
782 2.764e-03 -3.286e-03 -1.329e-03 0.000e+00
783 3.782e-03 -3.614e-03 5.325e-03 0.000e+00
784 4.366e-03 -2.747e-03 -3.887e-03 0.000e+00
785 9.848e-04 -2.680e-03 1.498e-03 0.000e+00
786 -7.770e-05 4.707e-04 -7.288e-04 0.000e+00
787 5.045e-04 5.036e-03 -1.832e-03 -3.170e+01
788 -2.778e-03 5.585e-03 -5.263e-04 -5.605e+01
789 -2.097e-03 1.933e-03 -3.898e-03 0.000e+00
790 -2.296e-04 1.999e-03 2.147e-03 0.000e+00
791 -1.629e-03 -3.133e-03 -3.387e-04 0.000e+00
792 -5.808e-03 4.572e-04 -6.812e-04 0.000e+00
793 2.566e-03 -2.659e-03 3.035e-04 0.000e+00
794 -1.061e-03 -2.288e-03 -1.767e-04 0.000e+00
795 4.228e-03 8.049e-04 -2.339e-03 0.000e+00
796 -2.227e-03 -3.510e-03 -1.311e-03 0.000e+00
797 -1.419e-03 -3.676e-03 2.016e-03 0.000e+00
798 3.048e-03 3.799e-03 4.371e-03 -9.469e+01
799 2.246e-03 -3.584e-03 -1.444e-04 0.000e+00
800 3.701e-03 2.447e-03 -9.818e-04 0.000e+00
801 6.572e-06 3.328e-03 6.669e-03 0.000e+00
802 -1.117e-03 -4.685e-04 -4.996e-03 0.000e+00
803 -3.226e-03 -3.065e-03 1.852e-03 0.000e+00
804 2.482e-03 7.762e-04 -7.052e-05 0.000e+00
805 -1.544e-03 -2.639e-03 -1.681e-03 0.000e+00
806 -2.162e-04 1.988e-03 -1.726e-03 0.000e+00
807 -8.111e-05 7.516e-04 -9.006e-04 0.000e+00
808 -7.885e-04 -2.632e-03 -2.235e-04 0.000e+00
809 3.622e-03 2.898e-04 1.217e-03 0.000e+00
810 -5.868e-06 -3.519e-03 4.132e-04 0.000e+00
811 -4.929e-03 2.008e-03 2.647e-03 0.000e+00
812 -5.583e-04 -2.871e-04 2.772e-03 0.000e+00
813 -1.123e-03 3.729e-03 6.305e-04 -2.215e+01
814 2.398e-03 -2.663e-03 1.599e-03 0.000e+00
815 -3.256e-03 -1.689e-06 7.754e-04 0.000e+00
816 3.632e-04 -3.589e-03 -1.776e-03 0.000e+00
817 3.999e-06 -2.770e-03 -1.699e-03 0.000e+00
818 -2.753e-03 2.594e-03 1.312e-03 0.000e+00
819 1.681e-03 1.187e-03 8.137e-04 0.000e+00
820 -7.328e-04 2.693e-04 2.427e-03 0.000e+00
821 5.764e-04 5.402e-03 6.822e-03 -2.403e+01
822 -1.141e-03 -3.540e-03 6.474e-04 0.000e+00
823 -1.718e-04 5.926e-03 1.988e-04 4.967e+01
824 1.772e-03 2.562e-04 -3.198e-04 0.000e+00
825 -2.890e-03 2.888e-03 -1.174e-03 0.000e+00
826 -5.557e-04 -3.387e-03 2.023e-03 0.000e+00
827 4.832e-03 -2.094e-04 -6.225e-05 0.000e+00
828 -7.358e-04 -3.644e-03 -7.614e-04 0.000e+00
829 1.631e-03 -2.966e-03 -9.368e-04 0.000e+00
830 -6.268e-03 2.290e-03 4.082e-03 0.000e+00
831 -3.696e-04 9.453e-04 2.617e-03 0.000e+00
832 -3.086e-04 -1.828e-03 -4.878e-03 0.000e+00
833 3.685e-04 -1.748e-03 3.777e-03 0.000e+00
834 -1.385e-03 -3.297e-03 -1.014e-03 0.000e+00
835 -3.711e-03 4.169e-03 1.060e-03 3.720e+01
836 -4.850e-03 -3.384e-03 5.796e-03 0.000e+00
837 -9.828e-04 -2.244e-03 2.662e-03 0.000e+00
838 4.381e-03 1.429e-03 1.374e-03 0.000e+00
839 2.038e-03 1.181e-03 -1.127e-03 0.000e+00
840 2.468e-03 -3.318e-03 8.007e-04 0.000e+00
841 -4.035e-03 -2.221e-03 2.758e-03 0.000e+00
842 -1.545e-03 2.419e-03 3.210e-03 0.000e+00
843 -1.967e-03 -3.255e-03 0.000e+00 0.000e+00
844 -3.121e-03 2.729e-03 3.297e-03 0.000e+00
845 1.992e-03 3.516e-03 -2.492e-03 0.000e+00
846 -4.264e-03 1.786e-03 2.292e-03 0.000e+00
847 -2.372e-03 7.703e-04 3.054e-03 0.000e+00
848 1.368e-03 -3.218e-03 3.213e-03 0.000e+00
849 3.161e-03 3.028e-03 1.729e-03 0.000e+00
850 -1.580e-03 2.500e-03 1.329e-03 0.000e+00
851 5.662e-04 -2.643e-03 1.904e-03 0.000e+00
852 -4.039e-03 7.731e-04 8.747e-04 0.000e+00
853 -4.642e-03 -3.545e-03 9.893e-04 0.000e+00
854 1.823e-03 4.964e-03 2.581e-03 -4.749e+01
855 -1.175e-03 -1.210e-04 5.936e-03 0.000e+00
856 2.835e-03 -3.060e-03 -1.236e-04 0.000e+00
857 -2.080e-04 -3.295e-03 6.555e-03 0.000e+00
858 -1.373e-03 3.613e-03 1.287e-03 0.000e+00
859 -1.393e-03 3.551e-05 1.911e-03 0.000e+00
860 -2.658e-04 1.429e-03 1.839e-03 0.000e+00
861 -4.985e-04 -3.119e-04 -1.066e-03 0.000e+00
862 4.830e-04 -3.620e-03 -3.077e-03 0.000e+00
863 6.217e-04 -3.466e-03 -3.972e-03 0.000e+00
864 1.885e-03 -3.107e-03 -1.491e-03 0.000e+00
865 -3.350e-03 1.397e-03 5.134e-04 0.000e+00
866 2.429e-03 -3.343e-03 8.856e-04 0.000e+00
867 1.033e-03 1.414e-03 -2.173e-03 0.000e+00
868 3.866e-03 -9.839e-04 2.712e-03 0.000e+00
869 2.521e-03 5.435e-03 -1.125e-04 -7.848e+01
870 -1.960e-03 5.001e-04 -3.935e-03 0.000e+00
871 -2.666e-04 -3.678e-03 7.975e-04 0.000e+00
872 9.264e-04 -3.461e-03 4.386e-03 0.000e+00
873 -8.427e-04 -3.671e-03 7.191e-05 0.000e+00
874 -7.946e-04 2.590e-03 4.802e-03 0.000e+00
875 8.858e-04 -3.224e-03 -2.622e-03 0.000e+00
876 1.388e-03 1.187e-03 -1.079e-03 0.000e+00
877 -9.294e-04 -2.024e-03 2.463e-03 0.000e+00
878 -1.160e-03 9.921e-05 -1.189e-03 0.000e+00
879 1.982e-03 2.119e-03 3.296e-03 0.000e+00
880 1.057e-03 -2.708e-03 1.387e-03 0.000e+00
881 4.582e-03 -2.477e-03 -3.449e-03 0.000e+00
882 -2.016e-03 1.245e-03 -6.127e-04 0.000e+00
883 -1.343e-03 1.232e-04 2.218e-03 0.000e+00
884 6.781e-04 1.929e-03 -3.529e-03 0.000e+00
885 -9.009e-04 -1.675e-03 -2.800e-03 0.000e+00
886 -3.029e-03 -2.222e-03 8.672e-04 0.000e+00
887 -2.275e-03 -2.572e-04 -7.993e-04 0.000e+00
888 3.618e-03 -2.785e-03 1.340e-03 0.000e+00
889 -5.899e-03 2.929e-03 7.213e-04 0.000e+00
890 -8.147e-04 2.576e-04 -2.216e-03 0.000e+00
891 -1.052e-04 -3.564e-03 -1.152e-03 0.000e+00
892 -1.629e-03 6.094e-04 2.716e-03 0.000e+00
893 -7.655e-04 -3.718e-03 3.600e-04 0.000e+00
894 -3.791e-03 -2.546e-03 4.849e-04 0.000e+00
895 -4.690e-03 8.088e-04 5.380e-06 0.000e+00
896 1.826e-03 -2.731e-03 2.097e-04 0.000e+00
897 8.224e-04 -7.894e-04 1.540e-03 0.000e+00
898 1.528e-03 8.740e-04 1.311e-03 0.000e+00
899 -7.029e-04 3.639e-03 -9.746e-04 0.000e+00
900 2.488e-03 1.401e-03 -3.124e-04 0.000e+00
901 1.581e-03 -3.156e-03 -6.422e-03 0.000e+00
902 -1.090e-03 8.329e-04 -4.499e-04 0.000e+00
903 -1.296e-04 3.276e-03 1.284e-03 0.000e+00
904 -2.090e-03 1.657e-03 2.092e-03 0.000e+00
905 -2.412e-03 -2.295e-04 -2.617e-03 0.000e+00
906 -8.811e-04 3.384e-03 -8.666e-04 0.000e+00
907 9.741e-04 -2.841e-03 -3.198e-03 0.000e+00
908 -2.294e-03 8.961e-04 -7.589e-04 0.000e+00
909 -1.732e-03 -8.952e-04 4.394e-03 0.000e+00
910 -8.494e-04 2.654e-03 -1.237e-03 0.000e+00
911 -3.098e-04 1.929e-03 -1.393e-03 0.000e+00
912 -5.806e-05 -7.450e-04 -5.624e-04 0.000e+00
913 -5.507e-03 -3.567e-03 9.219e-04 0.000e+00
914 5.839e-04 5.037e-05 1.288e-04 0.000e+00
915 -1.984e-03 -1.440e-03 6.633e-04 0.000e+00
916 8.043e-05 -1.437e-04 3.426e-03 0.000e+00
917 -1.499e-03 -2.056e-04 -1.005e-03 0.000e+00
918 -1.251e-03 -3.369e-03 3.261e-04 0.000e+00
919 -1.249e-03 1.229e-04 -1.909e-03 0.000e+00
920 8.149e-05 3.294e-03 3.900e-03 0.000e+00
921 2.903e-03 2.353e-04 -2.957e-03 0.000e+00
922 -1.921e-03 6.932e-04 2.352e-04 0.000e+00
923 2.903e-03 -3.251e-03 9.607e-04 0.000e+00
924 -5.574e-04 -3.399e-03 -1.367e-03 0.000e+00
925 -6.251e-03 2.593e-03 -2.173e-03 0.000e+00
926 -6.550e-04 1.011e-03 2.666e-03 0.000e+00
927 1.255e-03 -2.061e-03 1.863e-03 0.000e+00
928 -1.715e-03 2.312e-03 -6.817e-04 0.000e+00
929 8.224e-04 1.596e-03 -1.411e-03 0.000e+00
930 -4.496e-05 1.368e-03 9.585e-05 0.000e+00
931 2.134e-03 -1.941e-03 1.717e-03 0.000e+00
932 -2.317e-03 -3.263e-03 -5.548e-04 0.000e+00
933 -6.422e-04 7.921e-04 2.291e-03 0.000e+00
934 2.346e-03 -1.607e-03 4.053e-03 0.000e+00
935 -6.459e-04 1.229e-03 -2.531e-03 0.000e+00
936 2.427e-03 3.940e-04 -4.588e-04 0.000e+00
937 1.724e-03 1.827e-03 -7.396e-05 0.000e+00
938 1.904e-03 -2.650e-03 1.344e-03 0.000e+00
939 -8.251e-04 2.489e-03 -1.156e-03 0.000e+00
940 1.155e-03 -3.674e-03 -4.383e-04 0.000e+00
941 -2.599e-03 1.412e-03 8.752e-04 0.000e+00
942 8.792e-04 1.439e-03 -1.727e-03 0.000e+00
943 -4.103e-03 6.585e-04 -2.519e-03 0.000e+00
944 1.645e-03 -2.790e-03 -1.499e-03 0.000e+00
945 5.065e-03 2.594e-03 -4.799e-04 0.000e+00
946 -4.429e-03 6.914e-04 1.287e-03 0.000e+00
947 -4.395e-04 -6.290e-04 -1.683e-03 0.000e+00
948 3.990e-04 -2.307e-03 -2.223e-03 0.000e+00
949 -5.446e-03 -2.710e-03 2.707e-03 0.000e+00
950 -1.292e-04 -2.137e-03 1.560e-03 0.000e+00
951 6.698e-04 -3.110e-03 -9.614e-04 0.000e+00
952 1.680e-04 2.364e-03 2.131e-03 0.000e+00
953 -5.195e-03 4.614e-04 -2.092e-03 0.000e+00
954 2.463e-03 3.205e-03 -2.649e-03 0.000e+00
955 -4.490e-03 -2.734e-03 -1.163e-03 0.000e+00
956 -1.738e-03 -3.714e-03 -1.278e-04 0.000e+00
957 5.848e-04 6.813e-04 2.968e-03 0.000e+00
958 1.195e-03 1.231e-03 5.425e-04 0.000e+00
959 -8.350e-04 2.549e-03 -1.999e-03 0.000e+00
960 -6.731e-04 -2.504e-03 -1.207e-03 0.000e+00
961 2.201e-03 8.001e-04 2.533e-03 0.000e+00
962 4.453e-03 -2.308e-03 -1.703e-04 0.000e+00
963 -1.426e-03 1.999e-03 -3.294e-03 0.000e+00
964 -4.072e-03 -2.046e-03 -3.378e-03 0.000e+00
965 -2.762e-03 -3.339e-03 -5.117e-03 0.000e+00
966 -2.968e-03 -1.608e-03 2.605e-03 0.000e+00
967 2.573e-05 3.582e-03 -7.717e-04 0.000e+00
968 -3.337e-03 -2.318e-03 1.172e-03 0.000e+00
969 2.420e-03 -1.964e-03 4.164e-03 0.000e+00
970 2.804e-03 -3.528e-03 -1.216e-04 0.000e+00
971 -1.304e-03 -2.632e-04 5.160e-04 0.000e+00
972 -1.707e-03 1.450e-03 8.074e-04 0.000e+00
973 -1.139e-03 7.073e-04 -4.879e-04 0.000e+00
974 -4.844e-04 -2.535e-03 -3.811e-03 0.000e+00
975 -6.263e-04 1.515e-03 -2.800e-03 0.000e+00
976 -2.570e-03 -1.495e-04 3.226e-03 0.000e+00
977 1.348e-03 4.092e-04 -7.600e-04 0.000e+00
978 -4.784e-03 -2.460e-03 -1.882e-03 0.000e+00
979 -1.153e-03 2.071e-04 1.809e-04 0.000e+00
980 -2.031e-04 6.842e-04 -7.556e-04 0.000e+00
981 -1.951e-03 -1.942e-05 2.294e-03 0.000e+00
982 -2.552e-03 3.249e-04 2.591e-03 0.000e+00
983 -1.174e-03 -2.471e-03 1.996e-04 0.000e+00
984 -2.694e-04 3.848e-03 -3.233e-04 -4.417e+01
985 2.261e-03 -3.722e-03 -6.880e-04 0.000e+00
986 8.277e-04 1.303e-03 -7.834e-04 0.000e+00
987 2.503e-04 1.421e-03 2.192e-03 0.000e+00
988 -2.103e-03 -2.558e-03 -7.037e-04 0.000e+00
989 -7.037e-04 -3.545e-03 -2.242e-03 0.000e+00
990 2.624e-03 -3.562e-03 4.330e-04 0.000e+00
991 2.336e-03 -3.266e-03 -2.055e-04 0.000e+00
992 2.569e-04 -2.794e-03 1.403e-03 0.000e+00
993 5.669e-03 -3.197e-03 6.467e-03 0.000e+00
994 -1.251e-03 -3.619e-03 1.449e-03 0.000e+00
995 -1.605e-03 1.006e-04 -1.574e-03 0.000e+00
996 5.019e-03 -2.357e-03 -2.865e-03 0.000e+00
997 7.952e-04 5.964e-03 1.237e-03 5.430e+00
998 -8.740e-04 -2.268e-03 3.365e-03 0.000e+00
999 1.950e-03 2.936e-03 2.982e-03 0.000e+00
1000 2.437e-03 -2.882e-03 -3.174e-03 0.000e+00
1001 -2.614e-03 3.273e-03 -7.938e-04 0.000e+00
1002 1.709e-05 1.404e-03 -5.304e-04 0.000e+00
1003 -2.466e-03 3.692e-03 -1.404e-03 0.000e+00
1004 -3.983e-03 -2.133e-04 2.396e-03 0.000e+00
1005 -2.326e-05 1.051e-03 2.757e-03 0.000e+00
1006 3.082e-03 9.747e-04 -1.383e-03 0.000e+00
1007 -5.636e-06 2.834e-04 2.332e-03 0.000e+00
1008 -2.137e-03 3.268e-04 3.079e-03 0.000e+00
1009 3.725e-03 2.812e-03 8.321e-04 0.000e+00
1010 -3.296e-03 1.584e-03 2.901e-03 0.000e+00
1011 -1.078e-03 -2.797e-03 3.065e-03 0.000e+00
1012 -7.281e-04 -3.479e-03 -1.797e-03 0.000e+00
1013 -3.280e-04 -2.322e-03 -8.744e-04 0.000e+00
1014 -7.042e-04 5.154e-03 3.374e-03 5.611e+01
1015 2.159e-03 -3.217e-03 -3.620e-03 0.000e+00
1016 1.113e-03 2.679e-03 -1.969e-03 0.000e+00
1017 2.807e-04 -3.100e-03 -9.353e-04 0.000e+00
1018 6.853e-04 -2.322e-03 1.733e-03 0.000e+00
1019 1.791e-03 2.053e-03 -2.040e-03 0.000e+00
1020 -2.167e-03 -2.647e-03 2.328e-03 0.000e+00
1021 -2.200e-03 -4.974e-04 9.725e-04 0.000e+00
1022 1.841e-03 1.987e-03 -2.757e-03 0.000e+00
1023 -3.428e-04 1.150e-03 1.874e-04 0.000e+00
1024 2.689e-03 -3.388e-03 -8.586e-04 0.000e+00
1025 -1.517e-03 -2.281e-03 5.730e-04 0.000e+00
1026 -7.417e-04 -2.132e-03 1.900e-03 0.000e+00
1027 2.177e-03 3.143e-03 1.233e-03 0.000e+00
1028 -5.558e-03 1.254e-03 -1.544e-03 0.000e+00
1029 1.888e-03 2.105e-03 -1.506e-03 0.000e+00
1030 2.156e-04 -3.460e-03 1.706e-03 0.000e+00
1031 -3.413e-03 -3.631e-03 3.623e-03 0.000e+00
1032 -2.525e-03 -5.329e-04 -1.225e-03 0.000e+00
1033 -3.346e-03 -3.176e-03 5.599e-03 0.000e+00
1034 -6.237e-04 -1.290e-04 2.075e-03 0.000e+00
1035 1.998e-03 3.292e-03 -9.132e-04 0.000e+00
1036 2.497e-03 -5.743e-04 -1.447e-03 0.000e+00
1037 -1.528e-03 -5.828e-04 1.994e-03 0.000e+00
1038 -3.223e-04 4.813e-03 -4.240e-03 -6.490e+01
1039 -3.761e-04 3.922e-03 -5.648e-03 -9.205e+01
1040 -2.849e-03 3.329e-03 -1.178e-03 0.000e+00
1041 -3.916e-03 -1.132e-03 9.577e-04 0.000e+00
1042 -1.981e-03 -3.489e-03 -8.500e-04 0.000e+00
1043 1.392e-03 3.386e-03 4.736e-05 0.000e+00
1044 -3.800e-03 -2.872e-03 -1.925e-03 0.000e+00
1045 -1.005e-03 -3.048e-03 -8.040e-04 0.000e+00
1046 2.472e-03 4.670e-03 -3.779e-04 3.660e+01
1047 -1.982e-03 -2.260e-03 6.671e-03 0.000e+00
1048 -2.783e-03 4.678e-04 -5.226e-04 0.000e+00
1049 -1.829e-03 5.406e-04 2.395e-03 0.000e+00
1050 4.908e-03 -7.774e-04 3.305e-03 0.000e+00
1051 -2.008e-03 -3.147e-03 4.816e-03 0.000e+00
1052 -4.107e-04 -2.570e-03 -5.132e-03 0.000e+00
1053 1.312e-03 -3.364e-03 1.338e-03 0.000e+00
1054 1.719e-03 -1.708e-03 3.128e-03 0.000e+00
1055 -3.342e-03 9.501e-04 -6.018e-04 0.000e+00
1056 1.978e-03 1.111e-03 2.374e-03 0.000e+00
1057 2.498e-03 -2.889e-03 -1.663e-03 0.000e+00
1058 9.743e-04 1.817e-03 1.575e-03 0.000e+00
1059 -2.354e-04 3.552e-03 1.806e-03 0.000e+00
1060 -2.212e-04 8.488e-04 -1.904e-03 0.000e+00
1061 -1.292e-03 -3.113e-03 2.425e-03 0.000e+00
1062 1.680e-03 1.154e-03 -1.321e-03 0.000e+00
1063 -1.644e-03 6.054e-03 4.789e-03 -3.610e+01
1064 1.692e-03 1.723e-03 -9.238e-05 0.000e+00
1065 3.261e-03 -2.574e-03 2.324e-03 0.000e+00
1066 -9.499e-04 2.825e-04 -2.860e-03 0.000e+00
1067 3.556e-03 -3.228e-03 4.282e-04 0.000e+00
1068 1.067e-03 1.806e-03 -2.049e-03 0.000e+00
1069 2.275e-04 -6.478e-04 -2.045e-03 0.000e+00
1070 2.889e-03 -7.470e-04 1.660e-03 0.000e+00
1071 1.347e-03 -3.457e-03 7.294e-04 0.000e+00
1072 -6.856e-03 -3.565e-03 1.739e-03 0.000e+00
1073 1.995e-03 -2.445e-03 4.185e-04 0.000e+00
1074 3.360e-03 8.074e-06 -1.340e-03 0.000e+00
1075 -2.966e-03 -1.705e-03 -9.007e-04 0.000e+00
1076 6.254e-04 2.265e-03 8.914e-04 0.000e+00
1077 7.153e-04 -1.829e-03 -1.827e-03 0.000e+00
1078 4.802e-03 2.552e-03 -9.828e-04 0.000e+00
1079 4.210e-04 3.920e-03 1.827e-03 -8.345e+01
1080 -1.521e-04 -3.459e-05 -3.778e-03 0.000e+00
1081 2.435e-03 2.086e-03 2.658e-03 0.000e+00
1082 -2.836e-03 -3.002e-03 -2.489e-03 0.000e+00
1083 -2.760e-03 2.191e-03 -3.251e-03 0.000e+00
1084 -6.054e-04 -1.751e-03 -1.400e-03 0.000e+00
1085 -1.389e-03 -3.215e-03 3.453e-03 0.000e+00
1086 -1.082e-03 3.917e-04 -2.030e-03 0.000e+00
1087 2.131e-03 -2.523e-03 -5.254e-04 0.000e+00
1088 1.128e-03 9.584e-05 -2.154e-03 0.000e+00
1089 -2.921e-05 -1.795e-03 1.512e-03 0.000e+00
1090 -2.088e-03 1.891e-03 1.173e-03 0.000e+00
1091 -5.636e-03 -3.473e-03 -4.286e-03 0.000e+00
1092 2.184e-03 -3.380e-03 1.069e-03 0.000e+00
1093 4.034e-03 -2.917e-03 -2.421e-03 0.000e+00
1094 -1.923e-03 -2.502e-03 7.373e-04 0.000e+00
1095 1.872e-03 5.530e-04 2.156e-03 0.000e+00
1096 2.295e-03 1.610e-03 -4.030e-04 0.000e+00
1097 -2.071e-03 2.220e-03 -1.328e-03 0.000e+00
1098 -1.332e-03 -2.691e-04 -1.097e-03 0.000e+00
1099 -4.362e-04 -3.532e-04 -3.846e-03 0.000e+00
1100 7.643e-05 -2.403e-03 2.435e-03 0.000e+00
1101 -1.580e-03 -2.453e-03 1.090e-03 0.000e+00
1102 -1.734e-03 2.375e-04 -1.590e-03 0.000e+00
1103 -1.475e-03 -2.353e-03 2.254e-03 0.000e+00
1104 -7.929e-04 1.581e-03 1.311e-03 0.000e+00
1105 -3.371e-03 -3.719e-03 -1.086e-03 0.000e+00
1106 2.520e-03 1.697e-03 7.256e-04 0.000e+00
1107 -2.721e-03 3.445e-03 -3.520e-03 0.000e+00
1108 6.009e-04 -1.203e-04 8.307e-04 0.000e+00
1109 1.539e-03 -2.479e-03 -1.571e-03 0.000e+00
1110 8.211e-04 1.351e-03 5.396e-04 0.000e+00
1111 3.245e-03 3.053e-05 -1.975e-03 0.000e+00
1112 -6.120e-05 -3.244e-03 -3.800e-03 0.000e+00
1113 -2.416e-03 3.178e-04 -2.915e-03 0.000e+00
1114 -2.087e-03 3.590e-03 -2.145e-03 0.000e+00
1115 -9.635e-04 -1.313e-04 3.167e-03 0.000e+00
1116 -6.542e-04 2.921e-03 -2.835e-04 0.000e+00
1117 1.796e-03 -2.097e-03 -9.987e-04 0.000e+00
1118 -3.180e-03 -3.260e-04 2.019e-05 0.000e+00
1119 -3.914e-04 1.628e-03 1.057e-03 0.000e+00
1120 1.627e-03 2.653e-03 -3.077e-04 0.000e+00
1121 -1.753e-03 -2.080e-03 -3.352e-03 0.000e+00
1122 5.012e-05 -3.234e-03 3.936e-03 0.000e+00
1123 1.824e-03 6.683e-04 1.205e-03 0.000e+00
1124 -1.980e-03 1.995e-03 4.620e-04 0.000e+00
1125 -3.964e-03 2.543e-03 1.432e-03 0.000e+00
1126 -1.029e-04 3.186e-03 3.722e-03 0.000e+00
1127 1.463e-03 -8.202e-04 -1.945e-03 0.000e+00
1128 1.953e-03 -3.462e-03 -1.121e-03 0.000e+00
1129 -7.325e-04 -3.260e-03 2.059e-03 0.000e+00
1130 3.461e-03 3.447e-03 3.740e-04 0.000e+00
1131 3.342e-03 7.549e-04 8.547e-04 0.000e+00
1132 -3.270e-03 3.871e-04 3.486e-03 0.000e+00
1133 4.216e-04 -3.720e-03 4.057e-03 0.000e+00
1134 4.791e-04 1.321e-03 -2.001e-03 0.000e+00
1135 -3.923e-03 9.457e-04 4.913e-04 0.000e+00
1136 2.034e-03 1.434e-03 -5.409e-03 0.000e+00
1137 3.608e-03 2.085e-03 -8.911e-04 0.000e+00
1138 3.105e-03 -3.442e-04 -5.097e-04 0.000e+00
1139 1.808e-03 -3.717e-03 1.553e-03 0.000e+00
1140 1.948e-03 -3.508e-03 4.743e-03 0.000e+00
1141 2.569e-03 4.034e-03 3.019e-03 -4.600e+01
1142 -3.046e-04 1.725e-03 -3.802e-03 0.000e+00
1143 -2.587e-03 3.949e-03 2.757e-03 5.785e+01
1144 3.736e-03 1.694e-03 2.828e-03 0.000e+00
1145 -1.677e-03 1.873e-03 2.702e-03 0.000e+00
1146 -1.766e-03 3.819e-03 -5.751e-05 2.760e+01
1147 3.805e-04 -2.361e-03 -3.350e-03 0.000e+00
1148 3.413e-03 6.119e-04 -4.245e-03 0.000e+00
1149 -5.958e-03 -3.147e-03 8.663e-04 0.000e+00
1150 -3.097e-03 -3.684e-03 1.758e-03 0.000e+00
1151 -1.298e-03 5.056e-04 3.023e-04 0.000e+00
1152 4.880e-03 6.189e-03 -1.883e-03 6.087e+00
1153 -1.232e-03 3.521e-03 -3.599e-03 0.000e+00
1154 -3.110e-03 1.058e-03 8.251e-05 0.000e+00
1155 1.005e-03 -2.160e-03 -7.200e-04 0.000e+00
1156 1.109e-03 -2.697e-03 -3.746e-04 0.000e+00
1157 9.912e-04 -3.464e-03 -2.284e-03 0.000e+00
1158 4.452e-03 -3.192e-03 -2.487e-03 0.000e+00
1159 -1.507e-03 -3.646e-03 2.737e-03 0.000e+00
1160 5.553e-03 3.051e-04 1.396e-03 0.000e+00
1161 1.959e-03 -5.768e-04 -7.627e-04 0.000e+00
1162 1.111e-03 1.784e-03 -4.779e-03 0.000e+00
1163 -2.241e-03 5.856e-03 -1.588e-03 -6.973e+01
1164 -3.638e-03 3.153e-03 -1.419e-04 0.000e+00
1165 2.221e-03 1.043e-03 -2.259e-03 0.000e+00
1166 -5.616e-04 -2.700e-03 7.545e-04 0.000e+00
1167 1.186e-03 2.936e-03 1.786e-03 0.000e+00
1168 -2.794e-03 -6.303e-05 2.215e-03 0.000e+00
1169 -1.234e-03 -3.617e-03 -2.208e-04 0.000e+00
1170 -1.613e-03 2.839e-03 -2.044e-03 0.000e+00
1171 -1.085e-03 1.628e-03 -1.658e-03 0.000e+00
1172 1.132e-03 4.343e-03 4.717e-04 -9.756e+01
1173 2.218e-04 -3.328e-03 -2.487e-03 0.000e+00
1174 -2.368e-03 3.087e-03 -1.010e-03 0.000e+00
1175 3.313e-03 4.208e-03 1.308e-03 5.270e+01
1176 -3.550e-03 2.967e-03 -3.463e-03 0.000e+00
1177 -3.908e-03 -2.021e-04 -2.486e-03 0.000e+00
1178 1.303e-03 9.294e-04 -8.656e-05 0.000e+00
1179 -1.724e-03 2.560e-03 1.566e-03 0.000e+00
1180 -3.497e-03 -1.799e-03 -2.214e-03 0.000e+00
1181 -7.395e-04 -7.561e-04 6.568e-03 0.000e+00
1182 2.323e-03 1.853e-03 -3.884e-03 0.000e+00
1183 2.792e-03 -2.084e-04 5.836e-04 0.000e+00
1184 3.472e-03 -2.166e-03 -7.041e-04 0.000e+00
1185 4.018e-05 9.698e-04 1.807e-04 0.000e+00
1186 -3.755e-04 -3.157e-03 1.755e-03 0.000e+00
1187 -3.938e-03 4.381e-03 1.462e-03 7.330e-01
1188 9.335e-04 -3.512e-03 5.186e-03 0.000e+00
1189 1.754e-03 1.702e-03 5.628e-03 0.000e+00
1190 -2.892e-04 -2.539e-03 1.011e-03 0.000e+00
1191 -1.400e-03 -3.660e-03 -3.748e-03 0.000e+00
1192 -7.702e-04 -3.706e-03 -3.812e-04 0.000e+00
1193 -5.427e-03 -6.543e-04 -3.596e-06 0.000e+00
1194 6.408e-04 6.278e-04 2.094e-03 0.000e+00
1195 -1.363e-03 1.123e-03 1.817e-03 0.000e+00
1196 3.699e-03 6.031e-04 2.452e-03 0.000e+00
1197 4.131e-04 2.495e-03 -1.151e-03 0.000e+00
1198 -2.072e-03 -2.873e-03 -1.142e-03 0.000e+00
1199 2.595e-03 1.241e-03 -4.846e-03 0.000e+00
1200 -4.476e-04 -2.579e-04 4.790e-03 0.000e+00
1201 1.977e-03 -1.246e-03 -6.004e-04 0.000e+00
1202 5.860e-04 -3.086e-03 -7.109e-04 0.000e+00
1203 4.330e-03 1.728e-03 1.634e-03 0.000e+00
1204 2.384e-03 3.232e-03 3.130e-03 0.000e+00
1205 -1.167e-04 5.465e-04 6.957e-04 0.000e+00
1206 1.768e-03 2.017e-03 -2.244e-03 0.000e+00
1207 -2.606e-04 3.865e-03 -1.537e-03 -2.776e+01
1208 1.148e-03 1.971e-03 1.311e-03 0.000e+00
1209 1.356e-03 1.260e-03 -2.770e-03 0.000e+00
1210 -1.157e-04 1.684e-03 8.300e-04 0.000e+00
1211 -5.984e-05 0.000e+00 5.330e-04 0.000e+00
1212 -1.931e-03 -3.063e-03 1.277e-04 0.000e+00
1213 1.771e-03 -2.243e-03 8.247e-04 0.000e+00
1214 3.096e-04 1.187e-03 1.171e-03 0.000e+00
1215 2.931e-03 8.636e-04 -1.257e-03 0.000e+00
1216 9.767e-04 -3.167e-03 -5.695e-04 0.000e+00
1217 -1.072e-03 1.492e-03 2.108e-03 0.000e+00
1218 -4.677e-03 4.518e-04 2.923e-03 0.000e+00
1219 7.180e-04 2.367e-03 -6.804e-04 0.000e+00
1220 3.943e-03 -2.904e-05 -2.691e-03 0.000e+00
1221 -1.051e-03 1.408e-03 -1.033e-03 0.000e+00
1222 -2.051e-03 -3.592e-03 -3.275e-03 0.000e+00
1223 -6.949e-04 -3.298e-03 -1.351e-04 0.000e+00
1224 -1.118e-03 -3.181e-03 -3.524e-04 0.000e+00
1225 -4.258e-04 -3.169e-03 -1.192e-03 0.000e+00
1226 -3.253e-03 1.877e-03 -4.951e-03 0.000e+00
1227 1.467e-03 -3.049e-03 -1.153e-03 0.000e+00
1228 -3.117e-03 9.064e-04 2.568e-03 0.000e+00
1229 1.679e-03 -3.539e-03 8.675e-04 0.000e+00
1230 -2.523e-03 -3.599e-03 -7.029e-04 0.000e+00
1231 1.132e-03 3.549e-03 -2.629e-03 0.000e+00
1232 2.993e-04 -3.168e-03 3.682e-03 0.000e+00
1233 5.379e-04 -3.625e-03 -8.664e-04 0.000e+00
1234 -9.204e-04 3.295e-03 2.179e-03 0.000e+00
1235 4.247e-04 -2.971e-04 -2.474e-03 0.000e+00
1236 2.128e-04 -3.078e-03 1.596e-03 0.000e+00
1237 -4.270e-04 1.582e-03 -1.430e-03 0.000e+00
1238 1.119e-03 -2.205e-03 -4.026e-04 0.000e+00
1239 -1.895e-03 -1.759e-04 -2.068e-03 0.000e+00
1240 -1.624e-03 1.184e-04 1.039e-03 0.000e+00
1241 -3.694e-03 1.838e-03 -9.320e-04 0.000e+00
1242 -1.215e-03 -3.492e-03 3.208e-04 0.000e+00
1243 1.726e-03 8.928e-04 -1.987e-03 0.000e+00
1244 3.626e-03 -3.951e-04 -3.190e-04 0.000e+00
1245 1.553e-03 4.283e-03 -2.070e-03 1.519e+01
1246 7.172e-05 2.926e-03 -2.640e-04 0.000e+00
1247 -2.817e-03 -1.820e-03 4.024e-03 0.000e+00
1248 -1.492e-04 -9.561e-04 3.601e-04 0.000e+00
1249 1.739e-03 4.236e-03 -6.742e-04 5.411e+01
1250 -1.824e-03 -2.774e-03 -1.768e-03 0.000e+00
1251 -6.658e-04 -5.488e-04 2.293e-03 0.000e+00
1252 -1.962e-03 -1.614e-03 1.912e-03 0.000e+00
1253 -3.140e-04 4.343e-03 1.755e-03 -3.309e+01
1254 2.619e-04 -3.724e-03 -2.882e-03 0.000e+00
1255 -2.327e-03 -2.896e-03 -3.164e-03 0.000e+00
1256 -5.746e-04 -1.145e-03 -7.430e-03 0.000e+00
1257 -7.632e-04 -2.590e-03 -1.071e-03 0.000e+00
1258 -7.422e-03 -3.017e-03 1.305e-03 0.000e+00
1259 1.300e-03 -3.338e-03 3.642e-03 0.000e+00
1260 -2.209e-03 1.199e-03 2.065e-03 0.000e+00
1261 3.596e-03 -2.887e-03 -3.251e-03 0.000e+00
1262 4.595e-03 -1.093e-03 -5.942e-04 0.000e+00
1263 2.662e-04 3.890e-03 3.904e-03 3.025e+01
1264 -3.037e-04 -9.697e-04 -3.760e-04 0.000e+00
1265 -3.051e-04 -3.630e-03 3.769e-04 0.000e+00
1266 -2.171e-04 2.726e-03 -1.238e-03 0.000e+00
1267 2.564e-03 -3.037e-03 -4.290e-03 0.000e+00
1268 2.675e-03 3.796e-03 4.572e-04 6.877e+01
1269 4.051e-03 2.079e-03 -2.339e-03 0.000e+00
1270 6.603e-03 3.924e-03 -1.055e-03 -3.490e+01
1271 4.431e-04 -2.282e-03 -2.249e-03 0.000e+00
1272 -1.779e-03 -2.745e-03 -9.136e-04 0.000e+00
1273 1.895e-03 -3.432e-03 2.261e-03 0.000e+00
1274 1.745e-03 -3.838e-04 2.274e-03 0.000e+00
1275 5.789e-03 -3.423e-03 5.399e-04 0.000e+00
1276 -4.339e-04 4.387e-03 6.318e-04 6.888e+01
1277 5.241e-03 -1.429e-05 -1.310e-03 0.000e+00
1278 -2.666e-04 7.114e-04 -1.649e-03 0.000e+00
1279 -1.192e-03 -7.729e-04 2.338e-03 0.000e+00
1280 6.864e-04 2.643e-03 -7.742e-04 0.000e+00
1281 2.351e-03 3.355e-04 -1.406e-03 0.000e+00
1282 -1.394e-03 -3.619e-03 -1.447e-03 0.000e+00
1283 2.504e-03 -2.352e-03 -1.881e-03 0.000e+00
1284 -4.614e-04 1.005e-03 -1.842e-03 0.000e+00
1285 -1.194e-03 1.641e-04 -1.391e-03 0.000e+00
1286 1.802e-03 -3.075e-03 4.621e-04 0.000e+00
1287 3.642e-03 1.620e-03 2.574e-03 0.000e+00
1288 -5.037e-03 4.001e-03 -4.374e-03 -2.842e+01
1289 -5.097e-04 1.864e-03 -1.863e-04 0.000e+00
1290 5.271e-04 7.841e-04 1.773e-03 0.000e+00
1291 2.742e-03 9.713e-04 6.608e-04 0.000e+00
1292 -1.733e-03 2.090e-03 1.507e-03 0.000e+00
1293 3.429e-04 -3.641e-03 1.739e-03 0.000e+00
1294 -2.131e-04 -1.021e-04 -3.007e-03 0.000e+00
1295 -8.400e-04 -3.676e-03 -1.310e-05 0.000e+00
1296 2.898e-03 -3.628e-03 -1.949e-03 0.000e+00
1297 -4.949e-04 -3.412e-03 -4.526e-03 0.000e+00
1298 6.006e-03 1.560e-03 2.157e-03 0.000e+00
1299 -2.569e-04 -5.976e-04 -1.460e-03 0.000e+00
1300 5.924e-04 -3.462e-03 -1.652e-03 0.000e+00
1301 -2.373e-03 4.639e-03 -5.072e-03 4.492e+01
1302 9.678e-04 1.801e-03 1.071e-03 0.000e+00
1303 2.629e-03 4.632e-04 -2.518e-03 0.000e+00
1304 1.147e-03 2.718e-03 -3.668e-03 0.000e+00
1305 1.503e-03 1.971e-03 3.356e-04 0.000e+00
1306 1.640e-03 1.590e-03 -9.253e-04 0.000e+00
1307 -2.642e-03 -3.654e-03 2.627e-03 0.000e+00
1308 -2.394e-03 -3.500e-03 -3.553e-03 0.000e+00
1309 -1.931e-03 -2.667e-03 -1.147e-03 0.000e+00
1310 -1.761e-03 -2.646e-03 -2.403e-03 0.000e+00
1311 -3.028e-03 7.002e-04 -1.631e-03 0.000e+00
1312 -4.187e-05 -3.457e-03 3.174e-03 0.000e+00
1313 4.188e-03 1.557e-03 -4.742e-03 0.000e+00
1314 1.438e-03 1.761e-03 1.145e-04 0.000e+00
1315 3.069e-04 -2.642e-03 -1.820e-04 0.000e+00
1316 -1.330e-03 -3.642e-03 -1.097e-03 0.000e+00
1317 2.631e-03 -2.871e-03 -1.744e-03 0.000e+00
1318 -8.824e-04 4.179e-03 7.468e-04 -8.518e+01
1319 2.244e-03 -2.916e-03 -1.368e-03 0.000e+00
1320 -3.308e-03 -4.024e-04 -4.091e-04 0.000e+00
1321 -3.883e-04 1.517e-03 1.043e-03 0.000e+00
1322 2.556e-04 4.700e-04 -1.905e-03 0.000e+00
1323 3.793e-03 5.029e-04 -1.395e-03 0.000e+00
1324 -4.707e-04 -3.590e-03 -2.304e-03 0.000e+00
1325 -4.104e-03 4.129e-03 2.999e-03 2.602e+01
1326 1.514e-03 9.889e-04 9.257e-04 0.000e+00
1327 8.976e-04 -2.195e-04 -7.959e-04 0.000e+00
1328 1.030e-04 -7.368e-04 1.312e-03 0.000e+00
1329 -5.213e-03 -1.042e-03 2.380e-03 0.000e+00
1330 -4.067e-04 3.446e-03 -8.092e-04 0.000e+00
1331 5.404e-03 1.914e-03 -2.274e-03 0.000e+00
1332 5.496e-04 -2.901e-03 1.020e-04 0.000e+00
1333 -3.335e-03 -2.171e-03 -4.308e-03 0.000e+00
1334 1.429e-04 6.861e-04 -1.664e-03 0.000e+00
1335 1.935e-03 -2.894e-03 -4.410e-03 0.000e+00
1336 2.944e-03 -2.252e-03 8.377e-04 0.000e+00
1337 6.627e-04 3.856e-03 3.331e-03 -6.048e+01
1338 -1.116e-03 3.017e-03 -2.124e-04 0.000e+00
1339 -6.875e-04 -2.986e-03 8.423e-04 0.000e+00
1340 4.714e-04 -3.191e-03 1.090e-03 0.000e+00
1341 4.008e-03 2.265e-03 -2.449e-04 0.000e+00
1342 -3.444e-03 -2.549e-03 9.768e-04 0.000e+00
1343 1.137e-03 1.134e-03 1.110e-04 0.000e+00
1344 2.640e-03 -3.557e-03 1.885e-03 0.000e+00
1345 -2.217e-03 -3.052e-03 -2.372e-03 0.000e+00
1346 1.471e-03 2.456e-03 -1.237e-03 0.000e+00
1347 2.136e-03 -3.516e-03 2.884e-04 0.000e+00
1348 2.287e-03 -2.176e-03 -3.237e-03 0.000e+00
1349 3.186e-03 7.178e-03 2.731e-03 -8.296e+01
1350 -4.442e-03 5.098e-04 -7.723e-04 0.000e+00
1351 1.464e-03 -3.617e-03 -1.375e-03 0.000e+00
1352 4.582e-04 -2.831e-03 1.258e-03 0.000e+00
1353 3.630e-03 -3.274e-03 1.791e-03 0.000e+00
1354 -8.122e-04 -2.554e-03 1.635e-03 0.000e+00
1355 8.550e-04 2.494e-03 8.814e-04 0.000e+00
1356 3.555e-03 3.617e-03 -7.405e-04 0.000e+00
1357 -1.749e-03 3.448e-03 -2.515e-04 0.000e+00
1358 -3.797e-03 -9.241e-04 2.656e-03 0.000e+00
1359 3.911e-03 -2.780e-03 2.170e-03 0.000e+00
1360 1.527e-03 -2.622e-03 3.119e-03 0.000e+00
1361 -4.757e-04 -2.862e-03 2.325e-03 0.000e+00
1362 -4.854e-03 1.057e-03 3.128e-03 0.000e+00
1363 -2.340e-03 -3.035e-03 5.820e-04 0.000e+00
1364 2.589e-03 -1.880e-03 -1.451e-03 0.000e+00
1365 1.380e-03 -2.266e-03 4.311e-03 0.000e+00
1366 1.246e-03 -2.770e-03 -1.394e-03 0.000e+00
1367 3.831e-04 -3.475e-03 1.308e-03 0.000e+00
1368 -1.532e-03 -3.451e-03 2.403e-03 0.000e+00
1369 4.223e-03 -2.987e-03 -2.487e-03 0.000e+00
1370 3.638e-03 7.521e-04 -3.618e-03 0.000e+00
1371 6.042e-03 -3.177e-03 -1.973e-03 0.000e+00
1372 -2.250e-03 1.163e-03 -5.746e-04 0.000e+00
1373 2.536e-03 1.605e-03 1.429e-03 0.000e+00
1374 1.990e-03 -2.610e-03 -2.919e-03 0.000e+00
1375 -3.604e-03 -1.884e-03 -7.551e-04 0.000e+00
1376 -1.794e-03 1.175e-03 -2.119e-03 0.000e+00
1377 1.527e-03 1.444e-03 5.597e-04 0.000e+00
1378 8.980e-04 -1.816e-03 -2.778e-03 0.000e+00
1379 -2.655e-03 -7.079e-04 1.868e-03 0.000e+00
1380 -3.370e-04 1.602e-03 9.626e-04 0.000e+00
1381 1.190e-03 1.658e-03 2.892e-03 0.000e+00
1382 6.147e-04 3.763e-03 5.191e-03 7.131e+01
1383 -6.185e-04 2.292e-03 -3.080e-03 0.000e+00
1384 -8.576e-04 1.583e-03 3.921e-03 0.000e+00
1385 -5.344e-04 -2.431e-03 -1.489e-03 0.000e+00
1386 2.806e-03 1.079e-03 8.891e-04 0.000e+00
1387 -2.043e-03 -1.933e-03 1.651e-03 0.000e+00
1388 7.104e-04 -2.610e-03 -5.125e-03 0.000e+00
1389 -2.168e-03 2.449e-03 3.495e-03 0.000e+00
1390 -5.007e-04 -3.307e-03 -1.824e-03 0.000e+00
1391 -2.791e-04 -3.711e-04 3.582e-03 0.000e+00
1392 1.007e-03 2.958e-03 1.158e-03 0.000e+00
1393 -6.066e-04 3.018e-03 -2.219e-03 0.000e+00
1394 -4.360e-04 1.016e-03 3.777e-04 0.000e+00
1395 2.738e-05 -2.536e-03 2.360e-03 0.000e+00
1396 3.511e-04 2.054e-03 -4.177e-03 0.000e+00
1397 4.586e-03 -1.982e-03 -3.532e-03 0.000e+00
1398 1.446e-03 -2.914e-03 -1.567e-03 0.000e+00
1399 1.373e-03 -2.803e-03 3.647e-04 0.000e+00
1400 1.270e-03 -3.618e-03 1.402e-03 0.000e+00
1401 4.111e-03 -3.669e-03 1.824e-03 0.000e+00
1402 6.714e-03 2.205e-03 1.939e-03 0.000e+00
1403 3.670e-03 -2.309e-03 1.428e-03 0.000e+00
1404 2.454e-03 1.014e-03 -7.742e-04 0.000e+00
1405 4.860e-03 -3.507e-03 4.792e-04 0.000e+00
1406 2.485e-03 1.427e-03 1.744e-03 0.000e+00
1407 3.501e-03 9.225e-04 -7.943e-04 0.000e+00
1408 3.054e-03 -3.148e-03 -2.974e-04 0.000e+00
1409 1.855e-03 -1.765e-03 -3.165e-03 0.000e+00
1410 4.957e-03 -3.688e-03 5.114e-04 0.000e+00
1411 6.774e-03 -6.419e-04 5.419e-04 0.000e+00
1412 1.485e-03 2.529e-03 1.621e-03 0.000e+00
1413 1.169e-03 4.992e-03 -6.363e-04 3.522e+01
1414 6.201e-03 3.844e-03 -2.216e-04 -4.454e+01
1415 2.824e-03 2.857e-03 -1.390e-03 0.000e+00
1416 1.295e-03 -3.635e-03 -7.577e-05 0.000e+00
1417 8.832e-03 3.976e-04 1.144e-03 0.000e+00
1418 5.182e-03 1.407e-03 -8.378e-05 0.000e+00
1419 6.326e-03 -3.374e-03 3.606e-03 0.000e+00
1420 4.661e-03 2.114e-03 4.078e-04 0.000e+00
1421 4.538e-03 8.066e-03 -3.177e-03 -8.926e+01
1422 5.345e-03 -2.568e-03 1.355e-03 0.000e+00
1423 1.892e-03 2.995e-03 1.524e-03 0.000e+00
1424 5.498e-03 -2.047e-03 -1.053e-03 0.000e+00
1425 5.502e-03 8.921e-04 1.127e-03 0.000e+00
1426 5.674e-03 -2.054e-03 -2.617e-03 0.000e+00
1427 1.242e-02 2.953e-03 -5.319e-03 0.000e+00
1428 6.205e-03 -3.202e-03 3.656e-04 0.000e+00
1429 8.862e-03 -3.212e-03 5.291e-04 0.000e+00
1430 9.671e-03 4.020e-04 -9.962e-04 0.000e+00
1431 8.873e-03 1.680e-03 1.986e-06 0.000e+00
1432 9.066e-03 1.630e-03 1.221e-03 0.000e+00
1433 8.291e-03 4.163e-04 2.305e-04 0.000e+00
1434 1.037e-02 4.430e-04 4.380e-04 0.000e+00
1435 1.463e-02 -6.327e-04 -1.468e-03 0.000e+00
1436 1.319e-02 2.417e-03 2.831e-03 0.000e+00
1437 1.510e-02 1.104e-03 2.197e-03 0.000e+00
1438 1.348e-02 1.732e-03 -1.678e-04 0.000e+00
1439 1.612e-02 6.396e-03 5.100e-03 4.949e+01
1440 1.550e-02 1.972e-03 9.392e-04 0.000e+00
1441 2.217e-02 5.868e-03 -6.028e-04 3.932e+01
1442 1.555e-02 1.055e-03 1.583e-03 0.000e+00
1443 2.070e-02 5.344e-03 2.733e-03 4.625e+01
1444 2.194e-02 6.169e-03 3.848e-03 5.343e+01
1445 1.997e-02 -3.127e-03 -1.521e-03 0.000e+00
1446 1.901e-02 3.915e-03 6.442e-05 7.209e+01
1447 2.339e-02 4.269e-03 1.746e-04 4.868e+01
1448 2.232e-02 8.756e-03 -2.742e-03 5.026e+01
1449 2.734e-02 5.999e-03 -2.759e-04 4.740e+01
1450 3.145e-02 1.005e-02 4.022e-05 5.336e+01
1451 3.204e-02 1.203e-02 1.625e-03 5.803e+01
1452 3.387e-02 9.818e-03 -6.435e-04 5.133e+01
1453 3.379e-02 8.737e-03 2.764e-03 5.144e+01
1454 3.361e-02 6.701e-03 -1.284e-03 5.084e+01
1455 3.923e-02 1.722e-02 -8.977e-04 5.270e+01
1456 4.187e-02 1.789e-02 -1.292e-03 5.292e+01
1457 4.558e-02 1.447e-02 1.966e-03 6.026e+01
1458 4.279e-02 1.943e-02 1.004e-03 5.052e+01
1459 4.755e-02 2.164e-02 2.340e-03 5.100e+01
1460 5.321e-02 1.539e-02 -3.360e-03 5.373e+01
1461 5.250e-02 2.395e-02 2.617e-03 5.586e+01
1462 5.479e-02 2.220e-02 4.261e-03 5.923e+01
1463 6.196e-02 2.405e-02 -5.996e-05 5.812e+01
1464 6.093e-02 2.596e-02 4.052e-03 6.267e+01
1465 6.229e-02 3.026e-02 -2.484e-03 6.094e+01
1466 6.888e-02 3.227e-02 2.996e-03 6.416e+01
1467 7.016e-02 3.318e-02 7.926e-04 6.302e+01
1468 7.489e-02 3.817e-02 4.873e-03 6.014e+01
1469 7.649e-02 3.609e-02 5.295e-03 6.118e+01
1470 7.974e-02 4.307e-02 3.756e-03 6.399e+01
1471 9.263e-02 4.350e-02 5.240e-03 6.190e+01
1472 9.774e-02 4.636e-02 6.378e-03 6.389e+01
1473 9.992e-02 5.158e-02 7.214e-03 6.435e+01
1474 1.076e-01 5.898e-02 5.040e-03 6.303e+01
1475 1.118e-01 6.029e-02 5.877e-03 6.472e+01
1476 1.202e-01 6.318e-02 5.964e-03 6.545e+01
1477 1.344e-01 7.398e-02 8.564e-03 6.417e+01
1478 1.418e-01 7.827e-02 7.762e-03 6.542e+01
1479 1.485e-01 8.259e-02 5.646e-03 6.609e+01
1480 1.642e-01 8.998e-02 8.728e-03 6.508e+01
1481 1.733e-01 9.930e-02 7.996e-03 6.725e+01
1482 1.810e-01 1.049e-01 1.007e-02 6.752e+01
1483 1.857e-01 1.092e-01 9.684e-03 6.828e+01
1484 1.981e-01 1.154e-01 1.048e-02 6.894e+01
1485 2.026e-01 1.216e-01 1.454e-02 6.982e+01
1486 2.123e-01 1.278e-01 1.569e-02 6.930e+01
1487 2.317e-01 1.414e-01 1.073e-02 7.055e+01
1488 2.380e-01 1.440e-01 1.523e-02 7.093e+01
1489 2.604e-01 1.581e-01 1.902e-02 7.155e+01
1490 2.732e-01 1.683e-01 1.750e-02 7.222e+01
1491 2.933e-01 1.793e-01 2.078e-02 7.234e+01
1492 3.089e-01 1.915e-01 2.329e-02 7.328e+01
1493 3.321e-01 2.093e-01 2.338e-02 -1.059e+02
1494 3.583e-01 2.226e-01 2.694e-02 -1.055e+02
1495 3.777e-01 2.369e-01 3.210e-02 -1.052e+02
1496 3.988e-01 2.497e-01 3.449e-02 -1.047e+02
1497 4.243e-01 2.747e-01 3.079e-02 -1.039e+02
1498 4.549e-01 2.895e-01 3.576e-02 -1.035e+02
1499 4.842e-01 3.119e-01 4.485e-02 -1.032e+02
1500 5.104e-01 3.382e-01 4.582e-02 -1.023e+02
1501 5.499e-01 3.662e-01 5.344e-02 -1.015e+02
1502 5.857e-01 3.915e-01 5.149e-02 -1.009e+02
1503 6.256e-01 4.278e-01 6.474e-02 -1.004e+02
1504 6.525e-01 4.584e-01 6.749e-02 -9.983e+01
1505 6.934e-01 5.000e-01 7.152e-02 -9.896e+01
1506 7.393e-01 5.242e-01 7.873e-02 -9.843e+01
1507 7.843e-01 5.684e-01 8.340e-02 -9.797e+01
1508 8.254e-01 5.974e-01 8.915e-02 -9.736e+01
1509 8.689e-01 6.367e-01 9.658e-02 -9.672e+01
1510 9.129e-01 6.646e-01 9.933e-02 -9.616e+01
1511 9.429e-01 6.759e-01 1.021e-01 -9.556e+01
1512 9.810e-01 6.800e-01 1.049e-01 -9.483e+01
1513 1.000e+00 6.810e-01 1.049e-01 -9.395e+01
1514 9.990e-01 6.842e-01 1.080e-01 -9.354e+01
1515 9.903e-01 7.061e-01 1.119e-01 -9.281e+01
1516 9.680e-01 7.011e-01 1.074e-01 -9.215e+01
1517 9.579e-01 7.015e-01 1.099e-01 -9.148e+01
1518 9.192e-01 6.757e-01 1.081e-01 -9.072e+01
1519 8.801e-01 6.582e-01 1.018e-01 -8.996e+01
1520 8.431e-01 6.443e-01 9.915e-02 -8.926e+01
1521 8.022e-01 6.231e-01 9.830e-02 -8.832e+01
1522 7.619e-01 6.069e-01 1.002e-01 -8.773e+01
1523 7.222e-01 5.814e-01 9.229e-02 -8.705e+01
1524 6.895e-01 5.604e-01 9.175e-02 -8.636e+01
1525 6.499e-01 5.367e-01 8.967e-02 -8.574e+01
1526 6.078e-01 5.114e-01 8.452e-02 -8.489e+01
1527 5.726e-01 4.781e-01 8.893e-02 -8.443e+01
1528 5.295e-01 4.404e-01 8.068e-02 -8.386e+01
1529 4.896e-01 4.078e-01 7.001e-02 -8.314e+01
1530 4.455e-01 3.711e-01 6.719e-02 -8.223e+01
1531 3.928e-01 3.301e-01 5.617e-02 -8.153e+01
1532 3.565e-01 2.957e-01 4.907e-02 -8.066e+01
1533 3.146e-01 2.565e-01 4.980e-02 -7.972e+01
1534 2.753e-01 2.238e-01 4.127e-02 -7.898e+01
1535 2.435e-01 1.937e-01 3.502e-02 -7.860e+01
1536 2.174e-01 1.748e-01 3.199e-02 -7.756e+01
1537 1.919e-01 1.532e-01 2.436e-02 -7.673e+01
1538 1.729e-01 1.372e-01 2.600e-02 -7.672e+01
1539 1.506e-01 1.155e-01 2.218e-02 -7.550e+01
1540 1.367e-01 1.032e-01 2.293e-02 -7.543e+01
1541 1.217e-01 9.429e-02 1.732e-02 -7.319e+01
1542 1.107e-01 8.793e-02 1.376e-02 -7.110e+01
1543 1.010e-01 7.480e-02 1.899e-02 -7.190e+01
1544 8.875e-02 6.726e-02 1.471e-02 -7.220e+01
1545 8.190e-02 5.849e-02 1.103e-02 -6.839e+01
1546 7.565e-02 5.060e-02 1.004e-02 -7.302e+01
1547 6.240e-02 4.075e-02 3.919e-03 -6.922e+01
1548 6.218e-02 4.332e-02 8.490e-03 -7.181e+01
1549 4.981e-02 3.541e-02 7.855e-03 -6.748e+01
1550 4.738e-02 3.179e-02 1.169e-02 -6.486e+01
1551 4.746e-02 2.532e-02 5.799e-03 -7.101e+01
1552 4.162e-02 2.525e-02 3.742e-03 -6.921e+01
1553 3.849e-02 1.640e-02 4.790e-03 -6.977e+01
1554 3.268e-02 2.653e-02 3.365e-03 -6.211e+01
1555 2.943e-02 1.971e-02 6.453e-03 -6.307e+01
1556 3.116e-02 2.101e-02 2.702e-03 -6.010e+01
1557 2.659e-02 1.272e-02 5.908e-03 -7.442e+01
1558 2.851e-02 1.118e-02 1.748e-03 -6.879e+01
1559 2.148e-02 1.307e-02 3.325e-03 -6.697e+01
1560 2.043e-02 1.231e-02 3.878e-03 -5.426e+01
1561 2.050e-02 7.204e-03 -1.406e-03 -5.796e+01
1562 1.866e-02 8.242e-03 1.096e-03 -6.017e+01
1563 1.236e-02 6.557e-03 7.281e-05 -5.848e+01
1564 1.862e-02 8.673e-03 4.334e-03 -5.986e+01
1565 1.597e-02 6.018e-03 3.203e-03 -5.591e+01
1566 1.333e-02 6.742e-03 2.063e-03 -5.247e+01
1567 1.003e-02 7.169e-03 4.873e-05 -5.572e+01
1568 1.483e-02 2.558e-03 -6.664e-03 0.000e+00
1569 9.645e-03 4.644e-03 -3.238e-03 -4.487e+01
1570 1.056e-02 5.426e-03 1.006e-03 -4.635e+01
1571 1.284e-02 1.298e-03 7.044e-04 0.000e+00
1572 9.236e-03 6.572e-03 4.061e-03 -4.715e+01
1573 3.095e-03 -2.623e-03 -3.195e-03 0.000e+00
1574 1.005e-02 1.555e-03 -4.258e-04 0.000e+00
1575 6.908e-03 2.696e-03 4.242e-05 0.000e+00
1576 1.052e-02 1.484e-03 -1.464e-03 0.000e+00
1577 4.939e-03 -2.965e-03 -1.025e-03 0.000e+00
1578 6.029e-03 -2.147e-03 2.560e-03 0.000e+00
1579 3.048e-03 1.719e-03 -2.064e-03 0.000e+00
1580 4.838e-03 1.745e-03 -5.935e-04 0.000e+00
1581 4.101e-03 2.625e-03 -4.041e-03 0.000e+00
1582 5.160e-03 -2.802e-03 4.063e-03 0.000e+00
1583 3.404e-03 8.882e-04 8.649e-04 0.000e+00
1584 3.398e-03 7.815e-04 5.503e-05 0.000e+00
1585 4.895e-03 -5.174e-05 -3.016e-03 0.000e+00
1586 2.777e-03 -3.134e-03 2.825e-03 0.000e+00
1587 4.523e-03 -3.390e-04 8.146e-04 0.000e+00
1588 2.057e-03 1.257e-03 -2.062e-03 0.000e+00
1589 7.301e-03 -3.618e-03 -7.799e-04 0.000e+00
1590 1.531e-03 1.261e-04 -2.610e-03 0.000e+00
1591 6.525e-03 3.015e-04 -2.807e-03 0.000e+00
1592 -2.058e-04 1.739e-03 -2.865e-03 0.000e+00
1593 6.096e-03 9.937e-04 2.743e-03 0.000e+00
1594 5.294e-03 4.872e-03 1.281e-03 -4.367e+01
1595 2.754e-03 6.413e-04 1.600e-03 0.000e+00
1596 1.679e-03 1.313e-04 1.169e-03 0.000e+00
1597 5.809e-03 -2.120e-03 -1.641e-03 0.000e+00
1598 5.049e-03 -3.435e-03 -1.325e-03 0.000e+00
1599 4.407e-03 -3.254e-03 2.135e-03 0.000e+00
1600 1.808e-03 -2.662e-03 1.028e-03 0.000e+00
1601 3.902e-03 2.195e-03 -3.156e-03 0.000e+00
1602 -2.187e-03 3.640e-03 -2.674e-03 0.000e+00
1603 3.656e-03 1.814e-03 -1.980e-03 0.000e+00
1604 3.038e-03 -2.617e-03 -2.261e-03 0.000e+00
1605 3.595e-04 5.012e-03 3.781e-03 -8.797e+01
1606 2.250e-03 -2.950e-03 7.267e-04 0.000e+00
1607 5.310e-03 -1.275e-03 -2.895e-03 0.000e+00
1608 3.739e-03 -3.340e-03 -7.869e-04 0.000e+00
1609 3.295e-03 1.842e-03 -1.515e-04 0.000e+00
1610 5.107e-03 -9.152e-05 -1.267e-05 0.000e+00
1611 -1.328e-03 -2.555e-03 -1.156e-03 0.000e+00
1612 6.955e-04 -2.831e-03 7.055e-04 0.000e+00
1613 -1.297e-03 3.791e-03 -1.171e-03 -3.327e+01
1614 2.605e-03 -7.491e-04 2.276e-03 0.000e+00
1615 4.789e-03 1.723e-03 -1.258e-03 0.000e+00
1616 4.155e-03 8.609e-05 4.178e-03 0.000e+00
1617 7.116e-04 -3.471e-03 3.778e-04 0.000e+00
1618 -1.215e-04 -2.366e-03 -1.229e-03 0.000e+00
1619 1.421e-04 8.741e-04 1.552e-03 0.000e+00
1620 -3.499e-04 4.195e-03 -1.557e-03 5.124e+00
1621 3.527e-03 -2.357e-03 3.194e-03 0.000e+00
1622 5.095e-03 -3.602e-03 5.283e-04 0.000e+00
1623 -8.177e-04 -2.452e-03 1.830e-03 0.000e+00
1624 -2.427e-04 -3.515e-03 -4.932e-04 0.000e+00
1625 1.434e-04 2.208e-03 -5.279e-04 0.000e+00
1626 1.877e-04 -2.678e-03 2.887e-03 0.000e+00
1627 6.661e-04 2.141e-03 -1.684e-03 0.000e+00
1628 2.371e-03 5.689e-05 3.492e-03 0.000e+00
1629 2.186e-04 4.299e-03 3.380e-04 -1.154e+01
1630 5.538e-03 1.366e-03 1.793e-03 0.000e+00
1631 -2.574e-03 -2.157e-03 -1.500e-03 0.000e+00
1632 -1.030e-03 1.883e-03 -2.963e-03 0.000e+00
1633 2.747e-03 2.501e-03 6.106e-04 0.000e+00
1634 -1.655e-03 4.658e-03 -4.742e-03 -1.654e+00
1635 7.340e-04 3.261e-03 7.454e-04 0.000e+00
1636 -4.211e-04 -2.621e-03 4.893e-03 0.000e+00
1637 6.397e-05 -2.902e-03 -2.621e-03 0.000e+00
1638 3.116e-03 2.145e-03 -3.142e-03 0.000e+00
1639 6.421e-04 4.438e-04 -7.222e-04 0.000e+00
1640 3.801e-03 -2.705e-03 2.146e-03 0.000e+00
1641 9.602e-04 6.854e-04 -1.893e-03 0.000e+00
1642 3.260e-04 2.561e-03 8.937e-04 0.000e+00
1643 -2.719e-04 2.373e-04 2.670e-04 0.000e+00
1644 3.659e-04 1.972e-03 3.968e-04 0.000e+00
1645 2.731e-03 -3.699e-03 4.445e-03 0.000e+00
1646 -3.463e-04 3.773e-04 -1.203e-03 0.000e+00
1647 -2.166e-04 -3.020e-03 -3.720e-03 0.000e+00
1648 2.488e-04 4.456e-03 -1.035e-03 6.407e+01
1649 -3.929e-05 1.257e-03 3.920e-03 0.000e+00
1650 3.610e-03 6.033e-04 1.586e-05 0.000e+00
1651 -3.639e-05 -2.215e-03 -1.672e-03 0.000e+00
1652 -1.864e-04 -2.220e-03 -1.148e-03 0.000e+00
1653 -3.923e-04 2.100e-03 -1.864e-03 0.000e+00
1654 3.185e-03 -2.987e-04 4.010e-03 0.000e+00
1655 8.349e-04 -3.150e-03 -5.216e-04 0.000e+00
1656 -8.513e-04 -3.951e-04 4.771e-04 0.000e+00
1657 2.508e-03 3.060e-03 -3.380e-03 0.000e+00
1658 -1.632e-03 2.195e-03 3.182e-03 0.000e+00
1659 3.190e-03 1.389e-03 -2.534e-03 0.000e+00
1660 -2.896e-04 1.911e-03 -2.513e-03 0.000e+00
1661 -2.464e-03 -2.708e-03 -3.236e-03 0.000e+00
1662 4.063e-03 1.141e-03 6.044e-04 0.000e+00
1663 1.140e-03 -3.341e-03 -1.141e-04 0.000e+00
1664 -4.835e-03 3.488e-03 2.973e-03 0.000e+00
1665 7.833e-06 -3.128e-03 -1.790e-03 0.000e+00
1666 -2.257e-03 5.359e-03 -1.283e-03 1.887e+01
1667 -1.918e-04 -3.276e-03 -4.773e-03 0.000e+00
1668 -1.389e-03 -3.531e-03 3.606e-03 0.000e+00
1669 1.066e-04 -3.251e-03 -5.754e-04 0.000e+00
1670 2.572e-03 8.710e-04 4.702e-03 0.000e+00
1671 1.810e-03 3.312e-04 1.085e-03 0.000e+00
1672 2.937e-04 2.316e-03 -3.805e-03 0.000e+00
1673 2.754e-03 -3.404e-03 -3.849e-04 0.000e+00
1674 4.070e-04 2.702e-03 -1.646e-03 0.000e+00
1675 2.401e-03 1.795e-03 -3.539e-04 0.000e+00
1676 1.408e-03 1.672e-03 2.936e-03 0.000e+00
1677 -7.620e-05 2.341e-03 -1.208e-03 0.000e+00
1678 -2.386e-03 6.551e-03 5.872e-03 -7.686e+01
1679 -1.005e-03 -3.081e-03 7.279e-04 0.000e+00
1680 -1.807e-03 1.655e-03 5.682e-03 0.000e+00
1681 -2.246e-03 3.492e-03 1.192e-03 0.000e+00
1682 1.816e-05 -3.628e-03 2.574e-03 0.000e+00
1683 -3.157e-03 1.145e-03 -2.025e-03 0.000e+00
1684 1.715e-03 3.901e-03 -2.772e-04 -9.650e+01
1685 2.715e-03 1.789e-03 2.188e-04 0.000e+00
1686 -3.126e-03 2.807e-03 1.337e-03 0.000e+00
1687 -1.223e-03 -3.560e-03 -1.829e-06 0.000e+00
1688 1.564e-03 -3.571e-03 -2.893e-03 0.000e+00
1689 3.036e-03 -2.994e-03 2.428e-03 0.000e+00
1690 4.995e-03 1.724e-03 -7.025e-04 0.000e+00
1691 -2.490e-03 -3.772e-04 -2.536e-03 0.000e+00
1692 -6.608e-04 -1.784e-04 2.228e-03 0.000e+00
1693 -3.168e-03 -2.333e-03 -2.833e-03 0.000e+00
1694 1.366e-03 1.596e-03 -8.831e-04 0.000e+00
1695 -5.891e-04 2.453e-03 -1.278e-03 0.000e+00
1696 -1.641e-03 -3.105e-03 1.051e-03 0.000e+00
1697 2.422e-03 -2.699e-05 2.882e-03 0.000e+00
1698 -3.488e-03 -5.583e-04 1.005e-03 0.000e+00
1699 -2.965e-03 -3.474e-03 -4.319e-04 0.000e+00
1700 6.068e-04 3.529e-03 -9.047e-04 0.000e+00
1701 1.483e-04 1.215e-03 4.208e-04 0.000e+00
1702 2.431e-03 -3.408e-03 2.892e-04 0.000e+00
1703 5.525e-04 5.417e-03 -1.288e-03 -4.648e+01
1704 -1.094e-03 5.353e-04 2.039e-03 0.000e+00
1705 2.941e-03 3.118e-03 4.904e-03 0.000e+00
1706 1.755e-03 -7.571e-05 -8.398e-04 0.000e+00
1707 1.003e-04 1.204e-03 -1.920e-03 0.000e+00
1708 -7.827e-04 9.614e-04 -3.962e-03 0.000e+00
1709 5.288e-03 4.778e-04 -1.171e-03 0.000e+00
1710 2.525e-03 -1.017e-03 -2.462e-03 0.000e+00
1711 -4.041e-03 -3.309e-03 -5.343e-03 0.000e+00
1712 -6.290e-04 -4.789e-04 2.304e-03 0.000e+00
1713 2.012e-03 2.260e-03 -1.194e-04 0.000e+00
1714 2.392e-03 2.150e-04 4.404e-04 0.000e+00
1715 1.771e-03 -2.375e-03 1.696e-03 0.000e+00
1716 7.574e-04 2.107e-03 -6.495e-04 0.000e+00
1717 -1.759e-03 5.542e-04 6.035e-04 0.000e+00
1718 9.021e-04 1.809e-03 -1.794e-03 0.000e+00
1719 2.133e-03 -3.339e-03 -3.505e-04 0.000e+00
1720 -2.401e-03 -3.113e-03 3.048e-03 0.000e+00
1721 -2.493e-03 -2.062e-03 1.777e-03 0.000e+00
1722 1.735e-03 4.287e-03 -1.348e-03 -6.432e+01
1723 3.581e-03 3.320e-03 -3.202e-04 0.000e+00
1724 -5.429e-04 -3.544e-03 3.138e-03 0.000e+00
1725 -7.392e-05 8.911e-04 -5.561e-03 0.000e+00
1726 1.484e-03 -3.088e-03 8.410e-04 0.000e+00
1727 6.756e-04 1.338e-03 -3.195e-06 0.000e+00
1728 2.138e-03 1.087e-03 -8.202e-04 0.000e+00
1729 4.690e-03 1.187e-03 3.403e-03 0.000e+00
1730 -2.315e-04 -2.601e-03 3.852e-03 0.000e+00
1731 3.253e-04 3.393e-03 2.740e-03 0.000e+00
1732 -2.007e-03 3.505e-03 -1.813e-03 0.000e+00
1733 6.852e-04 6.853e-04 1.407e-03 0.000e+00
1734 2.781e-03 2.469e-03 -4.318e-04 0.000e+00
1735 -1.029e-03 3.440e-03 8.363e-04 0.000e+00
1736 -2.468e-03 2.847e-03 2.823e-03 0.000e+00
1737 -3.230e-03 2.794e-03 3.166e-03 0.000e+00
1738 -3.461e-04 -2.581e-04 3.764e-04 0.000e+00
1739 -1.553e-03 -2.695e-03 1.585e-03 0.000e+00
1740 -4.789e-03 -2.382e-03 -1.235e-03 0.000e+00
1741 -3.002e-03 -3.350e-03 -3.270e-04 0.000e+00
1742 1.501e-03 -3.578e-03 -1.053e-03 0.000e+00
1743 9.021e-04 1.793e-03 2.255e-04 0.000e+00
1744 -1.143e-03 2.543e-03 5.966e-04 0.000e+00
1745 1.197e-03 3.569e-03 2.286e-04 0.000e+00
1746 3.208e-03 -3.278e-03 -4.354e-04 0.000e+00
1747 2.677e-03 -2.430e-03 -3.586e-04 0.000e+00
1748 1.991e-03 -3.447e-03 -3.318e-03 0.000e+00
1749 -5.980e-04 6.466e-04 -2.642e-03 0.000e+00
1750 1.193e-04 -3.316e-03 1.661e-03 0.000e+00
1751 -1.852e-03 -1.979e-04 1.988e-03 0.000e+00
1752 -4.400e-03 3.237e-03 -4.245e-04 0.000e+00
1753 -9.436e-04 1.577e-03 1.397e-03 0.000e+00
1754 -1.083e-03 1.986e-03 3.285e-03 0.000e+00
1755 -4.214e-05 1.516e-03 2.828e-03 0.000e+00
1756 -3.317e-03 -8.070e-04 -4.334e-03 0.000e+00
1757 2.775e-03 -2.721e-03 3.092e-03 0.000e+00
1758 1.502e-03 4.892e-04 -1.916e-03 0.000e+00
1759 -5.805e-03 -3.682e-03 2.684e-03 0.000e+00
1760 -1.872e-03 1.515e-03 3.819e-03 0.000e+00
1761 4.325e-03 -3.353e-03 -1.481e-03 0.000e+00
1762 -3.810e-03 9.154e-04 3.182e-03 0.000e+00
1763 -3.687e-04 1.765e-03 1.789e-03 0.000e+00
1764 5.555e-04 3.127e-03 4.609e-05 0.000e+00
1765 -3.579e-03 2.316e-03 -1.315e-03 0.000e+00
1766 -1.399e-03 -3.385e-03 6.874e-04 0.000e+00
1767 -1.553e-03 1.164e-03 3.768e-03 0.000e+00
1768 9.195e-05 3.190e-03 -2.599e-03 0.000e+00
1769 1.493e-03 -3.560e-03 -1.236e-03 0.000e+00
1770 -6.974e-04 6.098e-04 -2.747e-03 0.000e+00
1771 -4.161e-04 -1.039e-03 -1.228e-03 0.000e+00
1772 1.070e-04 1.304e-03 1.503e-03 0.000e+00
1773 2.084e-03 -3.235e-03 1.446e-03 0.000e+00
1774 -7.110e-04 -3.338e-03 2.113e-03 0.000e+00
1775 3.368e-03 7.461e-04 1.001e-03 0.000e+00
1776 -5.549e-03 2.175e-03 3.322e-04 0.000e+00
1777 3.929e-03 7.235e-04 -3.103e-03 0.000e+00
1778 2.794e-03 1.386e-03 2.075e-03 0.000e+00
1779 -1.554e-04 2.315e-03 3.630e-03 0.000e+00
1780 2.019e-03 -3.662e-03 -1.442e-03 0.000e+00
1781 -2.814e-03 2.154e-04 -3.534e-03 0.000e+00
1782 -1.419e-03 -3.597e-03 -2.744e-03 0.000e+00
1783 -3.372e-03 -3.220e-03 -3.146e-03 0.000e+00
1784 1.567e-03 -2.049e-03 9.809e-04 0.000e+00
1785 -1.120e-03 4.114e-03 -4.269e-03 3.199e+01
1786 -1.815e-03 -3.532e-03 -7.356e-04 0.000e+00
1787 1.003e-03 -3.853e-04 -1.439e-03 0.000e+00
1788 3.360e-03 2.314e-04 4.020e-03 0.000e+00
1789 1.513e-03 -1.613e-04 -9.473e-04 0.000e+00
1790 -1.398e-03 2.278e-03 -2.277e-03 0.000e+00
1791 6.308e-04 9.552e-04 -1.062e-03 0.000e+00
1792 -4.588e-04 -3.490e-03 -8.427e-04 0.000e+00
1793 2.821e-04 -3.106e-03 5.398e-04 0.000e+00
1794 7.761e-04 -1.038e-03 -2.377e-03 0.000e+00
1795 -1.724e-03 -2.748e-03 -2.583e-03 0.000e+00
1796 1.925e-03 -3.703e-03 -5.380e-03 0.000e+00
1797 -9.887e-04 -3.618e-03 1.022e-03 0.000e+00
1798 -4.998e-03 6.872e-04 -1.308e-03 0.000e+00
1799 -5.998e-04 1.293e-03 2.354e-03 0.000e+00
1800 -2.964e-03 -2.622e-03 -1.667e-03 0.000e+00
1801 -1.808e-04 1.470e-03 -7.988e-04 0.000e+00
1802 2.963e-03 1.205e-03 -5.217e-04 0.000e+00
1803 6.976e-04 2.680e-03 -1.744e-03 0.000e+00
1804 -1.263e-03 -3.667e-03 2.395e-04 0.000e+00
1805 8.247e-05 7.817e-05 -3.096e-03 0.000e+00
1806 -1.963e-04 2.089e-03 -7.912e-04 0.000e+00
1807 -1.587e-03 1.086e-03 -4.129e-03 0.000e+00
1808 9.250e-04 3.170e-04 1.387e-03 0.000e+00
1809 -2.582e-03 1.111e-03 -4.573e-04 0.000e+00
1810 -3.603e-03 -3.503e-03 7.032e-03 0.000e+00
1811 2.278e-03 -3.290e-03 -1.719e-03 0.000e+00
1812 -2.423e-03 5.976e-03 1.214e-03 -2.704e+01
1813 -2.826e-03 -2.230e-03 3.011e-03 0.000e+00
1814 2.610e-03 9.304e-04 1.866e-03 0.000e+00
1815 2.730e-04 -2.308e-03 3.422e-04 0.000e+00
1816 -5.460e-04 2.303e-03 -2.495e-03 0.000e+00
1817 3.023e-04 6.131e-04 1.624e-03 0.000e+00
1818 7.513e-04 -3.065e-03 1.976e-03 0.000e+00
1819 4.580e-03 2.692e-03 5.498e-04 0.000e+00
1820 1.245e-03 2.161e-04 1.130e-03 0.000e+00
1821 1.223e-03 -8.129e-05 1.196e-03 0.000e+00
1822 3.151e-03 2.158e-03 -1.581e-03 0.000e+00
1823 -3.281e-04 -3.397e-03 -1.906e-03 0.000e+00
1824 8.274e-04 -3.521e-03 -5.634e-04 0.000e+00
1825 -4.112e-04 3.600e-03 1.426e-04 0.000e+00
1826 -5.518e-04 -1.020e-04 -4.846e-03 0.000e+00
1827 1.882e-03 4.197e-03 9.381e-04 5.171e+01
1828 2.152e-03 -3.600e-04 -9.244e-04 0.000e+00
1829 -7.627e-04 -2.034e-03 -6.849e-04 0.000e+00
1830 1.906e-03 -2.725e-03 2.703e-03 0.000e+00
1831 1.551e-03 -2.572e-03 2.577e-04 0.000e+00
1832 5.014e-03 -3.395e-03 -1.423e-04 0.000e+00
1833 4.262e-03 1.064e-03 3.344e-03 0.000e+00
1834 -1.037e-03 -3.592e-03 -3.603e-03 0.000e+00
1835 2.121e-03 9.379e-04 -5.712e-04 0.000e+00
1836 -1.158e-03 -2.982e-03 9.072e-05 0.000e+00
1837 2.695e-03 2.298e-03 1.801e-03 0.000e+00
1838 2.460e-03 2.257e-03 -3.477e-04 0.000e+00
1839 -2.241e-03 2.705e-03 -1.848e-03 0.000e+00
1840 -3.709e-03 -2.528e-03 -1.524e-03 0.000e+00
1841 -1.841e-03 1.529e-03 4.466e-03 0.000e+00
1842 -8.773e-04 -3.711e-03 2.023e-03 0.000e+00
1843 8.330e-04 3.801e-03 -7.289e-04 1.348e+01
1844 -4.858e-05 3.856e-03 1.469e-03 2.655e+01
1845 7.453e-04 -2.182e-03 -1.073e-03 0.000e+00
1846 -1.666e-03 -3.667e-03 1.790e-03 0.000e+00
1847 2.209e-03 -2.397e-03 -1.021e-03 0.000e+00
1848 9.554e-04 -4.357e-04 1.007e-03 0.000e+00
1849 -1.413e-04 -3.611e-03 1.929e-03 0.000e+00
1850 -3.968e-04 4.435e-03 6.471e-03 -3.342e+01
1851 3.015e-03 1.239e-03 6.253e-04 0.000e+00
1852 -7.616e-04 2.279e-03 3.366e-03 0.000e+00
1853 -1.758e-03 -7.307e-04 -2.227e-03 0.000e+00
1854 5.473e-03 -2.137e-03 -3.796e-03 0.000e+00
1855 2.954e-04 -1.955e-03 -3.994e-03 0.000e+00
1856 -2.019e-03 3.966e-03 -7.129e-04 -1.012e+02
1857 9.073e-04 -3.652e-03 5.363e-04 0.000e+00
1858 -1.135e-03 3.333e-04 1.017e-03 0.000e+00
1859 2.933e-03 1.784e-03 -2.978e-04 0.000e+00
1860 8.813e-04 -3.699e-03 -3.905e-04 0.000e+00
1861 3.915e-03 -3.529e-03 1.893e-03 0.000e+00
1862 -4.613e-03 -3.626e-03 1.028e-03 0.000e+00
1863 -3.194e-03 -9.149e-05 3.263e-03 0.000e+00
1864 1.019e-03 1.096e-03 -2.112e-03 0.000e+00
1865 -9.657e-04 -2.834e-05 -4.547e-04 0.000e+00
1866 -6.745e-04 -2.919e-03 -2.151e-03 0.000e+00
1867 1.450e-03 4.297e-03 -2.340e-04 3.926e+01
1868 -2.450e-03 2.262e-03 1.112e-03 0.000e+00
1869 1.607e-04 2.851e-03 4.357e-03 0.000e+00
1870 1.054e-03 -3.716e-03 -2.916e-03 0.000e+00
1871 -2.157e-03 -3.515e-03 -1.024e-03 0.000e+00
1872 2.180e-03 9.159e-04 -1.771e-03 0.000e+00
1873 -1.535e-03 2.259e-03 -2.553e-03 0.000e+00
1874 2.016e-03 1.659e-03 -2.911e-03 0.000e+00
1875 -2.875e-03 -3.669e-03 -2.436e-03 0.000e+00
1876 -5.181e-03 -3.324e-03 1.598e-03 0.000e+00
1877 2.174e-03 2.206e-04 3.603e-04 0.000e+00
1878 -1.772e-03 -3.702e-03 -6.831e-03 0.000e+00
1879 4.212e-04 1.752e-03 -1.589e-03 0.000e+00
1880 3.680e-03 2.053e-03 -2.990e-03 0.000e+00
1881 5.307e-04 -3.503e-03 1.598e-03 0.000e+00
1882 4.416e-03 -3.114e-03 1.395e-04 0.000e+00
1883 -1.739e-03 -3.690e-03 3.403e-03 0.000e+00
1884 -6.366e-04 -3.668e-03 1.012e-03 0.000e+00
1885 -1.474e-03 1.241e-03 3.595e-03 0.000e+00
1886 -2.409e-03 -7.094e-04 9.822e-04 0.000e+00
1887 5.441e-04 2.168e-03 3.902e-04 0.000e+00
1888 -2.665e-04 -2.359e-03 1.215e-03 0.000e+00
1889 1.829e-03 1.886e-03 2.095e-03 0.000e+00
1890 -1.567e-03 6.821e-04 -6.423e-04 0.000e+00
1891 -1.918e-03 2.796e-03 3.989e-04 0.000e+00
1892 1.255e-03 -3.402e-03 1.439e-03 0.000e+00
1893 -3.069e-03 -2.313e-03 2.644e-03 0.000e+00
1894 2.939e-03 -3.123e-03 9.567e-04 0.000e+00
1895 1.946e-03 -2.891e-03 -1.266e-04 0.000e+00
1896 9.627e-04 1.006e-03 2.340e-03 0.000e+00
1897 -3.176e-03 3.246e-03 -2.006e-03 0.000e+00
1898 -2.342e-03 -3.321e-03 3.703e-03 0.000e+00
1899 -2.484e-03 -2.638e-03 3.976e-03 0.000e+00
1900 -2.860e-03 1.191e-05 1.579e-03 0.000e+00
1901 1.353e-03 -2.204e-04 -2.324e-03 0.000e+00
1902 1.412e-03 2.169e-03 1.930e-03 0.000e+00
1903 1.896e-03 -3.628e-03 5.501e-04 0.000e+00
1904 -2.580e-03 -3.030e-03 -1.637e-03 0.000e+00
1905 1.525e-03 2.394e-03 -4.197e-04 0.000e+00
1906 -2.865e-03 2.193e-03 7.082e-04 0.000e+00
1907 1.904e-03 3.374e-03 1.020e-03 0.000e+00
1908 -1.750e-03 -3.359e-03 1.792e-04 0.000e+00
1909 1.555e-05 -2.826e-03 -1.783e-03 0.000e+00
1910 1.810e-03 -3.724e-03 6.343e-03 0.000e+00
1911 8.574e-04 1.541e-03 7.116e-04 0.000e+00
1912 -4.545e-05 1.706e-03 1.929e-03 0.000e+00
1913 6.796e-04 2.208e-03 4.272e-03 0.000e+00
1914 -1.102e-03 -1.811e-03 1.382e-03 0.000e+00
1915 7.050e-03 5.794e-04 2.156e-03 0.000e+00
1916 -5.816e-04 -1.267e-04 1.036e-03 0.000e+00
1917 -1.818e-03 -5.626e-04 3.258e-03 0.000e+00
1918 5.526e-04 -3.080e-03 1.280e-03 0.000e+00
1919 1.395e-03 5.372e-03 1.382e-03 -8.121e+01
1920 1.863e-03 1.687e-03 3.202e-03 0.000e+00
1921 8.510e-05 2.213e-03 2.832e-04 0.000e+00
1922 3.054e-03 -2.322e-03 -7.855e-04 0.000e+00
1923 -3.078e-04 3.159e-03 2.078e-03 0.000e+00
1924 -2.115e-03 1.821e-03 -6.465e-04 0.000e+00
1925 -2.776e-03 2.514e-03 -1.568e-03 0.000e+00
1926 9.416e-04 8.490e-04 2.969e-03 0.000e+00
1927 -1.780e-03 9.740e-04 -1.852e-03 0.000e+00
1928 2.681e-03 3.007e-03 3.077e-03 0.000e+00
1929 -1.110e-03 -2.217e-03 -1.486e-03 0.000e+00
1930 3.244e-03 -3.318e-03 -2.624e-04 0.000e+00
1931 -8.690e-04 -3.096e-03 -3.245e-03 0.000e+00
1932 2.555e-03 4.015e-04 2.424e-03 0.000e+00
1933 4.347e-03 -3.529e-03 -3.194e-03 0.000e+00
1934 -2.763e-03 2.205e-04 -1.667e-03 0.000e+00
1935 2.847e-03 -3.159e-03 -2.260e-03 0.000e+00
1936 9.212e-04 2.063e-03 -3.026e-03 0.000e+00
1937 3.152e-03 3.821e-04 2.814e-03 0.000e+00
1938 -2.631e-03 2.052e-03 -7.175e-04 0.000e+00
1939 6.075e-04 2.767e-03 -5.671e-04 0.000e+00
1940 7.653e-04 2.009e-03 1.642e-03 0.000e+00
1941 -1.932e-03 1.818e-03 -4.536e-03 0.000e+00
1942 -2.173e-03 2.839e-03 -5.341e-03 0.000e+00
1943 2.477e-03 -2.106e-03 1.718e-03 0.000e+00
1944 -1.205e-03 -2.587e-03 5.109e-03 0.000e+00
1945 -2.672e-03 -8.439e-04 2.484e-03 0.000e+00
1946 1.731e-03 -3.372e-03 -2.982e-04 0.000e+00
1947 2.786e-03 -2.793e-03 -2.744e-03 0.000e+00
1948 4.038e-04 -2.980e-03 5.042e-03 0.000e+00
1949 1.924e-03 -2.031e-03 2.742e-03 0.000e+00
1950 3.486e-03 6.662e-04 -2.375e-03 0.000e+00
1951 1.270e-03 2.770e-03 -2.020e-04 0.000e+00
1952 -3.648e-03 -2.326e-03 2.944e-03 0.000e+00
1953 -1.060e-03 -2.440e-04 3.858e-03 0.000e+00
1954 -2.386e-03 3.503e-03 2.222e-03 0.000e+00
1955 -2.215e-03 8.488e-04 -2.907e-03 0.000e+00
1956 2.299e-03 5.381e-04 1.159e-03 0.000e+00
1957 3.601e-03 4.672e-03 -9.548e-04 -9.660e+01
1958 -3.536e-03 -2.562e-04 3.896e-03 0.000e+00
1959 -8.474e-04 2.852e-03 2.205e-03 0.000e+00
1960 -2.194e-03 -2.617e-04 1.442e-03 0.000e+00
1961 -1.816e-03 -2.100e-03 4.084e-03 0.000e+00
1962 3.380e-04 4.558e-04 3.707e-03 0.000e+00
1963 -1.165e-03 -2.236e-04 8.181e-04 0.000e+00
1964 -2.264e-03 2.214e-03 5.284e-04 0.000e+00
1965 -1.737e-04 -3.285e-03 1.799e-03 0.000e+00
1966 -5.198e-04 2.029e-03 -2.541e-03 0.000e+00
1967 -2.837e-03 -1.628e-04 6.697e-04 0.000e+00
1968 4.821e-03 -2.649e-03 -2.427e-04 0.000e+00
1969 -2.787e-03 2.179e-04 -5.436e-03 0.000e+00
1970 -2.577e-04 4.022e-03 -3.431e-03 1.001e+01
1971 2.519e-03 -3.540e-03 -2.964e-03 0.000e+00
1972 9.163e-05 -3.490e-03 7.064e-04 0.000e+00
1973 7.155e-04 4.845e-03 -3.305e-03 2.098e+01
1974 1.557e-03 2.467e-04 -1.422e-03 0.000e+00
1975 2.250e-03 -2.419e-03 1.173e-03 0.000e+00
1976 2.717e-03 -5.715e-04 6.699e-04 0.000e+00
1977 1.452e-03 2.211e-03 -2.528e-03 0.000e+00
1978 2.755e-04 -2.988e-03 2.264e-03 0.000e+00
1979 1.701e-03 5.627e-04 9.024e-04 0.000e+00
1980 6.468e-04 3.207e-03 -5.158e-04 0.000e+00
1981 7.264e-04 -3.112e-03 3.410e-03 0.000e+00
1982 2.790e-03 1.383e-03 1.867e-03 0.000e+00
1983 -5.896e-04 3.459e-03 -8.377e-05 0.000e+00
1984 1.975e-03 -3.596e-03 -2.470e-04 0.000e+00
1985 -1.657e-03 -3.215e-03 -1.365e-03 0.000e+00
1986 1.067e-03 4.546e-03 5.908e-04 5.973e+01
1987 1.576e-03 3.281e-03 -1.226e-03 0.000e+00
1988 -3.245e-04 -2.773e-03 -1.238e-04 0.000e+00
1989 1.355e-03 2.476e-03 -2.399e-03 0.000e+00
1990 -7.223e-04 1.912e-03 -3.361e-03 0.000e+00
1991 -2.493e-04 1.320e-03 2.010e-03 0.000e+00
1992 1.700e-03 2.857e-04 -4.869e-03 0.000e+00
1993 -2.531e-03 -5.460e-04 4.886e-04 0.000e+00
1994 -5.305e-05 -3.053e-04 5.693e-04 0.000e+00
1995 8.130e-05 -3.350e-03 -3.509e-03 0.000e+00
1996 1.796e-03 3.228e-03 -6.034e-04 0.000e+00
1997 -5.019e-03 3.752e-03 -7.215e-04 -9.231e+01
1998 1.303e-03 -2.661e-03 -3.175e-03 0.000e+00
1999 -4.424e-04 3.566e-03 9.692e-04 0.000e+00
2000 8.066e-04 2.677e-03 2.475e-04 0.000e+00
2001 3.408e-03 -3.361e-04 3.385e-03 0.000e+00
2002 2.098e-03 1.018e-03 -7.022e-04 0.000e+00
2003 -1.649e-03 2.722e-03 -2.450e-03 0.000e+00
2004 1.393e-04 3.685e-03 -3.931e-03 0.000e+00
2005 -3.652e-03 1.103e-03 4.873e-03 0.000e+00
2006 -2.689e-04 -3.434e-03 -3.524e-03 0.000e+00
2007 2.887e-03 -2.717e-05 -3.935e-03 0.000e+00
2008 7.810e-04 3.095e-03 4.927e-04 0.000e+00
2009 1.868e-03 -3.544e-03 8.608e-04 0.000e+00
2010 1.458e-03 7.781e-04 2.515e-03 0.000e+00
2011 -8.585e-04 2.055e-03 1.973e-05 0.000e+00
2012 -1.509e-03 3.541e-03 1.111e-03 0.000e+00
2013 -3.434e-03 -2.699e-03 -3.202e-04 0.000e+00
2014 2.943e-03 -3.334e-03 -2.090e-03 0.000e+00
2015 5.372e-03 -3.060e-03 -3.768e-05 0.000e+00
2016 -2.938e-03 -2.644e-03 -2.919e-03 0.000e+00
2017 -1.097e-03 3.635e-04 -2.828e-03 0.000e+00
2018 -1.903e-03 -2.782e-03 -1.229e-04 0.000e+00
2019 2.990e-03 4.261e-03 2.246e-03 -9.073e+01
2020 -2.758e-03 -2.938e-03 -1.075e-03 0.000e+00
2021 1.595e-03 3.858e-04 -2.018e-03 0.000e+00
2022 -3.974e-04 2.521e-03 2.671e-03 0.000e+00
2023 -1.004e-03 2.262e-03 3.797e-03 0.000e+00
2024 -7.029e-03 7.290e-04 -2.944e-03 0.000e+00
2025 5.083e-03 -1.784e-03 -1.154e-03 0.000e+00
2026 5.171e-04 3.267e-03 1.694e-03 0.000e+00
2027 4.154e-03 3.987e-04 -2.729e-04 0.000e+00
2028 6.990e-04 -2.993e-03 -2.238e-03 0.000e+00
2029 -2.513e-03 1.940e-03 -1.864e-03 0.000e+00
2030 2.640e-03 -7.748e-04 4.832e-03 0.000e+00
2031 2.973e-04 -1.812e-03 -3.263e-04 0.000e+00
2032 1.906e-03 2.372e-03 5.896e-04 0.000e+00
2033 1.726e-03 1.796e-03 4.358e-03 0.000e+00
2034 1.668e-03 -2.729e-03 -1.938e-04 0.000e+00
2035 1.048e-04 -1.017e-03 5.688e-05 0.000e+00
2036 5.348e-05 9.409e-04 -2.632e-04 0.000e+00
2037 1.528e-03 1.985e-03 1.942e-03 0.000e+00
2038 5.938e-04 4.664e-04 -3.852e-03 0.000e+00
2039 -3.037e-03 -3.183e-03 1.497e-03 0.000e+00
2040 -1.145e-03 -3.489e-03 -3.511e-03 0.000e+00
2041 -3.793e-03 2.034e-04 -3.057e-03 0.000e+00
2042 -6.778e-04 -3.468e-03 2.213e-03 0.000e+00
2043 -5.837e-03 -3.542e-03 8.678e-04 0.000e+00
2044 6.515e-04 2.471e-03 1.998e-03 0.000e+00
2045 2.433e-03 6.686e-04 -2.099e-04 0.000e+00
2046 2.520e-04 -2.323e-04 4.535e-04 0.000e+00
2047 -3.857e-03 1.627e-04 1.747e-03 0.000e+00
