Bin I L V PA
0 -2.139e-04 1.897e-04 1.275e-04 0.000e+00
1 -2.418e-04 -1.904e-04 1.927e-04 0.000e+00
2 3.049e-04 -3.356e-05 5.343e-05 0.000e+00
3 -1.270e-04 1.204e-04 3.931e-05 0.000e+00
4 -6.436e-05 1.197e-04 -2.034e-04 0.000e+00
5 2.944e-04 -1.728e-04 -1.515e-04 0.000e+00
6 -3.789e-05 2.266e-04 0.000e+00 -2.159e+01
7 -2.004e-04 2.976e-05 1.554e-04 0.000e+00
8 3.976e-05 -2.362e-04 -8.053e-05 0.000e+00
9 1.029e-04 -2.087e-04 -1.334e-04 0.000e+00
10 7.415e-05 1.580e-04 3.244e-05 0.000e+00
11 2.360e-05 1.765e-04 1.928e-05 0.000e+00
12 -1.086e-04 -1.684e-04 -1.386e-04 0.000e+00
13 1.048e-04 -1.899e-04 3.959e-04 0.000e+00
14 1.382e-04 8.066e-05 -1.132e-04 0.000e+00
15 2.931e-04 -6.879e-06 8.781e-05 0.000e+00
16 6.982e-05 -2.065e-04 -1.434e-05 0.000e+00
17 -1.168e-04 -3.635e-06 9.954e-05 0.000e+00
18 1.760e-04 1.280e-04 -7.271e-06 0.000e+00
19 1.660e-04 -2.078e-04 -8.630e-05 0.000e+00
20 3.583e-04 -4.392e-05 3.280e-04 0.000e+00
21 -2.250e-04 3.915e-05 -2.472e-04 0.000e+00
22 2.206e-04 -2.182e-05 -6.798e-05 0.000e+00
23 -1.866e-04 -1.980e-04 1.952e-04 0.000e+00
24 7.556e-05 -2.144e-04 -2.026e-04 0.000e+00
25 2.029e-04 -2.283e-04 -1.878e-04 0.000e+00
26 -6.954e-05 1.254e-04 -1.465e-04 0.000e+00
27 -8.438e-05 -1.236e-04 8.041e-05 0.000e+00
28 -3.661e-05 -2.365e-04 -1.145e-04 0.000e+00
29 -1.166e-05 -7.059e-06 -2.376e-04 0.000e+00
30 0.000e+00 1.786e-04 -3.469e-04 0.000e+00
31 1.069e-04 -2.030e-04 -1.914e-04 0.000e+00
32 9.500e-05 -5.106e-05 -1.659e-04 0.000e+00
33 1.014e-04 4.117e-05 -2.232e-04 0.000e+00
34 -4.792e-05 1.436e-05 8.383e-05 0.000e+00
35 7.511e-06 -3.155e-05 6.112e-05 0.000e+00
36 -6.422e-05 -5.312e-05 1.431e-04 0.000e+00
37 3.550e-04 3.815e-04 6.470e-05 8.800e+01
38 -2.046e-04 2.369e-04 -1.534e-04 1.339e+02
39 -9.597e-05 -1.652e-04 4.922e-05 0.000e+00
40 -1.169e-04 1.657e-04 -7.744e-05 0.000e+00
41 3.226e-04 -1.679e-04 -2.376e-04 0.000e+00
42 -9.763e-05 -2.202e-04 -6.154e-05 0.000e+00
43 2.522e-05 2.450e-04 -2.127e-04 2.416e+00
44 -1.506e-04 1.224e-04 2.923e-05 0.000e+00
45 2.189e-04 5.603e-05 1.247e-04 0.000e+00
46 -2.196e-05 -2.075e-04 -6.741e-06 0.000e+00
47 -1.471e-04 2.621e-05 -9.849e-05 0.000e+00
48 2.845e-05 -1.460e-04 -1.708e-04 0.000e+00
49 -7.807e-06 2.044e-04 1.393e-04 0.000e+00
50 5.266e-05 1.980e-04 3.295e-06 0.000e+00
51 2.161e-04 -2.152e-04 -2.362e-05 0.000e+00
52 3.682e-04 5.690e-05 1.039e-04 0.000e+00
53 -1.120e-04 1.029e-04 -4.334e-05 0.000e+00
54 -2.212e-04 -7.152e-05 -6.157e-05 0.000e+00
55 9.551e-06 -2.163e-04 2.785e-04 0.000e+00
56 -4.366e-05 1.443e-04 3.523e-05 0.000e+00
57 -1.730e-04 5.054e-05 4.623e-05 0.000e+00
58 -3.055e-04 1.155e-04 7.527e-05 0.000e+00
59 -1.853e-05 -2.105e-04 -3.008e-05 0.000e+00
60 2.267e-04 -1.724e-04 2.796e-04 0.000e+00
61 1.407e-04 -2.125e-04 -1.763e-04 0.000e+00
62 -1.648e-04 -1.925e-04 7.763e-05 0.000e+00
63 5.716e-05 -2.357e-04 1.602e-04 0.000e+00
64 -2.465e-04 1.937e-04 9.117e-05 0.000e+00
65 1.387e-04 -4.912e-05 6.750e-05 0.000e+00
66 -1.130e-06 9.958e-05 4.526e-05 0.000e+00
67 -3.728e-06 2.209e-04 1.352e-04 2.457e+01
68 -1.817e-04 1.153e-04 1.539e-04 0.000e+00
69 -1.305e-04 -2.219e-04 -2.238e-04 0.000e+00
70 4.501e-05 -1.813e-04 1.273e-06 0.000e+00
71 3.930e-05 1.070e-04 -5.732e-05 0.000e+00
72 1.107e-05 -1.469e-04 2.716e-04 0.000e+00
73 2.502e-04 -2.110e-04 -4.670e-05 0.000e+00
74 3.044e-04 3.507e-05 -1.096e-04 0.000e+00
75 7.455e-06 8.260e-05 1.144e-04 0.000e+00
76 3.485e-05 1.567e-04 -9.686e-05 0.000e+00
77 9.442e-05 -1.680e-04 -1.095e-04 0.000e+00
78 -2.957e-05 1.155e-04 -1.319e-04 0.000e+00
79 6.979e-05 -2.098e-04 -3.848e-05 0.000e+00
80 1.680e-04 -6.711e-05 -9.189e-05 0.000e+00
81 1.980e-04 -2.111e-04 1.467e-04 0.000e+00
82 -3.501e-06 -1.649e-04 -6.524e-05 0.000e+00
83 -1.293e-04 -2.013e-04 1.487e-04 0.000e+00
84 2.244e-04 -2.346e-04 -5.426e-05 0.000e+00
85 -7.393e-06 1.376e-07 -2.298e-05 0.000e+00
86 1.559e-05 -1.917e-04 -1.094e-04 0.000e+00
87 -2.054e-05 -2.279e-04 -1.550e-04 0.000e+00
88 -9.094e-05 2.086e-04 1.521e-04 0.000e+00
89 -2.336e-04 1.360e-04 1.443e-05 0.000e+00
90 -3.787e-05 -2.014e-04 1.029e-04 0.000e+00
91 1.468e-04 -1.093e-04 -2.309e-04 0.000e+00
92 -4.008e-05 -2.229e-04 1.041e-05 0.000e+00
93 -1.866e-04 6.250e-05 -1.392e-04 0.000e+00
94 1.213e-04 -2.307e-04 -5.309e-05 0.000e+00
95 -4.268e-05 -8.963e-05 -1.351e-04 0.000e+00
96 2.825e-05 -2.139e-04 2.374e-05 0.000e+00
97 8.207e-05 4.620e-05 -1.019e-04 0.000e+00
98 -3.245e-05 1.525e-04 -1.822e-05 0.000e+00
99 3.196e-04 1.753e-04 -4.563e-05 0.000e+00
100 -1.466e-04 9.867e-05 1.356e-04 0.000e+00
101 1.623e-04 -2.361e-04 1.206e-04 0.000e+00
102 -1.391e-04 -1.785e-04 9.269e-05 0.000e+00
103 -5.985e-05 -6.858e-05 1.718e-04 0.000e+00
104 1.089e-05 -2.265e-04 2.742e-04 0.000e+00
105 1.930e-04 -1.853e-04 -2.452e-04 0.000e+00
106 2.424e-05 5.626e-06 2.848e-04 0.000e+00
107 1.313e-04 9.821e-06 2.200e-04 0.000e+00
108 1.390e-04 1.475e-04 -8.937e-05 0.000e+00
109 -2.937e-04 -2.176e-04 -1.195e-04 0.000e+00
110 -6.596e-05 6.000e-05 2.131e-04 0.000e+00
111 -1.997e-04 4.355e-05 -1.675e-04 0.000e+00
112 -1.308e-04 -2.077e-04 2.160e-05 0.000e+00
113 2.466e-04 -2.282e-04 -7.713e-05 0.000e+00
114 2.113e-05 -2.234e-04 -8.851e-05 0.000e+00
115 -1.034e-05 1.252e-05 1.700e-04 0.000e+00
116 -2.000e-04 3.930e-05 -1.899e-05 0.000e+00
117 -3.181e-05 -2.288e-04 -1.755e-04 0.000e+00
118 -1.076e-04 -7.636e-05 -9.489e-05 0.000e+00
119 -2.245e-05 2.242e-04 1.383e-04 8.533e+01
120 -1.136e-05 2.294e-04 3.259e-05 1.727e+01
121 1.194e-04 -1.604e-04 -2.771e-04 0.000e+00
122 4.984e-05 -2.040e-04 5.536e-05 0.000e+00
123 -4.134e-05 8.455e-06 -3.676e-05 0.000e+00
124 -3.489e-05 1.161e-04 7.509e-05 0.000e+00
125 -1.674e-04 -1.969e-04 1.648e-04 0.000e+00
126 -9.848e-05 2.610e-05 5.583e-05 0.000e+00
127 -2.377e-04 2.079e-05 -9.563e-05 0.000e+00
128 9.671e-05 -1.830e-04 1.806e-04 0.000e+00
129 1.094e-04 1.289e-04 1.030e-04 0.000e+00
130 -5.047e-05 -1.625e-04 -4.578e-05 0.000e+00
131 -1.608e-05 2.760e-04 -1.790e-04 7.235e+01
132 2.149e-04 -2.128e-04 -2.765e-04 0.000e+00
133 1.933e-04 4.302e-05 2.273e-05 0.000e+00
134 5.089e-05 1.734e-04 -1.192e-04 0.000e+00
135 5.647e-05 -5.347e-05 3.359e-04 0.000e+00
136 1.005e-04 0.000e+00 -1.459e-04 0.000e+00
137 -1.378e-05 -3.461e-05 -2.004e-04 0.000e+00
138 -1.884e-04 -2.182e-04 -1.562e-05 0.000e+00
139 1.473e-04 -4.412e-05 -1.598e-04 0.000e+00
140 -1.982e-04 1.791e-04 3.805e-04 0.000e+00
141 2.723e-04 -2.004e-04 -1.404e-04 0.000e+00
142 2.024e-04 -2.074e-04 -7.258e-06 0.000e+00
143 -1.051e-04 2.625e-04 3.324e-04 3.121e+01
144 -1.229e-04 4.551e-05 -7.124e-05 0.000e+00
145 1.371e-05 -1.953e-04 8.594e-05 0.000e+00
146 1.086e-04 -2.072e-04 -1.312e-05 0.000e+00
147 1.494e-04 2.018e-04 1.936e-05 0.000e+00
148 -1.011e-04 -2.228e-04 1.610e-05 0.000e+00
149 4.502e-06 -1.517e-04 2.166e-04 0.000e+00
150 -1.195e-04 -8.457e-07 2.090e-04 0.000e+00
151 -8.098e-05 1.412e-04 -1.539e-04 0.000e+00
152 -1.068e-04 5.959e-05 4.165e-06 0.000e+00
153 7.781e-05 1.562e-05 -4.432e-06 0.000e+00
154 8.079e-07 5.342e-06 1.430e-04 0.000e+00
155 -9.736e-05 3.229e-04 1.554e-05 -1.693e+01
156 -2.192e-04 -1.577e-04 2.706e-06 0.000e+00
157 1.414e-04 -2.039e-04 3.264e-04 0.000e+00
158 -1.118e-04 -1.473e-05 1.269e-04 0.000e+00
159 1.823e-04 -4.591e-05 5.074e-05 0.000e+00
160 3.802e-05 -2.201e-04 -4.176e-05 0.000e+00
161 -4.478e-05 -1.122e-05 1.499e-04 0.000e+00
162 1.809e-04 3.772e-05 -3.027e-04 0.000e+00
163 -1.361e-04 1.907e-06 2.973e-04 0.000e+00
164 -4.156e-05 -1.475e-04 1.739e-04 0.000e+00
165 -4.116e-05 1.117e-04 3.929e-05 0.000e+00
166 -9.237e-05 1.064e-04 9.860e-05 0.000e+00
167 -2.267e-04 4.220e-05 6.463e-05 0.000e+00
168 -2.926e-05 -1.707e-04 8.019e-05 0.000e+00
169 -2.673e-04 1.327e-04 2.149e-04 0.000e+00
170 -3.823e-05 1.347e-04 2.616e-05 0.000e+00
171 -3.074e-05 2.914e-04 1.702e-04 -1.974e+01
172 1.562e-04 1.945e-04 -2.436e-05 0.000e+00
173 1.185e-04 1.996e-04 4.356e-05 0.000e+00
174 1.630e-04 2.436e-04 -3.014e-04 1.215e+02
175 8.486e-05 1.592e-04 3.512e-05 0.000e+00
176 -1.985e-05 -1.741e-04 6.140e-05 0.000e+00
177 -5.757e-05 8.014e-06 -2.303e-05 0.000e+00
178 1.146e-04 -2.247e-04 1.260e-05 0.000e+00
179 6.819e-06 -1.553e-04 1.830e-04 0.000e+00
180 -5.473e-05 6.067e-05 1.467e-04 0.000e+00
181 -1.130e-04 6.041e-05 -5.881e-05 0.000e+00
182 9.729e-05 1.156e-04 -1.251e-04 0.000e+00
183 -2.176e-04 -4.869e-05 -2.184e-05 0.000e+00
184 1.514e-04 -6.690e-05 -1.271e-04 0.000e+00
185 -5.901e-05 -1.588e-04 2.030e-04 0.000e+00
186 -1.753e-04 -2.265e-06 6.506e-05 0.000e+00
187 -1.581e-04 1.743e-04 -3.129e-04 0.000e+00
188 1.013e-04 -1.922e-04 -3.070e-05 0.000e+00
189 1.463e-04 -2.253e-04 -1.980e-04 0.000e+00
190 4.114e-05 -2.474e-05 3.972e-05 0.000e+00
191 3.433e-05 1.776e-04 1.888e-04 0.000e+00
192 1.679e-04 5.194e-05 -2.088e-04 0.000e+00
193 -9.638e-05 -2.156e-04 -1.023e-04 0.000e+00
194 -1.285e-04 -1.914e-04 -9.848e-05 0.000e+00
195 4.367e-04 2.172e-04 2.744e-04 0.000e+00
196 4.099e-05 -2.031e-04 2.826e-04 0.000e+00
197 -3.975e-05 7.142e-05 1.031e-04 0.000e+00
198 2.182e-05 -4.906e-05 1.041e-04 0.000e+00
199 -2.432e-04 1.723e-04 1.086e-04 0.000e+00
200 1.776e-04 -6.181e-06 3.448e-04 0.000e+00
201 1.301e-04 3.817e-05 -1.344e-04 0.000e+00
202 9.858e-05 -2.061e-04 -1.849e-05 0.000e+00
203 1.349e-04 6.700e-05 -1.415e-04 0.000e+00
204 -8.562e-05 1.382e-04 -6.525e-05 0.000e+00
205 -6.603e-06 5.782e-05 2.034e-04 0.000e+00
206 -1.824e-04 -2.304e-04 3.335e-04 0.000e+00
207 -9.910e-05 1.882e-04 1.898e-04 0.000e+00
208 4.901e-06 -2.193e-04 -1.002e-04 0.000e+00
209 1.156e-05 -2.387e-04 4.339e-05 0.000e+00
210 -9.201e-06 -1.266e-05 1.050e-04 0.000e+00
211 1.150e-04 -1.986e-04 -2.073e-05 0.000e+00
212 3.900e-04 2.100e-04 1.138e-04 0.000e+00
213 1.266e-04 -1.811e-04 -1.208e-04 0.000e+00
214 -1.880e-04 -2.281e-04 4.073e-05 0.000e+00
215 -1.124e-05 -2.084e-04 1.103e-05 0.000e+00
216 1.531e-04 5.993e-05 2.194e-04 0.000e+00
217 -1.084e-04 2.775e-05 4.584e-05 0.000e+00
218 1.777e-04 2.030e-05 2.002e-05 0.000e+00
219 2.128e-04 1.294e-04 -4.736e-05 0.000e+00
220 1.615e-04 -2.262e-04 -1.316e-04 0.000e+00
221 6.377e-05 1.289e-04 -9.459e-05 0.000e+00
222 2.072e-04 1.024e-04 -3.681e-05 0.000e+00
223 -2.926e-05 -2.192e-04 -1.247e-04 0.000e+00
224 2.953e-04 6.498e-05 1.147e-04 0.000e+00
225 2.729e-04 1.753e-05 7.111e-05 0.000e+00
226 1.377e-04 1.345e-04 -1.007e-04 0.000e+00
227 1.977e-04 2.650e-04 -1.717e-04 9.440e+01
228 -2.376e-05 -5.059e-05 -7.106e-05 0.000e+00
229 -5.624e-05 4.364e-05 -1.363e-05 0.000e+00
230 4.271e-04 -2.163e-04 -1.859e-05 0.000e+00
231 1.006e-04 -1.606e-04 -8.076e-05 0.000e+00
232 3.012e-04 1.700e-04 4.599e-06 0.000e+00
233 -1.051e-04 3.883e-05 -1.025e-04 0.000e+00
234 -9.293e-05 -2.392e-04 -1.357e-04 0.000e+00
235 1.154e-04 -1.259e-05 6.437e-05 0.000e+00
236 8.065e-05 2.273e-04 -2.057e-04 6.453e+01
237 -5.515e-05 1.305e-04 -7.381e-05 0.000e+00
238 1.071e-05 1.530e-05 1.662e-04 0.000e+00
239 1.440e-04 3.772e-04 1.660e-04 2.496e+01
240 2.022e-04 6.752e-05 -9.998e-05 0.000e+00
241 2.642e-04 -2.227e-04 3.230e-04 0.000e+00
242 1.450e-04 3.925e-05 -1.377e-04 0.000e+00
243 2.922e-04 9.081e-05 -5.854e-05 0.000e+00
244 3.819e-04 4.077e-05 1.828e-04 0.000e+00
245 7.362e-05 1.111e-05 1.490e-04 0.000e+00
246 2.631e-04 1.713e-04 5.180e-05 0.000e+00
247 3.691e-04 -1.367e-04 -1.916e-04 0.000e+00
248 2.280e-04 -2.162e-04 1.316e-04 0.000e+00
249 4.059e-04 5.174e-05 1.731e-04 0.000e+00
250 1.275e-04 -8.476e-05 5.550e-05 0.000e+00
251 5.547e-04 -1.891e-04 -3.478e-05 0.000e+00
252 2.142e-04 4.792e-05 2.448e-04 0.000e+00
253 4.175e-04 4.509e-05 2.217e-04 0.000e+00
254 2.466e-04 -1.733e-05 2.288e-04 0.000e+00
255 3.776e-04 5.050e-05 7.630e-05 0.000e+00
256 1.892e-04 -3.016e-05 1.623e-04 0.000e+00
257 4.203e-04 -1.356e-05 1.469e-04 0.000e+00
258 4.931e-04 -5.828e-05 -3.291e-05 0.000e+00
259 3.964e-04 3.665e-05 2.442e-04 0.000e+00
260 3.590e-04 1.176e-04 -8.902e-06 0.000e+00
261 5.600e-04 1.560e-04 -2.197e-04 0.000e+00
262 2.248e-04 -1.981e-04 -9.693e-05 0.000e+00
263 4.806e-04 7.382e-05 -1.140e-04 0.000e+00
264 2.843e-04 -1.793e-04 -1.221e-04 0.000e+00
265 2.147e-04 9.789e-05 1.064e-04 0.000e+00
266 5.370e-04 -1.826e-04 9.822e-05 0.000e+00
267 3.179e-04 8.154e-05 1.054e-04 0.000e+00
268 3.670e-04 5.489e-05 -1.698e-04 0.000e+00
269 1.381e-04 1.929e-04 1.424e-04 0.000e+00
270 8.238e-04 -1.636e-04 -6.155e-05 0.000e+00
271 4.921e-04 1.657e-04 1.439e-04 0.000e+00
272 5.504e-04 7.335e-05 -4.504e-05 0.000e+00
273 2.116e-04 2.239e-04 -1.804e-05 -3.506e+01
274 4.351e-04 -6.904e-06 1.127e-04 0.000e+00
275 4.060e-04 -2.354e-04 -4.730e-06 0.000e+00
276 4.899e-04 4.699e-05 1.568e-04 0.000e+00
277 5.889e-04 2.769e-05 9.845e-05 0.000e+00
278 3.816e-04 1.852e-05 -8.382e-05 0.000e+00
279 6.096e-04 -5.935e-05 1.839e-06 0.000e+00
280 4.950e-04 3.117e-05 2.824e-04 0.000e+00
281 5.352e-04 -2.270e-04 -5.575e-05 0.000e+00
282 5.050e-04 -1.329e-04 7.078e-05 0.000e+00
283 6.812e-04 -1.819e-04 5.490e-05 0.000e+00
284 4.291e-04 1.015e-04 -2.493e-04 0.000e+00
285 5.569e-04 -2.138e-04 6.821e-05 0.000e+00
286 3.852e-04 4.913e-06 1.286e-04 0.000e+00
287 9.042e-04 -2.150e-04 -3.973e-05 0.000e+00
288 7.071e-04 -1.107e-05 2.355e-06 0.000e+00
289 5.095e-04 8.528e-05 -5.768e-05 0.000e+00
290 6.590e-04 9.272e-05 2.228e-04 0.000e+00
291 7.267e-04 1.403e-04 7.648e-05 0.000e+00
292 6.619e-04 -1.448e-04 5.315e-06 0.000e+00
293 7.346e-04 -1.584e-04 2.130e-05 0.000e+00
294 7.496e-04 6.500e-05 -1.700e-04 0.000e+00
295 6.445e-04 -2.280e-04 -6.015e-05 0.000e+00
296 1.051e-03 -1.343e-05 9.383e-05 0.000e+00
297 1.016e-03 -3.438e-05 -2.322e-05 0.000e+00
298 1.074e-03 -1.622e-04 -5.529e-05 0.000e+00
299 8.230e-04 7.368e-05 5.795e-05 0.000e+00
300 7.235e-04 -2.058e-04 -2.551e-04 0.000e+00
301 1.051e-03 -2.168e-04 -2.473e-06 0.000e+00
302 9.013e-04 -1.338e-05 1.566e-04 0.000e+00
303 9.532e-04 -1.338e-05 -8.995e-05 0.000e+00
304 9.781e-04 1.917e-05 2.912e-04 0.000e+00
305 8.675e-04 -2.038e-05 1.479e-04 0.000e+00
306 1.172e-03 3.858e-05 1.241e-04 0.000e+00
307 9.087e-04 -1.738e-04 3.256e-04 0.000e+00
308 1.182e-03 2.157e-04 1.784e-04 0.000e+00
309 1.258e-03 8.699e-05 -2.486e-04 0.000e+00
310 1.170e-03 1.351e-04 2.975e-06 0.000e+00
311 1.368e-03 -2.162e-04 3.000e-05 0.000e+00
312 1.063e-03 -5.163e-05 2.796e-04 0.000e+00
313 1.023e-03 3.337e-04 1.299e-04 -1.587e+01
314 1.272e-03 1.831e-04 -1.870e-05 0.000e+00
315 1.621e-03 3.512e-04 8.517e-05 1.445e+00
316 1.365e-03 1.928e-04 8.545e-05 0.000e+00
317 1.476e-03 -2.027e-04 2.662e-04 0.000e+00
318 1.626e-03 3.193e-04 -1.673e-04 -8.584e+00
319 1.702e-03 2.484e-04 6.029e-05 -1.869e+01
320 1.620e-03 1.765e-04 6.141e-05 0.000e+00
321 1.501e-03 2.949e-04 3.067e-04 6.033e+00
322 1.834e-03 3.770e-04 1.806e-04 -1.350e+01
323 1.732e-03 3.199e-04 1.644e-04 1.716e+01
324 1.782e-03 2.578e-04 1.953e-04 -4.006e+01
325 1.451e-03 1.507e-04 3.372e-05 0.000e+00
326 1.805e-03 -1.742e-04 7.394e-05 0.000e+00
327 1.613e-03 3.059e-04 5.328e-05 -2.255e+01
328 1.971e-03 3.521e-04 1.384e-04 -2.202e+01
329 1.824e-03 2.780e-04 2.677e-04 -1.170e+01
330 2.106e-03 2.047e-05 3.306e-04 0.000e+00
331 1.925e-03 5.874e-04 3.449e-04 7.087e+00
332 2.102e-03 4.478e-04 1.063e-04 -1.247e+01
333 2.011e-03 5.566e-04 1.965e-04 -1.849e+01
334 2.241e-03 6.114e-04 3.763e-04 -1.084e+01
335 2.145e-03 1.011e-04 7.709e-05 0.000e+00
336 2.344e-03 6.143e-04 3.525e-04 -1.419e+01
337 2.506e-03 5.082e-04 2.133e-04 -9.664e-01
338 2.477e-03 5.962e-04 4.615e-04 -6.120e+00
339 2.570e-03 4.341e-04 1.955e-04 -1.604e+00
340 2.418e-03 3.139e-04 2.101e-04 7.662e+00
341 2.463e-03 5.002e-04 5.480e-05 -7.999e+00
342 2.313e-03 4.665e-04 4.482e-04 -4.186e+00
343 2.725e-03 5.244e-04 -8.833e-05 -2.470e+01
344 3.005e-03 6.562e-04 5.184e-04 -2.034e+01
345 2.831e-03 7.713e-04 -4.598e-05 -9.398e+00
346 2.980e-03 6.347e-04 3.480e-04 -1.120e+01
347 2.978e-03 8.793e-04 5.876e-04 -1.284e+01
348 2.984e-03 9.177e-04 5.053e-04 -1.716e+01
349 3.262e-03 1.137e-03 5.498e-04 -1.166e+01
350 3.093e-03 1.024e-03 5.414e-04 -1.386e+01
351 3.505e-03 1.103e-03 5.249e-04 -1.554e+01
352 3.509e-03 1.228e-03 4.307e-04 -1.228e+01
353 3.716e-03 1.524e-03 3.789e-04 -6.615e+00
354 3.804e-03 1.580e-03 5.891e-04 -9.939e+00
355 3.960e-03 1.533e-03 5.002e-04 -9.175e+00
356 4.088e-03 1.645e-03 4.290e-04 -1.359e+01
357 4.497e-03 1.593e-03 3.924e-04 -1.677e+01
358 4.509e-03 1.823e-03 6.699e-04 -1.402e+01
359 4.644e-03 2.156e-03 7.938e-04 -1.504e+01
360 4.829e-03 2.117e-03 7.317e-04 -1.585e+01
361 5.102e-03 2.299e-03 6.529e-04 -1.439e+01
362 5.332e-03 2.319e-03 6.814e-04 -1.552e+01
363 5.378e-03 2.531e-03 5.766e-04 -1.471e+01
364 5.512e-03 2.559e-03 5.741e-04 -1.706e+01
365 5.863e-03 2.245e-03 4.065e-04 -1.273e+01
366 5.998e-03 2.776e-03 9.030e-04 -1.374e+01
367 6.248e-03 2.997e-03 6.419e-04 -1.318e+01
368 6.389e-03 3.062e-03 4.809e-04 -1.747e+01
369 6.237e-03 3.380e-03 7.386e-04 -1.561e+01
370 6.578e-03 3.212e-03 7.916e-04 -1.676e+01
371 6.819e-03 3.288e-03 1.119e-03 -1.390e+01
372 6.874e-03 3.643e-03 9.966e-04 -1.692e+01
373 7.084e-03 3.640e-03 8.114e-04 -1.609e+01
374 7.501e-03 3.988e-03 1.156e-03 -1.384e+01
375 7.720e-03 4.112e-03 9.917e-04 -1.617e+01
376 7.922e-03 4.334e-03 9.281e-04 -1.619e+01
377 8.201e-03 4.666e-03 1.306e-03 -1.635e+01
378 8.139e-03 4.630e-03 9.328e-04 -1.517e+01
379 8.229e-03 4.991e-03 1.018e-03 -1.637e+01
380 8.451e-03 5.227e-03 1.256e-03 -1.653e+01
381 9.000e-03 5.369e-03 1.213e-03 -1.690e+01
382 9.156e-03 5.304e-03 1.276e-03 -1.764e+01
383 9.279e-03 5.431e-03 1.334e-03 -1.800e+01
384 9.315e-03 5.722e-03 1.217e-03 -1.675e+01
385 9.834e-03 5.811e-03 1.107e-03 -1.658e+01
386 9.935e-03 6.196e-03 1.364e-03 -1.713e+01
387 9.966e-03 5.929e-03 1.301e-03 -1.690e+01
388 1.014e-02 6.355e-03 1.322e-03 -1.771e+01
389 1.036e-02 6.553e-03 1.655e-03 -1.756e+01
390 1.059e-02 6.394e-03 1.386e-03 -1.761e+01
391 1.103e-02 6.628e-03 1.704e-03 -1.835e+01
392 1.121e-02 7.029e-03 1.342e-03 -1.813e+01
393 1.180e-02 7.141e-03 1.772e-03 -1.836e+01
394 1.159e-02 7.181e-03 1.526e-03 -1.843e+01
395 1.183e-02 7.102e-03 1.424e-03 -1.921e+01
396 1.189e-02 7.772e-03 1.538e-03 -1.872e+01
397 1.243e-02 7.781e-03 1.596e-03 -1.964e+01
398 1.237e-02 7.939e-03 1.735e-03 -2.005e+01
399 1.293e-02 8.168e-03 1.847e-03 -1.969e+01
400 1.309e-02 8.403e-03 2.038e-03 -1.962e+01
401 1.363e-02 8.229e-03 1.997e-03 -1.982e+01
402 1.363e-02 8.936e-03 2.124e-03 -2.028e+01
403 1.382e-02 8.882e-03 1.956e-03 -2.003e+01
404 1.412e-02 9.133e-03 2.007e-03 -2.033e+01
405 1.434e-02 9.387e-03 2.161e-03 -1.933e+01
406 1.475e-02 9.420e-03 2.300e-03 -2.022e+01
407 1.511e-02 9.144e-03 2.114e-03 -1.995e+01
408 1.515e-02 9.712e-03 2.360e-03 -2.142e+01
409 1.563e-02 9.799e-03 2.228e-03 -2.154e+01
410 1.591e-02 1.010e-02 2.542e-03 -2.132e+01
411 1.621e-02 1.045e-02 2.558e-03 -2.163e+01
412 1.624e-02 1.073e-02 2.504e-03 -2.050e+01
413 1.672e-02 1.053e-02 2.347e-03 -2.177e+01
414 1.710e-02 1.083e-02 2.657e-03 -2.202e+01
415 1.735e-02 1.117e-02 2.681e-03 -2.182e+01
416 1.763e-02 1.125e-02 2.521e-03 -2.241e+01
417 1.824e-02 1.182e-02 2.593e-03 -2.212e+01
418 1.827e-02 1.196e-02 2.739e-03 -2.207e+01
419 1.873e-02 1.225e-02 2.737e-03 -2.266e+01
420 1.931e-02 1.261e-02 3.092e-03 -2.306e+01
421 1.917e-02 1.294e-02 3.148e-03 -2.327e+01
422 1.950e-02 1.294e-02 3.148e-03 -2.325e+01
423 2.006e-02 1.325e-02 3.426e-03 -2.298e+01
424 2.045e-02 1.344e-02 3.785e-03 -2.357e+01
425 2.071e-02 1.402e-02 3.565e-03 -2.341e+01
426 2.133e-02 1.414e-02 3.595e-03 -2.399e+01
427 2.151e-02 1.426e-02 3.715e-03 -2.386e+01
428 2.217e-02 1.468e-02 3.773e-03 -2.400e+01
429 2.223e-02 1.476e-02 3.946e-03 -2.477e+01
430 2.261e-02 1.522e-02 3.774e-03 -2.452e+01
431 2.282e-02 1.519e-02 4.301e-03 -2.465e+01
432 2.324e-02 1.539e-02 4.136e-03 -2.495e+01
433 2.359e-02 1.548e-02 4.334e-03 -2.478e+01
434 2.373e-02 1.566e-02 4.134e-03 -2.515e+01
435 2.406e-02 1.604e-02 4.368e-03 -2.500e+01
436 2.414e-02 1.583e-02 4.694e-03 -2.524e+01
437 2.451e-02 1.600e-02 4.614e-03 -2.553e+01
438 2.473e-02 1.615e-02 4.512e-03 -2.567e+01
439 2.476e-02 1.586e-02 4.496e-03 -2.542e+01
440 2.502e-02 1.609e-02 4.401e-03 -2.588e+01
441 2.488e-02 1.592e-02 4.516e-03 -2.625e+01
442 2.490e-02 1.565e-02 4.294e-03 -2.598e+01
443 2.475e-02 1.511e-02 4.268e-03 -2.630e+01
444 2.442e-02 1.473e-02 4.675e-03 -2.628e+01
445 2.456e-02 1.452e-02 4.683e-03 -2.647e+01
446 2.463e-02 1.425e-02 4.591e-03 -2.728e+01
447 2.430e-02 1.385e-02 4.595e-03 -2.775e+01
448 2.450e-02 1.385e-02 4.327e-03 -2.745e+01
449 2.421e-02 1.363e-02 4.626e-03 -2.747e+01
450 2.369e-02 1.307e-02 4.739e-03 -2.763e+01
451 2.388e-02 1.262e-02 4.215e-03 -2.790e+01
452 2.348e-02 1.218e-02 4.373e-03 -2.737e+01
453 2.362e-02 1.192e-02 4.242e-03 -2.862e+01
454 2.400e-02 1.174e-02 4.462e-03 -2.786e+01
455 2.370e-02 1.125e-02 4.062e-03 -2.847e+01
456 2.374e-02 1.122e-02 4.232e-03 -2.885e+01
457 2.376e-02 1.091e-02 4.090e-03 -2.881e+01
458 2.367e-02 1.071e-02 3.888e-03 -2.963e+01
459 2.393e-02 1.058e-02 4.110e-03 -2.894e+01
460 2.402e-02 9.963e-03 3.962e-03 -3.016e+01
461 2.420e-02 9.998e-03 3.884e-03 -2.998e+01
462 2.453e-02 9.953e-03 4.044e-03 -3.023e+01
463 2.447e-02 9.649e-03 4.001e-03 -2.946e+01
464 2.526e-02 9.388e-03 4.179e-03 -2.987e+01
465 2.566e-02 9.431e-03 4.187e-03 -3.123e+01
466 2.619e-02 9.308e-03 4.147e-03 -3.154e+01
467 2.641e-02 9.247e-03 4.070e-03 -3.120e+01
468 2.698e-02 9.024e-03 4.051e-03 -3.209e+01
469 2.746e-02 9.184e-03 3.919e-03 -3.163e+01
470 2.785e-02 9.237e-03 4.624e-03 -3.216e+01
471 2.839e-02 8.941e-03 4.271e-03 -3.178e+01
472 2.897e-02 8.777e-03 4.294e-03 -3.270e+01
473 2.924e-02 9.178e-03 4.372e-03 -3.224e+01
474 2.998e-02 9.209e-03 4.573e-03 -3.304e+01
475 3.066e-02 9.178e-03 4.492e-03 -3.311e+01
476 3.108e-02 9.110e-03 4.527e-03 -3.378e+01
477 3.224e-02 8.951e-03 4.574e-03 -3.406e+01
478 3.228e-02 9.001e-03 4.602e-03 -3.317e+01
479 3.329e-02 9.030e-03 4.420e-03 -3.453e+01
480 3.366e-02 8.905e-03 5.012e-03 -3.499e+01
481 3.438e-02 8.651e-03 4.766e-03 -3.490e+01
482 3.528e-02 8.567e-03 4.939e-03 -3.566e+01
483 3.544e-02 8.418e-03 5.028e-03 -3.556e+01
484 3.614e-02 8.373e-03 4.860e-03 -3.576e+01
485 3.732e-02 7.684e-03 5.199e-03 -3.575e+01
486 3.780e-02 7.571e-03 4.655e-03 -3.746e+01
487 3.826e-02 7.286e-03 4.928e-03 -3.743e+01
488 3.878e-02 6.626e-03 4.614e-03 -3.840e+01
489 3.955e-02 6.372e-03 4.540e-03 -4.016e+01
490 3.965e-02 5.474e-03 4.364e-03 -3.989e+01
491 4.008e-02 4.913e-03 4.156e-03 -4.147e+01
492 4.101e-02 4.265e-03 4.254e-03 -4.282e+01
493 4.152e-02 3.806e-03 4.015e-03 -4.223e+01
494 4.224e-02 3.261e-03 3.974e-03 1.342e+02
495 4.300e-02 2.380e-03 3.821e-03 1.276e+02
496 4.380e-02 1.961e-03 3.644e-03 1.222e+02
497 4.432e-02 1.433e-03 3.553e-03 1.126e+02
498 4.491e-02 1.517e-03 3.384e-03 9.527e+01
499 4.589e-02 2.073e-03 3.097e-03 8.062e+01
500 4.598e-02 2.676e-03 3.097e-03 7.439e+01
501 4.707e-02 3.144e-03 2.979e-03 7.090e+01
502 4.760e-02 4.344e-03 2.601e-03 6.606e+01
503 4.835e-02 5.596e-03 2.760e-03 6.264e+01
504 4.952e-02 6.305e-03 2.156e-03 6.094e+01
505 5.121e-02 7.947e-03 2.329e-03 6.082e+01
506 5.271e-02 8.951e-03 1.836e-03 6.053e+01
507 5.452e-02 9.692e-03 1.883e-03 5.913e+01
508 5.608e-02 1.110e-02 1.779e-03 5.849e+01
509 5.746e-02 1.209e-02 1.694e-03 5.834e+01
510 5.863e-02 1.363e-02 1.485e-03 5.756e+01
511 6.074e-02 1.473e-02 1.154e-03 5.709e+01
512 6.283e-02 1.642e-02 1.222e-03 5.569e+01
513 6.504e-02 1.741e-02 7.121e-04 5.599e+01
514 6.635e-02 1.873e-02 8.269e-04 5.581e+01
515 6.840e-02 2.040e-02 1.249e-04 5.492e+01
516 7.051e-02 2.222e-02 1.797e-04 5.462e+01
517 7.293e-02 2.445e-02 -3.245e-04 5.428e+01
518 7.517e-02 2.714e-02 -9.840e-04 5.376e+01
519 7.716e-02 2.986e-02 -1.155e-03 5.346e+01
520 7.943e-02 3.225e-02 -1.564e-03 5.328e+01
521 8.150e-02 3.558e-02 -2.276e-03 5.258e+01
522 8.473e-02 3.949e-02 -2.663e-03 5.264e+01
523 8.684e-02 4.225e-02 -2.888e-03 5.229e+01
524 9.007e-02 4.615e-02 -3.292e-03 5.221e+01
525 9.376e-02 5.039e-02 -3.774e-03 5.194e+01
526 9.787e-02 5.468e-02 -4.752e-03 5.163e+01
527 1.028e-01 6.005e-02 -5.066e-03 5.142e+01
528 1.070e-01 6.492e-02 -5.140e-03 5.127e+01
529 1.124e-01 6.993e-02 -5.896e-03 5.101e+01
530 1.189e-01 7.684e-02 -6.551e-03 5.084e+01
531 1.255e-01 8.332e-02 -7.201e-03 5.062e+01
532 1.329e-01 8.967e-02 -7.656e-03 5.047e+01
533 1.408e-01 9.746e-02 -8.620e-03 5.001e+01
534 1.501e-01 1.066e-01 -9.525e-03 4.996e+01
535 1.611e-01 1.169e-01 -1.057e-02 4.973e+01
536 1.721e-01 1.276e-01 -1.120e-02 4.962e+01
537 1.829e-01 1.383e-01 -1.223e-02 4.935e+01
538 1.975e-01 1.527e-01 -1.346e-02 4.919e+01
539 2.101e-01 1.665e-01 -1.463e-02 4.897e+01
540 2.242e-01 1.810e-01 -1.596e-02 4.872e+01
541 2.394e-01 1.964e-01 -1.755e-02 4.855e+01
542 2.572e-01 2.153e-01 -1.919e-02 4.831e+01
543 2.764e-01 2.349e-01 -2.116e-02 4.802e+01
544 2.991e-01 2.585e-01 -2.314e-02 4.775e+01
545 3.217e-01 2.818e-01 -2.467e-02 4.741e+01
546 3.440e-01 3.051e-01 -2.595e-02 4.708e+01
547 3.701e-01 3.330e-01 -2.869e-02 4.678e+01
548 3.968e-01 3.588e-01 -3.163e-02 4.630e+01
549 4.211e-01 3.834e-01 -3.360e-02 4.591e+01
550 4.434e-01 4.066e-01 -3.517e-02 4.561e+01
551 4.712e-01 4.341e-01 -3.693e-02 4.502e+01
552 4.989e-01 4.619e-01 -3.929e-02 4.464e+01
553 5.219e-01 4.825e-01 -4.154e-02 4.419e+01
554 5.395e-01 4.951e-01 -4.192e-02 4.360e+01
555 5.657e-01 5.184e-01 -4.185e-02 4.306e+01
556 5.852e-01 5.376e-01 -4.417e-02 4.281e+01
557 6.005e-01 5.482e-01 -4.542e-02 4.242e+01
558 6.206e-01 5.642e-01 -4.604e-02 4.180e+01
559 6.370e-01 5.774e-01 -4.633e-02 4.134e+01
560 6.514e-01 5.881e-01 -4.779e-02 4.102e+01
561 6.742e-01 6.086e-01 -4.969e-02 4.069e+01
562 6.844e-01 6.137e-01 -4.864e-02 4.035e+01
563 7.000e-01 6.211e-01 -4.891e-02 3.990e+01
564 7.214e-01 6.374e-01 -4.975e-02 3.946e+01
565 7.415e-01 6.517e-01 -5.295e-02 3.917e+01
566 7.630e-01 6.641e-01 -5.165e-02 3.858e+01
567 7.831e-01 6.821e-01 -5.231e-02 3.827e+01
568 8.088e-01 6.976e-01 -5.392e-02 3.778e+01
569 8.271e-01 7.023e-01 -5.322e-02 3.711e+01
570 8.388e-01 7.079e-01 -5.462e-02 3.690e+01
571 8.496e-01 7.150e-01 -5.219e-02 3.654e+01
572 8.652e-01 7.217e-01 -5.169e-02 3.610e+01
573 8.732e-01 7.283e-01 -5.147e-02 3.614e+01
574 8.719e-01 7.229e-01 -5.093e-02 3.608e+01
575 8.724e-01 7.240e-01 -5.110e-02 3.606e+01
576 8.668e-01 7.211e-01 -5.142e-02 3.613e+01
577 8.598e-01 7.129e-01 -5.064e-02 3.615e+01
578 8.646e-01 7.117e-01 -5.080e-02 3.608e+01
579 8.627e-01 7.127e-01 -5.167e-02 3.612e+01
580 8.628e-01 7.107e-01 -5.305e-02 3.608e+01
581 8.745e-01 7.159e-01 -5.384e-02 3.575e+01
582 8.896e-01 7.237e-01 -5.258e-02 3.534e+01
583 9.057e-01 7.323e-01 -5.464e-02 3.480e+01
584 9.318e-01 7.495e-01 -5.506e-02 3.425e+01
585 9.577e-01 7.682e-01 -5.420e-02 3.392e+01
586 9.748e-01 7.701e-01 -5.300e-02 3.330e+01
587 9.922e-01 7.739e-01 -5.065e-02 3.261e+01
588 9.990e-01 7.761e-01 -5.072e-02 3.231e+01
589 1.000e+00 7.643e-01 -4.871e-02 3.170e+01
590 9.968e-01 7.543e-01 -4.727e-02 3.126e+01
591 9.957e-01 7.495e-01 -4.609e-02 3.117e+01
592 9.766e-01 7.390e-01 -4.569e-02 3.128e+01
593 9.543e-01 7.190e-01 -4.525e-02 3.122e+01
594 9.278e-01 6.962e-01 -4.448e-02 3.108e+01
595 8.933e-01 6.616e-01 -4.280e-02 3.088e+01
596 8.449e-01 6.126e-01 -3.842e-02 3.049e+01
597 7.928e-01 5.591e-01 -3.363e-02 2.998e+01
598 7.474e-01 5.075e-01 -2.896e-02 2.935e+01
599 7.119e-01 4.701e-01 -2.637e-02 2.887e+01
600 6.787e-01 4.370e-01 -2.380e-02 2.811e+01
601 6.638e-01 4.191e-01 -2.310e-02 2.759e+01
602 6.637e-01 4.182e-01 -2.374e-02 2.739e+01
603 6.645e-01 4.205e-01 -2.466e-02 2.732e+01
604 6.717e-01 4.310e-01 -2.490e-02 2.732e+01
605 6.804e-01 4.419e-01 -2.800e-02 2.746e+01
606 6.867e-01 4.507e-01 -3.051e-02 2.777e+01
607 6.870e-01 4.524e-01 -3.117e-02 2.774e+01
608 6.833e-01 4.533e-01 -3.363e-02 2.777e+01
609 6.731e-01 4.499e-01 -3.314e-02 2.790e+01
610 6.607e-01 4.449e-01 -3.172e-02 2.805e+01
611 6.435e-01 4.330e-01 -3.190e-02 2.822e+01
612 6.171e-01 4.122e-01 -3.101e-02 2.812e+01
613 5.943e-01 3.949e-01 -2.970e-02 2.802e+01
614 5.638e-01 3.719e-01 -2.727e-02 2.798e+01
615 5.256e-01 3.430e-01 -2.529e-02 2.793e+01
616 4.969e-01 3.222e-01 -2.341e-02 2.780e+01
617 4.684e-01 3.022e-01 -2.263e-02 2.778e+01
618 4.388e-01 2.797e-01 -2.210e-02 2.773e+01
619 4.114e-01 2.602e-01 -2.156e-02 2.788e+01
620 3.847e-01 2.428e-01 -2.033e-02 2.791e+01
621 3.592e-01 2.264e-01 -1.938e-02 2.791e+01
622 3.395e-01 2.171e-01 -1.875e-02 2.779e+01
623 3.222e-01 2.087e-01 -1.777e-02 2.777e+01
624 3.077e-01 2.036e-01 -1.788e-02 2.772e+01
625 2.952e-01 2.008e-01 -1.769e-02 2.778e+01
626 2.810e-01 1.962e-01 -1.795e-02 2.782e+01
627 2.683e-01 1.920e-01 -1.837e-02 2.784e+01
628 2.594e-01 1.892e-01 -1.817e-02 2.769e+01
629 2.489e-01 1.861e-01 -1.809e-02 2.763e+01
630 2.374e-01 1.819e-01 -1.761e-02 2.756e+01
631 2.253e-01 1.761e-01 -1.733e-02 2.737e+01
632 2.151e-01 1.708e-01 -1.731e-02 2.728e+01
633 2.035e-01 1.630e-01 -1.627e-02 2.711e+01
634 1.934e-01 1.565e-01 -1.579e-02 2.692e+01
635 1.825e-01 1.497e-01 -1.479e-02 2.677e+01
636 1.735e-01 1.429e-01 -1.469e-02 2.651e+01
637 1.657e-01 1.375e-01 -1.393e-02 2.641e+01
638 1.581e-01 1.325e-01 -1.402e-02 2.622e+01
639 1.494e-01 1.256e-01 -1.342e-02 2.601e+01
640 1.414e-01 1.198e-01 -1.260e-02 2.596e+01
641 1.339e-01 1.141e-01 -1.232e-02 2.578e+01
642 1.264e-01 1.081e-01 -1.113e-02 2.569e+01
643 1.197e-01 1.024e-01 -1.099e-02 2.548e+01
644 1.146e-01 9.818e-02 -1.078e-02 2.531e+01
645 1.083e-01 9.279e-02 -1.025e-02 2.521e+01
646 1.029e-01 8.781e-02 -9.971e-03 2.505e+01
647 9.643e-02 8.225e-02 -9.199e-03 2.487e+01
648 9.150e-02 7.780e-02 -8.811e-03 2.465e+01
649 8.650e-02 7.379e-02 -8.129e-03 2.469e+01
650 8.080e-02 6.882e-02 -7.591e-03 2.447e+01
651 7.625e-02 6.481e-02 -7.232e-03 2.431e+01
652 7.198e-02 6.120e-02 -6.725e-03 2.410e+01
653 6.765e-02 5.780e-02 -6.230e-03 2.400e+01
654 6.422e-02 5.431e-02 -6.195e-03 2.395e+01
655 6.039e-02 5.107e-02 -5.775e-03 2.373e+01
656 5.713e-02 4.846e-02 -5.389e-03 2.361e+01
657 5.361e-02 4.560e-02 -4.879e-03 2.365e+01
658 5.059e-02 4.317e-02 -4.780e-03 2.351e+01
659 4.768e-02 4.106e-02 -4.512e-03 2.324e+01
660 4.530e-02 3.818e-02 -4.173e-03 2.319e+01
661 4.244e-02 3.616e-02 -3.696e-03 2.299e+01
662 4.039e-02 3.434e-02 -3.477e-03 2.324e+01
663 3.831e-02 3.279e-02 -3.698e-03 2.277e+01
664 3.572e-02 3.087e-02 -3.175e-03 2.291e+01
665 3.371e-02 2.925e-02 -3.436e-03 2.303e+01
666 3.176e-02 2.740e-02 -2.909e-03 2.257e+01
667 3.031e-02 2.600e-02 -2.790e-03 2.241e+01
668 2.849e-02 2.445e-02 -2.652e-03 2.264e+01
669 2.688e-02 2.300e-02 -2.326e-03 2.225e+01
670 2.497e-02 2.183e-02 -2.176e-03 2.258e+01
671 2.348e-02 2.054e-02 -2.262e-03 2.218e+01
672 2.246e-02 1.947e-02 -1.869e-03 2.202e+01
673 2.113e-02 1.847e-02 -1.749e-03 2.250e+01
674 1.966e-02 1.756e-02 -1.860e-03 2.250e+01
675 1.910e-02 1.666e-02 -1.614e-03 2.167e+01
676 1.773e-02 1.568e-02 -1.747e-03 2.165e+01
677 1.670e-02 1.482e-02 -1.707e-03 2.194e+01
678 1.590e-02 1.442e-02 -1.498e-03 2.225e+01
679 1.500e-02 1.340e-02 -1.336e-03 2.187e+01
680 1.415e-02 1.279e-02 -1.109e-03 2.239e+01
681 1.353e-02 1.201e-02 -1.369e-03 2.175e+01
682 1.296e-02 1.183e-02 -1.101e-03 2.134e+01
683 1.226e-02 1.117e-02 -1.147e-03 2.208e+01
684 1.142e-02 1.051e-02 -9.188e-04 2.102e+01
685 1.114e-02 9.856e-03 -9.918e-04 2.175e+01
686 1.059e-02 9.643e-03 -8.059e-04 2.173e+01
687 1.015e-02 9.108e-03 -5.670e-04 2.136e+01
688 9.469e-03 8.939e-03 -9.527e-04 2.123e+01
689 9.305e-03 8.797e-03 -6.626e-04 2.125e+01
690 8.940e-03 8.112e-03 -1.071e-03 2.149e+01
691 8.646e-03 7.893e-03 -8.780e-04 2.239e+01
692 8.003e-03 7.482e-03 -8.727e-04 2.185e+01
693 8.057e-03 7.387e-03 -6.590e-04 2.042e+01
694 7.447e-03 7.255e-03 -4.686e-04 2.105e+01
695 7.399e-03 6.606e-03 -1.038e-03 2.074e+01
696 7.423e-03 6.703e-03 -3.174e-04 2.006e+01
697 6.817e-03 6.445e-03 -8.964e-04 2.052e+01
698 6.819e-03 6.180e-03 -5.783e-04 2.074e+01
699 6.636e-03 5.786e-03 -6.934e-04 2.154e+01
700 6.014e-03 5.784e-03 -3.849e-04 2.051e+01
701 5.561e-03 5.868e-03 -4.170e-04 2.072e+01
702 5.558e-03 5.415e-03 -3.423e-04 2.084e+01
703 5.526e-03 5.308e-03 -4.479e-04 1.988e+01
704 5.460e-03 5.040e-03 -4.043e-04 2.228e+01
705 5.046e-03 4.812e-03 -5.896e-04 1.988e+01
706 5.115e-03 4.762e-03 -3.668e-04 2.069e+01
707 4.512e-03 4.772e-03 -2.676e-04 2.020e+01
708 4.676e-03 4.230e-03 -3.745e-04 2.087e+01
709 4.356e-03 4.372e-03 -4.885e-06 1.912e+01
710 4.549e-03 3.976e-03 -4.343e-04 2.009e+01
711 3.947e-03 3.952e-03 -2.343e-04 2.052e+01
712 3.983e-03 3.638e-03 -4.175e-04 2.116e+01
713 3.637e-03 3.717e-03 -3.715e-04 2.262e+01
714 3.733e-03 3.802e-03 -4.940e-04 1.975e+01
715 3.632e-03 3.817e-03 -3.405e-04 1.792e+01
716 3.519e-03 3.448e-03 -5.415e-04 1.997e+01
717 3.349e-03 3.213e-03 -1.736e-04 2.040e+01
718 3.100e-03 3.216e-03 -3.661e-04 2.002e+01
719 3.187e-03 3.149e-03 -2.592e-04 2.055e+01
720 3.246e-03 3.165e-03 -2.547e-04 1.956e+01
721 3.366e-03 3.019e-03 -2.541e-04 2.031e+01
722 2.906e-03 2.831e-03 -1.510e-04 1.833e+01
723 2.787e-03 3.027e-03 -3.163e-04 1.937e+01
724 2.895e-03 2.868e-03 -7.689e-05 1.955e+01
725 2.937e-03 2.639e-03 -1.459e-04 1.901e+01
726 2.722e-03 2.610e-03 -1.997e-04 2.063e+01
727 2.572e-03 2.480e-03 1.303e-04 2.052e+01
728 2.517e-03 2.271e-03 1.000e-05 2.016e+01
729 2.586e-03 2.303e-03 -6.918e-05 1.864e+01
730 2.412e-03 2.618e-03 -4.341e-05 1.974e+01
731 2.297e-03 2.478e-03 -2.019e-04 2.137e+01
732 2.574e-03 2.463e-03 -2.874e-04 1.920e+01
733 2.200e-03 2.396e-03 -2.727e-05 2.273e+01
734 2.266e-03 2.319e-03 -5.040e-05 1.789e+01
735 2.097e-03 2.442e-03 -7.703e-05 1.716e+01
736 2.129e-03 2.121e-03 -1.030e-04 1.560e+01
737 1.986e-03 2.196e-03 -3.260e-05 2.053e+01
738 1.872e-03 2.447e-03 -9.437e-05 1.940e+01
739 1.821e-03 2.285e-03 6.245e-06 1.898e+01
740 1.808e-03 2.071e-03 -2.753e-04 1.871e+01
741 1.718e-03 2.315e-03 -1.180e-04 1.934e+01
742 1.966e-03 2.052e-03 -2.139e-04 1.705e+01
743 1.787e-03 1.767e-03 -6.249e-05 1.902e+01
744 1.752e-03 2.156e-03 -2.089e-04 1.768e+01
745 1.989e-03 2.044e-03 8.757e-06 1.630e+01
746 1.747e-03 1.831e-03 -2.920e-04 1.836e+01
747 1.856e-03 1.607e-03 -2.243e-04 1.968e+01
748 1.746e-03 2.197e-03 -2.037e-05 1.786e+01
749 1.629e-03 1.794e-03 -1.826e-04 2.046e+01
750 1.845e-03 1.930e-03 1.128e-04 2.011e+01
751 1.756e-03 1.776e-03 -2.033e-04 1.501e+01
752 1.900e-03 1.905e-03 -1.618e-04 1.689e+01
753 1.704e-03 1.800e-03 -2.729e-04 2.016e+01
754 1.557e-03 1.845e-03 -9.986e-05 1.615e+01
755 1.738e-03 1.651e-03 2.593e-05 1.680e+01
756 1.554e-03 1.459e-03 -6.080e-05 1.537e+01
757 1.655e-03 1.625e-03 1.932e-05 1.399e+01
758 1.791e-03 1.624e-03 -1.330e-05 1.787e+01
759 1.393e-03 1.661e-03 -2.184e-04 1.693e+01
760 1.323e-03 1.625e-03 -3.137e-05 1.925e+01
761 1.582e-03 1.659e-03 1.205e-05 2.178e+01
762 1.381e-03 1.679e-03 1.486e-05 1.752e+01
763 1.593e-03 1.624e-03 8.782e-05 2.356e+01
764 1.241e-03 1.654e-03 -1.251e-04 1.878e+01
765 1.744e-03 1.312e-03 -3.824e-05 1.429e+01
766 1.559e-03 1.568e-03 -3.074e-05 1.448e+01
767 1.487e-03 1.385e-03 -7.627e-05 2.041e+01
768 1.463e-03 1.860e-03 -1.817e-04 1.803e+01
769 1.283e-03 1.485e-03 -1.698e-04 1.874e+01
770 1.361e-03 1.631e-03 1.296e-05 1.644e+01
771 1.272e-03 1.661e-03 -5.104e-05 1.467e+01
772 1.580e-03 1.592e-03 -9.099e-05 1.722e+01
773 1.585e-03 1.829e-03 6.835e-05 2.005e+01
774 1.672e-03 1.475e-03 -3.784e-04 1.533e+01
775 1.663e-03 1.701e-03 -2.118e-04 1.670e+01
776 1.511e-03 1.425e-03 -1.055e-04 1.772e+01
777 1.524e-03 1.565e-03 -9.188e-05 2.157e+01
778 1.297e-03 1.666e-03 -1.325e-04 1.385e+01
779 1.493e-03 1.506e-03 -9.524e-05 1.689e+01
780 1.392e-03 1.376e-03 -2.560e-04 2.071e+01
781 1.458e-03 1.514e-03 -1.124e-04 1.816e+01
782 1.548e-03 1.495e-03 -1.355e-04 1.841e+01
783 1.676e-03 1.461e-03 -3.074e-04 1.598e+01
784 1.695e-03 1.504e-03 -3.872e-05 1.995e+01
785 1.538e-03 1.622e-03 -8.984e-05 1.541e+01
786 1.805e-03 1.425e-03 -1.263e-04 1.944e+01
787 1.587e-03 1.471e-03 -1.520e-04 1.594e+01
788 1.322e-03 1.576e-03 1.160e-04 1.914e+01
789 1.626e-03 1.612e-03 -1.868e-04 1.858e+01
790 1.670e-03 1.605e-03 -3.090e-04 2.051e+01
791 1.257e-03 1.439e-03 -3.633e-04 1.718e+01
792 1.426e-03 1.344e-03 -4.726e-05 1.591e+01
793 1.393e-03 1.787e-03 -1.263e-04 1.595e+01
794 1.502e-03 1.540e-03 -2.869e-04 1.814e+01
795 1.459e-03 1.705e-03 -1.065e-04 1.378e+01
796 1.436e-03 1.647e-03 6.236e-05 1.753e+01
797 1.620e-03 1.614e-03 -7.319e-05 1.539e+01
798 1.485e-03 1.730e-03 -1.257e-06 1.363e+01
799 1.664e-03 1.696e-03 8.463e-05 2.175e+01
800 1.524e-03 1.483e-03 -2.706e-05 1.727e+01
801 1.495e-03 1.532e-03 6.323e-05 1.646e+01
802 1.618e-03 1.774e-03 5.382e-05 1.801e+01
803 1.601e-03 1.627e-03 1.114e-05 2.236e+01
804 1.451e-03 1.657e-03 -8.772e-05 2.077e+01
805 1.336e-03 1.711e-03 -5.676e-05 2.195e+01
806 1.547e-03 1.575e-03 -2.225e-04 1.806e+01
807 1.478e-03 1.657e-03 -5.026e-06 1.924e+01
808 1.577e-03 1.438e-03 -7.741e-05 1.926e+01
809 1.689e-03 1.825e-03 -1.395e-04 1.734e+01
810 1.346e-03 1.794e-03 -1.374e-04 1.737e+01
811 1.309e-03 1.642e-03 1.223e-04 1.911e+01
812 1.480e-03 1.559e-03 -2.911e-04 1.558e+01
813 1.455e-03 1.428e-03 -1.455e-04 1.631e+01
814 1.362e-03 1.533e-03 -1.113e-04 1.651e+01
815 1.536e-03 1.763e-03 6.714e-05 1.716e+01
816 1.624e-03 1.596e-03 7.776e-05 1.689e+01
817 1.590e-03 1.600e-03 6.689e-05 2.209e+01
818 1.663e-03 1.581e-03 -9.756e-05 1.673e+01
819 1.470e-03 1.451e-03 -1.313e-04 1.598e+01
820 1.657e-03 1.485e-03 -1.678e-04 1.652e+01
821 1.498e-03 1.530e-03 -2.607e-04 1.583e+01
822 1.423e-03 1.645e-03 -2.422e-04 1.929e+01
823 1.569e-03 1.758e-03 -1.013e-04 2.052e+01
824 1.277e-03 1.434e-03 -1.688e-04 2.159e+01
825 1.177e-03 1.339e-03 -1.425e-04 1.771e+01
826 1.294e-03 1.378e-03 1.879e-05 2.536e+01
827 1.325e-03 1.603e-03 -2.625e-05 1.930e+01
828 1.150e-03 1.624e-03 -2.091e-05 1.845e+01
829 1.465e-03 1.280e-03 -2.217e-04 2.097e+01
830 1.242e-03 1.231e-03 6.067e-05 1.729e+01
831 1.173e-03 1.035e-03 -1.422e-04 1.481e+01
832 1.034e-03 1.410e-03 4.702e-05 1.696e+01
833 1.179e-03 1.352e-03 -1.951e-04 1.908e+01
834 1.246e-03 1.371e-03 -1.891e-04 1.635e+01
835 1.011e-03 1.281e-03 -1.161e-04 1.327e+01
836 1.093e-03 1.318e-03 -9.353e-05 1.536e+01
837 8.609e-04 1.314e-03 -5.826e-05 1.824e+01
838 9.986e-04 1.046e-03 -2.146e-04 1.318e+01
839 1.087e-03 1.177e-03 4.669e-05 1.590e+01
840 9.097e-04 1.194e-03 -1.731e-04 1.565e+01
841 7.629e-04 1.113e-03 -2.599e-04 1.915e+01
842 8.770e-04 1.099e-03 -3.795e-04 1.291e+01
843 6.716e-04 1.282e-03 5.517e-05 1.696e+01
844 9.213e-04 8.079e-04 -1.624e-04 1.262e+01
845 9.559e-04 9.152e-04 -3.140e-05 1.764e+01
846 7.341e-04 1.159e-03 -3.796e-04 1.398e+01
847 7.525e-04 1.015e-03 -3.022e-05 1.418e+01
848 9.976e-04 9.875e-04 -1.465e-04 1.463e+01
849 8.344e-04 7.179e-04 -1.942e-04 2.464e+01
850 4.770e-04 8.806e-04 -1.433e-04 1.708e+01
851 5.345e-04 1.035e-03 1.982e-04 1.596e+01
852 5.824e-04 8.471e-04 8.115e-06 1.719e+01
853 7.733e-04 8.109e-04 2.128e-04 2.039e+01
854 8.271e-04 7.138e-04 7.835e-05 1.693e+01
855 7.337e-04 6.803e-04 -4.267e-05 1.494e+01
856 7.722e-04 7.297e-04 -2.586e-04 1.773e+01
857 7.528e-04 7.114e-04 -3.182e-06 2.650e+01
858 5.754e-04 8.807e-04 -8.919e-05 1.747e+01
859 4.073e-04 1.042e-03 -2.681e-05 1.687e+01
860 4.246e-04 5.444e-04 -5.717e-05 1.763e+01
861 6.963e-04 1.003e-03 -4.575e-05 1.673e+01
862 7.261e-04 7.208e-04 -2.219e-04 1.617e+01
863 4.184e-04 9.130e-04 7.691e-05 1.388e+01
864 3.914e-04 8.517e-04 7.284e-05 1.123e+01
865 4.352e-04 1.162e-03 1.089e-04 1.967e+01
866 5.277e-04 8.333e-04 -4.924e-05 1.176e+01
867 3.750e-04 6.644e-04 -7.484e-05 1.979e+01
868 6.287e-04 6.942e-04 9.881e-05 1.206e+01
869 5.987e-04 4.050e-04 9.626e-05 7.293e+00
870 6.874e-04 7.848e-04 -5.067e-05 1.732e+01
871 8.472e-04 7.365e-04 -1.291e-04 1.776e+01
872 2.184e-04 8.604e-04 -1.373e-04 1.776e+01
873 4.536e-04 9.586e-04 1.672e-04 2.085e+01
874 2.819e-04 6.471e-04 -4.724e-05 1.544e+01
875 5.911e-04 6.769e-04 -3.159e-04 2.059e+01
876 6.809e-04 7.343e-04 -3.253e-04 2.391e+01
877 8.168e-04 8.324e-04 -7.742e-05 7.534e+00
878 7.051e-04 5.577e-04 -1.888e-04 2.445e+01
879 5.332e-04 7.519e-04 1.959e-04 2.445e+01
880 7.591e-04 8.323e-04 -1.273e-04 2.117e+01
881 4.645e-04 1.043e-03 -1.949e-04 2.082e+01
882 7.185e-04 6.484e-04 -8.691e-05 1.627e+01
883 4.723e-04 9.142e-04 -8.960e-05 1.516e+01
884 4.807e-04 5.593e-04 -3.803e-05 2.170e+01
885 3.997e-04 7.589e-04 -1.923e-04 2.302e+01
886 5.030e-04 6.509e-04 -3.029e-04 1.360e+01
887 6.115e-04 8.144e-04 -2.223e-04 1.769e+01
888 6.574e-04 7.960e-04 -1.447e-04 2.003e+01
889 4.808e-04 5.788e-04 2.078e-04 7.285e+00
890 1.576e-04 6.011e-04 -5.789e-05 9.419e+00
891 3.932e-04 7.786e-04 1.088e-04 2.651e+01
892 4.528e-04 6.817e-04 -1.667e-04 1.086e+01
893 6.246e-04 8.342e-04 1.968e-04 1.337e+01
894 5.083e-04 5.541e-04 -1.524e-04 1.175e+01
895 5.737e-04 6.135e-04 -3.069e-04 8.616e+00
896 5.296e-04 7.014e-04 -3.650e-04 2.230e+01
897 4.710e-04 4.501e-04 -7.643e-05 1.611e+01
898 7.973e-04 7.009e-04 1.205e-04 1.393e+01
899 3.695e-04 5.151e-04 -8.639e-06 2.020e+01
900 8.244e-04 7.338e-04 2.846e-05 2.114e+01
901 5.253e-04 6.458e-04 -7.564e-05 1.399e+01
902 5.732e-04 4.151e-04 -2.576e-05 1.668e+01
903 2.768e-04 6.342e-04 1.941e-04 2.037e+01
904 5.769e-04 5.387e-04 -3.093e-04 6.745e+00
905 4.279e-04 9.928e-04 1.683e-04 2.655e+01
906 6.270e-04 6.602e-04 -1.350e-04 2.932e+01
907 3.752e-04 4.931e-04 4.830e-05 1.916e+01
908 6.075e-04 5.396e-04 -1.227e-05 2.042e+01
909 6.211e-04 8.374e-04 -2.845e-04 2.343e+01
910 3.984e-04 7.490e-04 -2.773e-05 2.770e+01
911 5.203e-04 7.203e-04 5.876e-05 1.756e+01
912 3.734e-04 7.207e-04 -2.950e-04 1.299e+01
913 2.383e-04 6.883e-04 -4.702e-05 9.866e+00
914 5.747e-04 4.853e-04 -1.371e-04 3.973e+01
915 3.541e-04 6.831e-04 -2.487e-04 6.117e+00
916 4.481e-04 8.214e-04 -1.627e-04 2.150e+01
917 5.016e-04 6.660e-04 -2.390e-04 1.306e+01
918 5.711e-04 5.214e-04 1.009e-04 2.373e+01
919 3.023e-04 5.411e-04 1.647e-04 2.346e+01
920 4.075e-04 4.798e-04 -1.190e-04 3.007e+01
921 4.872e-04 6.907e-04 -1.733e-04 1.223e+01
922 3.287e-04 4.744e-04 1.458e-05 1.161e+01
923 4.570e-04 7.037e-04 -3.567e-04 2.162e+01
924 9.417e-05 2.912e-04 4.551e-05 4.807e+00
925 5.937e-04 4.139e-04 7.255e-05 6.082e+00
926 5.018e-04 4.399e-04 -8.979e-05 2.847e+01
927 3.072e-04 5.393e-04 -6.314e-05 2.181e+01
928 4.534e-04 6.676e-04 -8.719e-05 1.254e+01
929 3.389e-04 2.895e-04 -8.907e-05 9.109e+00
930 3.371e-04 4.531e-04 1.047e-04 1.747e+01
931 2.546e-04 2.451e-04 1.170e-04 1.102e+01
932 2.533e-04 6.900e-04 9.008e-05 2.317e+01
933 4.847e-04 4.363e-04 1.313e-04 9.980e+00
934 2.104e-04 4.033e-04 -1.662e-04 1.624e+01
935 3.835e-04 3.518e-04 -3.187e-04 1.956e+01
936 4.499e-04 1.908e-04 -2.295e-04 0.000e+00
937 1.780e-04 3.418e-04 1.177e-04 1.925e+01
938 4.685e-04 6.460e-04 -2.177e-04 1.476e+01
939 1.188e-04 3.781e-04 -2.191e-04 1.649e+01
940 3.567e-04 2.485e-04 5.581e-05 1.940e+01
941 5.789e-04 4.795e-04 3.157e-04 1.502e+01
942 2.572e-04 6.780e-04 -5.284e-05 1.016e+01
943 4.784e-04 4.892e-04 8.668e-05 1.459e+01
944 3.393e-04 7.979e-04 1.383e-05 9.623e+00
945 2.339e-04 4.018e-04 -2.229e-05 2.200e+00
946 3.771e-04 3.893e-04 -1.265e-04 2.607e+01
947 1.633e-04 6.527e-04 2.567e-04 1.448e+01
948 2.177e-04 4.710e-04 1.688e-04 8.367e+00
949 1.625e-04 6.318e-04 -2.130e-04 3.196e+01
950 2.059e-04 3.997e-04 7.739e-05 2.775e+01
951 1.078e-04 1.293e-04 -1.240e-04 0.000e+00
952 1.404e-04 3.684e-04 1.090e-04 1.960e+01
953 8.019e-05 6.014e-04 -8.699e-05 1.990e+01
954 3.480e-04 4.412e-04 -2.169e-04 1.879e+01
955 1.381e-04 3.416e-04 -1.942e-04 1.859e+01
956 2.829e-04 3.780e-04 -3.702e-05 2.154e+01
957 3.942e-04 4.918e-04 -7.833e-05 1.732e+01
958 1.174e-04 3.406e-04 -1.557e-04 1.184e+01
959 2.021e-05 5.540e-04 -3.760e-04 1.298e+01
960 -3.002e-06 6.909e-04 1.917e-04 2.732e+00
961 4.270e-04 2.567e-04 -2.406e-04 6.201e+00
962 2.448e-04 1.147e-04 -6.307e-05 0.000e+00
963 2.347e-04 2.637e-04 -1.879e-04 6.903e+00
964 1.022e-04 4.517e-04 -3.677e-04 2.005e+01
965 2.098e-04 4.693e-04 -1.999e-04 7.198e+00
966 3.119e-04 3.921e-04 8.867e-05 1.304e+01
967 -8.989e-05 6.247e-04 1.252e-04 1.389e+01
968 1.116e-04 3.537e-04 -1.630e-04 1.643e+01
969 -4.682e-05 2.559e-04 1.578e-04 1.590e+01
970 1.664e-04 3.240e-04 -3.319e-05 2.346e+01
971 -7.368e-06 5.259e-04 -2.278e-04 1.276e+01
972 1.344e-04 3.487e-04 -1.109e-04 1.530e+01
973 3.702e-04 6.077e-04 -8.510e-05 1.220e+01
974 1.457e-04 2.970e-04 2.229e-04 1.664e+01
975 7.742e-05 2.893e-04 -1.553e-04 9.531e+00
976 1.089e-05 5.795e-04 -4.016e-05 1.226e+01
977 -1.521e-04 3.870e-04 1.454e-05 1.044e+01
978 1.695e-04 2.252e-04 6.842e-05 2.296e+01
979 2.841e-05 4.107e-04 -1.858e-04 2.449e+01
980 1.934e-04 4.577e-04 1.453e-04 1.026e+01
981 3.111e-04 1.765e-04 -2.074e-04 0.000e+00
982 -4.029e-05 1.915e-04 -1.015e-04 0.000e+00
983 1.307e-04 1.794e-04 -4.192e-05 0.000e+00
984 1.013e-04 3.930e-04 -6.839e-05 2.561e+01
985 4.470e-04 3.400e-04 -1.538e-04 -2.115e+00
986 2.816e-04 4.724e-04 -6.337e-05 2.440e+01
987 3.200e-04 3.476e-04 -2.201e-04 1.448e+01
988 -8.414e-05 2.762e-04 4.150e-05 1.090e+01
989 3.045e-04 4.027e-04 -6.460e-05 2.772e+01
990 3.401e-04 5.312e-04 8.822e-05 9.121e+00
991 1.450e-04 5.255e-04 -1.251e-05 2.107e+01
992 -1.439e-04 5.427e-05 4.310e-05 0.000e+00
993 1.700e-04 3.352e-04 5.629e-05 1.134e+01
994 3.994e-04 3.184e-04 -1.550e-04 2.578e+01
995 1.094e-04 1.501e-04 -1.276e-04 0.000e+00
996 1.945e-04 4.388e-04 -2.859e-05 1.615e+01
997 1.460e-04 2.051e-04 -6.505e-05 0.000e+00
998 4.016e-04 2.260e-04 3.574e-05 2.935e+01
999 -2.844e-05 7.295e-04 1.959e-04 1.567e+01
1000 5.536e-05 1.965e-04 3.872e-05 0.000e+00
1001 2.482e-05 5.601e-04 2.469e-05 1.750e+01
1002 1.144e-04 3.281e-04 1.635e-04 8.889e+00
1003 -1.974e-04 3.382e-04 -8.682e-05 1.695e+01
1004 -2.987e-04 6.887e-04 4.779e-05 2.784e+01
1005 -1.890e-05 2.612e-04 -9.317e-05 1.128e+01
1006 -7.021e-05 4.129e-04 -1.606e-04 2.133e+01
1007 -4.848e-05 3.859e-04 -3.914e-05 5.989e+00
1008 2.959e-04 1.924e-04 1.184e-04 0.000e+00
1009 1.900e-04 2.802e-04 -1.324e-04 1.537e+01
1010 -1.233e-04 3.939e-04 -2.469e-05 1.908e+01
1011 -1.371e-04 4.404e-04 -2.058e-04 2.868e+01
1012 2.027e-04 4.003e-04 5.795e-05 -5.523e-01
1013 2.684e-04 3.820e-04 -1.374e-04 5.540e+00
1014 -2.866e-05 4.140e-04 -1.500e-04 8.657e+00
1015 1.330e-05 4.116e-04 -3.196e-04 3.263e+01
1016 1.009e-04 3.606e-04 -9.015e-05 1.594e+01
1017 1.018e-05 3.299e-04 1.035e-05 1.532e+01
1018 -5.929e-06 4.870e-04 8.476e-05 2.152e+01
1019 7.486e-05 3.987e-04 -3.826e-05 1.826e+01
1020 -1.919e-04 2.336e-04 -2.968e-04 -1.739e+00
1021 1.601e-04 3.925e-04 -1.833e-04 2.049e+01
1022 -9.519e-05 4.693e-04 3.578e-05 1.985e+01
1023 -7.796e-05 2.884e-04 -6.563e-05 1.886e+01
1024 7.145e-06 2.345e-04 -3.536e-05 3.137e+01
1025 1.672e-04 4.062e-04 2.126e-04 1.982e+01
1026 2.329e-04 4.387e-04 -8.434e-07 -2.750e+00
1027 7.228e-05 3.837e-04 -2.458e-05 1.177e+01
1028 3.995e-04 3.029e-04 -6.323e-05 2.578e+01
1029 -1.786e-04 2.803e-04 1.488e-04 6.311e+00
1030 4.107e-04 4.938e-04 3.448e-05 2.334e+01
1031 3.494e-05 4.216e-04 -2.747e-04 3.789e+01
1032 1.268e-04 6.559e-04 8.345e-05 1.088e+01
1033 5.440e-04 4.306e-04 1.475e-04 2.140e+01
1034 2.321e-04 5.765e-04 1.978e-04 2.476e+01
1035 -7.633e-05 3.506e-04 -1.464e-04 1.469e+01
1036 3.659e-05 3.249e-04 -1.373e-04 3.369e+01
1037 2.769e-04 4.812e-04 -3.055e-05 9.592e+00
1038 1.851e-04 3.076e-04 -5.700e-05 3.997e+01
1039 4.126e-04 3.305e-04 1.720e-04 2.369e+01
1040 1.403e-04 2.778e-04 1.821e-05 1.185e+01
1041 2.455e-04 6.219e-04 -8.732e-05 2.681e+01
1042 1.312e-04 2.029e-04 1.538e-05 0.000e+00
1043 7.108e-05 3.374e-04 -2.536e-04 1.138e+01
1044 1.029e-04 4.073e-04 -1.631e-04 1.896e+01
1045 6.252e-05 3.283e-04 2.108e-04 1.603e+01
1046 9.622e-05 3.653e-04 -1.463e-04 1.857e+01
1047 7.969e-05 8.450e-04 -9.772e-05 1.930e+01
1048 2.147e-04 6.159e-04 8.628e-06 1.468e+01
1049 1.663e-04 4.696e-04 -1.016e-05 2.518e+01
1050 2.099e-04 4.311e-04 5.808e-05 2.780e+01
1051 -4.712e-05 3.033e-04 -6.760e-05 1.483e+01
1052 4.032e-04 4.421e-04 5.315e-05 2.197e+01
1053 1.566e-04 2.259e-04 -1.566e-04 1.906e+01
1054 4.309e-04 3.734e-04 -1.648e-04 2.252e+01
1055 1.998e-04 4.844e-04 -1.216e-04 2.061e+01
1056 3.541e-04 4.905e-04 -9.948e-06 1.867e+01
1057 3.066e-04 1.691e-04 -2.326e-04 0.000e+00
1058 3.468e-04 4.537e-04 -1.969e-04 2.726e+01
1059 2.252e-04 4.333e-04 -2.441e-04 2.397e+01
1060 1.814e-04 5.970e-04 -1.028e-04 2.195e+01
1061 2.828e-04 5.526e-04 -6.452e-05 1.774e+01
1062 1.361e-04 6.266e-04 7.741e-05 2.869e+01
1063 -1.619e-04 5.291e-04 -1.416e-04 1.325e+01
1064 6.200e-05 6.972e-04 -3.209e-04 2.851e+01
1065 -2.304e-06 6.269e-04 -1.759e-04 2.138e+01
1066 4.842e-04 4.262e-04 4.434e-05 2.241e+01
1067 3.774e-04 5.458e-04 -9.531e-05 2.851e+01
1068 4.248e-04 7.306e-04 -1.591e-04 1.311e+01
1069 2.149e-04 5.488e-04 -2.154e-04 3.118e+01
1070 1.262e-04 6.092e-04 -7.609e-05 1.741e+01
1071 2.692e-04 7.240e-04 -2.548e-04 9.153e+00
1072 1.101e-04 7.027e-04 -3.599e-05 2.216e+01
1073 5.985e-04 3.742e-04 -8.089e-05 3.074e+01
1074 1.730e-04 3.732e-04 -3.174e-04 3.457e+01
1075 2.814e-04 6.620e-04 -4.830e-05 2.909e+01
1076 4.855e-04 4.100e-04 -1.789e-04 2.629e+01
1077 5.822e-04 6.689e-04 -1.700e-04 2.809e+01
1078 4.268e-04 5.804e-04 -2.191e-04 3.160e+01
1079 3.504e-04 6.730e-04 -2.043e-04 2.664e+01
1080 6.422e-04 4.100e-04 6.565e-05 2.733e+01
1081 4.937e-04 6.544e-04 -8.914e-05 2.137e+01
1082 5.612e-04 4.442e-04 -2.333e-04 1.805e+01
1083 2.953e-04 5.974e-04 6.430e-05 3.123e+01
1084 2.656e-04 5.919e-04 -1.746e-04 1.699e+01
1085 3.827e-04 6.458e-04 -2.004e-04 2.338e+01
1086 3.841e-05 9.026e-04 -1.539e-04 1.708e+01
1087 5.049e-04 4.009e-04 -6.334e-05 1.554e+01
1088 6.656e-04 5.776e-04 -2.119e-04 1.724e+01
1089 3.592e-04 7.431e-04 -1.320e-04 2.187e+01
1090 6.481e-04 7.877e-04 -2.629e-04 2.180e+01
1091 4.774e-04 7.160e-04 -1.117e-04 2.481e+01
1092 4.896e-04 7.415e-04 -2.832e-04 1.760e+01
1093 2.573e-04 7.454e-04 -3.929e-04 2.796e+01
1094 6.208e-04 7.888e-04 -2.965e-04 2.971e+01
1095 4.334e-04 7.204e-04 -4.055e-04 1.469e+01
1096 6.883e-04 6.177e-04 7.396e-05 2.410e+01
1097 5.333e-04 4.044e-04 -6.314e-05 2.232e+01
1098 4.510e-04 8.619e-04 1.728e-05 2.770e+01
1099 5.024e-04 7.457e-04 -1.070e-04 2.070e+01
1100 5.725e-04 6.633e-04 -1.603e-04 2.392e+01
1101 5.702e-04 7.432e-04 -5.546e-07 2.793e+01
1102 3.395e-04 6.801e-04 -1.914e-04 3.045e+01
1103 3.833e-04 6.728e-04 8.804e-05 3.169e+01
1104 4.397e-04 7.577e-04 -2.184e-04 2.671e+01
1105 6.620e-04 6.675e-04 -7.038e-05 2.377e+01
1106 8.389e-04 4.223e-04 -5.977e-05 2.950e+01
1107 4.946e-04 7.554e-04 -1.133e-04 2.782e+01
1108 4.676e-04 7.414e-04 -1.149e-04 2.473e+01
1109 4.605e-04 5.950e-04 -3.086e-05 3.310e+01
1110 5.143e-04 5.825e-04 3.598e-05 3.044e+01
1111 6.927e-04 8.069e-04 -1.538e-04 2.136e+01
1112 3.519e-04 8.193e-04 -4.805e-05 2.994e+01
1113 5.003e-04 7.867e-04 -1.808e-04 2.308e+01
1114 4.424e-04 7.860e-04 -5.963e-05 1.900e+01
1115 1.040e-03 7.296e-04 -4.119e-04 3.122e+01
1116 3.414e-04 6.332e-04 -1.494e-04 2.024e+01
1117 9.441e-04 7.436e-04 -2.427e-04 3.249e+01
1118 7.242e-04 7.510e-04 -1.147e-04 2.397e+01
1119 3.337e-04 8.080e-04 -4.223e-05 2.513e+01
1120 8.932e-04 8.341e-04 -1.998e-04 2.877e+01
1121 5.478e-04 7.897e-04 -9.586e-05 1.554e+01
1122 6.627e-04 6.335e-04 -3.175e-04 2.734e+01
1123 7.170e-04 7.731e-04 -2.365e-04 2.601e+01
1124 8.565e-04 5.404e-04 -3.428e-04 3.806e+01
1125 6.737e-04 7.507e-04 -2.705e-04 3.068e+01
1126 7.595e-04 7.981e-04 -1.231e-04 2.729e+01
1127 8.208e-04 9.345e-04 -4.165e-04 2.738e+01
1128 7.500e-04 7.461e-04 -2.704e-04 2.682e+01
1129 5.864e-04 1.078e-03 -1.138e-04 2.499e+01
1130 5.986e-04 7.858e-04 -9.610e-05 2.892e+01
1131 8.103e-04 8.466e-04 -1.244e-04 2.857e+01
1132 6.587e-04 7.162e-04 -2.002e-04 3.130e+01
1133 4.234e-04 7.609e-04 -4.662e-04 3.603e+01
1134 3.532e-04 8.199e-04 -3.354e-04 3.080e+01
1135 7.294e-04 8.474e-04 -2.915e-04 2.740e+01
1136 7.011e-04 8.279e-04 -3.763e-04 3.151e+01
1137 6.529e-04 1.001e-03 -3.608e-04 2.673e+01
1138 6.588e-04 7.207e-04 -3.733e-04 2.311e+01
1139 9.666e-04 9.714e-04 -2.121e-05 1.964e+01
1140 8.883e-04 1.029e-03 -2.727e-04 2.998e+01
1141 1.100e-03 8.853e-04 -2.801e-04 2.196e+01
1142 5.781e-04 8.282e-04 -3.216e-04 3.068e+01
1143 7.580e-04 1.062e-03 5.007e-06 2.560e+01
1144 6.442e-04 8.367e-04 -1.429e-04 2.893e+01
1145 6.445e-04 7.106e-04 -1.906e-04 2.398e+01
1146 7.780e-04 6.659e-04 -2.440e-04 2.830e+01
1147 6.377e-04 8.702e-04 -1.224e-04 2.634e+01
1148 6.221e-04 7.960e-04 -1.719e-04 3.132e+01
1149 9.202e-04 8.123e-04 -3.833e-04 3.253e+01
1150 4.827e-04 9.019e-04 -2.109e-04 2.551e+01
1151 8.858e-04 1.024e-03 -2.071e-04 3.155e+01
1152 7.428e-04 7.524e-04 -3.573e-04 3.563e+01
1153 5.763e-04 1.011e-03 6.204e-05 2.785e+01
1154 5.965e-04 6.829e-04 -3.924e-04 3.087e+01
1155 7.596e-04 1.112e-03 -3.492e-04 2.538e+01
1156 6.231e-04 1.082e-03 -2.039e-04 2.710e+01
1157 9.085e-04 9.142e-04 -3.420e-04 3.475e+01
1158 9.521e-04 9.158e-04 -3.665e-05 2.643e+01
1159 9.214e-04 1.052e-03 -2.512e-04 3.275e+01
1160 7.414e-04 8.929e-04 -4.699e-05 2.902e+01
1161 5.152e-04 1.101e-03 -3.291e-04 3.362e+01
1162 5.727e-04 9.484e-04 -6.139e-05 3.332e+01
1163 6.002e-04 7.237e-04 -3.441e-04 3.014e+01
1164 7.239e-04 7.327e-04 -3.969e-05 2.646e+01
1165 7.232e-04 5.080e-04 -1.691e-04 2.754e+01
1166 5.355e-04 6.465e-04 -1.858e-04 3.216e+01
1167 4.173e-04 4.372e-04 2.003e-05 2.700e+01
1168 4.629e-04 5.235e-04 4.902e-07 3.790e+01
1169 4.206e-04 6.177e-04 -1.333e-04 2.740e+01
1170 7.257e-04 7.165e-04 -2.474e-04 3.173e+01
1171 5.684e-04 5.931e-04 5.254e-05 2.990e+01
1172 5.111e-04 7.859e-04 -2.337e-04 2.967e+01
1173 2.477e-04 1.080e-03 -1.936e-04 2.967e+01
1174 6.693e-04 8.978e-04 -3.104e-04 3.535e+01
1175 6.695e-04 7.278e-04 -2.784e-04 2.682e+01
1176 4.305e-04 1.025e-03 -3.343e-05 2.613e+01
1177 6.690e-04 7.904e-04 1.147e-04 2.894e+01
1178 5.172e-04 5.349e-04 -4.797e-05 2.863e+01
1179 4.628e-04 8.193e-04 -1.173e-04 2.696e+01
1180 4.391e-04 8.893e-04 -1.692e-04 2.798e+01
1181 5.481e-04 6.767e-04 -5.124e-05 2.690e+01
1182 4.990e-04 6.532e-04 -3.734e-05 2.243e+01
1183 5.851e-04 8.602e-04 -8.666e-05 2.772e+01
1184 6.807e-04 8.198e-04 -2.077e-04 2.875e+01
1185 8.100e-04 7.706e-04 -1.087e-05 2.688e+01
1186 7.936e-04 7.725e-04 -2.784e-04 2.386e+01
1187 8.627e-04 1.003e-03 -1.741e-04 3.454e+01
1188 6.943e-04 1.178e-03 -3.137e-04 3.741e+01
1189 8.265e-04 9.217e-04 -1.589e-04 3.577e+01
1190 8.016e-04 9.904e-04 -3.610e-04 3.619e+01
1191 9.880e-04 8.106e-04 -4.420e-04 3.167e+01
1192 9.150e-04 9.926e-04 -1.713e-04 3.277e+01
1193 9.903e-04 1.280e-03 -1.373e-04 3.399e+01
1194 1.065e-03 1.136e-03 -4.133e-04 3.283e+01
1195 1.261e-03 1.206e-03 -3.101e-04 3.628e+01
1196 1.239e-03 1.068e-03 -3.620e-04 3.137e+01
1197 7.692e-04 9.317e-04 -3.556e-04 3.595e+01
1198 9.260e-04 1.281e-03 -2.208e-04 2.761e+01
1199 1.221e-03 1.219e-03 -3.390e-04 3.058e+01
1200 9.298e-04 1.219e-03 -2.543e-04 3.151e+01
1201 9.244e-04 1.111e-03 -3.673e-04 3.456e+01
1202 9.129e-04 9.041e-04 -1.626e-04 3.419e+01
1203 9.421e-04 1.032e-03 -1.225e-04 3.531e+01
1204 1.143e-03 1.176e-03 -1.457e-04 4.167e+01
1205 1.077e-03 1.325e-03 -3.547e-04 3.441e+01
1206 7.980e-04 9.560e-04 -6.735e-05 3.327e+01
1207 1.013e-03 1.086e-03 -4.004e-04 3.457e+01
1208 1.171e-03 1.179e-03 -1.651e-04 3.684e+01
1209 1.317e-03 1.100e-03 -6.218e-04 3.163e+01
1210 1.022e-03 1.329e-03 -3.153e-04 3.545e+01
1211 9.872e-04 1.126e-03 -1.891e-04 3.798e+01
1212 9.661e-04 1.042e-03 -3.310e-04 3.369e+01
1213 1.174e-03 1.175e-03 -1.354e-05 3.618e+01
1214 1.102e-03 1.122e-03 -3.034e-04 3.459e+01
1215 1.040e-03 1.083e-03 -2.236e-04 3.197e+01
1216 1.045e-03 1.285e-03 -2.889e-04 2.823e+01
1217 7.954e-04 1.114e-03 -6.670e-04 3.265e+01
1218 1.041e-03 1.042e-03 -2.002e-04 2.852e+01
1219 1.206e-03 1.386e-03 -2.608e-04 3.293e+01
1220 1.341e-03 1.296e-03 -3.970e-04 2.697e+01
1221 1.068e-03 1.301e-03 -2.787e-04 3.256e+01
1222 1.097e-03 8.530e-04 -2.648e-04 3.752e+01
1223 1.162e-03 1.182e-03 -5.392e-04 3.358e+01
1224 1.162e-03 1.071e-03 -3.506e-04 3.320e+01
1225 1.114e-03 1.254e-03 -2.462e-05 3.711e+01
1226 1.233e-03 9.875e-04 -3.355e-04 3.977e+01
1227 8.508e-04 1.057e-03 -6.198e-04 2.908e+01
1228 1.235e-03 9.942e-04 -6.517e-04 3.838e+01
1229 1.095e-03 1.207e-03 -1.169e-04 3.541e+01
1230 1.340e-03 1.137e-03 -2.878e-04 3.106e+01
1231 1.224e-03 9.290e-04 -2.966e-04 3.788e+01
1232 1.028e-03 1.134e-03 -3.188e-04 3.546e+01
1233 1.011e-03 1.377e-03 -3.215e-04 3.715e+01
1234 1.378e-03 1.378e-03 -6.116e-04 3.991e+01
1235 1.243e-03 1.336e-03 -2.236e-04 3.620e+01
1236 9.616e-04 1.097e-03 -3.208e-04 3.091e+01
1237 1.359e-03 1.152e-03 -3.621e-04 3.976e+01
1238 9.006e-04 1.200e-03 -4.076e-04 3.302e+01
1239 1.390e-03 1.243e-03 -5.041e-04 3.711e+01
1240 1.277e-03 1.185e-03 -1.617e-04 3.461e+01
1241 1.372e-03 1.152e-03 -1.278e-04 3.776e+01
1242 1.327e-03 1.277e-03 -4.838e-04 3.991e+01
1243 1.151e-03 1.377e-03 -3.686e-04 3.687e+01
1244 1.517e-03 1.299e-03 -4.703e-04 3.538e+01
1245 1.235e-03 1.168e-03 -2.583e-04 3.000e+01
1246 1.341e-03 1.079e-03 -1.812e-04 3.352e+01
1247 1.155e-03 1.308e-03 -2.548e-04 3.440e+01
1248 1.412e-03 1.322e-03 -1.613e-04 3.797e+01
1249 1.295e-03 1.085e-03 -3.753e-04 3.520e+01
1250 1.338e-03 1.554e-03 -3.298e-04 3.757e+01
1251 1.236e-03 1.275e-03 -4.054e-04 3.527e+01
1252 1.304e-03 1.094e-03 -2.695e-04 3.506e+01
1253 1.190e-03 1.002e-03 -3.510e-04 3.437e+01
1254 1.022e-03 1.541e-03 -1.900e-04 3.296e+01
1255 1.312e-03 1.097e-03 -4.537e-04 4.010e+01
1256 1.203e-03 1.187e-03 -1.358e-04 4.407e+01
1257 1.112e-03 1.140e-03 -2.681e-04 3.617e+01
1258 1.067e-03 1.382e-03 -4.901e-04 3.798e+01
1259 1.160e-03 1.026e-03 -2.421e-04 3.904e+01
1260 9.996e-04 1.161e-03 -4.172e-04 3.960e+01
1261 1.351e-03 1.080e-03 -6.261e-04 3.397e+01
1262 1.342e-03 1.001e-03 -2.737e-04 3.861e+01
1263 1.213e-03 9.602e-04 -2.903e-04 4.152e+01
1264 1.136e-03 1.299e-03 -3.993e-04 3.968e+01
1265 8.687e-04 1.544e-03 -1.881e-04 4.050e+01
1266 1.386e-03 1.260e-03 -7.304e-04 3.406e+01
1267 1.201e-03 1.301e-03 -3.215e-04 3.771e+01
1268 1.201e-03 9.660e-04 -3.332e-04 3.468e+01
1269 9.806e-04 1.215e-03 -4.802e-04 3.642e+01
1270 1.200e-03 1.379e-03 -2.991e-04 3.726e+01
1271 1.273e-03 1.546e-03 9.627e-06 3.732e+01
1272 1.246e-03 1.396e-03 -3.662e-04 3.749e+01
1273 1.318e-03 1.526e-03 -4.410e-04 3.865e+01
1274 1.232e-03 9.313e-04 -5.135e-04 4.277e+01
1275 1.251e-03 1.116e-03 -4.918e-04 3.956e+01
1276 1.251e-03 1.374e-03 -1.954e-04 4.261e+01
1277 1.059e-03 1.264e-03 -3.880e-04 3.573e+01
1278 1.041e-03 1.245e-03 -2.258e-04 3.476e+01
1279 1.178e-03 1.437e-03 -3.336e-04 3.561e+01
1280 1.127e-03 1.363e-03 -2.501e-04 4.098e+01
1281 1.304e-03 1.266e-03 -3.285e-04 3.645e+01
1282 1.326e-03 1.179e-03 -7.028e-04 3.750e+01
1283 9.789e-04 1.623e-03 -1.751e-04 3.442e+01
1284 1.180e-03 1.139e-03 -5.087e-04 3.629e+01
1285 1.209e-03 1.140e-03 -2.512e-04 3.666e+01
1286 1.119e-03 1.291e-03 -4.203e-04 3.237e+01
1287 1.204e-03 1.356e-03 -7.134e-05 3.923e+01
1288 1.034e-03 1.167e-03 -4.273e-04 3.925e+01
1289 1.101e-03 1.223e-03 -4.842e-04 3.767e+01
1290 1.209e-03 1.380e-03 -3.676e-04 4.199e+01
1291 1.339e-03 1.440e-03 -2.317e-04 4.109e+01
1292 1.308e-03 1.360e-03 -1.401e-04 3.928e+01
1293 1.323e-03 1.152e-03 -4.428e-04 3.997e+01
1294 1.276e-03 1.467e-03 -3.320e-04 3.996e+01
1295 1.057e-03 1.128e-03 -2.335e-04 3.753e+01
1296 1.091e-03 1.290e-03 -1.896e-04 4.145e+01
1297 1.198e-03 1.146e-03 -2.597e-04 3.855e+01
1298 1.200e-03 1.051e-03 -3.240e-04 3.426e+01
1299 1.251e-03 1.418e-03 -3.490e-04 4.200e+01
1300 1.279e-03 1.202e-03 -4.908e-04 3.569e+01
1301 1.148e-03 1.365e-03 -3.235e-04 4.180e+01
1302 1.378e-03 1.211e-03 -4.380e-04 3.459e+01
1303 1.134e-03 1.258e-03 -2.559e-04 3.904e+01
1304 1.193e-03 1.379e-03 -3.508e-04 3.967e+01
1305 1.085e-03 1.194e-03 -1.667e-04 3.905e+01
1306 1.128e-03 1.017e-03 -2.088e-04 4.150e+01
1307 1.151e-03 1.131e-03 -4.022e-04 3.884e+01
1308 1.187e-03 1.401e-03 -4.213e-04 3.888e+01
1309 1.156e-03 1.381e-03 -2.478e-04 4.407e+01
1310 1.001e-03 1.262e-03 -4.183e-04 3.890e+01
1311 1.197e-03 1.116e-03 -4.700e-04 3.804e+01
1312 9.661e-04 1.135e-03 -4.086e-04 3.558e+01
1313 1.091e-03 1.334e-03 -2.815e-04 3.801e+01
1314 1.064e-03 1.188e-03 -2.535e-04 4.314e+01
1315 1.275e-03 1.001e-03 1.765e-04 4.037e+01
1316 1.040e-03 8.952e-04 -1.283e-04 4.222e+01
1317 1.069e-03 1.223e-03 -4.611e-04 3.504e+01
1318 1.076e-03 1.445e-03 -1.862e-04 3.996e+01
1319 9.719e-04 1.021e-03 -3.207e-04 4.225e+01
1320 1.151e-03 1.061e-03 -2.839e-04 3.983e+01
1321 1.170e-03 1.151e-03 -3.841e-04 4.097e+01
1322 1.016e-03 1.041e-03 -2.782e-05 4.463e+01
1323 1.001e-03 1.136e-03 -2.766e-04 3.920e+01
1324 1.137e-03 1.151e-03 -3.677e-05 3.910e+01
1325 9.675e-04 1.469e-03 -2.900e-04 4.179e+01
1326 1.181e-03 1.245e-03 -2.567e-04 4.619e+01
1327 1.212e-03 1.092e-03 -3.868e-04 4.525e+01
1328 1.166e-03 9.065e-04 -3.714e-04 3.684e+01
1329 1.161e-03 1.339e-03 -1.772e-04 4.037e+01
1330 1.134e-03 1.012e-03 -2.370e-04 4.324e+01
1331 9.250e-04 1.013e-03 -2.803e-04 4.639e+01
1332 1.100e-03 8.716e-04 -2.566e-04 4.122e+01
1333 9.480e-04 1.061e-03 -1.735e-04 4.286e+01
1334 1.118e-03 9.782e-04 -2.105e-04 4.030e+01
1335 9.866e-04 9.678e-04 -1.373e-04 4.198e+01
1336 9.236e-04 1.105e-03 -3.455e-04 4.064e+01
1337 8.392e-04 8.059e-04 -5.504e-05 3.596e+01
1338 1.056e-03 9.868e-04 -2.104e-04 4.408e+01
1339 1.117e-03 1.112e-03 -1.260e-04 4.244e+01
1340 9.495e-04 7.787e-04 -1.229e-04 4.825e+01
1341 7.962e-04 9.031e-04 -2.693e-04 4.462e+01
1342 8.591e-04 7.050e-04 -4.136e-04 4.512e+01
1343 8.751e-04 1.062e-03 -3.737e-04 4.179e+01
1344 7.262e-04 6.548e-04 -3.841e-04 3.321e+01
1345 7.265e-04 1.082e-03 -6.232e-05 4.502e+01
1346 8.794e-04 1.048e-03 -3.328e-04 4.548e+01
1347 1.091e-03 8.369e-04 -2.042e-04 4.388e+01
1348 8.804e-04 7.004e-04 1.451e-04 3.752e+01
1349 7.244e-04 1.067e-03 -1.558e-04 4.410e+01
1350 8.103e-04 7.780e-04 -3.239e-04 3.884e+01
1351 8.407e-04 7.047e-04 -2.611e-04 3.435e+01
1352 8.871e-04 6.673e-04 2.052e-04 3.791e+01
1353 7.977e-04 4.788e-04 -2.153e-04 3.809e+01
1354 6.317e-04 5.077e-04 -5.426e-05 4.554e+01
1355 9.192e-04 7.291e-04 9.574e-06 3.704e+01
1356 9.804e-04 8.199e-04 -1.077e-04 4.767e+01
1357 6.077e-04 8.744e-04 -2.292e-04 4.261e+01
1358 6.678e-04 8.796e-04 -3.829e-05 3.777e+01
1359 8.710e-04 8.352e-04 -3.124e-04 4.418e+01
1360 5.676e-04 8.378e-04 -2.347e-04 4.249e+01
1361 7.715e-04 8.528e-04 -9.836e-05 3.540e+01
1362 6.593e-04 9.320e-04 -1.481e-04 4.448e+01
1363 6.551e-04 6.507e-04 7.971e-06 4.140e+01
1364 9.320e-04 9.901e-04 -8.305e-05 4.219e+01
1365 6.339e-04 8.506e-04 -2.316e-04 5.297e+01
1366 6.951e-04 5.110e-04 -1.463e-04 4.005e+01
1367 7.711e-04 8.749e-04 6.726e-05 4.160e+01
1368 6.597e-04 8.125e-04 -2.149e-04 4.519e+01
1369 6.344e-04 6.530e-04 -5.569e-05 4.134e+01
1370 7.347e-04 1.008e-03 -2.249e-04 4.403e+01
1371 8.211e-04 6.473e-04 -5.870e-05 5.026e+01
1372 8.318e-04 5.724e-04 -2.293e-04 3.775e+01
1373 4.293e-04 5.704e-04 -4.390e-04 3.740e+01
1374 9.481e-04 5.314e-04 -2.974e-04 5.119e+01
1375 8.206e-04 7.735e-04 -4.478e-04 4.158e+01
1376 7.252e-04 6.254e-04 -1.477e-04 3.681e+01
1377 5.586e-04 9.960e-04 -3.155e-05 3.779e+01
1378 5.767e-04 7.463e-04 -2.150e-04 3.628e+01
1379 7.846e-04 8.441e-04 8.568e-05 4.090e+01
1380 4.693e-04 6.904e-04 -3.112e-05 4.528e+01
1381 4.864e-04 6.505e-04 -2.282e-04 4.059e+01
1382 6.173e-04 7.648e-04 -2.314e-04 4.479e+01
1383 8.952e-04 5.893e-04 -1.645e-04 3.910e+01
1384 8.078e-04 8.221e-04 -1.716e-04 4.047e+01
1385 7.986e-04 9.422e-04 -1.738e-04 4.740e+01
1386 7.544e-04 7.852e-04 -1.133e-04 3.533e+01
1387 9.317e-04 9.617e-04 -1.188e-04 4.950e+01
1388 5.961e-04 1.102e-03 -2.735e-05 3.736e+01
1389 6.555e-04 8.576e-04 -2.022e-04 4.549e+01
1390 7.240e-04 6.008e-04 -1.983e-04 4.428e+01
1391 5.605e-04 8.612e-04 3.891e-05 4.151e+01
1392 7.372e-04 4.263e-04 -1.022e-04 4.611e+01
1393 9.289e-04 8.316e-04 -3.963e-04 4.498e+01
1394 6.524e-04 8.658e-04 -2.015e-04 3.976e+01
1395 5.758e-04 7.137e-04 -1.644e-04 4.479e+01
1396 7.059e-04 8.287e-04 -1.493e-04 4.239e+01
1397 6.631e-04 6.829e-04 -2.944e-04 4.294e+01
1398 9.433e-04 7.845e-04 -1.364e-04 3.743e+01
1399 6.614e-04 8.363e-04 -3.213e-04 4.559e+01
1400 8.560e-04 7.861e-04 -3.811e-07 4.613e+01
1401 9.197e-04 8.710e-04 -1.808e-04 3.642e+01
1402 8.276e-04 5.764e-04 -9.198e-05 4.840e+01
1403 6.670e-04 6.179e-04 -5.424e-05 4.991e+01
1404 9.010e-04 8.064e-04 -2.377e-04 5.284e+01
1405 6.323e-04 8.698e-04 1.402e-04 5.264e+01
1406 7.848e-04 5.991e-04 -1.745e-04 4.174e+01
1407 7.849e-04 9.251e-04 -3.256e-05 4.708e+01
1408 3.883e-04 6.929e-04 -2.772e-05 3.765e+01
1409 3.016e-04 7.982e-04 -9.939e-05 4.454e+01
1410 6.807e-04 7.722e-04 -1.305e-04 4.876e+01
1411 6.260e-04 7.684e-04 3.496e-05 3.949e+01
1412 7.993e-04 4.039e-04 -1.842e-04 4.024e+01
1413 6.353e-04 7.835e-04 9.680e-05 4.281e+01
1414 7.330e-04 7.241e-04 -2.621e-04 4.246e+01
1415 6.127e-04 5.616e-04 -3.229e-04 4.636e+01
1416 6.442e-04 6.441e-04 -1.210e-04 3.579e+01
1417 5.330e-04 5.875e-04 1.719e-06 4.318e+01
1418 4.691e-04 4.430e-04 -2.372e-04 4.904e+01
1419 6.636e-04 6.481e-04 1.231e-04 4.556e+01
1420 5.657e-04 5.040e-04 -2.176e-04 5.047e+01
1421 6.207e-04 7.361e-04 -2.782e-04 4.735e+01
1422 7.315e-04 9.266e-04 1.293e-04 3.174e+01
1423 5.597e-04 7.050e-04 8.796e-05 4.651e+01
1424 5.211e-04 6.319e-04 -1.178e-04 4.735e+01
1425 6.350e-04 3.172e-04 -2.562e-04 4.063e+01
1426 4.949e-04 4.160e-04 -5.195e-05 3.411e+01
1427 3.400e-04 7.149e-04 -2.789e-04 4.007e+01
1428 4.796e-04 5.898e-04 -1.465e-04 4.199e+01
1429 5.205e-04 5.629e-04 -1.690e-04 5.852e+01
1430 7.604e-04 5.793e-04 -6.077e-05 4.831e+01
1431 5.180e-04 6.681e-04 2.544e-06 5.357e+01
1432 5.006e-04 8.158e-04 -9.398e-05 4.444e+01
1433 3.942e-04 6.888e-04 1.792e-04 3.491e+01
1434 7.555e-04 5.458e-04 2.358e-04 4.491e+01
1435 4.373e-04 3.690e-04 2.928e-05 6.230e+01
1436 3.356e-04 4.580e-04 -1.672e-04 3.672e+01
1437 3.163e-04 8.193e-04 -1.495e-04 4.664e+01
1438 5.320e-04 4.787e-04 -1.219e-04 4.657e+01
1439 5.695e-04 6.305e-04 -1.202e-04 4.833e+01
1440 3.725e-04 2.787e-04 -3.813e-05 3.455e+01
1441 5.403e-04 5.395e-04 -1.793e-04 4.769e+01
1442 5.407e-04 5.024e-04 -4.206e-05 4.152e+01
1443 5.106e-04 6.452e-04 -9.738e-05 4.767e+01
1444 6.429e-04 3.321e-04 -1.219e-04 5.495e+01
1445 5.254e-04 4.857e-04 7.916e-05 5.158e+01
1446 6.444e-04 5.963e-04 -4.028e-05 3.972e+01
1447 1.484e-04 4.722e-04 5.682e-05 4.635e+01
1448 5.212e-04 5.679e-04 -1.825e-04 4.597e+01
1449 6.100e-04 5.534e-04 -1.342e-04 5.417e+01
1450 7.042e-04 3.479e-04 6.300e-05 3.471e+01
1451 4.274e-04 5.031e-04 1.435e-05 3.782e+01
1452 3.462e-04 4.460e-04 -6.368e-05 4.341e+01
1453 5.829e-04 3.963e-04 -1.184e-04 4.314e+01
1454 4.414e-04 5.556e-04 -8.883e-05 5.162e+01
1455 4.282e-04 5.023e-04 -5.085e-05 2.600e+01
1456 4.713e-04 3.292e-04 -9.882e-05 4.790e+01
1457 3.374e-04 4.714e-04 -1.526e-04 4.065e+01
1458 3.552e-04 4.697e-04 -1.477e-04 2.931e+01
1459 4.332e-04 2.449e-04 -3.029e-05 4.436e+01
1460 3.746e-04 4.925e-04 1.456e-04 4.285e+01
1461 5.201e-04 5.457e-04 5.677e-05 6.000e+01
1462 4.221e-04 3.805e-04 -2.648e-04 4.848e+01
1463 2.518e-04 4.431e-04 -1.673e-04 4.094e+01
1464 2.973e-04 4.781e-04 -1.014e-04 3.922e+01
1465 3.204e-04 4.409e-04 -2.171e-04 3.881e+01
1466 4.455e-04 1.899e-04 -1.485e-04 0.000e+00
1467 3.351e-04 3.053e-04 -1.406e-04 5.481e+01
1468 3.245e-04 4.542e-04 2.024e-04 4.413e+01
1469 2.951e-04 5.590e-04 1.975e-04 4.996e+01
1470 7.797e-05 2.587e-04 -6.771e-05 4.671e+01
1471 4.736e-04 4.240e-04 -1.488e-05 5.782e+01
1472 4.133e-04 3.658e-04 -7.043e-05 4.950e+01
1473 9.275e-05 5.991e-04 -1.275e-05 2.912e+01
1474 2.761e-04 2.599e-04 -9.542e-05 5.710e+01
1475 4.756e-04 2.837e-04 5.562e-05 5.495e+01
1476 2.848e-04 6.217e-05 -2.020e-04 0.000e+00
1477 5.821e-04 4.801e-04 2.603e-04 4.757e+01
1478 4.077e-04 3.893e-04 1.855e-05 3.808e+01
1479 -7.904e-05 1.917e-04 -9.282e-05 0.000e+00
1480 6.745e-06 6.214e-05 1.580e-04 0.000e+00
1481 4.944e-04 2.604e-04 3.856e-05 4.478e+01
1482 2.466e-05 3.438e-04 4.863e-05 4.596e+01
1483 5.005e-04 2.422e-04 -1.074e-04 5.943e+01
1484 4.350e-04 5.574e-04 -7.684e-05 5.405e+01
1485 1.325e-04 3.529e-04 -1.397e-04 4.817e+01
1486 2.135e-04 1.910e-04 -6.708e-05 0.000e+00
1487 5.237e-04 1.331e-04 2.019e-04 0.000e+00
1488 5.722e-05 3.672e-04 -2.670e-04 3.356e+01
1489 2.118e-04 2.445e-04 -5.761e-06 3.084e+01
1490 6.124e-04 1.054e-04 1.167e-04 0.000e+00
1491 2.299e-04 4.013e-04 1.081e-05 3.789e+01
1492 2.088e-04 2.569e-04 -2.203e-06 6.002e+01
1493 1.447e-04 2.878e-04 1.111e-05 4.890e+01
1494 2.806e-05 1.033e-04 -1.950e-05 0.000e+00
1495 3.226e-04 3.135e-04 2.509e-04 5.751e+01
1496 1.186e-04 3.214e-04 -4.341e-05 4.203e+01
1497 2.141e-04 3.803e-04 -1.412e-04 3.289e+01
1498 3.370e-04 2.160e-04 1.197e-04 0.000e+00
1499 3.917e-04 2.483e-04 -2.221e-04 4.721e+01
1500 2.777e-04 2.668e-04 -1.199e-05 3.763e+01
1501 2.636e-05 2.464e-04 -2.921e-04 5.255e+01
1502 2.159e-04 4.709e-04 2.356e-05 4.369e+01
1503 2.867e-04 5.801e-04 1.551e-04 4.865e+01
1504 1.426e-04 2.126e-04 1.560e-05 0.000e+00
1505 7.173e-05 2.411e-04 -2.009e-04 6.525e+01
1506 8.104e-05 2.996e-04 -2.583e-04 5.202e+01
1507 1.778e-04 5.889e-04 -2.753e-04 4.975e+01
1508 1.773e-04 2.934e-04 -1.394e-04 4.490e+01
1509 8.570e-05 -1.211e-04 2.916e-04 0.000e+00
1510 2.531e-04 7.806e-05 1.906e-05 0.000e+00
1511 2.262e-04 2.046e-04 -1.098e-04 0.000e+00
1512 5.387e-05 8.392e-05 -2.858e-05 0.000e+00
1513 4.785e-04 3.048e-04 7.465e-05 5.875e+01
1514 1.361e-04 3.025e-04 1.400e-04 6.800e+01
1515 2.258e-04 4.647e-04 -1.889e-04 5.924e+01
1516 1.595e-04 1.194e-04 -4.790e-05 0.000e+00
1517 -4.535e-05 3.230e-04 -8.816e-05 6.553e+01
1518 1.257e-05 -2.273e-04 -4.343e-05 0.000e+00
1519 2.464e-04 2.529e-04 2.897e-04 2.332e+01
1520 3.250e-04 4.631e-05 1.129e-05 0.000e+00
1521 1.517e-04 3.593e-04 -1.981e-04 5.453e+01
1522 6.235e-05 2.947e-04 1.119e-04 4.287e+01
1523 6.765e-05 1.176e-04 1.304e-04 0.000e+00
1524 1.950e-05 2.884e-04 1.942e-05 2.856e+01
1525 2.994e-04 9.540e-05 -5.411e-05 0.000e+00
1526 3.742e-04 2.350e-04 -1.405e-04 3.503e+01
1527 2.557e-04 2.133e-04 7.953e-05 0.000e+00
1528 1.517e-04 1.183e-04 1.989e-04 0.000e+00
1529 4.295e-04 1.551e-04 2.461e-04 0.000e+00
1530 4.323e-05 3.353e-04 -3.788e-05 5.033e+01
1531 1.097e-04 5.702e-05 2.330e-04 0.000e+00
1532 7.520e-05 3.718e-04 -5.162e-05 3.018e+01
1533 3.181e-04 1.851e-04 2.745e-04 0.000e+00
1534 -1.890e-04 2.085e-04 -4.110e-05 0.000e+00
1535 3.609e-05 2.971e-04 -1.347e-04 3.081e+01
1536 1.948e-04 -1.930e-04 -8.696e-05 0.000e+00
1537 1.128e-04 1.454e-04 -1.551e-05 0.000e+00
1538 2.182e-04 -2.146e-04 4.046e-05 0.000e+00
1539 3.956e-04 1.363e-04 6.681e-05 0.000e+00
1540 3.023e-04 2.601e-04 -1.019e-04 4.619e+01
1541 1.995e-04 8.153e-05 -1.061e-04 0.000e+00
1542 1.910e-04 1.116e-04 -1.391e-04 0.000e+00
1543 4.661e-04 1.423e-04 -6.099e-05 0.000e+00
1544 -1.242e-04 1.484e-04 -3.278e-05 0.000e+00
1545 3.492e-06 1.936e-04 -6.390e-05 0.000e+00
1546 5.241e-04 1.214e-04 -4.340e-06 0.000e+00
1547 4.468e-04 5.178e-04 -1.429e-04 4.381e+01
1548 6.697e-06 3.271e-04 -5.537e-05 4.548e+01
1549 3.711e-04 1.708e-04 6.536e-06 0.000e+00
1550 5.104e-04 1.324e-04 -1.877e-04 0.000e+00
1551 2.461e-04 3.975e-04 -9.023e-05 4.504e+01
1552 3.755e-04 3.170e-04 2.671e-04 5.866e+01
1553 4.317e-04 9.527e-05 1.745e-04 0.000e+00
1554 2.068e-04 2.921e-05 -1.697e-04 0.000e+00
1555 1.460e-04 2.307e-04 1.097e-05 3.445e+01
1556 6.588e-05 4.291e-05 -1.887e-04 0.000e+00
1557 2.832e-04 2.115e-04 4.891e-06 0.000e+00
1558 5.217e-04 1.995e-04 1.097e-04 0.000e+00
1559 2.658e-04 6.918e-04 1.240e-04 5.265e+01
1560 2.407e-04 2.139e-04 -1.307e-04 0.000e+00
1561 1.440e-04 3.144e-04 -9.521e-05 6.575e+01
1562 6.908e-05 3.475e-04 -3.533e-04 3.020e+01
1563 2.685e-04 3.345e-05 4.693e-05 0.000e+00
1564 4.332e-04 4.183e-04 -1.823e-04 6.713e+01
1565 4.143e-04 1.582e-04 -6.324e-06 0.000e+00
1566 1.010e-04 5.263e-04 4.589e-05 6.538e+01
1567 9.651e-05 4.254e-04 1.707e-04 3.886e+01
1568 4.215e-04 2.726e-04 -1.995e-04 7.446e+01
1569 3.431e-04 3.423e-04 -5.125e-05 5.607e+01
1570 3.042e-04 6.150e-04 -4.468e-05 6.589e+01
1571 3.378e-04 3.628e-04 -2.224e-04 6.596e+01
1572 5.307e-04 2.861e-04 -3.080e-04 5.977e+01
1573 6.284e-04 4.102e-04 1.843e-04 4.205e+01
1574 4.805e-04 5.712e-04 -5.761e-05 6.168e+01
1575 2.829e-04 5.771e-04 -9.927e-05 5.071e+01
1576 5.455e-04 4.413e-04 -7.975e-07 6.852e+01
1577 9.006e-04 6.568e-04 -2.055e-05 6.759e+01
1578 4.628e-04 3.734e-04 -5.526e-05 5.280e+01
1579 8.051e-04 3.638e-04 -3.918e-04 7.329e+01
1580 5.232e-04 6.254e-04 -6.987e-05 5.393e+01
1581 4.692e-04 4.788e-04 -7.602e-05 6.078e+01
1582 6.695e-04 4.846e-04 -1.605e-04 5.718e+01
1583 7.723e-04 6.583e-04 -8.119e-05 6.672e+01
1584 1.021e-03 7.729e-04 8.878e-05 6.594e+01
1585 9.119e-04 7.086e-04 -2.580e-04 5.730e+01
1586 8.204e-04 7.616e-04 2.302e-05 6.459e+01
1587 8.292e-04 6.190e-04 2.029e-05 6.726e+01
1588 8.751e-04 6.638e-04 -3.440e-04 6.417e+01
1589 8.795e-04 7.931e-04 9.189e-05 5.793e+01
1590 1.122e-03 8.519e-04 -6.492e-05 6.188e+01
1591 9.191e-04 1.017e-03 -8.750e-05 6.568e+01
1592 1.146e-03 8.550e-04 -1.874e-05 5.978e+01
1593 1.054e-03 1.422e-03 -2.630e-04 6.002e+01
1594 9.452e-04 1.121e-03 5.816e-05 6.668e+01
1595 1.373e-03 1.205e-03 -1.620e-04 6.677e+01
1596 1.306e-03 1.107e-03 -3.011e-04 7.391e+01
1597 1.030e-03 1.332e-03 -1.941e-04 5.780e+01
1598 1.371e-03 1.416e-03 -3.801e-04 6.723e+01
1599 1.605e-03 1.480e-03 -4.244e-05 6.626e+01
1600 1.609e-03 1.648e-03 -6.516e-06 6.450e+01
1601 1.685e-03 1.695e-03 -3.002e-04 6.674e+01
1602 1.808e-03 1.602e-03 -1.729e-04 6.563e+01
1603 1.910e-03 1.631e-03 -2.790e-04 6.565e+01
1604 1.663e-03 1.718e-03 -1.859e-04 6.832e+01
1605 2.153e-03 1.939e-03 2.710e-05 6.692e+01
1606 2.155e-03 1.835e-03 -1.561e-05 6.441e+01
1607 2.132e-03 1.826e-03 -3.236e-04 7.026e+01
1608 2.590e-03 2.345e-03 -1.077e-04 6.496e+01
1609 2.173e-03 1.920e-03 -4.586e-05 6.741e+01
1610 2.383e-03 2.084e-03 -3.957e-04 7.084e+01
1611 2.610e-03 2.412e-03 -1.082e-04 6.736e+01
1612 2.568e-03 2.511e-03 -2.033e-04 6.471e+01
1613 2.911e-03 2.918e-03 -3.215e-04 6.617e+01
1614 3.204e-03 2.929e-03 -1.452e-04 6.924e+01
1615 3.335e-03 3.450e-03 -2.760e-04 6.939e+01
1616 3.487e-03 3.494e-03 -6.164e-05 6.736e+01
1617 3.922e-03 3.315e-03 -2.575e-04 6.832e+01
1618 3.772e-03 3.559e-03 -3.021e-04 6.700e+01
1619 4.020e-03 3.855e-03 -3.729e-04 6.824e+01
1620 4.455e-03 4.019e-03 -3.732e-04 6.900e+01
1621 4.497e-03 4.197e-03 -7.802e-05 6.824e+01
1622 5.095e-03 4.709e-03 -5.816e-04 6.887e+01
1623 5.471e-03 5.209e-03 -2.849e-04 6.889e+01
1624 5.762e-03 5.520e-03 -2.778e-04 6.935e+01
1625 5.880e-03 5.609e-03 -6.562e-04 6.955e+01
1626 6.322e-03 6.507e-03 -6.142e-04 6.973e+01
1627 7.415e-03 6.965e-03 -1.104e-04 7.063e+01
1628 7.374e-03 7.276e-03 -7.139e-04 6.986e+01
1629 8.460e-03 7.893e-03 -6.797e-04 7.014e+01
1630 8.978e-03 8.580e-03 -6.130e-04 7.062e+01
1631 9.516e-03 9.126e-03 -6.098e-04 6.970e+01
1632 1.101e-02 1.023e-02 -6.550e-04 7.045e+01
1633 1.110e-02 1.066e-02 -3.691e-04 7.117e+01
1634 1.202e-02 1.118e-02 -6.186e-04 7.026e+01
1635 1.305e-02 1.203e-02 -1.002e-03 7.085e+01
1636 1.378e-02 1.338e-02 -6.544e-04 7.146e+01
1637 1.501e-02 1.430e-02 -8.597e-04 7.185e+01
1638 1.586e-02 1.492e-02 -9.073e-04 7.188e+01
1639 1.694e-02 1.622e-02 -1.142e-03 7.115e+01
1640 1.807e-02 1.729e-02 -1.031e-03 7.151e+01
1641 1.983e-02 1.872e-02 -1.191e-03 7.112e+01
1642 2.167e-02 2.058e-02 -1.004e-03 7.160e+01
1643 2.301e-02 2.232e-02 -1.210e-03 7.183e+01
1644 2.476e-02 2.388e-02 -1.527e-03 7.165e+01
1645 2.636e-02 2.539e-02 -1.706e-03 7.183e+01
1646 2.700e-02 2.579e-02 -1.677e-03 7.207e+01
1647 2.834e-02 2.725e-02 -2.243e-03 7.195e+01
1648 3.015e-02 2.888e-02 -2.230e-03 7.255e+01
1649 3.084e-02 2.965e-02 -2.227e-03 7.237e+01
1650 3.125e-02 3.017e-02 -2.257e-03 7.254e+01
1651 3.060e-02 2.953e-02 -2.208e-03 7.237e+01
1652 2.972e-02 2.866e-02 -2.217e-03 7.263e+01
1653 2.863e-02 2.725e-02 -2.259e-03 7.305e+01
1654 2.650e-02 2.563e-02 -2.176e-03 7.264e+01
1655 2.447e-02 2.384e-02 -2.038e-03 7.281e+01
1656 2.127e-02 2.037e-02 -1.566e-03 7.284e+01
1657 1.757e-02 1.711e-02 -1.457e-03 7.308e+01
1658 1.419e-02 1.383e-02 -1.395e-03 7.310e+01
1659 1.114e-02 1.062e-02 -8.559e-04 7.394e+01
1660 8.416e-03 7.921e-03 -6.417e-04 7.352e+01
1661 6.473e-03 6.366e-03 -6.627e-04 7.400e+01
1662 5.065e-03 4.955e-03 -4.802e-04 7.336e+01
1663 4.321e-03 4.099e-03 -3.724e-04 7.292e+01
1664 3.650e-03 3.627e-03 -1.307e-04 7.507e+01
1665 4.044e-03 3.724e-03 -5.231e-04 7.383e+01
1666 4.356e-03 4.058e-03 -2.796e-04 7.353e+01
1667 4.351e-03 3.972e-03 -3.335e-04 7.227e+01
1668 4.579e-03 4.331e-03 -5.644e-04 7.191e+01
1669 4.648e-03 4.480e-03 -4.809e-04 7.312e+01
1670 4.598e-03 4.477e-03 -5.817e-04 7.292e+01
1671 4.567e-03 4.325e-03 -6.559e-04 7.262e+01
1672 4.642e-03 4.049e-03 -5.137e-04 7.460e+01
1673 3.968e-03 3.522e-03 -4.087e-04 7.400e+01
1674 3.870e-03 3.887e-03 -6.275e-04 7.371e+01
1675 3.388e-03 3.258e-03 -4.630e-04 7.552e+01
1676 2.899e-03 2.588e-03 -2.616e-04 7.311e+01
1677 2.657e-03 2.466e-03 -2.845e-04 7.573e+01
1678 2.254e-03 2.188e-03 -3.892e-04 7.259e+01
1679 2.382e-03 2.247e-03 -2.294e-04 7.520e+01
1680 2.182e-03 1.894e-03 -2.920e-05 7.386e+01
1681 1.911e-03 1.978e-03 -5.198e-04 7.612e+01
1682 1.911e-03 1.755e-03 -2.769e-04 7.340e+01
1683 1.900e-03 1.873e-03 -1.537e-04 7.466e+01
1684 1.779e-03 1.604e-03 -1.629e-04 6.926e+01
1685 1.702e-03 1.639e-03 -4.271e-04 7.391e+01
1686 1.522e-03 1.495e-03 -2.778e-04 6.602e+01
1687 1.540e-03 1.434e-03 -1.517e-04 7.044e+01
1688 1.442e-03 1.416e-03 9.845e-05 7.608e+01
1689 1.193e-03 1.311e-03 -1.499e-04 6.423e+01
1690 1.233e-03 9.475e-04 1.310e-04 7.497e+01
1691 7.953e-04 8.928e-04 1.935e-04 6.900e+01
1692 9.195e-04 9.195e-04 -2.090e-04 6.751e+01
1693 9.519e-04 1.040e-03 -2.074e-04 7.359e+01
1694 1.038e-03 4.917e-04 -2.085e-04 7.719e+01
1695 6.969e-04 8.512e-04 -1.012e-04 7.578e+01
1696 9.528e-04 8.537e-04 -1.843e-05 7.419e+01
1697 8.918e-04 7.762e-04 -4.150e-04 7.274e+01
1698 6.667e-04 8.550e-04 2.848e-05 7.629e+01
1699 6.701e-04 5.804e-04 -4.212e-05 7.307e+01
1700 8.885e-04 6.836e-04 -1.284e-04 8.071e+01
1701 8.387e-04 5.748e-04 -1.148e-04 7.422e+01
1702 6.567e-04 4.110e-04 1.716e-04 7.724e+01
1703 4.920e-04 3.994e-04 -2.232e-04 6.908e+01
1704 3.759e-04 2.468e-04 -1.078e-04 7.885e+01
1705 4.461e-04 4.816e-04 5.864e-05 5.804e+01
1706 3.796e-04 3.488e-04 -9.211e-05 6.657e+01
1707 3.226e-04 3.223e-04 -1.368e-04 5.632e+01
1708 3.412e-04 3.503e-04 3.673e-05 6.788e+01
1709 4.623e-04 1.534e-04 -1.957e-04 0.000e+00
1710 2.802e-04 2.355e-05 3.404e-05 0.000e+00
1711 1.451e-04 2.698e-05 1.385e-05 0.000e+00
1712 1.575e-04 4.384e-04 -1.241e-04 5.893e+01
1713 1.549e-04 1.453e-04 3.535e-04 0.000e+00
1714 -4.180e-05 -1.669e-04 -8.185e-05 0.000e+00
1715 -6.980e-05 8.114e-05 1.803e-04 0.000e+00
1716 1.752e-04 7.509e-05 9.197e-05 0.000e+00
1717 3.593e-05 -1.998e-05 1.058e-04 0.000e+00
1718 3.868e-04 -2.074e-04 -2.501e-04 0.000e+00
1719 2.586e-04 2.238e-04 -1.384e-05 8.437e+01
1720 9.494e-05 -2.298e-04 1.239e-04 0.000e+00
1721 1.034e-04 -9.205e-06 1.135e-04 0.000e+00
1722 2.287e-04 -1.792e-04 -6.073e-05 0.000e+00
1723 4.140e-05 -1.269e-04 2.855e-04 0.000e+00
1724 1.822e-04 7.858e-05 -3.772e-04 0.000e+00
1725 1.995e-04 -2.106e-04 1.946e-04 0.000e+00
1726 3.089e-04 3.881e-06 1.889e-04 0.000e+00
1727 -6.771e-05 -8.262e-06 1.584e-04 0.000e+00
1728 6.265e-05 -5.810e-05 -6.234e-05 0.000e+00
1729 9.776e-05 -1.825e-04 -1.455e-04 0.000e+00
1730 7.639e-05 7.675e-05 1.085e-04 0.000e+00
1731 -1.180e-04 -1.882e-04 -5.348e-04 0.000e+00
1732 5.639e-05 -3.657e-05 -1.064e-04 0.000e+00
1733 4.567e-05 -2.365e-04 1.151e-04 0.000e+00
1734 1.179e-04 9.688e-05 8.587e-05 0.000e+00
1735 -5.985e-05 4.783e-05 -1.737e-05 0.000e+00
1736 1.737e-04 2.245e-04 -1.796e-04 6.138e+01
1737 8.535e-05 2.007e-04 -1.521e-04 0.000e+00
1738 1.780e-04 1.279e-04 8.087e-05 0.000e+00
1739 8.894e-05 1.806e-04 -1.161e-04 0.000e+00
1740 -4.687e-05 1.266e-04 7.928e-05 0.000e+00
1741 2.347e-04 -1.211e-04 -7.354e-05 0.000e+00
1742 1.314e-04 -2.211e-04 3.353e-05 0.000e+00
1743 3.154e-04 3.274e-05 -6.804e-05 0.000e+00
1744 -3.591e-05 -1.996e-04 2.629e-06 0.000e+00
1745 1.760e-04 -2.287e-04 1.301e-04 0.000e+00
1746 8.586e-05 -2.380e-04 1.403e-04 0.000e+00
1747 -2.208e-04 -1.455e-04 1.140e-04 0.000e+00
1748 -7.114e-05 -2.154e-04 -1.664e-04 0.000e+00
1749 -1.684e-04 1.304e-05 -1.173e-05 0.000e+00
1750 -3.571e-05 3.443e-05 -1.315e-04 0.000e+00
1751 1.342e-04 -7.164e-06 -1.015e-04 0.000e+00
1752 -2.009e-05 5.262e-05 4.691e-05 0.000e+00
1753 2.489e-04 2.602e-04 3.441e-05 6.106e+01
1754 1.271e-05 -2.332e-04 -3.627e-04 0.000e+00
1755 4.862e-05 2.442e-04 6.878e-05 2.742e+01
1756 1.598e-04 -1.665e-05 7.806e-05 0.000e+00
1757 2.721e-04 -1.962e-04 -1.364e-04 0.000e+00
1758 1.351e-04 1.373e-05 -1.666e-04 0.000e+00
1759 2.801e-04 3.292e-05 -1.589e-04 0.000e+00
1760 5.747e-05 8.611e-05 1.362e-06 0.000e+00
1761 -1.267e-04 -1.947e-04 2.887e-06 0.000e+00
1762 -1.187e-04 3.190e-04 -2.759e-05 9.488e+01
1763 6.365e-05 -1.712e-04 -4.967e-06 0.000e+00
1764 1.903e-04 -1.848e-04 -4.685e-05 0.000e+00
1765 2.693e-04 3.048e-04 -3.615e-05 6.022e+01
1766 2.265e-04 -2.360e-04 -1.616e-04 0.000e+00
1767 5.609e-06 2.113e-04 -4.164e-05 0.000e+00
1768 9.336e-05 -2.135e-04 1.018e-04 0.000e+00
1769 4.314e-05 4.180e-05 -3.323e-04 0.000e+00
1770 -4.759e-05 1.991e-04 -2.613e-04 0.000e+00
1771 1.253e-05 2.088e-04 -3.027e-05 0.000e+00
1772 1.099e-04 -3.604e-05 -1.757e-04 0.000e+00
1773 -5.015e-05 -1.319e-05 -8.012e-05 0.000e+00
1774 8.081e-05 -3.293e-05 8.824e-05 0.000e+00
1775 2.419e-04 -5.177e-06 3.530e-06 0.000e+00
1776 2.664e-04 8.630e-05 -5.273e-05 0.000e+00
1777 1.451e-04 4.961e-05 -5.744e-05 0.000e+00
1778 2.084e-04 4.094e-04 6.138e-06 5.311e+01
1779 -1.263e-04 1.397e-04 -1.379e-04 0.000e+00
1780 -1.516e-04 -2.355e-06 -8.754e-05 0.000e+00
1781 1.097e-04 -6.307e-05 -1.509e-04 0.000e+00
1782 1.067e-04 1.563e-04 -1.068e-04 0.000e+00
1783 -1.599e-04 -1.381e-04 3.193e-05 0.000e+00
1784 -1.607e-04 3.576e-05 1.018e-04 0.000e+00
1785 2.179e-06 6.518e-05 7.273e-05 0.000e+00
1786 -1.087e-04 3.383e-04 -1.394e-05 6.333e+01
1787 1.776e-04 1.672e-04 1.592e-04 0.000e+00
1788 1.123e-04 -2.196e-04 -6.954e-05 0.000e+00
1789 -8.790e-05 1.424e-04 1.268e-04 0.000e+00
1790 1.003e-04 -2.107e-04 3.922e-04 0.000e+00
1791 3.541e-04 2.024e-04 6.739e-05 0.000e+00
1792 2.221e-04 -2.013e-04 1.151e-05 0.000e+00
1793 1.297e-04 2.448e-04 1.082e-04 4.260e+01
1794 4.377e-05 1.123e-04 9.798e-05 0.000e+00
1795 3.131e-04 2.536e-04 -9.677e-05 1.078e+02
1796 9.444e-05 3.667e-05 -8.306e-05 0.000e+00
1797 1.347e-04 -2.015e-04 -8.735e-05 0.000e+00
1798 9.346e-05 -1.635e-04 -7.024e-05 0.000e+00
1799 -2.298e-04 -4.600e-05 2.882e-05 0.000e+00
1800 2.585e-04 8.340e-05 -5.052e-05 0.000e+00
1801 2.274e-04 -1.326e-05 -4.906e-05 0.000e+00
1802 2.784e-04 1.177e-04 1.341e-04 0.000e+00
1803 2.563e-04 3.641e-04 8.009e-05 5.852e+01
1804 1.310e-04 1.432e-04 -6.564e-05 0.000e+00
1805 7.174e-05 -2.727e-05 1.879e-04 0.000e+00
1806 2.221e-05 1.756e-04 -8.869e-06 0.000e+00
1807 1.252e-04 3.376e-04 -1.942e-05 8.458e+01
1808 2.112e-04 2.854e-04 1.697e-04 9.879e+01
1809 -9.916e-05 1.837e-04 -1.293e-04 0.000e+00
1810 2.064e-04 2.391e-04 4.365e-05 5.899e+01
1811 7.731e-05 2.564e-04 -3.728e-05 8.443e+01
1812 5.640e-04 -2.276e-04 -2.570e-05 0.000e+00
1813 2.628e-05 1.567e-04 1.780e-04 0.000e+00
1814 -4.113e-04 -1.785e-04 4.945e-05 0.000e+00
1815 1.063e-04 -4.282e-05 -3.444e-07 0.000e+00
1816 1.337e-04 2.542e-04 1.051e-04 7.776e+01
1817 3.033e-04 3.961e-05 -1.776e-04 0.000e+00
1818 -1.099e-04 9.253e-05 -2.083e-04 0.000e+00
1819 3.870e-04 4.644e-04 -1.821e-04 9.015e+01
1820 3.311e-05 -1.537e-04 4.511e-05 0.000e+00
1821 2.252e-04 -3.842e-05 -4.067e-05 0.000e+00
1822 1.141e-04 7.000e-05 -8.761e-05 0.000e+00
1823 1.157e-05 2.087e-04 -1.243e-04 0.000e+00
1824 2.425e-04 1.457e-04 4.270e-05 0.000e+00
1825 -1.932e-04 4.688e-05 1.477e-04 0.000e+00
1826 1.125e-04 3.809e-04 1.043e-04 7.839e+01
1827 1.210e-04 -2.299e-04 8.537e-06 0.000e+00
1828 7.734e-05 1.697e-04 2.858e-05 0.000e+00
1829 9.909e-05 2.144e-04 -2.219e-04 0.000e+00
1830 1.673e-04 6.661e-05 2.651e-05 0.000e+00
1831 1.444e-04 1.284e-04 2.172e-04 0.000e+00
1832 1.446e-04 -1.851e-04 2.849e-05 0.000e+00
1833 1.939e-05 -1.891e-04 2.732e-05 0.000e+00
1834 -3.265e-06 6.955e-05 -3.809e-04 0.000e+00
1835 2.902e-04 3.495e-05 -5.970e-05 0.000e+00
1836 3.757e-06 1.266e-04 -9.091e-05 0.000e+00
1837 6.324e-05 -2.247e-04 6.542e-05 0.000e+00
1838 1.831e-04 1.106e-04 -1.094e-04 0.000e+00
1839 -1.878e-05 6.740e-05 8.428e-05 0.000e+00
1840 -4.588e-05 -2.007e-04 9.793e-05 0.000e+00
1841 2.230e-04 -1.417e-04 -6.690e-05 0.000e+00
1842 -1.881e-04 3.293e-04 4.837e-05 5.399e+00
1843 2.217e-04 -5.533e-06 -8.949e-05 0.000e+00
1844 3.878e-04 1.069e-04 -1.471e-04 0.000e+00
1845 -1.841e-05 -2.030e-04 5.249e-05 0.000e+00
1846 -5.342e-05 4.368e-05 1.716e-05 0.000e+00
1847 -1.014e-04 1.380e-04 -3.187e-04 0.000e+00
1848 -7.149e-05 2.771e-04 3.103e-05 8.050e+01
1849 1.839e-04 1.374e-04 1.390e-04 0.000e+00
1850 2.271e-04 2.138e-04 -1.331e-04 0.000e+00
1851 -9.231e-06 -1.053e-05 -1.050e-04 0.000e+00
1852 -4.472e-05 -2.159e-04 -6.482e-05 0.000e+00
1853 -1.342e-05 1.573e-04 -1.825e-04 0.000e+00
1854 -3.280e-04 4.245e-05 1.044e-04 0.000e+00
1855 1.430e-04 6.648e-05 -1.034e-04 0.000e+00
1856 1.339e-04 -1.781e-04 2.494e-04 0.000e+00
1857 6.251e-05 -1.707e-04 -2.863e-04 0.000e+00
1858 1.821e-04 -1.873e-04 -1.307e-04 0.000e+00
1859 -4.377e-05 1.924e-04 -2.791e-04 0.000e+00
1860 1.403e-04 -1.790e-04 -1.827e-04 0.000e+00
1861 -4.662e-05 3.847e-05 -3.332e-05 0.000e+00
1862 -2.055e-04 2.611e-04 -3.643e-05 6.668e+00
1863 -2.971e-05 -2.383e-04 -1.721e-05 0.000e+00
1864 1.027e-04 -2.074e-04 -2.105e-05 0.000e+00
1865 -1.549e-04 -2.084e-04 3.372e-05 0.000e+00
1866 -1.040e-04 4.730e-04 -8.940e-05 8.502e+01
1867 6.422e-05 1.948e-04 1.790e-05 0.000e+00
1868 -1.568e-04 -1.880e-04 -1.069e-04 0.000e+00
1869 1.688e-04 5.629e-05 -2.181e-06 0.000e+00
1870 9.050e-05 3.161e-05 -2.466e-04 0.000e+00
1871 1.046e-05 3.242e-04 -1.030e-04 4.379e+01
1872 -4.520e-05 1.532e-04 1.598e-04 0.000e+00
1873 -7.560e-05 -2.323e-04 1.199e-04 0.000e+00
1874 -2.734e-04 1.957e-04 2.710e-04 0.000e+00
1875 7.224e-05 -1.891e-04 2.772e-04 0.000e+00
1876 -2.030e-05 -2.345e-04 2.091e-04 0.000e+00
1877 3.090e-04 1.906e-04 -7.627e-05 0.000e+00
1878 1.333e-04 1.676e-04 -1.143e-04 0.000e+00
1879 -1.000e-04 2.722e-04 1.319e-04 1.302e+02
1880 -1.468e-05 3.795e-05 2.027e-04 0.000e+00
1881 -2.985e-04 -1.134e-05 4.256e-05 0.000e+00
1882 8.260e-06 2.695e-04 8.461e-05 1.343e+02
1883 -5.813e-05 1.294e-04 -3.611e-05 0.000e+00
1884 -1.684e-04 1.998e-04 1.916e-04 0.000e+00
1885 -2.304e-05 2.576e-04 -1.930e-05 5.023e+01
1886 -8.211e-05 3.893e-04 -6.904e-06 6.701e+01
1887 -3.824e-05 -1.859e-04 -5.967e-05 0.000e+00
1888 1.387e-04 1.619e-04 2.412e-05 0.000e+00
1889 -1.515e-04 -1.305e-04 9.345e-05 0.000e+00
1890 1.672e-05 -1.776e-04 -5.839e-05 0.000e+00
1891 -1.566e-04 1.965e-04 -3.602e-05 0.000e+00
1892 -6.413e-05 -2.372e-04 -8.834e-05 0.000e+00
1893 -9.955e-05 2.624e-04 1.031e-04 5.020e+01
1894 3.361e-05 -1.722e-04 -8.525e-05 0.000e+00
1895 -1.892e-04 1.183e-04 -2.048e-04 0.000e+00
1896 1.146e-04 -2.220e-04 -9.256e-05 0.000e+00
1897 2.988e-04 -8.967e-05 -1.984e-04 0.000e+00
1898 2.626e-04 2.971e-06 -2.255e-05 0.000e+00
1899 1.440e-04 -2.252e-04 -8.518e-05 0.000e+00
1900 4.032e-05 3.064e-05 -1.444e-04 0.000e+00
1901 2.235e-04 8.280e-05 -2.356e-04 0.000e+00
1902 1.761e-04 -1.713e-04 3.408e-05 0.000e+00
1903 1.974e-04 6.056e-05 1.860e-04 0.000e+00
1904 8.890e-05 1.069e-04 -2.031e-06 0.000e+00
1905 1.799e-04 1.784e-04 -1.883e-04 0.000e+00
1906 3.944e-05 1.686e-04 -1.735e-04 0.000e+00
1907 -6.125e-05 4.270e-06 -5.579e-05 0.000e+00
1908 -3.389e-05 1.621e-04 -2.022e-04 0.000e+00
1909 -1.385e-04 -2.168e-05 -2.995e-04 0.000e+00
1910 -3.833e-05 1.516e-04 3.140e-05 0.000e+00
1911 -8.274e-05 1.238e-04 -4.365e-05 0.000e+00
1912 -6.065e-05 7.061e-05 -1.103e-04 0.000e+00
1913 1.233e-05 4.724e-05 -2.603e-04 0.000e+00
1914 -1.862e-04 7.156e-05 2.682e-04 0.000e+00
1915 -1.014e-04 -1.816e-04 2.456e-04 0.000e+00
1916 -7.627e-05 7.991e-05 -1.000e-04 0.000e+00
1917 4.745e-05 4.779e-05 1.791e-04 0.000e+00
1918 -1.581e-05 8.083e-05 1.432e-04 0.000e+00
1919 -2.228e-04 3.523e-05 1.735e-04 0.000e+00
1920 2.620e-06 -1.706e-04 -3.541e-05 0.000e+00
1921 -1.661e-04 -2.298e-04 -1.937e-04 0.000e+00
1922 -1.235e-04 1.369e-04 1.064e-04 0.000e+00
1923 -1.622e-06 -5.782e-06 1.665e-05 0.000e+00
1924 1.167e-04 -1.775e-04 -6.009e-05 0.000e+00
1925 9.018e-05 -2.052e-04 -1.288e-04 0.000e+00
1926 -6.840e-05 -1.638e-04 8.667e-05 0.000e+00
1927 3.369e-05 -2.279e-05 2.526e-04 0.000e+00
1928 -7.145e-06 8.368e-05 -1.024e-04 0.000e+00
1929 -2.357e-04 -1.652e-04 4.260e-05 0.000e+00
1930 -1.222e-04 -3.886e-05 -1.148e-04 0.000e+00
1931 1.168e-04 -2.146e-04 -9.033e-06 0.000e+00
1932 1.795e-04 -7.170e-06 2.306e-05 0.000e+00
1933 -3.083e-05 -2.063e-04 1.833e-04 0.000e+00
1934 -1.744e-04 1.421e-04 -1.972e-04 0.000e+00
1935 1.175e-04 1.464e-04 -5.467e-05 0.000e+00
1936 -5.678e-05 1.140e-05 2.124e-04 0.000e+00
1937 -5.329e-05 -2.052e-04 -2.688e-05 0.000e+00
1938 -5.064e-05 4.766e-05 -1.370e-04 0.000e+00
1939 1.915e-04 -2.328e-04 3.402e-05 0.000e+00
1940 -1.332e-04 2.598e-04 9.618e-06 7.068e+01
1941 7.086e-05 3.389e-05 2.799e-04 0.000e+00
1942 8.186e-05 2.000e-04 9.817e-05 0.000e+00
1943 6.628e-05 9.412e-05 -2.697e-04 0.000e+00
1944 1.175e-04 4.141e-05 -2.549e-04 0.000e+00
1945 -5.667e-05 1.177e-04 -9.082e-05 0.000e+00
1946 -1.613e-04 1.657e-04 3.169e-04 0.000e+00
1947 -9.351e-05 4.017e-05 -3.306e-05 0.000e+00
1948 -2.035e-04 2.645e-04 7.659e-06 -2.829e+01
1949 -3.435e-05 -2.373e-04 2.665e-05 0.000e+00
1950 -1.996e-04 -2.000e-04 1.547e-04 0.000e+00
1951 -3.322e-05 4.887e-05 2.634e-04 0.000e+00
1952 1.314e-04 -1.930e-04 1.774e-04 0.000e+00
1953 5.636e-05 -1.772e-04 -2.235e-05 0.000e+00
1954 -3.831e-05 2.708e-04 2.461e-04 6.562e+01
1955 1.073e-04 1.792e-04 8.046e-05 0.000e+00
1956 -7.874e-05 -6.280e-05 2.219e-04 0.000e+00
1957 -1.674e-04 -2.342e-04 9.669e-05 0.000e+00
1958 2.142e-05 -1.377e-04 1.808e-04 0.000e+00
1959 -2.121e-05 -7.143e-05 5.149e-05 0.000e+00
1960 8.784e-05 -1.741e-04 -2.483e-05 0.000e+00
1961 1.092e-04 -3.569e-05 -1.699e-04 0.000e+00
1962 -2.692e-04 -1.673e-04 -4.843e-05 0.000e+00
1963 -2.624e-04 -1.786e-04 -8.364e-05 0.000e+00
1964 -2.816e-05 -3.389e-05 6.655e-06 0.000e+00
1965 5.137e-05 -6.304e-05 8.766e-05 0.000e+00
1966 -1.254e-04 7.133e-05 -3.469e-05 0.000e+00
1967 -1.000e-04 1.268e-04 3.053e-04 0.000e+00
1968 -2.193e-04 -1.087e-05 -1.978e-04 0.000e+00
1969 8.384e-05 2.004e-04 -1.731e-04 0.000e+00
1970 -2.736e-06 1.142e-04 -1.294e-04 0.000e+00
1971 5.876e-05 1.357e-04 -3.291e-04 0.000e+00
1972 -5.489e-05 6.018e-05 -6.291e-05 0.000e+00
1973 -1.431e-05 5.650e-06 -5.528e-05 0.000e+00
1974 -1.438e-04 1.994e-05 -2.337e-04 0.000e+00
1975 2.619e-04 1.318e-04 1.564e-04 0.000e+00
1976 9.822e-05 -2.190e-04 1.341e-04 0.000e+00
1977 -3.894e-05 1.762e-04 1.614e-04 0.000e+00
1978 9.502e-06 1.335e-04 -9.898e-05 0.000e+00
1979 -3.577e-05 1.624e-04 6.084e-05 0.000e+00
1980 1.141e-04 1.051e-04 2.397e-04 0.000e+00
1981 4.079e-05 -2.216e-04 1.788e-04 0.000e+00
1982 1.948e-04 1.948e-04 -6.478e-06 0.000e+00
1983 -2.319e-04 2.867e-05 6.594e-05 0.000e+00
1984 -6.283e-05 1.850e-05 -8.200e-05 0.000e+00
1985 9.050e-05 -5.552e-05 -1.186e-04 0.000e+00
1986 -2.847e-05 -2.206e-04 -2.409e-04 0.000e+00
1987 9.654e-05 -2.283e-04 1.566e-04 0.000e+00
1988 1.111e-04 -8.044e-06 -4.929e-05 0.000e+00
1989 1.411e-04 -1.450e-05 -6.462e-06 0.000e+00
1990 1.094e-04 -2.357e-04 -1.341e-04 0.000e+00
1991 1.337e-04 -4.814e-05 1.647e-04 0.000e+00
1992 1.171e-04 -4.488e-05 2.626e-05 0.000e+00
1993 -2.996e-05 -9.638e-06 2.650e-05 0.000e+00
1994 -2.501e-04 5.380e-06 4.141e-05 0.000e+00
1995 -1.377e-04 6.630e-05 -2.121e-04 0.000e+00
1996 2.669e-05 -1.658e-04 6.427e-06 0.000e+00
1997 6.910e-05 -8.817e-05 1.701e-04 0.000e+00
1998 6.662e-05 3.522e-04 1.141e-04 -3.131e+01
1999 1.983e-04 -3.149e-05 -2.582e-05 0.000e+00
2000 7.762e-05 2.577e-04 9.085e-05 5.821e+00
2001 7.658e-06 -2.316e-04 -3.304e-05 0.000e+00
2002 4.072e-06 9.543e-05 -2.099e-04 0.000e+00
2003 2.240e-04 8.209e-05 -9.504e-05 0.000e+00
2004 5.489e-06 2.017e-04 -3.491e-05 0.000e+00
2005 -1.108e-04 -2.192e-04 -8.974e-05 0.000e+00
2006 4.141e-05 1.622e-05 -9.031e-05 0.000e+00
2007 -1.624e-04 -2.281e-04 3.112e-05 0.000e+00
2008 -1.147e-04 5.742e-05 2.062e-05 0.000e+00
2009 -8.991e-05 -6.183e-06 1.561e-04 0.000e+00
2010 -5.812e-05 -1.882e-04 1.819e-04 0.000e+00
2011 1.000e-04 2.417e-04 5.672e-05 -2.105e+01
2012 -3.653e-05 -2.388e-04 -1.968e-04 0.000e+00
2013 1.167e-05 -7.465e-06 -1.072e-04 0.000e+00
2014 1.606e-04 -2.307e-04 -4.935e-05 0.000e+00
2015 -5.553e-05 6.484e-06 -5.933e-05 0.000e+00
2016 1.081e-04 5.322e-06 -1.579e-04 0.000e+00
2017 -1.289e-04 1.804e-04 -1.750e-04 0.000e+00
2018 1.469e-04 8.511e-05 -8.082e-05 0.000e+00
2019 -4.085e-06 -2.230e-05 1.192e-04 0.000e+00
2020 1.053e-04 -6.357e-05 7.170e-05 0.000e+00
2021 4.981e-06 -1.912e-04 1.172e-04 0.000e+00
2022 1.271e-04 -3.557e-05 -5.476e-05 0.000e+00
2023 1.592e-04 1.111e-04 3.765e-04 0.000e+00
2024 -1.221e-04 8.142e-05 4.287e-05 0.000e+00
2025 1.330e-04 -2.306e-04 -7.765e-05 0.000e+00
2026 5.194e-05 -1.375e-04 5.311e-05 0.000e+00
2027 -8.289e-05 3.148e-04 6.746e-05 1.719e+01
2028 -2.012e-05 -1.463e-04 -1.948e-04 0.000e+00
2029 1.237e-04 -1.831e-04 -1.079e-04 0.000e+00
2030 3.869e-05 3.797e-05 3.767e-06 0.000e+00
2031 -1.679e-04 -2.006e-04 -4.486e-05 0.000e+00
2032 1.067e-04 -4.489e-06 2.308e-04 0.000e+00
2033 1.653e-04 -3.789e-06 6.540e-05 0.000e+00
2034 2.540e-04 2.684e-05 -3.679e-04 0.000e+00
2035 -1.310e-04 -2.023e-04 -1.451e-05 0.000e+00
2036 1.830e-04 7.637e-05 6.925e-06 0.000e+00
2037 2.792e-04 -2.213e-04 5.854e-05 0.000e+00
2038 7.783e-05 -5.694e-05 1.011e-04 0.000e+00
2039 -2.601e-05 2.055e-04 -9.928e-05 0.000e+00
2040 -8.800e-05 1.277e-04 6.082e-05 0.000e+00
2041 4.023e-05 -1.768e-04 5.099e-05 0.000e+00
2042 1.569e-04 -2.108e-04 -1.684e-04 0.000e+00
2043 -3.070e-05 -2.355e-04 -1.953e-04 0.000e+00
2044 6.351e-05 -2.255e-04 -3.942e-05 0.000e+00
2045 -3.880e-05 1.175e-06 1.445e-04 0.000e+00
2046 7.515e-05 -2.445e-05 -1.116e-04 0.000e+00
2047 -2.425e-04 1.218e-04 3.204e-04 0.000e+00
