Bin I L V PA
0 -6.686e-04 3.470e-04 -1.354e-04 0.000e+00
1 -7.173e-04 4.534e-04 2.923e-04 0.000e+00
2 7.630e-04 -4.180e-04 -5.365e-04 0.000e+00
3 2.359e-04 -5.522e-04 8.368e-05 0.000e+00
4 -2.139e-05 2.361e-04 -1.402e-04 0.000e+00
5 4.214e-05 4.662e-04 5.182e-04 0.000e+00
6 4.579e-04 7.230e-04 -1.603e-04 4.510e+00
7 -5.400e-04 9.606e-05 2.113e-04 0.000e+00
8 1.766e-04 2.639e-04 -7.221e-06 0.000e+00
9 3.070e-04 4.109e-04 -3.969e-04 0.000e+00
10 -1.732e-04 5.867e-05 8.603e-05 0.000e+00
11 7.147e-05 3.374e-05 -5.808e-05 0.000e+00
12 3.983e-05 4.133e-04 4.963e-04 0.000e+00
13 -3.829e-04 -3.750e-04 1.381e-04 0.000e+00
14 -7.062e-04 3.516e-04 -4.527e-04 0.000e+00
15 -3.605e-04 -4.620e-04 -1.190e-04 0.000e+00
16 -1.075e-04 -3.927e-04 3.365e-04 0.000e+00
17 3.225e-04 -5.393e-04 3.654e-04 0.000e+00
18 -3.667e-04 -4.819e-04 -3.791e-04 0.000e+00
19 -2.624e-04 -3.787e-04 6.878e-05 0.000e+00
20 -2.977e-04 -4.500e-04 2.059e-04 0.000e+00
21 1.364e-04 -4.761e-04 4.082e-04 0.000e+00
22 -4.338e-04 -5.734e-04 1.711e-04 0.000e+00
23 6.842e-04 -8.645e-05 4.503e-04 0.000e+00
24 2.317e-04 1.233e-04 7.739e-04 0.000e+00
25 -5.838e-04 5.474e-04 5.270e-04 0.000e+00
26 -7.976e-04 4.798e-04 -3.686e-04 0.000e+00
27 6.012e-04 -5.614e-04 4.929e-04 0.000e+00
28 -2.376e-05 -4.203e-04 1.180e-04 0.000e+00
29 -2.930e-04 3.190e-04 4.273e-05 0.000e+00
30 -1.437e-04 4.016e-04 1.081e-04 0.000e+00
31 -1.865e-04 3.150e-04 -2.122e-04 0.000e+00
32 -5.766e-05 4.201e-04 3.158e-04 0.000e+00
33 -6.833e-05 8.179e-04 3.912e-04 -8.978e+00
34 1.300e-04 -3.035e-05 3.731e-04 0.000e+00
35 -4.150e-04 2.543e-04 -4.385e-04 0.000e+00
36 1.487e-04 -3.127e-04 -6.445e-04 0.000e+00
37 1.670e-04 -5.322e-04 -7.796e-05 0.000e+00
38 -3.140e-04 -4.291e-04 6.918e-04 0.000e+00
39 -1.064e-04 -3.730e-04 1.396e-04 0.000e+00
40 1.001e-04 2.890e-04 -2.784e-04 0.000e+00
41 1.959e-04 6.205e-04 4.872e-04 5.068e+01
42 1.330e-04 7.424e-04 3.468e-04 -4.327e+01
43 -3.917e-04 -1.117e-04 -1.325e-06 0.000e+00
44 1.937e-04 -5.768e-04 5.742e-04 0.000e+00
45 2.613e-04 -5.762e-04 -9.425e-05 0.000e+00
46 5.259e-04 -4.608e-04 2.482e-04 0.000e+00
47 9.068e-05 1.026e-05 4.029e-04 0.000e+00
48 -1.092e-04 2.759e-04 -6.102e-06 0.000e+00
49 2.698e-04 2.228e-04 -3.456e-04 0.000e+00
50 1.370e-04 3.076e-04 -5.755e-04 0.000e+00
51 -2.340e-04 -3.063e-04 6.847e-04 0.000e+00
52 8.410e-04 -3.913e-05 -4.372e-04 0.000e+00
53 5.732e-04 -4.942e-04 -4.322e-04 0.000e+00
54 2.091e-04 3.015e-04 3.435e-04 0.000e+00
55 2.352e-04 5.355e-04 4.042e-04 0.000e+00
56 1.313e-04 5.934e-04 -2.291e-04 6.827e+00
57 4.305e-05 4.179e-04 -4.391e-04 0.000e+00
58 -3.702e-04 -4.301e-04 -2.334e-04 0.000e+00
59 -9.715e-05 -5.043e-04 3.728e-04 0.000e+00
60 1.058e-04 1.511e-04 -8.646e-04 0.000e+00
61 6.547e-04 8.162e-04 1.491e-04 -8.551e+01
62 -8.098e-04 5.498e-04 3.518e-04 0.000e+00
63 -8.503e-04 6.901e-04 2.336e-04 -1.577e+00
64 6.849e-04 -5.523e-04 4.403e-04 0.000e+00
65 -1.696e-04 5.337e-04 -5.487e-04 0.000e+00
66 6.714e-05 2.443e-05 9.037e-04 0.000e+00
67 -3.210e-04 1.797e-04 9.871e-05 0.000e+00
68 2.061e-04 -5.336e-04 -3.171e-04 0.000e+00
69 8.445e-05 1.987e-04 5.201e-04 0.000e+00
70 -4.504e-05 -4.400e-04 1.861e-04 0.000e+00
71 5.742e-04 3.430e-04 -3.108e-04 0.000e+00
72 -2.948e-05 -4.132e-04 5.034e-04 0.000e+00
73 -6.781e-04 6.116e-04 -1.129e-04 -2.357e+01
74 -2.632e-04 -3.735e-05 6.938e-05 0.000e+00
75 9.803e-05 3.777e-04 -5.335e-07 0.000e+00
76 9.723e-05 -3.949e-05 1.189e-04 0.000e+00
77 -2.565e-04 -4.044e-04 1.921e-04 0.000e+00
78 -2.302e-04 4.077e-04 -7.820e-04 0.000e+00
79 3.118e-04 1.612e-04 4.715e-05 0.000e+00
80 -2.239e-04 -5.674e-04 -6.745e-05 0.000e+00
81 -4.854e-04 -5.300e-04 5.897e-04 0.000e+00
82 -6.418e-04 -8.955e-05 -2.875e-04 0.000e+00
83 1.171e-04 6.387e-05 2.185e-04 0.000e+00
84 1.486e-05 -4.536e-04 -6.202e-04 0.000e+00
85 -2.102e-05 6.213e-04 2.340e-04 -3.314e+01
86 1.022e-04 -3.498e-04 3.526e-04 0.000e+00
87 -5.279e-04 5.557e-04 1.489e-04 0.000e+00
88 -2.609e-04 9.236e-05 -1.889e-04 0.000e+00
89 3.828e-04 3.141e-04 -1.925e-05 0.000e+00
90 -2.244e-04 -3.872e-04 -3.956e-04 0.000e+00
91 -1.833e-05 2.535e-04 1.617e-04 0.000e+00
92 -5.479e-04 -5.466e-04 -6.788e-05 0.000e+00
93 -1.603e-04 -4.191e-04 -1.212e-04 0.000e+00
94 1.791e-04 -5.015e-04 -4.717e-04 0.000e+00
95 3.953e-04 4.588e-04 -6.845e-05 0.000e+00
96 -5.184e-05 -5.070e-04 2.270e-04 0.000e+00
97 -4.378e-04 2.768e-04 2.362e-04 0.000e+00
98 4.247e-04 3.767e-04 -1.285e-04 0.000e+00
99 -7.753e-04 2.085e-05 -2.048e-05 0.000e+00
100 3.008e-07 4.934e-04 2.193e-04 0.000e+00
101 6.493e-04 7.977e-05 9.593e-05 0.000e+00
102 -4.757e-04 3.924e-04 -3.107e-04 0.000e+00
103 7.407e-04 1.851e-04 -3.567e-04 0.000e+00
104 6.909e-04 -4.212e-04 -7.104e-05 0.000e+00
105 -5.052e-04 -2.469e-05 -1.741e-05 0.000e+00
106 3.447e-05 -5.579e-04 -3.374e-04 0.000e+00
107 -4.002e-05 5.154e-04 7.124e-05 0.000e+00
108 -1.695e-04 -4.494e-04 -2.698e-04 0.000e+00
109 2.852e-04 4.844e-04 -3.959e-04 0.000e+00
110 -2.148e-04 1.306e-04 -4.593e-04 0.000e+00
111 -8.494e-04 -4.411e-04 4.351e-04 0.000e+00
112 -3.504e-04 -5.724e-04 -3.637e-04 0.000e+00
113 -1.604e-04 6.086e-04 4.859e-04 6.488e+01
114 2.094e-04 2.777e-04 1.970e-04 0.000e+00
115 3.882e-04 8.532e-05 -1.965e-04 0.000e+00
116 -2.574e-04 -4.242e-04 -1.712e-04 0.000e+00
117 -3.078e-04 5.049e-04 -2.946e-04 0.000e+00
118 -3.995e-04 -4.429e-04 -5.563e-04 0.000e+00
119 2.201e-04 8.617e-05 -4.382e-05 0.000e+00
120 2.144e-04 1.213e-04 -1.049e-03 0.000e+00
121 2.431e-04 6.509e-05 -3.782e-04 0.000e+00
122 4.165e-04 1.865e-04 -5.236e-05 0.000e+00
123 -7.182e-05 -5.411e-04 -2.922e-04 0.000e+00
124 2.249e-04 -3.809e-04 1.910e-04 0.000e+00
125 2.418e-04 4.133e-04 -5.673e-04 0.000e+00
126 1.931e-04 -2.799e-04 -1.929e-04 0.000e+00
127 -2.771e-04 2.297e-04 -3.839e-05 0.000e+00
128 -1.965e-04 3.125e-04 -7.997e-04 0.000e+00
129 4.471e-04 -4.250e-04 -3.921e-04 0.000e+00
130 5.758e-04 1.334e-04 -2.900e-04 0.000e+00
131 5.146e-04 -4.282e-04 6.071e-04 0.000e+00
132 6.413e-04 -3.606e-04 9.733e-05 0.000e+00
133 -3.579e-04 -4.008e-04 5.255e-05 0.000e+00
134 2.624e-04 -3.749e-06 3.166e-04 0.000e+00
135 -1.255e-03 -4.639e-04 -2.923e-04 0.000e+00
136 -1.275e-04 3.078e-04 2.791e-04 0.000e+00
137 -7.684e-04 -4.756e-04 3.542e-05 0.000e+00
138 -2.618e-05 -5.653e-04 -8.432e-04 0.000e+00
139 -5.244e-04 8.754e-04 -3.274e-04 -2.678e+01
140 -3.502e-04 8.048e-05 -2.611e-04 0.000e+00
141 2.411e-04 3.214e-04 1.028e-03 0.000e+00
142 -5.576e-06 -5.202e-04 -3.508e-04 0.000e+00
143 -5.843e-04 -5.192e-04 5.601e-04 0.000e+00
144 -7.346e-04 -4.026e-04 9.392e-05 0.000e+00
145 -2.559e-04 2.563e-04 -6.060e-05 0.000e+00
146 8.042e-05 6.229e-04 -1.474e-04 -9.397e+01
147 -8.372e-04 2.708e-04 3.443e-04 0.000e+00
148 3.025e-04 -5.061e-04 6.203e-04 0.000e+00
149 -1.400e-04 -5.454e-04 -1.336e-04 0.000e+00
150 -7.619e-04 -3.343e-05 1.224e-06 0.000e+00
151 4.129e-04 7.608e-04 4.435e-04 -1.011e+02
152 -8.206e-06 9.987e-05 -6.238e-04 0.000e+00
153 -9.313e-05 2.226e-04 5.820e-06 0.000e+00
154 -1.697e-04 8.781e-05 -7.012e-04 0.000e+00
155 -2.786e-04 2.498e-04 -7.739e-05 0.000e+00
156 -3.001e-04 3.518e-05 2.365e-04 0.000e+00
157 8.786e-04 5.575e-04 -3.489e-04 0.000e+00
158 -1.319e-04 8.270e-05 -3.198e-04 0.000e+00
159 -2.587e-04 3.662e-04 -6.068e-04 0.000e+00
160 2.865e-04 3.880e-04 -6.768e-05 0.000e+00
161 2.016e-04 1.171e-04 -2.564e-04 0.000e+00
162 -6.663e-05 -4.706e-04 -4.650e-04 0.000e+00
163 -9.571e-04 5.383e-04 -1.984e-04 0.000e+00
164 1.100e-04 1.008e-04 -1.482e-04 0.000e+00
165 6.221e-05 1.414e-04 1.103e-03 0.000e+00
166 1.099e-03 -5.562e-04 -2.866e-04 0.000e+00
167 -9.065e-04 6.707e-04 -4.867e-04 -4.925e+01
168 3.004e-04 1.732e-04 -1.761e-04 0.000e+00
169 -5.976e-04 2.006e-04 2.925e-04 0.000e+00
170 5.495e-04 -4.547e-04 4.729e-06 0.000e+00
171 -1.310e-04 1.559e-04 -2.684e-05 0.000e+00
172 1.678e-04 -4.644e-04 -4.002e-05 0.000e+00
173 5.260e-04 3.008e-04 -9.061e-05 0.000e+00
174 -7.652e-05 -4.391e-04 8.518e-04 0.000e+00
175 -7.577e-05 1.848e-04 1.829e-04 0.000e+00
176 -3.590e-04 -7.858e-06 -9.003e-05 0.000e+00
177 -1.939e-05 2.568e-04 -1.114e-04 0.000e+00
178 2.009e-04 4.006e-04 -1.684e-04 0.000e+00
179 -4.417e-04 3.175e-04 4.792e-04 0.000e+00
180 -1.945e-04 4.107e-04 -1.123e-04 0.000e+00
181 -6.014e-04 9.943e-05 -9.236e-05 0.000e+00
182 -1.501e-04 -3.980e-04 4.416e-04 0.000e+00
183 -6.320e-04 2.282e-04 -5.348e-04 0.000e+00
184 1.774e-04 3.309e-04 -1.393e-05 0.000e+00
185 1.251e-04 3.250e-04 6.947e-04 0.000e+00
186 -1.897e-04 -5.511e-04 -3.719e-04 0.000e+00
187 -6.570e-04 1.159e-04 -3.796e-05 0.000e+00
188 1.169e-04 -4.606e-04 2.979e-04 0.000e+00
189 5.633e-05 4.203e-04 -3.116e-04 0.000e+00
190 -4.813e-04 -5.321e-04 -4.726e-04 0.000e+00
191 1.916e-04 4.194e-04 5.399e-05 0.000e+00
192 2.716e-04 -5.550e-04 -1.138e-04 0.000e+00
193 1.486e-04 2.387e-04 3.573e-04 0.000e+00
194 4.963e-04 2.416e-04 3.377e-04 0.000e+00
195 3.052e-04 7.708e-05 2.049e-05 0.000e+00
196 -2.252e-05 4.531e-04 2.995e-04 0.000e+00
197 4.266e-04 6.494e-04 -9.750e-06 -8.427e+01
198 6.112e-04 -5.333e-04 -4.994e-04 0.000e+00
199 2.979e-04 5.585e-04 -1.310e-05 0.000e+00
200 -2.071e-04 -4.807e-04 -1.937e-05 0.000e+00
201 -2.087e-04 2.196e-04 4.976e-05 0.000e+00
202 -2.077e-04 -1.469e-04 -4.709e-05 0.000e+00
203 3.892e-05 -6.870e-05 4.010e-05 0.000e+00
204 1.279e-04 3.666e-04 5.205e-04 0.000e+00
205 -6.631e-04 -5.377e-04 1.227e-04 0.000e+00
206 2.222e-05 -5.280e-04 5.467e-04 0.000e+00
207 -5.943e-04 2.010e-04 -3.990e-05 0.000e+00
208 6.091e-05 -5.488e-04 -3.302e-04 0.000e+00
209 -2.247e-04 -5.358e-04 1.279e-04 0.000e+00
210 -6.156e-04 1.959e-04 4.211e-04 0.000e+00
211 -4.406e-04 1.277e-04 -2.219e-04 0.000e+00
212 -8.124e-06 3.275e-05 -1.997e-04 0.000e+00
213 -6.798e-04 -2.719e-04 -2.158e-04 0.000e+00
214 -4.223e-04 3.932e-04 -1.146e-04 0.000e+00
215 2.199e-04 -4.744e-04 1.189e-04 0.000e+00
216 -3.946e-04 -4.522e-04 -1.031e-04 0.000e+00
217 3.589e-04 3.574e-04 -4.222e-04 0.000e+00
218 4.022e-04 -4.854e-04 1.397e-04 0.000e+00
219 3.140e-04 -1.372e-04 -2.241e-04 0.000e+00
220 -6.875e-05 4.870e-04 -3.511e-04 0.000e+00
221 -3.660e-04 -4.609e-04 -6.251e-06 0.000e+00
222 -5.796e-05 6.293e-04 -4.924e-04 -7.948e+00
223 5.884e-04 -4.491e-04 -3.979e-04 0.000e+00
224 1.195e-04 2.651e-04 3.148e-04 0.000e+00
225 2.692e-04 1.206e-04 -5.303e-04 0.000e+00
226 -5.321e-04 4.256e-04 3.800e-05 0.000e+00
227 -3.070e-04 -3.659e-04 3.272e-04 0.000e+00
228 -8.437e-05 -5.544e-04 -1.683e-04 0.000e+00
229 9.870e-05 2.671e-04 -3.372e-04 0.000e+00
230 2.240e-05 -5.505e-04 -1.529e-04 0.000e+00
231 -2.505e-04 -5.486e-04 -3.250e-04 0.000e+00
232 -1.525e-04 1.832e-04 1.627e-04 0.000e+00
233 6.975e-05 -5.383e-04 3.385e-04 0.000e+00
234 -1.229e-05 8.084e-04 -5.078e-04 -5.466e+01
235 7.473e-04 5.143e-05 -2.636e-04 0.000e+00
236 1.713e-04 2.007e-04 -3.347e-05 0.000e+00
237 -1.556e-04 3.246e-04 2.032e-04 0.000e+00
238 2.923e-04 1.389e-04 -3.277e-04 0.000e+00
239 -3.372e-04 5.207e-04 -2.814e-04 0.000e+00
240 -6.526e-05 -6.919e-05 -4.945e-04 0.000e+00
241 -2.924e-04 -5.378e-04 3.204e-04 0.000e+00
242 -1.960e-04 -5.675e-04 -7.371e-04 0.000e+00
243 5.505e-04 1.791e-05 3.695e-04 0.000e+00
244 -3.004e-04 -5.707e-04 -3.040e-04 0.000e+00
245 -8.410e-05 2.969e-04 4.333e-05 0.000e+00
246 1.352e-04 8.687e-06 -6.414e-04 0.000e+00
247 -1.385e-04 -5.237e-04 7.267e-04 0.000e+00
248 -3.045e-04 -5.335e-04 8.092e-05 0.000e+00
249 -1.908e-04 -2.871e-05 -2.753e-04 0.000e+00
250 2.704e-04 7.738e-05 5.017e-04 0.000e+00
251 4.914e-04 3.305e-04 -3.991e-04 0.000e+00
252 1.649e-04 3.576e-04 -5.490e-04 0.000e+00
253 3.036e-05 2.177e-04 5.407e-04 0.000e+00
254 -1.545e-04 2.910e-04 2.611e-05 0.000e+00
255 -1.985e-04 -5.412e-04 8.274e-04 0.000e+00
256 -5.360e-04 -5.687e-04 3.249e-04 0.000e+00
257 2.222e-04 -4.472e-04 -1.140e-04 0.000e+00
258 2.540e-04 1.096e-04 5.019e-04 0.000e+00
259 4.895e-05 -4.444e-04 2.934e-04 0.000e+00
260 2.200e-05 6.605e-05 -5.207e-04 0.000e+00
261 -2.210e-04 1.979e-04 1.003e-03 0.000e+00
262 3.339e-04 -5.073e-04 -6.491e-04 0.000e+00
263 2.257e-05 -5.604e-04 -1.163e-04 0.000e+00
264 -2.714e-04 2.941e-04 3.536e-04 0.000e+00
265 -4.809e-04 2.674e-04 -3.844e-04 0.000e+00
266 -7.086e-04 3.320e-04 1.337e-05 0.000e+00
267 4.499e-04 -5.767e-04 9.967e-05 0.000e+00
268 5.306e-04 5.243e-04 -3.090e-04 0.000e+00
269 1.492e-04 5.551e-05 -4.035e-04 0.000e+00
270 -4.985e-04 5.590e-04 2.050e-04 0.000e+00
271 -1.609e-04 -1.096e-04 6.823e-04 0.000e+00
272 -9.627e-05 2.171e-04 -1.926e-04 0.000e+00
273 -3.837e-04 1.562e-04 -1.046e-04 0.000e+00
274 -8.076e-05 3.110e-04 -3.127e-04 0.000e+00
275 4.701e-04 8.018e-04 1.520e-04 5.535e+01
276 -1.508e-04 -5.175e-04 -4.004e-05 0.000e+00
277 -3.895e-04 -4.680e-04 -1.345e-04 0.000e+00
278 -2.465e-04 -5.065e-05 2.397e-04 0.000e+00
279 1.365e-04 1.152e-04 3.385e-04 0.000e+00
280 -1.212e-04 -5.609e-04 2.296e-04 0.000e+00
281 -5.838e-05 -5.243e-04 -6.619e-05 0.000e+00
282 2.773e-04 3.607e-04 1.583e-04 0.000e+00
283 -1.109e-04 7.533e-06 1.641e-04 0.000e+00
284 -1.957e-04 -5.598e-04 8.633e-06 0.000e+00
285 -1.492e-04 -4.347e-04 -2.135e-04 0.000e+00
286 1.165e-04 -5.721e-04 1.032e-04 0.000e+00
287 -4.122e-04 -5.765e-04 3.441e-04 0.000e+00
288 -5.016e-04 -4.846e-04 8.634e-05 0.000e+00
289 3.003e-04 2.326e-04 -1.249e-04 0.000e+00
290 -6.087e-04 -8.733e-05 -1.220e-04 0.000e+00
291 -2.790e-04 1.558e-04 2.062e-04 0.000e+00
292 -1.022e-05 7.962e-05 8.279e-05 0.000e+00
293 -5.804e-04 -3.925e-04 -2.065e-04 0.000e+00
294 -5.620e-04 1.688e-04 2.987e-04 0.000e+00
295 1.255e-04 -5.798e-05 5.469e-04 0.000e+00
296 -2.162e-05 2.511e-04 3.317e-04 0.000e+00
297 -1.913e-04 3.665e-04 -1.672e-04 0.000e+00
298 1.230e-04 -5.333e-04 1.457e-04 0.000e+00
299 6.327e-04 7.428e-05 1.702e-04 0.000e+00
300 7.808e-05 9.391e-05 -2.372e-05 0.000e+00
301 6.863e-04 -5.763e-04 8.360e-05 0.000e+00
302 -1.748e-04 2.502e-04 -4.123e-04 0.000e+00
303 -1.585e-04 -3.653e-04 -1.832e-04 0.000e+00
304 -1.844e-04 -1.850e-04 2.189e-04 0.000e+00
305 -8.511e-04 -4.741e-04 -4.316e-04 0.000e+00
306 -3.552e-04 -9.617e-05 3.311e-04 0.000e+00
307 -1.080e-04 -1.026e-04 4.591e-04 0.000e+00
308 -4.671e-04 -5.544e-04 -4.104e-04 0.000e+00
309 4.508e-05 2.018e-04 3.351e-04 0.000e+00
310 -5.222e-04 5.180e-05 2.994e-05 0.000e+00
311 2.733e-04 -5.395e-04 -8.123e-04 0.000e+00
312 4.719e-04 9.154e-04 -5.425e-04 3.310e+01
313 1.947e-04 -7.467e-05 -3.570e-04 0.000e+00
314 -3.231e-04 -4.844e-04 -5.270e-05 0.000e+00
315 3.974e-04 1.088e-04 3.841e-04 0.000e+00
316 7.962e-05 -4.860e-04 -2.981e-04 0.000e+00
317 1.282e-04 -4.667e-04 -4.429e-04 0.000e+00
318 3.699e-04 -6.203e-05 -2.054e-04 0.000e+00
319 5.745e-04 1.962e-05 -6.023e-04 0.000e+00
320 -5.499e-05 -5.758e-04 -1.382e-04 0.000e+00
321 -8.093e-05 1.864e-05 1.415e-04 0.000e+00
322 -1.721e-04 2.223e-04 -5.161e-04 0.000e+00
323 2.367e-04 -6.736e-05 -8.972e-04 0.000e+00
324 -4.288e-04 1.628e-04 4.733e-04 0.000e+00
325 -1.147e-03 -5.728e-04 -4.313e-04 0.000e+00
326 2.953e-04 1.540e-04 -1.662e-05 0.000e+00
327 -8.167e-05 1.483e-04 -3.336e-04 0.000e+00
328 1.617e-04 2.963e-04 -1.415e-04 0.000e+00
329 -1.245e-04 3.767e-04 -2.158e-04 0.000e+00
330 2.942e-04 -5.598e-04 9.679e-05 0.000e+00
331 3.854e-04 -3.170e-04 1.387e-04 0.000e+00
332 -7.674e-05 -7.051e-06 -8.338e-04 0.000e+00
333 -7.765e-04 -4.768e-04 -4.976e-04 0.000e+00
334 2.249e-04 -4.177e-04 -4.643e-04 0.000e+00
335 -1.650e-05 8.530e-04 -1.319e-04 -2.073e+01
336 1.970e-04 6.757e-05 -1.258e-04 0.000e+00
337 2.277e-04 -5.685e-04 -5.568e-05 0.000e+00
338 3.040e-04 -3.635e-04 1.372e-04 0.000e+00
339 1.897e-04 -4.350e-04 5.317e-04 0.000e+00
340 4.011e-04 -1.347e-04 -3.395e-04 0.000e+00
341 4.330e-04 2.434e-04 -3.071e-04 0.000e+00
342 6.046e-04 7.018e-05 2.992e-04 0.000e+00
343 -2.408e-04 2.815e-04 -4.877e-05 0.000e+00
344 -5.880e-05 -7.055e-06 -3.355e-04 0.000e+00
345 2.806e-04 -1.837e-05 7.278e-05 0.000e+00
346 -1.225e-04 3.437e-04 4.729e-04 0.000e+00
347 -2.528e-04 6.112e-04 1.981e-04 2.071e+01
348 -4.776e-04 -2.492e-06 -9.205e-05 0.000e+00
349 -1.736e-04 1.926e-04 -3.114e-04 0.000e+00
350 1.921e-04 2.319e-04 9.142e-05 0.000e+00
351 4.649e-04 2.332e-04 1.813e-04 0.000e+00
352 1.931e-04 1.523e-04 1.841e-04 0.000e+00
353 6.406e-05 -3.626e-04 6.008e-04 0.000e+00
354 1.768e-05 7.586e-04 -6.075e-04 7.253e+00
355 7.316e-04 4.126e-04 1.577e-04 0.000e+00
356 -6.478e-04 4.944e-04 7.212e-05 0.000e+00
357 4.125e-04 -4.862e-04 5.181e-04 0.000e+00
358 1.411e-04 4.204e-05 -1.443e-04 0.000e+00
359 1.352e-04 1.556e-04 2.706e-04 0.000e+00
360 -6.058e-04 3.035e-04 -2.446e-04 0.000e+00
361 7.092e-04 -5.265e-04 -2.289e-04 0.000e+00
362 6.704e-05 2.611e-04 5.670e-04 0.000e+00
363 -4.610e-04 3.011e-04 3.235e-04 0.000e+00
364 1.069e-04 5.587e-05 2.657e-04 0.000e+00
365 3.560e-04 3.002e-04 5.040e-04 0.000e+00
366 1.573e-04 1.541e-04 1.391e-04 0.000e+00
367 -3.888e-04 2.100e-04 3.334e-04 0.000e+00
368 -1.209e-04 7.645e-04 -4.677e-04 -7.044e+01
369 -8.569e-04 6.330e-05 6.401e-05 0.000e+00
370 -4.354e-04 -4.181e-04 2.843e-04 0.000e+00
371 2.950e-04 -4.810e-04 4.509e-04 0.000e+00
372 2.255e-04 6.067e-05 -2.569e-04 0.000e+00
373 -9.324e-04 -4.773e-04 -6.235e-04 0.000e+00
374 2.568e-04 -5.601e-04 4.659e-04 0.000e+00
375 2.355e-04 -3.544e-04 -2.547e-04 0.000e+00
376 5.065e-04 -2.478e-04 3.620e-04 0.000e+00
377 3.268e-04 4.677e-04 -1.920e-04 0.000e+00
378 1.682e-04 -4.536e-04 4.249e-04 0.000e+00
379 5.845e-04 -2.852e-04 -6.817e-05 0.000e+00
380 2.236e-04 -4.402e-04 -9.896e-05 0.000e+00
381 -3.171e-04 -4.659e-04 -2.413e-04 0.000e+00
382 1.175e-04 -5.219e-04 1.678e-04 0.000e+00
383 1.496e-04 4.526e-04 3.721e-04 0.000e+00
384 2.812e-04 5.372e-05 7.818e-04 0.000e+00
385 8.697e-04 -5.032e-04 1.290e-04 0.000e+00
386 -5.685e-05 -3.652e-04 3.130e-04 0.000e+00
387 -4.799e-04 -5.719e-04 4.099e-04 0.000e+00
388 -1.206e-04 -5.593e-04 -6.094e-04 0.000e+00
389 -7.265e-06 -5.409e-04 -3.626e-04 0.000e+00
390 3.588e-04 -1.419e-04 -3.118e-04 0.000e+00
391 1.530e-04 2.537e-04 4.054e-05 0.000e+00
392 -2.446e-04 -3.719e-04 -1.425e-04 0.000e+00
393 -3.433e-06 -2.863e-04 -1.378e-04 0.000e+00
394 1.408e-05 7.972e-04 6.512e-04 -7.705e+01
395 1.593e-04 -2.996e-04 3.541e-04 0.000e+00
396 -1.199e-04 2.755e-04 -2.067e-04 0.000e+00
397 2.216e-04 1.920e-04 1.096e-03 0.000e+00
398 6.644e-05 3.683e-05 -9.558e-05 0.000e+00
399 1.104e-04 -5.523e-04 1.256e-04 0.000e+00
400 -3.405e-04 2.484e-04 -2.050e-04 0.000e+00
401 -6.649e-04 -3.254e-04 2.940e-04 0.000e+00
402 5.871e-04 -5.638e-04 3.205e-04 0.000e+00
403 -1.667e-05 2.970e-04 -3.234e-04 0.000e+00
404 -4.818e-04 -1.013e-04 1.503e-04 0.000e+00
405 -3.221e-05 7.622e-07 2.819e-04 0.000e+00
406 -2.526e-04 -5.498e-04 -4.033e-05 0.000e+00
407 -8.549e-05 -2.457e-05 2.991e-04 0.000e+00
408 3.141e-04 4.769e-04 3.444e-04 0.000e+00
409 -5.485e-05 4.557e-04 6.089e-04 0.000e+00
410 -8.290e-05 3.473e-04 6.552e-04 0.000e+00
411 4.430e-04 1.403e-04 1.208e-04 0.000e+00
412 -1.857e-04 1.310e-04 2.330e-04 0.000e+00
413 1.749e-04 -5.067e-04 5.268e-04 0.000e+00
414 -3.641e-04 0.000e+00 -2.375e-04 0.000e+00
415 -2.555e-04 1.980e-05 1.979e-04 0.000e+00
416 2.969e-04 -5.691e-04 -5.781e-04 0.000e+00
417 1.493e-04 2.578e-04 -2.321e-04 0.000e+00
418 -3.967e-04 2.897e-04 -5.850e-04 0.000e+00
419 1.874e-04 -5.614e-04 5.490e-04 0.000e+00
420 -3.807e-04 -5.403e-04 -6.968e-04 0.000e+00
421 3.489e-04 -4.875e-04 -4.881e-05 0.000e+00
422 3.146e-04 -5.190e-04 5.945e-06 0.000e+00
423 1.468e-04 3.134e-04 -2.068e-04 0.000e+00
424 2.648e-04 2.156e-04 1.927e-04 0.000e+00
425 8.583e-04 -4.082e-04 -5.873e-06 0.000e+00
426 -5.270e-04 6.006e-05 -1.418e-04 0.000e+00
427 4.980e-04 -4.617e-04 -1.467e-04 0.000e+00
428 9.796e-05 2.333e-06 4.566e-04 0.000e+00
429 1.165e-04 -5.748e-04 -7.145e-04 0.000e+00
430 -1.227e-04 4.444e-04 -1.447e-04 0.000e+00
431 3.540e-05 2.266e-04 -8.931e-05 0.000e+00
432 -1.058e-03 1.773e-04 4.115e-04 0.000e+00
433 -6.433e-05 7.335e-04 -1.932e-04 2.973e+01
434 -1.549e-04 2.659e-04 -4.817e-05 0.000e+00
435 5.621e-04 5.516e-04 2.344e-04 0.000e+00
436 4.428e-04 2.028e-05 7.820e-04 0.000e+00
437 2.902e-04 1.578e-05 -2.997e-04 0.000e+00
438 -3.747e-05 2.634e-04 -1.147e-05 0.000e+00
439 4.707e-04 -5.205e-04 -2.960e-05 0.000e+00
440 4.456e-04 5.942e-04 -3.344e-04 -9.433e+01
441 -4.007e-04 2.145e-04 -1.236e-04 0.000e+00
442 -3.014e-04 -4.740e-04 1.050e-04 0.000e+00
443 6.230e-04 -5.297e-04 1.250e-04 0.000e+00
444 -2.386e-05 -5.331e-04 -2.960e-04 0.000e+00
445 1.897e-05 5.469e-04 3.436e-05 0.000e+00
446 -3.646e-04 -4.545e-04 2.804e-04 0.000e+00
447 -1.808e-04 4.899e-04 4.208e-04 0.000e+00
448 -9.721e-05 -4.124e-04 -3.301e-05 0.000e+00
449 -4.615e-04 -5.751e-04 -6.673e-04 0.000e+00
450 2.153e-04 -5.608e-04 -3.802e-04 0.000e+00
451 -6.540e-05 1.556e-04 -1.137e-04 0.000e+00
452 4.221e-04 -5.073e-04 -1.550e-05 0.000e+00
453 -3.169e-05 4.658e-04 -6.852e-04 0.000e+00
454 -2.907e-04 6.180e-04 3.509e-04 -6.018e+01
455 3.617e-04 -5.486e-04 -4.439e-04 0.000e+00
456 3.700e-05 5.400e-04 3.798e-04 0.000e+00
457 4.637e-04 7.605e-04 7.393e-05 4.991e+01
458 -8.031e-04 -4.612e-04 3.794e-05 0.000e+00
459 -8.474e-04 -4.618e-04 3.933e-04 0.000e+00
460 -4.695e-04 -5.728e-04 2.761e-04 0.000e+00
461 -2.510e-04 -4.118e-05 2.801e-04 0.000e+00
462 -4.558e-04 4.952e-04 -6.036e-05 0.000e+00
463 -5.423e-04 -5.259e-04 -4.148e-04 0.000e+00
464 3.420e-04 4.889e-05 1.822e-04 0.000e+00
465 -4.444e-04 1.617e-04 -3.757e-05 0.000e+00
466 -1.677e-04 -2.924e-04 1.295e-04 0.000e+00
467 3.027e-04 -4.867e-04 1.014e-04 0.000e+00
468 -1.301e-04 -4.527e-04 1.120e-04 0.000e+00
469 2.095e-04 1.552e-04 3.410e-04 0.000e+00
470 -4.016e-04 4.215e-04 -7.816e-05 0.000e+00
471 -3.096e-04 5.845e-04 -3.878e-04 -4.738e+01
472 2.748e-04 2.264e-04 2.546e-04 0.000e+00
473 5.555e-05 1.897e-05 9.655e-05 0.000e+00
474 -5.207e-04 -5.049e-04 -2.448e-05 0.000e+00
475 -5.846e-04 -5.415e-04 -4.447e-04 0.000e+00
476 -1.308e-04 2.267e-04 -1.200e-04 0.000e+00
477 -1.213e-04 -5.549e-04 6.123e-04 0.000e+00
478 2.203e-04 6.031e-04 -1.712e-04 -4.563e+01
479 1.796e-04 6.175e-04 -3.664e-04 -9.215e+01
480 1.155e-04 -4.841e-04 2.915e-04 0.000e+00
481 -6.229e-04 -3.773e-04 7.381e-05 0.000e+00
482 -9.874e-05 1.472e-04 4.798e-04 0.000e+00
483 -4.078e-04 -2.522e-04 2.790e-04 0.000e+00
484 1.279e-04 -5.503e-04 -3.318e-04 0.000e+00
485 -2.536e-04 3.880e-04 -2.869e-04 0.000e+00
486 -2.234e-04 2.911e-04 -3.275e-04 0.000e+00
487 2.489e-04 -4.330e-04 -1.019e-04 0.000e+00
488 1.107e-04 -4.162e-04 -7.681e-05 0.000e+00
489 8.496e-04 -4.812e-04 3.967e-04 0.000e+00
490 2.782e-04 4.891e-04 6.008e-04 0.000e+00
491 -4.716e-04 6.935e-05 -4.784e-04 0.000e+00
492 3.641e-04 -4.039e-04 -3.780e-06 0.000e+00
493 4.437e-04 -4.016e-05 7.000e-05 0.000e+00
494 -5.636e-04 -3.942e-04 6.831e-04 0.000e+00
495 1.054e-04 -5.132e-04 5.344e-04 0.000e+00
496 -8.046e-05 -3.770e-04 -6.823e-05 0.000e+00
497 -3.696e-04 1.053e-05 1.954e-04 0.000e+00
498 3.273e-04 3.688e-04 -2.790e-04 0.000e+00
499 -7.030e-04 1.132e-04 -1.947e-04 0.000e+00
500 5.626e-05 1.109e-05 -3.756e-04 0.000e+00
501 -1.648e-06 -5.153e-04 2.217e-04 0.000e+00
502 4.668e-04 -6.338e-05 -4.858e-05 0.000e+00
503 1.060e-04 1.249e-04 -1.859e-04 0.000e+00
504 5.396e-04 2.286e-04 -3.215e-04 0.000e+00
505 1.458e-04 -4.776e-04 4.704e-04 0.000e+00
506 -1.412e-05 -5.104e-05 2.601e-04 0.000e+00
507 -2.571e-04 4.886e-04 2.792e-04 0.000e+00
508 -4.143e-04 -9.977e-05 -7.405e-04 0.000e+00
509 6.822e-04 6.168e-04 -5.435e-04 -9.490e+01
510 1.132e-04 -5.736e-04 -4.968e-04 0.000e+00
511 6.046e-04 -3.110e-04 -2.825e-04 0.000e+00
512 -4.269e-04 4.332e-04 -3.057e-04 0.000e+00
513 -6.141e-04 -3.640e-04 2.712e-04 0.000e+00
514 8.330e-04 -4.986e-04 4.031e-04 0.000e+00
515 -8.128e-05 1.414e-04 5.058e-04 0.000e+00
516 2.706e-04 4.768e-04 9.149e-04 0.000e+00
517 1.178e-04 -5.512e-04 5.257e-04 0.000e+00
518 -2.751e-04 -3.766e-04 1.839e-04 0.000e+00
519 5.078e-04 -5.040e-04 3.106e-04 0.000e+00
520 -6.764e-04 -1.474e-04 2.156e-04 0.000e+00
521 1.486e-04 -4.483e-04 1.755e-04 0.000e+00
522 6.049e-04 -4.574e-04 -4.854e-04 0.000e+00
523 1.863e-04 -3.007e-04 2.216e-04 0.000e+00
524 4.390e-04 8.543e-05 -1.494e-04 0.000e+00
525 -1.059e-04 -5.032e-04 7.858e-04 0.000e+00
526 -1.066e-04 4.506e-05 -2.983e-04 0.000e+00
527 5.934e-04 -4.845e-04 4.229e-06 0.000e+00
528 4.451e-04 -5.748e-04 -5.155e-04 0.000e+00
529 3.403e-04 -4.569e-04 2.784e-04 0.000e+00
530 4.095e-04 -4.800e-04 6.879e-04 0.000e+00
531 1.682e-04 2.731e-05 1.678e-04 0.000e+00
532 2.041e-04 2.857e-04 -1.246e-04 0.000e+00
533 -7.818e-05 -3.011e-04 2.305e-04 0.000e+00
534 -5.406e-04 -1.328e-05 -3.849e-04 0.000e+00
535 -9.965e-05 -1.077e-04 -2.371e-04 0.000e+00
536 -1.066e-04 3.953e-04 3.135e-05 0.000e+00
537 -2.693e-04 6.104e-04 -3.065e-04 -4.496e+01
538 2.549e-04 3.231e-04 -3.227e-04 0.000e+00
539 -7.243e-04 -3.725e-04 -3.980e-04 0.000e+00
540 -2.065e-04 3.420e-04 -9.836e-06 0.000e+00
541 7.005e-05 2.537e-05 -6.201e-05 0.000e+00
542 3.199e-05 -4.866e-04 -6.478e-04 0.000e+00
543 3.084e-04 -4.531e-04 2.225e-04 0.000e+00
544 -4.643e-04 2.325e-04 1.347e-04 0.000e+00
545 3.885e-05 -3.658e-04 7.125e-05 0.000e+00
546 -1.563e-04 4.083e-04 2.662e-07 0.000e+00
547 -2.315e-04 -4.307e-04 3.212e-04 0.000e+00
548 8.304e-05 3.961e-04 -1.763e-04 0.000e+00
549 -1.421e-05 -4.765e-04 -4.930e-04 0.000e+00
550 -4.445e-04 5.482e-04 -1.543e-04 0.000e+00
551 -5.867e-04 -5.119e-04 1.216e-05 0.000e+00
552 1.724e-04 2.558e-04 -4.975e-04 0.000e+00
553 -9.506e-05 2.518e-04 2.766e-04 0.000e+00
554 -6.249e-04 -4.075e-04 -3.618e-04 0.000e+00
555 2.449e-04 -5.040e-04 1.575e-04 0.000e+00
556 -1.165e-04 4.083e-04 -3.086e-04 0.000e+00
557 4.831e-04 -5.609e-04 -2.981e-04 0.000e+00
558 4.862e-05 1.453e-04 6.919e-06 0.000e+00
559 -7.048e-04 -5.143e-04 3.353e-04 0.000e+00
560 -3.290e-04 -4.002e-04 7.641e-04 0.000e+00
561 -4.548e-05 -1.300e-04 5.821e-04 0.000e+00
562 8.247e-04 7.274e-04 1.068e-04 -2.880e+01
563 4.453e-04 -4.665e-04 -3.410e-04 0.000e+00
564 2.261e-04 -2.801e-05 1.864e-04 0.000e+00
565 -6.074e-04 -4.251e-04 -3.628e-04 0.000e+00
566 5.998e-04 -4.069e-04 -4.548e-04 0.000e+00
567 -4.101e-05 -5.471e-04 6.547e-04 0.000e+00
568 -4.505e-04 5.249e-04 4.354e-04 0.000e+00
569 -1.320e-03 -1.612e-05 3.409e-05 0.000e+00
570 9.347e-04 9.332e-05 2.942e-04 0.000e+00
571 -5.137e-04 -4.599e-04 -4.465e-05 0.000e+00
572 -3.973e-05 -4.900e-04 1.782e-04 0.000e+00
573 -5.204e-04 3.967e-04 -2.144e-04 0.000e+00
574 -2.239e-04 3.219e-04 -1.026e-04 0.000e+00
575 -2.892e-05 -2.859e-04 1.579e-04 0.000e+00
576 -1.543e-04 -6.381e-05 -1.635e-04 0.000e+00
577 -2.277e-04 4.776e-04 -2.355e-04 0.000e+00
578 1.480e-04 -2.593e-04 5.235e-04 0.000e+00
579 -7.035e-05 -1.129e-04 -2.488e-04 0.000e+00
580 4.749e-05 3.095e-04 5.235e-05 0.000e+00
581 4.683e-04 -4.979e-04 -2.960e-04 0.000e+00
582 3.602e-04 7.150e-05 -3.374e-04 0.000e+00
583 1.556e-04 -4.149e-04 4.610e-04 0.000e+00
584 3.027e-04 -3.474e-04 -2.392e-04 0.000e+00
585 -1.794e-04 -4.422e-04 7.354e-05 0.000e+00
586 2.003e-04 2.905e-05 1.182e-04 0.000e+00
587 3.735e-04 9.594e-05 -5.084e-04 0.000e+00
588 -8.557e-05 5.411e-04 5.041e-06 0.000e+00
589 -2.988e-04 1.740e-04 -3.068e-05 0.000e+00
590 -7.679e-04 -4.960e-04 2.728e-04 0.000e+00
591 -2.326e-04 -4.685e-04 -7.573e-05 0.000e+00
592 3.528e-04 -5.676e-04 -2.404e-04 0.000e+00
593 1.130e-05 -4.391e-04 -3.328e-04 0.000e+00
594 -5.509e-05 5.628e-04 1.027e-04 0.000e+00
595 3.412e-04 2.708e-04 -1.189e-04 0.000e+00
596 1.035e-04 3.668e-04 1.358e-04 0.000e+00
597 9.638e-05 -4.958e-04 6.827e-04 0.000e+00
598 -9.587e-04 2.714e-04 1.487e-04 0.000e+00
599 1.156e-04 -3.838e-04 -3.661e-04 0.000e+00
600 -4.306e-04 -5.196e-05 -1.939e-04 0.000e+00
601 4.142e-04 5.467e-06 1.199e-04 0.000e+00
602 1.782e-04 3.947e-04 -1.603e-04 0.000e+00
603 4.907e-04 4.215e-04 -3.060e-04 0.000e+00
604 -4.288e-04 6.262e-04 -7.490e-05 1.257e+00
605 1.732e-05 -5.174e-04 -3.186e-04 0.000e+00
606 2.028e-04 1.416e-04 1.621e-04 0.000e+00
607 -4.742e-04 3.344e-04 3.344e-05 0.000e+00
608 4.563e-05 1.962e-04 2.076e-05 0.000e+00
609 3.582e-04 5.124e-04 -2.263e-04 0.000e+00
610 3.159e-04 3.772e-04 4.069e-05 0.000e+00
611 8.510e-04 -5.255e-04 -7.779e-05 0.000e+00
612 -2.162e-04 3.319e-04 1.153e-04 0.000e+00
613 6.360e-04 -4.120e-04 2.462e-04 0.000e+00
614 -2.124e-04 -5.242e-04 1.155e-04 0.000e+00
615 2.463e-04 1.942e-04 -2.935e-04 0.000e+00
616 -3.060e-05 -2.899e-04 2.759e-04 0.000e+00
617 -4.490e-04 -6.953e-05 1.123e-04 0.000e+00
618 7.800e-05 1.993e-04 -2.332e-05 0.000e+00
619 -6.586e-06 5.082e-04 7.479e-04 0.000e+00
620 5.417e-04 3.781e-04 3.790e-04 0.000e+00
621 4.314e-04 -5.203e-04 -1.494e-04 0.000e+00
622 1.058e-04 -1.061e-04 -1.132e-04 0.000e+00
623 -1.743e-05 -5.335e-04 -2.752e-04 0.000e+00
624 -4.958e-04 4.859e-04 2.132e-04 0.000e+00
625 -2.258e-04 3.168e-04 -2.146e-04 0.000e+00
626 1.062e-05 2.295e-04 2.569e-04 0.000e+00
627 2.204e-05 4.771e-04 -3.891e-04 0.000e+00
628 -2.480e-04 -3.815e-04 -2.222e-04 0.000e+00
629 7.746e-06 -2.767e-04 4.370e-04 0.000e+00
630 -7.595e-05 -3.748e-04 -1.369e-04 0.000e+00
631 -1.631e-04 -3.768e-04 3.545e-04 0.000e+00
632 -8.823e-05 2.614e-04 -2.427e-04 0.000e+00
633 4.546e-04 3.650e-04 -1.672e-05 0.000e+00
634 -7.215e-04 -4.133e-05 -2.205e-04 0.000e+00
635 7.463e-05 7.705e-04 -7.988e-05 -4.505e+01
636 1.962e-04 -5.543e-04 4.818e-05 0.000e+00
637 -4.423e-04 -4.156e-04 1.462e-04 0.000e+00
638 9.951e-05 -3.849e-04 -4.565e-04 0.000e+00
639 -4.434e-04 2.170e-04 2.141e-04 0.000e+00
640 2.749e-04 -5.364e-04 -4.864e-04 0.000e+00
641 -2.024e-05 -5.635e-04 5.937e-05 0.000e+00
642 -3.812e-05 2.897e-04 -1.276e-04 0.000e+00
643 1.040e-04 -5.263e-04 -2.674e-04 0.000e+00
644 4.701e-05 -4.033e-04 -1.071e-04 0.000e+00
645 -3.966e-04 3.845e-04 -7.278e-04 0.000e+00
646 1.410e-04 -1.024e-04 -1.126e-04 0.000e+00
647 -9.051e-04 7.979e-04 -1.565e-04 7.809e+00
648 -2.520e-04 -8.404e-05 9.978e-05 0.000e+00
649 -3.498e-04 4.531e-04 1.690e-04 0.000e+00
650 2.626e-04 6.174e-04 5.636e-04 -7.806e+01
651 5.472e-04 -5.323e-04 -4.116e-04 0.000e+00
652 -4.806e-04 -2.668e-04 2.068e-04 0.000e+00
653 -1.785e-04 3.319e-04 -3.571e-04 0.000e+00
654 -1.399e-04 -4.030e-04 2.473e-04 0.000e+00
655 1.177e-04 -4.835e-04 -6.997e-04 0.000e+00
656 -4.420e-04 -4.729e-04 -4.750e-04 0.000e+00
657 -3.483e-04 5.954e-04 -1.571e-04 -7.800e+01
658 6.533e-04 -4.719e-04 -4.652e-05 0.000e+00
659 -1.291e-04 -5.508e-04 2.546e-04 0.000e+00
660 2.139e-04 4.920e-04 2.376e-04 0.000e+00
661 1.325e-04 -5.695e-04 -2.619e-05 0.000e+00
662 -5.566e-04 -5.606e-04 -2.885e-04 0.000e+00
663 1.933e-04 1.998e-04 3.483e-05 0.000e+00
664 -7.057e-04 -5.244e-04 4.823e-04 0.000e+00
665 -3.394e-04 -5.266e-04 -8.486e-04 0.000e+00
666 -1.785e-05 9.144e-04 1.188e-04 5.839e+01
667 4.773e-05 -2.550e-04 -1.235e-05 0.000e+00
668 -5.172e-05 5.818e-04 3.970e-04 -5.083e+01
669 1.986e-04 -4.753e-04 3.207e-04 0.000e+00
670 4.397e-06 -5.332e-04 -6.344e-05 0.000e+00
671 7.612e-05 -3.154e-04 3.529e-04 0.000e+00
672 6.808e-05 -4.524e-04 2.696e-04 0.000e+00
673 -4.315e-06 -5.095e-04 5.437e-04 0.000e+00
674 2.165e-04 3.279e-04 -7.058e-05 0.000e+00
675 -3.178e-04 -5.594e-05 -2.658e-04 0.000e+00
676 4.554e-04 -2.375e-04 2.825e-04 0.000e+00
677 4.228e-05 1.946e-04 1.453e-04 0.000e+00
678 5.026e-04 -4.841e-04 6.143e-04 0.000e+00
679 7.668e-04 3.734e-04 -3.803e-04 0.000e+00
680 -2.821e-04 -1.923e-05 1.642e-05 0.000e+00
681 7.449e-04 2.761e-04 -4.912e-04 0.000e+00
682 4.500e-04 -8.694e-05 2.695e-04 0.000e+00
683 2.435e-04 -5.665e-04 3.574e-04 0.000e+00
684 -1.897e-04 4.043e-04 4.077e-06 0.000e+00
685 7.555e-04 -4.954e-04 1.052e-04 0.000e+00
686 0.000e+00 1.225e-04 -7.054e-05 0.000e+00
687 2.665e-04 -5.681e-05 -1.084e-04 0.000e+00
688 4.445e-05 -6.637e-05 -4.658e-04 0.000e+00
689 1.447e-04 2.099e-04 -3.811e-04 0.000e+00
690 3.704e-04 -8.889e-05 -3.308e-04 0.000e+00
691 -4.362e-04 -4.630e-04 1.006e-04 0.000e+00
692 -4.527e-04 7.770e-05 -2.509e-04 0.000e+00
693 -2.075e-04 -5.707e-04 1.522e-04 0.000e+00
694 5.960e-04 2.607e-04 4.026e-04 0.000e+00
695 3.440e-04 2.049e-04 8.219e-05 0.000e+00
696 -5.608e-05 -4.450e-04 2.235e-04 0.000e+00
697 5.294e-04 -5.910e-05 -3.938e-04 0.000e+00
698 2.033e-04 2.494e-04 5.168e-04 0.000e+00
699 -2.258e-04 -9.643e-05 -5.190e-04 0.000e+00
700 -4.379e-04 5.341e-04 -1.747e-06 0.000e+00
701 1.071e-04 -2.606e-04 8.512e-05 0.000e+00
702 5.351e-04 -4.738e-04 -2.057e-04 0.000e+00
703 -4.385e-04 1.087e-05 -3.499e-04 0.000e+00
704 -2.107e-04 3.210e-04 -2.522e-04 0.000e+00
705 -1.448e-04 2.190e-04 4.037e-05 0.000e+00
706 5.984e-04 5.683e-04 -8.194e-05 0.000e+00
707 4.670e-05 -5.238e-04 1.334e-03 0.000e+00
708 -8.984e-04 4.045e-04 -9.127e-05 0.000e+00
709 7.460e-05 4.565e-04 2.446e-04 0.000e+00
710 1.989e-04 1.488e-04 -4.537e-04 0.000e+00
711 2.794e-04 2.891e-04 2.755e-04 0.000e+00
712 -1.478e-04 -5.524e-04 -9.879e-05 0.000e+00
713 -3.386e-04 -4.188e-04 2.516e-04 0.000e+00
714 4.183e-04 1.618e-04 2.636e-05 0.000e+00
715 5.465e-04 -5.111e-04 -1.489e-04 0.000e+00
716 4.896e-04 2.102e-05 7.838e-05 0.000e+00
717 4.852e-05 8.855e-05 -5.571e-04 0.000e+00
718 -7.203e-05 -5.124e-04 5.141e-04 0.000e+00
719 -4.181e-04 -5.574e-04 5.532e-04 0.000e+00
720 -1.699e-04 2.131e-05 -9.109e-05 0.000e+00
721 -7.084e-04 -5.362e-04 -3.865e-04 0.000e+00
722 -2.443e-04 -5.197e-04 -7.452e-04 0.000e+00
723 3.647e-04 2.506e-04 1.224e-04 0.000e+00
724 -1.427e-04 -5.732e-04 5.675e-05 0.000e+00
725 3.405e-04 -3.909e-04 -5.436e-05 0.000e+00
726 -6.372e-05 -4.941e-04 2.328e-04 0.000e+00
727 2.770e-04 -5.404e-04 -2.463e-04 0.000e+00
728 3.314e-04 -5.048e-05 1.648e-04 0.000e+00
729 1.026e-03 -3.231e-04 -3.118e-04 0.000e+00
730 -2.127e-04 6.297e-05 1.421e-04 0.000e+00
731 6.139e-04 -3.854e-04 8.204e-05 0.000e+00
732 -4.115e-04 -4.155e-04 -3.932e-04 0.000e+00
733 3.627e-04 -4.866e-04 9.408e-05 0.000e+00
734 -3.011e-04 2.761e-04 5.235e-04 0.000e+00
735 2.579e-05 -4.427e-04 1.642e-04 0.000e+00
736 -6.920e-04 -4.558e-04 6.124e-05 0.000e+00
737 1.110e-04 3.119e-04 1.331e-04 0.000e+00
738 -8.841e-05 2.930e-04 1.699e-04 0.000e+00
739 -1.231e-04 -5.501e-04 7.537e-04 0.000e+00
740 1.107e-04 2.714e-04 -1.398e-04 0.000e+00
741 1.455e-04 -5.505e-04 -7.298e-05 0.000e+00
742 1.138e-04 -2.220e-06 -1.383e-04 0.000e+00
743 -1.322e-04 1.698e-04 7.640e-05 0.000e+00
744 -2.164e-05 -3.793e-04 3.166e-05 0.000e+00
745 -6.075e-05 3.767e-04 2.846e-04 0.000e+00
746 -9.711e-04 4.370e-04 -2.661e-04 0.000e+00
747 -2.174e-04 -1.533e-04 -1.274e-04 0.000e+00
748 3.513e-04 -4.444e-04 -5.655e-05 0.000e+00
749 1.632e-04 4.035e-04 7.847e-05 0.000e+00
750 -3.169e-04 1.543e-04 -6.666e-04 0.000e+00
751 6.584e-05 -4.820e-04 3.570e-04 0.000e+00
752 1.275e-04 1.730e-04 6.511e-04 0.000e+00
753 1.061e-04 -3.533e-04 5.452e-05 0.000e+00
754 -5.771e-04 4.154e-04 -3.501e-04 0.000e+00
755 1.232e-04 4.548e-05 -4.902e-04 0.000e+00
756 -2.999e-04 2.800e-04 8.275e-05 0.000e+00
757 -1.557e-06 -3.156e-04 -3.436e-04 0.000e+00
758 1.356e-05 -5.680e-04 1.945e-04 0.000e+00
759 5.399e-05 4.764e-04 8.213e-05 0.000e+00
760 5.107e-04 5.952e-05 -3.628e-04 0.000e+00
761 -7.916e-05 6.710e-04 -2.317e-04 5.698e+01
762 -4.533e-05 -7.955e-05 1.169e-04 0.000e+00
763 3.123e-04 -5.326e-04 1.786e-04 0.000e+00
764 3.940e-04 4.361e-04 4.286e-04 0.000e+00
765 -5.340e-04 -4.406e-04 -9.681e-05 0.000e+00
766 8.731e-05 -8.173e-05 -1.056e-04 0.000e+00
767 5.040e-04 -4.391e-04 4.096e-04 0.000e+00
768 1.842e-04 -1.360e-05 -5.524e-05 0.000e+00
769 2.959e-06 -6.736e-05 6.733e-05 0.000e+00
770 -3.253e-04 -4.739e-04 3.649e-04 0.000e+00
771 2.177e-04 -4.932e-04 6.945e-05 0.000e+00
772 5.111e-05 -1.224e-05 4.288e-05 0.000e+00
773 -4.388e-04 9.441e-05 3.989e-04 0.000e+00
774 9.305e-04 -4.507e-04 7.818e-05 0.000e+00
775 -4.746e-04 1.823e-04 -5.126e-04 0.000e+00
776 -1.456e-04 2.009e-04 -1.892e-04 0.000e+00
777 9.847e-05 3.290e-04 -1.613e-04 0.000e+00
778 -1.330e-04 -5.338e-04 -2.068e-04 0.000e+00
779 -4.436e-04 6.439e-04 1.340e-03 -5.966e+01
780 -5.718e-05 -5.482e-04 -1.363e-04 0.000e+00
781 -1.100e-04 1.866e-04 -4.227e-04 0.000e+00
782 -2.748e-05 -5.447e-04 -5.979e-05 0.000e+00
783 -4.282e-04 -5.759e-04 -2.905e-05 0.000e+00
784 6.485e-05 6.925e-05 6.004e-04 0.000e+00
785 -2.555e-04 1.563e-04 1.564e-04 0.000e+00
786 -6.857e-04 3.064e-04 -2.222e-04 0.000e+00
787 3.067e-04 1.560e-04 -3.770e-05 0.000e+00
788 -5.474e-04 8.808e-05 -2.404e-04 0.000e+00
789 -1.588e-04 3.061e-04 -5.306e-04 0.000e+00
790 -1.019e-05 -1.546e-04 4.113e-05 0.000e+00
791 2.131e-04 -3.381e-05 2.378e-04 0.000e+00
792 -2.758e-04 4.465e-04 -8.256e-05 0.000e+00
793 -1.880e-04 1.258e-04 3.856e-04 0.000e+00
794 2.303e-04 2.564e-04 1.932e-04 0.000e+00
795 1.395e-04 3.080e-04 7.173e-04 0.000e+00
796 5.432e-04 2.949e-04 8.556e-04 0.000e+00
797 -5.449e-05 3.459e-05 -4.722e-04 0.000e+00
798 -2.992e-04 1.767e-04 7.061e-05 0.000e+00
799 -9.307e-05 5.848e-04 5.067e-04 4.422e+01
800 -2.060e-04 6.108e-04 1.308e-04 -3.988e+01
801 -3.282e-04 -7.499e-05 -1.320e-04 0.000e+00
802 1.756e-04 3.254e-05 -1.154e-04 0.000e+00
803 -4.003e-04 9.334e-05 -5.915e-04 0.000e+00
804 -1.202e-04 2.045e-04 8.899e-05 0.000e+00
805 2.909e-04 4.037e-04 -8.235e-05 0.000e+00
806 -1.894e-05 -5.497e-04 1.373e-04 0.000e+00
807 1.931e-04 -4.700e-04 6.870e-04 0.000e+00
808 -2.607e-04 -1.343e-04 -8.293e-04 0.000e+00
809 1.392e-05 -4.832e-04 -1.668e-04 0.000e+00
810 -3.679e-05 4.504e-04 4.100e-04 0.000e+00
811 8.908e-05 4.142e-05 -1.767e-04 0.000e+00
812 -3.540e-04 3.798e-04 -4.459e-05 0.000e+00
813 -1.695e-04 -4.340e-04 -4.110e-04 0.000e+00
814 -8.605e-04 5.205e-05 2.968e-04 0.000e+00
815 -3.561e-04 -3.361e-04 6.067e-04 0.000e+00
816 -5.459e-04 1.494e-04 6.544e-05 0.000e+00
817 -2.720e-05 -1.354e-05 -8.839e-05 0.000e+00
818 -7.815e-05 -4.812e-04 -4.686e-04 0.000e+00
819 5.225e-04 7.292e-04 -1.044e-04 3.984e+01
820 -2.777e-04 3.411e-05 5.799e-04 0.000e+00
821 7.042e-05 -5.730e-04 -3.956e-04 0.000e+00
822 -2.164e-04 -3.477e-05 -2.568e-04 0.000e+00
823 1.958e-04 4.200e-04 5.538e-04 0.000e+00
824 9.221e-05 -4.383e-04 3.350e-04 0.000e+00
825 7.698e-04 1.061e-04 3.899e-04 0.000e+00
826 -4.647e-04 -4.564e-04 1.438e-04 0.000e+00
827 3.549e-05 2.032e-05 1.186e-04 0.000e+00
828 -6.215e-04 -5.512e-04 -6.821e-04 0.000e+00
829 5.626e-04 3.349e-04 2.041e-04 0.000e+00
830 1.543e-04 6.878e-04 -1.978e-04 -9.768e+01
831 -1.844e-04 2.781e-04 7.569e-05 0.000e+00
832 -4.622e-05 -5.428e-04 3.357e-04 0.000e+00
833 2.235e-04 -5.450e-04 1.998e-04 0.000e+00
834 8.148e-05 5.163e-04 -3.616e-05 0.000e+00
835 4.258e-06 -9.074e-05 4.008e-04 0.000e+00
836 5.675e-05 -5.069e-04 2.121e-04 0.000e+00
837 5.377e-04 1.817e-04 3.100e-04 0.000e+00
838 3.892e-04 2.928e-04 -2.561e-04 0.000e+00
839 -2.403e-04 -5.694e-04 1.102e-04 0.000e+00
840 1.848e-05 -4.648e-04 -6.313e-05 0.000e+00
841 2.219e-04 -3.302e-05 -5.370e-04 0.000e+00
842 7.282e-04 1.146e-04 -3.170e-05 0.000e+00
843 -2.222e-04 -4.825e-04 -6.182e-05 0.000e+00
844 -1.011e-04 -5.585e-04 -5.059e-04 0.000e+00
845 -5.951e-04 6.431e-04 8.392e-05 3.757e+01
846 -2.670e-04 -1.031e-04 3.953e-05 0.000e+00
847 2.108e-04 -8.136e-05 7.129e-04 0.000e+00
848 1.353e-04 5.759e-04 6.173e-04 -1.023e+02
849 1.951e-04 -5.014e-04 2.191e-04 0.000e+00
850 3.870e-04 4.611e-04 2.135e-04 0.000e+00
851 -6.147e-04 1.696e-04 -3.413e-04 0.000e+00
852 -1.414e-04 -5.458e-04 -4.431e-04 0.000e+00
853 -7.239e-04 5.457e-04 -2.830e-05 0.000e+00
854 -1.354e-04 7.036e-05 1.668e-04 0.000e+00
855 2.217e-04 9.384e-05 -1.008e-04 0.000e+00
856 -2.884e-04 9.252e-05 3.126e-04 0.000e+00
857 -1.266e-04 -4.228e-04 2.366e-04 0.000e+00
858 6.334e-04 2.836e-05 -1.965e-04 0.000e+00
859 -7.972e-05 -4.706e-04 -5.527e-04 0.000e+00
860 3.214e-04 -4.182e-04 -5.661e-05 0.000e+00
861 -1.478e-04 -7.317e-05 4.461e-04 0.000e+00
862 3.222e-04 -3.291e-04 4.542e-04 0.000e+00
863 1.172e-04 -5.386e-04 3.775e-04 0.000e+00
864 -6.053e-04 -3.424e-04 5.995e-04 0.000e+00
865 -1.532e-04 -4.662e-04 3.699e-04 0.000e+00
866 -1.176e-04 1.638e-04 9.106e-05 0.000e+00
867 -3.528e-04 -3.759e-04 -3.022e-04 0.000e+00
868 2.805e-04 4.135e-04 -5.567e-05 0.000e+00
869 -9.107e-04 5.433e-04 -5.847e-04 0.000e+00
870 6.088e-04 -4.296e-04 3.714e-04 0.000e+00
871 -7.200e-04 4.593e-05 -5.584e-05 0.000e+00
872 1.467e-04 -4.630e-04 -4.518e-04 0.000e+00
873 2.057e-04 5.720e-04 -1.491e-04 0.000e+00
874 3.215e-04 -4.901e-04 -4.125e-04 0.000e+00
875 -3.560e-06 1.894e-04 -1.733e-05 0.000e+00
876 4.798e-04 -4.004e-04 2.384e-04 0.000e+00
877 3.076e-04 -4.536e-04 -4.371e-04 0.000e+00
878 6.054e-04 -4.386e-04 -2.938e-04 0.000e+00
879 4.818e-04 1.567e-04 1.324e-04 0.000e+00
880 1.714e-05 2.337e-04 2.797e-04 0.000e+00
881 4.395e-05 2.918e-04 -3.961e-04 0.000e+00
882 2.664e-04 6.154e-04 -3.515e-04 7.055e+01
883 -8.341e-05 1.739e-04 1.543e-04 0.000e+00
884 5.989e-04 -3.962e-05 -4.653e-05 0.000e+00
885 2.770e-04 -5.451e-04 -1.233e-05 0.000e+00
886 1.199e-04 1.317e-04 -5.600e-04 0.000e+00
887 -3.282e-05 -4.147e-04 8.345e-05 0.000e+00
888 3.162e-04 3.203e-04 1.851e-04 0.000e+00
889 2.780e-04 8.289e-04 5.897e-04 -9.636e+01
890 5.492e-04 3.020e-04 -5.966e-04 0.000e+00
891 -1.319e-04 2.369e-04 5.670e-04 0.000e+00
892 2.557e-04 -2.825e-04 9.486e-05 0.000e+00
893 2.874e-04 -5.333e-04 1.638e-04 0.000e+00
894 2.352e-04 -3.442e-04 6.342e-05 0.000e+00
895 5.270e-05 3.795e-04 3.462e-04 0.000e+00
896 1.373e-04 -3.320e-04 5.923e-04 0.000e+00
897 -3.635e-04 1.956e-04 1.957e-04 0.000e+00
898 2.687e-04 -1.259e-04 1.699e-04 0.000e+00
899 -2.150e-04 7.265e-05 -6.716e-04 0.000e+00
900 3.541e-04 -1.876e-04 3.246e-04 0.000e+00
901 6.452e-04 -4.614e-04 3.883e-04 0.000e+00
902 -1.257e-04 3.212e-04 2.602e-04 0.000e+00
903 9.984e-05 -4.444e-04 5.266e-04 0.000e+00
904 -2.320e-04 -3.883e-05 8.399e-04 0.000e+00
905 6.332e-04 -5.760e-04 4.406e-04 0.000e+00
906 1.808e-04 2.250e-04 3.147e-04 0.000e+00
907 -3.624e-04 -2.783e-06 2.153e-04 0.000e+00
908 4.378e-04 -5.551e-04 5.089e-04 0.000e+00
909 -2.306e-04 -1.134e-04 2.287e-04 0.000e+00
910 -1.755e-04 2.847e-04 -9.018e-04 0.000e+00
911 -2.997e-05 -5.686e-04 -7.061e-05 0.000e+00
912 -6.979e-06 -4.985e-04 1.802e-04 0.000e+00
913 -5.664e-05 1.298e-04 3.518e-04 0.000e+00
914 -9.843e-05 -3.356e-04 -3.328e-04 0.000e+00
915 -2.380e-04 1.727e-04 7.057e-05 0.000e+00
916 -6.416e-05 -4.341e-04 2.455e-04 0.000e+00
917 -2.427e-05 3.100e-05 -4.324e-05 0.000e+00
918 5.442e-05 -5.607e-04 -3.162e-04 0.000e+00
919 7.423e-05 -4.700e-04 3.190e-04 0.000e+00
920 2.048e-05 4.079e-04 2.898e-04 0.000e+00
921 -2.368e-04 -4.184e-04 6.032e-04 0.000e+00
922 2.309e-04 -4.816e-04 2.473e-04 0.000e+00
923 -3.028e-04 6.896e-06 3.154e-04 0.000e+00
924 -1.497e-04 -5.294e-04 5.781e-05 0.000e+00
925 -8.476e-04 -2.040e-05 -2.317e-04 0.000e+00
926 1.730e-04 4.748e-05 -1.505e-04 0.000e+00
927 -2.868e-04 -3.167e-04 -2.477e-04 0.000e+00
928 4.326e-04 1.344e-04 -4.362e-04 0.000e+00
929 -1.142e-04 -1.026e-04 -1.095e-04 0.000e+00
930 1.194e-04 -3.556e-04 6.124e-04 0.000e+00
931 -3.766e-04 2.531e-04 -2.288e-04 0.000e+00
932 -4.847e-04 2.300e-04 4.237e-04 0.000e+00
933 5.770e-04 -5.214e-04 -3.137e-04 0.000e+00
934 -1.335e-04 9.328e-05 -2.729e-04 0.000e+00
935 -1.161e-05 -5.647e-04 -8.377e-05 0.000e+00
936 -5.431e-04 -3.496e-04 -1.029e-04 0.000e+00
937 -5.397e-06 -1.285e-05 1.944e-04 0.000e+00
938 4.218e-04 -1.594e-04 -1.643e-05 0.000e+00
939 5.899e-04 -5.573e-04 -1.458e-04 0.000e+00
940 -4.926e-04 2.448e-04 -8.990e-04 0.000e+00
941 -3.522e-04 -4.810e-04 -5.452e-04 0.000e+00
942 9.436e-04 2.691e-04 1.783e-04 0.000e+00
943 2.821e-04 3.815e-04 4.783e-04 0.000e+00
944 -9.143e-05 -3.380e-04 4.595e-04 0.000e+00
945 -3.002e-04 -4.873e-04 -3.691e-04 0.000e+00
946 -4.087e-04 4.013e-04 8.715e-05 0.000e+00
947 -1.747e-04 -4.266e-04 -1.328e-04 0.000e+00
948 2.683e-04 1.032e-04 5.165e-04 0.000e+00
949 1.444e-04 2.167e-04 -2.792e-04 0.000e+00
950 -3.022e-04 3.411e-04 -3.374e-04 0.000e+00
951 -6.975e-04 5.770e-04 -2.084e-04 -8.218e+01
952 4.053e-04 4.048e-04 -4.710e-06 0.000e+00
953 4.961e-04 1.888e-04 1.468e-04 0.000e+00
954 3.376e-04 4.384e-05 -2.866e-04 0.000e+00
955 -1.090e-04 -5.269e-04 1.796e-04 0.000e+00
956 -1.673e-04 -2.552e-05 5.345e-05 0.000e+00
957 4.199e-04 6.355e-04 -1.120e-04 -1.031e+02
958 -2.109e-04 -4.552e-04 -2.441e-05 0.000e+00
959 8.964e-04 4.358e-04 -8.312e-05 0.000e+00
960 -1.874e-04 1.739e-04 -2.516e-04 0.000e+00
961 9.520e-05 2.864e-04 -2.447e-04 0.000e+00
962 -7.816e-05 -4.690e-04 5.818e-04 0.000e+00
963 1.775e-04 -2.588e-04 7.895e-04 0.000e+00
964 4.374e-04 3.765e-04 4.058e-05 0.000e+00
965 -8.520e-06 -4.550e-04 -2.283e-06 0.000e+00
966 5.014e-04 -5.673e-04 -6.972e-05 0.000e+00
967 2.880e-04 -4.557e-04 -2.618e-04 0.000e+00
968 -5.878e-04 -5.262e-05 -4.309e-04 0.000e+00
969 5.398e-04 -5.058e-04 -3.655e-04 0.000e+00
970 -1.038e-04 2.130e-04 -4.822e-04 0.000e+00
971 -3.030e-04 2.491e-04 -3.530e-04 0.000e+00
972 6.613e-05 -2.873e-04 -5.093e-04 0.000e+00
973 3.610e-04 6.033e-04 6.312e-04 -3.033e+01
974 2.475e-04 1.355e-04 -8.663e-04 0.000e+00
975 5.468e-05 -3.359e-04 -3.344e-04 0.000e+00
976 -3.846e-04 2.683e-04 -9.381e-05 0.000e+00
977 1.161e-04 -9.816e-05 2.470e-04 0.000e+00
978 2.550e-05 1.299e-04 4.386e-05 0.000e+00
979 -2.276e-04 -3.157e-04 9.338e-05 0.000e+00
980 2.275e-04 3.052e-04 6.973e-05 0.000e+00
981 -4.504e-04 -4.668e-04 -3.886e-04 0.000e+00
982 -2.075e-04 -5.564e-04 5.751e-05 0.000e+00
983 5.162e-05 5.057e-04 -4.548e-04 0.000e+00
984 2.136e-04 -5.215e-04 -2.379e-04 0.000e+00
985 4.079e-05 -5.436e-04 -3.431e-04 0.000e+00
986 -3.616e-04 4.791e-04 -4.602e-04 0.000e+00
987 -1.269e-05 -4.621e-04 -1.882e-04 0.000e+00
988 2.713e-04 3.496e-04 -7.772e-05 0.000e+00
989 5.384e-04 -3.556e-04 1.840e-04 0.000e+00
990 9.212e-05 7.793e-06 -4.197e-04 0.000e+00
991 9.677e-05 -5.341e-04 1.943e-04 0.000e+00
992 2.316e-04 -4.168e-04 1.488e-04 0.000e+00
993 -2.233e-04 2.365e-04 2.736e-04 0.000e+00
994 -6.100e-04 -1.339e-04 3.749e-04 0.000e+00
995 -2.683e-05 -1.381e-04 1.515e-04 0.000e+00
996 -8.745e-06 4.642e-04 6.862e-04 0.000e+00
997 -6.433e-06 2.066e-04 -3.945e-04 0.000e+00
998 9.572e-06 1.160e-05 -5.567e-04 0.000e+00
999 4.317e-04 -4.242e-04 -4.791e-04 0.000e+00
1000 -3.990e-04 -5.029e-04 8.293e-05 0.000e+00
1001 3.648e-04 3.532e-04 -4.189e-05 0.000e+00
1002 4.359e-04 -5.072e-04 -1.079e-04 0.000e+00
1003 -2.298e-04 -9.801e-06 -8.802e-04 0.000e+00
1004 3.348e-05 -5.002e-04 5.320e-05 0.000e+00
1005 2.121e-04 -3.081e-04 5.540e-05 0.000e+00
1006 8.697e-05 2.232e-04 -1.046e-04 0.000e+00
1007 -2.219e-04 -8.893e-06 1.602e-04 0.000e+00
1008 4.425e-04 -4.984e-04 3.062e-04 0.000e+00
1009 -1.056e-04 -4.641e-04 4.347e-04 0.000e+00
1010 1.602e-04 3.266e-05 1.245e-04 0.000e+00
1011 1.664e-04 1.397e-04 1.188e-04 0.000e+00
1012 1.862e-04 -3.599e-04 3.481e-04 0.000e+00
1013 -2.996e-04 3.001e-04 -2.189e-04 0.000e+00
1014 -6.337e-05 2.707e-04 -2.319e-04 0.000e+00
1015 4.777e-05 -7.923e-05 2.804e-04 0.000e+00
1016 3.298e-04 -3.216e-05 2.994e-05 0.000e+00
1017 -1.939e-04 3.270e-05 -3.584e-04 0.000e+00
1018 1.414e-04 -5.502e-04 -2.536e-04 0.000e+00
1019 -3.590e-04 -1.072e-04 2.542e-04 0.000e+00
1020 4.043e-05 -3.549e-04 -1.607e-04 0.000e+00
1021 -9.739e-05 -6.390e-05 -2.035e-04 0.000e+00
1022 -3.601e-04 -5.294e-04 3.806e-05 0.000e+00
1023 2.400e-04 3.832e-04 -3.647e-05 0.000e+00
1024 6.195e-04 -5.095e-04 5.677e-04 0.000e+00
1025 3.936e-04 -3.723e-04 1.174e-04 0.000e+00
1026 -7.083e-05 -5.467e-04 -3.741e-04 0.000e+00
1027 3.686e-04 -5.559e-04 7.265e-05 0.000e+00
1028 3.883e-04 4.552e-04 4.110e-04 0.000e+00
1029 -1.024e-03 4.692e-04 -7.059e-04 0.000e+00
1030 1.165e-04 3.583e-05 -3.901e-04 0.000e+00
1031 -1.284e-04 2.985e-04 7.638e-04 0.000e+00
1032 6.147e-04 -3.067e-04 -4.359e-04 0.000e+00
1033 2.958e-04 4.480e-04 8.779e-05 0.000e+00
1034 -1.022e-05 -9.544e-05 1.856e-05 0.000e+00
1035 1.322e-04 5.905e-04 4.669e-05 -3.308e+01
1036 5.861e-04 -4.009e-04 3.414e-04 0.000e+00
1037 4.903e-04 -4.701e-04 4.813e-05 0.000e+00
1038 7.710e-04 1.406e-04 -4.475e-05 0.000e+00
1039 2.515e-04 -2.810e-06 -6.671e-04 0.000e+00
1040 8.509e-04 -5.382e-04 2.845e-04 0.000e+00
1041 -1.019e-04 -5.422e-04 5.221e-04 0.000e+00
1042 2.709e-04 1.027e-03 -4.810e-04 -8.396e+01
1043 4.323e-04 -5.642e-04 -1.239e-04 0.000e+00
1044 5.125e-04 -3.368e-04 -2.816e-04 0.000e+00
1045 -1.940e-04 2.648e-04 -5.616e-05 0.000e+00
1046 1.225e-03 8.669e-04 -1.309e-04 -4.712e+01
1047 1.328e-03 1.226e-03 -7.727e-05 -5.067e+01
1048 1.249e-03 8.183e-04 5.086e-04 -7.028e+01
1049 6.074e-04 -2.583e-05 -1.974e-04 0.000e+00
1050 1.105e-03 7.695e-04 -4.980e-04 -5.920e+01
1051 9.642e-04 6.098e-04 5.222e-04 -5.155e+01
1052 1.222e-03 1.495e-03 7.724e-04 -5.131e+01
1053 7.492e-04 7.556e-04 -9.518e-05 -5.118e+01
1054 9.936e-04 9.803e-04 4.111e-04 -5.178e+01
1055 1.122e-03 1.316e-03 3.346e-04 -6.316e+01
1056 2.003e-03 5.368e-04 1.106e-04 0.000e+00
1057 1.877e-03 1.755e-03 -8.920e-05 -4.630e+01
1058 1.906e-03 1.291e-03 1.868e-04 -6.895e+01
1059 2.109e-03 1.377e-03 -2.247e-04 -6.637e+01
1060 2.367e-03 2.101e-03 6.095e-05 -5.477e+01
1061 2.755e-03 1.506e-03 4.002e-05 -6.684e+01
1062 2.753e-03 2.111e-03 3.747e-04 -6.848e+01
1063 2.837e-03 2.253e-03 1.708e-04 -6.940e+01
1064 3.161e-03 2.589e-03 -4.967e-04 -6.407e+01
1065 3.518e-03 3.149e-03 4.260e-04 -6.625e+01
1066 3.492e-03 2.926e-03 2.041e-04 -6.064e+01
1067 4.275e-03 3.377e-03 -4.244e-04 -6.381e+01
1068 4.720e-03 3.594e-03 4.065e-04 -6.351e+01
1069 4.019e-03 4.385e-03 1.619e-04 -6.322e+01
1070 6.098e-03 4.443e-03 -2.321e-04 -6.067e+01
1071 5.833e-03 5.292e-03 -1.003e-04 -7.193e+01
1072 6.287e-03 5.146e-03 -1.307e-04 -6.999e+01
1073 6.480e-03 5.970e-03 -2.826e-04 -6.923e+01
1074 6.738e-03 6.729e-03 1.581e-04 -6.730e+01
1075 6.838e-03 6.657e-03 -6.543e-05 -6.965e+01
1076 7.997e-03 6.861e-03 -9.656e-05 -6.812e+01
1077 8.636e-03 7.202e-03 3.147e-04 -6.361e+01
1078 8.627e-03 7.582e-03 6.138e-04 -6.704e+01
1079 8.944e-03 8.028e-03 6.146e-05 -6.751e+01
1080 9.575e-03 9.100e-03 1.846e-04 -6.831e+01
1081 1.041e-02 8.647e-03 2.891e-04 -6.918e+01
1082 1.112e-02 9.513e-03 3.534e-04 -7.088e+01
1083 1.242e-02 1.048e-02 -2.726e-04 -7.034e+01
1084 1.295e-02 1.149e-02 2.246e-04 -6.909e+01
1085 1.452e-02 1.172e-02 4.641e-04 -7.110e+01
1086 1.550e-02 1.264e-02 -2.540e-04 -7.020e+01
1087 1.572e-02 1.257e-02 5.478e-04 -6.994e+01
1088 1.547e-02 1.121e-02 6.025e-04 -6.985e+01
1089 1.405e-02 1.064e-02 1.426e-04 -7.099e+01
1090 1.301e-02 8.500e-03 5.917e-04 -7.004e+01
1091 1.239e-02 6.721e-03 5.070e-04 -7.126e+01
1092 1.204e-02 3.448e-03 6.607e-04 -7.177e+01
1093 1.254e-02 2.032e-03 1.765e-04 -6.917e+01
1094 1.489e-02 6.365e-04 5.938e-04 -7.046e+01
1095 1.750e-02 1.444e-03 3.727e-04 1.247e+01
1096 2.069e-02 5.675e-03 6.508e-04 1.097e+01
1097 2.441e-02 1.015e-02 -2.916e-04 1.068e+01
1098 2.910e-02 1.486e-02 -1.179e-03 1.106e+01
1099 3.433e-02 2.081e-02 -2.571e-03 1.165e+01
1100 4.204e-02 2.682e-02 -2.904e-03 1.100e+01
1101 5.097e-02 3.379e-02 -5.718e-03 1.061e+01
1102 6.116e-02 4.101e-02 -7.982e-03 1.009e+01
1103 7.141e-02 4.843e-02 -1.213e-02 8.961e+00
1104 8.363e-02 5.577e-02 -1.559e-02 8.752e+00
1105 9.764e-02 6.295e-02 -2.239e-02 8.088e+00
1106 1.149e-01 6.971e-02 -3.022e-02 7.525e+00
1107 1.354e-01 7.662e-02 -4.087e-02 6.315e+00
1108 1.604e-01 8.270e-02 -5.405e-02 5.087e+00
1109 1.929e-01 8.763e-02 -6.980e-02 3.426e+00
1110 2.321e-01 9.178e-02 -8.937e-02 6.163e-01
1111 2.807e-01 9.531e-02 -1.130e-01 -3.532e+00
1112 3.414e-01 9.941e-02 -1.385e-01 -9.321e+00
1113 4.136e-01 1.082e-01 -1.658e-01 -1.629e+01
1114 4.961e-01 1.227e-01 -1.920e-01 -2.366e+01
1115 5.790e-01 1.395e-01 -2.139e-01 -3.020e+01
1116 6.496e-01 1.518e-01 -2.281e-01 -3.612e+01
1117 7.062e-01 1.589e-01 -2.351e-01 -4.144e+01
1118 7.445e-01 1.557e-01 -2.360e-01 -4.668e+01
1119 7.674e-01 1.499e-01 -2.319e-01 -5.091e+01
1120 7.776e-01 1.420e-01 -2.184e-01 -5.291e+01
1121 7.846e-01 1.366e-01 -1.947e-01 -5.355e+01
1122 7.913e-01 1.325e-01 -1.642e-01 -5.339e+01
1123 7.935e-01 1.211e-01 -1.356e-01 -5.201e+01
1124 7.910e-01 1.020e-01 -1.079e-01 -4.964e+01
1125 7.896e-01 8.294e-02 -8.183e-02 -4.301e+01
1126 7.920e-01 7.417e-02 -5.952e-02 -3.160e+01
1127 8.006e-01 8.418e-02 -3.755e-02 -1.838e+01
1128 8.122e-01 1.141e-01 -1.727e-02 -1.031e+01
1129 8.304e-01 1.513e-01 2.336e-03 -6.347e+00
1130 8.564e-01 1.925e-01 1.972e-02 -5.513e+00
1131 8.878e-01 2.311e-01 4.241e-02 -5.929e+00
1132 9.224e-01 2.634e-01 6.352e-02 -6.894e+00
1133 9.579e-01 2.905e-01 8.551e-02 -8.600e+00
1134 9.794e-01 3.049e-01 1.086e-01 -1.057e+01
1135 9.899e-01 3.106e-01 1.260e-01 -1.257e+01
1136 9.977e-01 3.090e-01 1.433e-01 -1.468e+01
1137 1.000e+00 2.988e-01 1.603e-01 -1.665e+01
1138 9.973e-01 2.871e-01 1.737e-01 -1.860e+01
1139 9.864e-01 2.746e-01 1.823e-01 -2.059e+01
1140 9.663e-01 2.653e-01 1.873e-01 -2.281e+01
1141 9.508e-01 2.551e-01 1.904e-01 -2.518e+01
1142 9.348e-01 2.419e-01 1.910e-01 -2.801e+01
1143 9.078e-01 2.276e-01 1.810e-01 -3.097e+01
1144 8.771e-01 2.139e-01 1.669e-01 -3.460e+01
1145 8.454e-01 1.973e-01 1.501e-01 -3.944e+01
1146 8.072e-01 1.818e-01 1.310e-01 -4.398e+01
1147 7.672e-01 1.701e-01 1.076e-01 -4.926e+01
1148 7.124e-01 1.481e-01 8.133e-02 -5.536e+01
1149 6.448e-01 1.250e-01 5.418e-02 -6.134e+01
1150 5.687e-01 1.005e-01 2.825e-02 -6.754e+01
1151 4.856e-01 7.487e-02 1.348e-02 -7.412e+01
1152 4.000e-01 5.465e-02 9.618e-03 -8.164e+01
1153 3.206e-01 4.004e-02 8.293e-03 -9.122e+01
1154 2.519e-01 3.030e-02 8.876e-03 -1.002e+02
1155 1.957e-01 2.562e-02 1.016e-02 7.401e+01
1156 1.513e-01 2.240e-02 1.142e-02 6.923e+01
1157 1.190e-01 1.824e-02 1.072e-02 6.549e+01
1158 9.374e-02 1.566e-02 1.011e-02 6.371e+01
1159 7.706e-02 1.336e-02 8.464e-03 6.306e+01
1160 6.476e-02 1.273e-02 6.818e-03 6.028e+01
1161 5.622e-02 1.135e-02 7.175e-03 5.816e+01
1162 4.954e-02 8.864e-03 6.109e-03 5.999e+01
1163 4.446e-02 7.053e-03 4.641e-03 6.043e+01
1164 4.023e-02 5.937e-03 3.506e-03 5.888e+01
1165 3.794e-02 3.781e-03 2.405e-03 6.312e+01
1166 3.635e-02 2.076e-03 1.904e-03 6.726e+01
1167 3.583e-02 1.210e-03 9.957e-04 -1.026e+02
1168 3.513e-02 7.289e-04 3.283e-04 -6.873e+01
1169 3.497e-02 2.515e-03 6.601e-04 -5.040e+01
1170 3.683e-02 3.463e-03 8.791e-05 -4.925e+01
1171 3.805e-02 4.120e-03 -1.212e-03 -4.844e+01
1172 3.958e-02 5.272e-03 -6.488e-04 -4.508e+01
1173 4.123e-02 6.251e-03 -1.385e-04 -4.341e+01
1174 4.195e-02 6.835e-03 -7.605e-04 -4.581e+01
1175 4.279e-02 7.193e-03 3.213e-04 -4.574e+01
1176 4.188e-02 8.145e-03 -4.727e-04 -4.809e+01
1177 4.105e-02 8.199e-03 8.003e-05 -4.786e+01
1178 3.989e-02 8.126e-03 -4.329e-04 -4.914e+01
1179 3.688e-02 8.194e-03 5.391e-04 -5.051e+01
1180 3.524e-02 7.691e-03 1.608e-04 -5.002e+01
1181 3.257e-02 8.141e-03 8.162e-04 -5.122e+01
1182 3.129e-02 8.420e-03 1.612e-03 -4.786e+01
1183 2.986e-02 8.836e-03 7.254e-04 -4.647e+01
1184 2.764e-02 8.429e-03 5.038e-04 -5.010e+01
1185 2.751e-02 7.774e-03 7.615e-04 -4.942e+01
1186 2.542e-02 8.098e-03 1.163e-03 -5.099e+01
1187 2.436e-02 8.491e-03 8.246e-04 -4.946e+01
1188 2.330e-02 8.120e-03 2.605e-05 -4.914e+01
1189 2.163e-02 7.689e-03 -2.616e-04 -4.782e+01
1190 2.150e-02 7.417e-03 1.078e-03 -4.860e+01
1191 2.011e-02 7.458e-03 5.834e-04 -4.927e+01
1192 1.944e-02 6.676e-03 8.284e-04 -5.060e+01
1193 1.756e-02 6.022e-03 5.968e-04 -4.947e+01
1194 1.636e-02 5.800e-03 9.263e-04 -4.989e+01
1195 1.468e-02 5.485e-03 4.699e-04 -5.079e+01
1196 1.404e-02 5.032e-03 7.013e-04 -5.275e+01
1197 1.312e-02 4.829e-03 -8.626e-05 -5.225e+01
1198 1.207e-02 3.125e-03 1.392e-04 -5.017e+01
1199 1.064e-02 2.973e-03 8.632e-04 -4.566e+01
1200 1.001e-02 3.151e-03 -3.917e-05 -4.170e+01
1201 8.984e-03 2.378e-03 1.025e-04 -5.081e+01
1202 7.756e-03 2.151e-03 -5.467e-04 -6.162e+01
1203 8.295e-03 2.442e-03 5.623e-04 -5.094e+01
1204 7.412e-03 1.954e-03 3.856e-04 -5.492e+01
1205 6.088e-03 2.589e-03 1.928e-04 -5.223e+01
1206 5.580e-03 1.863e-03 3.865e-04 -5.074e+01
1207 5.911e-03 2.604e-03 3.396e-04 -5.117e+01
1208 5.365e-03 2.130e-03 -7.610e-04 -5.504e+01
1209 4.596e-03 1.499e-03 -2.523e-04 -4.582e+01
1210 3.997e-03 1.967e-03 3.983e-04 -6.040e+01
1211 3.941e-03 1.292e-03 5.450e-04 -5.226e+01
1212 3.424e-03 1.320e-03 -2.716e-04 -5.122e+01
1213 3.393e-03 2.921e-04 -5.067e-05 0.000e+00
1214 2.070e-03 9.316e-04 4.462e-04 -5.572e+01
1215 2.159e-03 4.631e-04 -8.291e-04 0.000e+00
1216 3.063e-03 1.093e-03 4.652e-04 -6.061e+01
1217 2.723e-03 -5.491e-04 1.192e-04 0.000e+00
1218 2.140e-03 5.338e-04 1.054e-04 0.000e+00
1219 1.867e-03 6.543e-04 -2.060e-04 -5.394e+01
1220 1.687e-03 3.280e-04 -1.920e-04 0.000e+00
1221 1.433e-03 4.060e-04 4.315e-04 0.000e+00
1222 2.339e-03 1.149e-04 -1.599e-04 0.000e+00
1223 1.053e-03 1.372e-05 3.854e-05 0.000e+00
1224 1.270e-03 -5.697e-04 1.722e-04 0.000e+00
1225 1.122e-03 4.883e-04 4.186e-04 0.000e+00
1226 6.653e-04 -5.344e-04 2.266e-04 0.000e+00
1227 1.464e-03 5.699e-04 4.193e-04 0.000e+00
1228 5.020e-04 -5.622e-04 5.909e-04 0.000e+00
1229 1.186e-03 4.392e-04 -2.254e-04 0.000e+00
1230 2.316e-04 -5.068e-04 -2.916e-04 0.000e+00
1231 7.084e-04 -5.539e-04 4.224e-04 0.000e+00
1232 1.012e-03 -3.000e-04 4.754e-04 0.000e+00
1233 9.209e-04 8.273e-04 3.411e-04 -9.257e+01
1234 1.389e-03 2.082e-04 2.497e-04 0.000e+00
1235 6.754e-04 2.587e-04 -1.595e-04 0.000e+00
1236 1.025e-03 1.177e-04 -9.284e-05 0.000e+00
1237 1.661e-04 5.715e-04 6.843e-04 0.000e+00
1238 2.725e-04 -5.258e-04 5.147e-05 0.000e+00
1239 1.352e-03 -5.471e-04 1.408e-04 0.000e+00
1240 7.573e-04 -4.478e-04 2.154e-04 0.000e+00
1241 2.645e-05 -4.494e-05 2.022e-04 0.000e+00
1242 8.644e-04 -5.580e-04 4.041e-04 0.000e+00
1243 2.667e-04 -5.146e-04 5.064e-05 0.000e+00
1244 -4.225e-04 5.079e-04 5.411e-04 0.000e+00
1245 -2.627e-04 -3.328e-04 8.412e-04 0.000e+00
1246 1.974e-04 3.078e-04 3.864e-05 0.000e+00
1247 -3.488e-04 2.328e-04 -2.672e-04 0.000e+00
1248 -2.221e-04 2.430e-04 -3.853e-05 0.000e+00
1249 3.548e-04 2.390e-04 1.585e-04 0.000e+00
1250 4.765e-04 4.414e-04 7.718e-05 0.000e+00
1251 2.199e-05 -3.356e-04 5.549e-04 0.000e+00
1252 -1.823e-04 7.158e-05 2.731e-04 0.000e+00
1253 -1.351e-05 -4.671e-04 -9.904e-05 0.000e+00
1254 -2.672e-05 7.945e-05 -4.918e-04 0.000e+00
1255 1.976e-04 1.664e-04 6.707e-04 0.000e+00
1256 2.696e-04 -5.609e-04 1.984e-05 0.000e+00
1257 1.083e-04 -4.776e-04 6.040e-05 0.000e+00
1258 6.196e-04 5.379e-05 8.970e-05 0.000e+00
1259 5.732e-04 8.462e-05 -2.723e-04 0.000e+00
1260 3.465e-04 -1.067e-04 -6.904e-05 0.000e+00
1261 -1.206e-04 1.193e-04 -2.027e-04 0.000e+00
1262 -1.143e-04 6.624e-04 -4.746e-05 1.420e+01
1263 -3.032e-04 -5.269e-04 2.589e-04 0.000e+00
1264 3.284e-04 4.192e-04 -9.536e-05 0.000e+00
1265 2.312e-04 -1.316e-05 -2.388e-04 0.000e+00
1266 6.169e-04 -4.210e-04 1.636e-04 0.000e+00
1267 3.758e-04 2.896e-04 2.910e-04 0.000e+00
1268 4.321e-04 -5.454e-04 4.559e-04 0.000e+00
1269 1.500e-05 2.347e-04 6.510e-04 0.000e+00
1270 -4.565e-04 -4.270e-04 5.084e-04 0.000e+00
1271 1.529e-04 -2.967e-04 4.040e-04 0.000e+00
1272 -1.575e-04 3.686e-04 4.395e-04 0.000e+00
1273 1.321e-04 -5.616e-04 2.088e-04 0.000e+00
1274 5.949e-04 6.104e-05 -2.312e-04 0.000e+00
1275 -2.005e-04 -2.844e-04 -4.543e-04 0.000e+00
1276 4.585e-05 -1.315e-04 -1.935e-04 0.000e+00
1277 2.325e-04 -4.210e-04 3.367e-04 0.000e+00
1278 -2.663e-04 4.031e-04 5.325e-04 0.000e+00
1279 -5.357e-05 -3.509e-04 -2.213e-04 0.000e+00
1280 2.793e-04 -4.451e-04 -7.126e-04 0.000e+00
1281 -2.567e-04 7.005e-06 4.028e-04 0.000e+00
1282 -1.918e-04 1.373e-04 -1.804e-04 0.000e+00
1283 -2.342e-04 2.585e-04 2.813e-05 0.000e+00
1284 1.671e-04 -4.935e-04 4.750e-04 0.000e+00
1285 -4.784e-04 1.253e-04 9.967e-05 0.000e+00
1286 -1.660e-04 -3.489e-04 2.736e-04 0.000e+00
1287 3.340e-04 -4.837e-04 6.380e-04 0.000e+00
1288 2.690e-04 5.339e-04 -1.044e-04 0.000e+00
1289 -3.394e-04 -4.689e-04 -8.392e-04 0.000e+00
1290 -1.206e-04 2.143e-05 1.098e-04 0.000e+00
1291 -3.661e-04 4.141e-04 -5.137e-04 0.000e+00
1292 -7.076e-06 6.660e-05 5.558e-04 0.000e+00
1293 2.556e-04 9.249e-04 -3.215e-04 -4.903e+01
1294 7.109e-05 -2.938e-04 8.096e-05 0.000e+00
1295 1.013e-04 2.752e-04 4.013e-04 0.000e+00
1296 -3.189e-04 4.472e-04 1.370e-05 0.000e+00
1297 -2.793e-04 -2.525e-04 2.695e-04 0.000e+00
1298 -3.934e-04 -4.457e-04 -4.833e-05 0.000e+00
1299 1.695e-04 3.569e-04 1.346e-04 0.000e+00
1300 -4.380e-04 -4.581e-04 1.114e-04 0.000e+00
1301 3.822e-05 -3.704e-04 -8.517e-04 0.000e+00
1302 5.544e-05 -4.579e-04 -3.382e-05 0.000e+00
1303 9.389e-05 -4.215e-04 1.779e-04 0.000e+00
1304 2.060e-04 6.044e-04 -3.784e-04 -5.166e+00
1305 6.065e-05 1.878e-04 5.172e-04 0.000e+00
1306 -1.913e-04 -5.277e-04 4.852e-05 0.000e+00
1307 -2.752e-04 3.027e-04 -1.281e-04 0.000e+00
1308 3.272e-04 -8.334e-05 -2.384e-04 0.000e+00
1309 3.005e-05 2.958e-04 4.740e-04 0.000e+00
1310 -1.684e-04 -5.212e-04 9.514e-05 0.000e+00
1311 3.117e-04 -5.267e-04 8.648e-05 0.000e+00
1312 2.346e-04 4.410e-04 1.403e-04 0.000e+00
1313 -3.314e-05 -4.353e-04 7.115e-05 0.000e+00
1314 -5.556e-04 -5.038e-04 7.469e-04 0.000e+00
1315 2.640e-04 -3.025e-04 -5.540e-04 0.000e+00
1316 -1.235e-04 1.265e-04 1.165e-04 0.000e+00
1317 -2.431e-04 4.529e-04 -2.039e-05 0.000e+00
1318 2.178e-04 -4.426e-04 -1.946e-05 0.000e+00
1319 -4.477e-04 9.225e-05 -3.246e-06 0.000e+00
1320 1.416e-04 2.656e-04 3.433e-04 0.000e+00
1321 2.035e-04 7.751e-05 -7.522e-05 0.000e+00
1322 5.369e-04 3.611e-04 3.797e-04 0.000e+00
1323 -1.046e-04 -3.050e-04 1.703e-04 0.000e+00
1324 -8.119e-05 4.815e-04 -1.325e-04 0.000e+00
1325 -7.926e-05 5.362e-04 9.231e-05 0.000e+00
1326 7.410e-05 4.950e-04 1.057e-05 0.000e+00
1327 6.266e-04 6.767e-04 -1.028e-04 -1.659e+01
1328 -9.601e-05 -4.711e-04 1.554e-04 0.000e+00
1329 5.485e-05 -4.006e-04 -2.335e-04 0.000e+00
1330 2.256e-04 4.594e-05 -1.450e-04 0.000e+00
1331 -1.760e-04 5.423e-05 -5.390e-04 0.000e+00
1332 3.596e-04 5.093e-04 1.093e-04 0.000e+00
1333 6.698e-05 -4.803e-04 1.398e-04 0.000e+00
1334 2.854e-04 2.421e-04 1.360e-04 0.000e+00
1335 5.606e-04 -2.915e-04 -6.369e-04 0.000e+00
1336 1.212e-04 2.736e-05 4.036e-04 0.000e+00
1337 5.800e-05 -1.109e-04 2.484e-04 0.000e+00
1338 6.520e-04 -3.530e-04 7.440e-06 0.000e+00
1339 6.093e-05 1.449e-04 8.630e-04 0.000e+00
1340 3.421e-04 2.601e-04 1.179e-04 0.000e+00
1341 2.661e-04 -5.017e-04 -2.831e-04 0.000e+00
1342 -7.193e-04 -5.358e-04 -3.108e-04 0.000e+00
1343 -2.497e-04 1.556e-04 1.594e-04 0.000e+00
1344 -1.185e-04 3.132e-04 -3.185e-04 0.000e+00
1345 1.909e-04 3.367e-04 -7.184e-05 0.000e+00
1346 -1.884e-04 -4.550e-04 5.042e-04 0.000e+00
1347 -3.996e-04 -5.249e-04 -3.530e-04 0.000e+00
1348 1.333e-04 7.911e-05 -2.601e-04 0.000e+00
1349 -8.767e-04 4.153e-04 -3.583e-04 0.000e+00
1350 -4.698e-05 6.670e-05 3.401e-05 0.000e+00
1351 -2.012e-04 8.414e-05 -1.579e-04 0.000e+00
1352 -1.378e-04 -4.045e-04 7.353e-04 0.000e+00
1353 4.640e-04 2.462e-04 4.755e-04 0.000e+00
1354 6.506e-04 1.570e-04 -4.008e-05 0.000e+00
1355 -4.838e-04 1.009e-04 -4.480e-04 0.000e+00
1356 -1.249e-04 -5.364e-04 -3.870e-04 0.000e+00
1357 -1.291e-04 2.583e-04 4.512e-04 0.000e+00
1358 1.048e-04 -4.616e-05 -6.585e-04 0.000e+00
1359 -2.972e-04 -5.605e-04 1.846e-04 0.000e+00
1360 -2.827e-04 6.154e-05 5.778e-05 0.000e+00
1361 5.343e-04 3.184e-04 6.295e-05 0.000e+00
1362 -6.424e-04 -5.403e-04 -2.262e-04 0.000e+00
1363 2.392e-04 4.880e-04 3.787e-05 0.000e+00
1364 2.209e-04 -5.394e-04 3.785e-04 0.000e+00
1365 -9.062e-04 -9.527e-06 -1.560e-05 0.000e+00
1366 -5.857e-04 -5.641e-04 9.844e-04 0.000e+00
1367 -1.396e-04 -4.131e-04 -2.012e-04 0.000e+00
1368 -2.338e-04 -5.474e-04 2.592e-04 0.000e+00
1369 -8.487e-04 -3.642e-04 2.510e-04 0.000e+00
1370 2.413e-04 6.841e-05 3.359e-05 0.000e+00
1371 1.261e-04 -2.095e-05 9.769e-06 0.000e+00
1372 1.730e-04 -1.464e-04 -1.731e-04 0.000e+00
1373 -4.034e-04 2.302e-04 -1.963e-04 0.000e+00
1374 -5.852e-05 -4.901e-04 -3.157e-04 0.000e+00
1375 -3.989e-04 3.264e-04 3.434e-04 0.000e+00
1376 -1.754e-04 -4.602e-04 1.963e-04 0.000e+00
1377 -2.150e-04 -3.705e-04 9.117e-05 0.000e+00
1378 -5.243e-04 2.456e-04 2.832e-05 0.000e+00
1379 -5.351e-04 1.861e-04 -6.679e-04 0.000e+00
1380 -3.271e-04 3.543e-04 -1.147e-04 0.000e+00
1381 -5.086e-05 8.076e-05 2.764e-04 0.000e+00
1382 -7.047e-05 -5.612e-04 -2.388e-04 0.000e+00
1383 -1.644e-04 3.172e-04 3.207e-04 0.000e+00
1384 3.984e-05 3.759e-04 -1.400e-04 0.000e+00
1385 -5.601e-04 3.078e-04 -1.770e-04 0.000e+00
1386 5.165e-05 1.662e-04 -2.123e-04 0.000e+00
1387 -5.283e-04 3.432e-04 3.772e-04 0.000e+00
1388 9.188e-05 6.990e-04 3.153e-04 8.235e+00
1389 -7.332e-06 4.777e-04 8.734e-05 0.000e+00
1390 7.886e-05 -5.379e-04 -2.212e-04 0.000e+00
1391 5.010e-05 4.903e-04 -2.893e-04 0.000e+00
1392 -4.997e-04 -1.077e-05 -4.222e-04 0.000e+00
1393 6.209e-05 1.023e-03 1.917e-04 6.987e+01
1394 -8.125e-04 2.331e-04 6.479e-04 0.000e+00
1395 1.592e-04 6.460e-04 2.723e-05 -4.548e+01
1396 4.977e-04 5.444e-04 5.998e-04 0.000e+00
1397 -1.154e-04 1.965e-04 5.308e-04 0.000e+00
1398 1.156e-04 2.418e-04 -2.945e-04 0.000e+00
1399 3.153e-04 4.599e-05 -1.908e-04 0.000e+00
1400 1.976e-04 -5.052e-04 -3.770e-04 0.000e+00
1401 1.430e-04 -4.292e-04 -1.359e-04 0.000e+00
1402 5.135e-04 6.358e-05 -2.291e-04 0.000e+00
1403 -4.705e-04 -8.434e-05 -1.875e-04 0.000e+00
1404 -1.143e-04 -5.665e-04 -5.207e-04 0.000e+00
1405 9.643e-06 2.017e-04 2.711e-04 0.000e+00
1406 1.551e-05 -5.380e-04 6.460e-05 0.000e+00
1407 -9.711e-05 6.856e-05 2.705e-04 0.000e+00
1408 1.057e-04 5.084e-05 5.073e-05 0.000e+00
1409 6.182e-05 -3.163e-04 3.396e-04 0.000e+00
1410 -3.263e-04 1.474e-04 -9.158e-05 0.000e+00
1411 -2.360e-04 2.754e-04 -9.007e-04 0.000e+00
1412 3.982e-04 5.801e-04 2.824e-05 2.651e+01
1413 8.810e-05 -5.266e-04 -3.149e-04 0.000e+00
1414 2.788e-04 -5.556e-04 -3.489e-04 0.000e+00
1415 -3.161e-04 -4.846e-04 -1.131e-04 0.000e+00
1416 -2.303e-04 5.350e-04 -3.694e-04 0.000e+00
1417 3.430e-04 3.885e-05 5.675e-04 0.000e+00
1418 1.280e-04 -9.316e-05 -5.054e-04 0.000e+00
1419 1.993e-04 -3.671e-04 1.443e-04 0.000e+00
1420 -8.992e-06 7.981e-04 -6.019e-05 -1.954e+01
1421 9.223e-05 -5.279e-04 2.924e-05 0.000e+00
1422 -2.850e-04 -3.650e-04 5.372e-04 0.000e+00
1423 -1.027e-04 4.772e-04 2.079e-04 0.000e+00
1424 -2.858e-04 2.960e-04 -1.071e-04 0.000e+00
1425 1.507e-04 -4.784e-05 -3.545e-04 0.000e+00
1426 2.055e-04 4.051e-04 -5.258e-04 0.000e+00
1427 1.167e-04 3.528e-04 3.624e-04 0.000e+00
1428 -1.290e-05 5.575e-04 1.683e-04 0.000e+00
1429 3.528e-04 -5.242e-04 -4.734e-04 0.000e+00
1430 1.688e-05 1.214e-04 -1.856e-04 0.000e+00
1431 -1.708e-04 1.955e-04 3.837e-05 0.000e+00
1432 4.908e-04 -4.282e-04 -4.896e-04 0.000e+00
1433 -3.555e-04 -2.459e-04 -8.912e-05 0.000e+00
1434 -1.990e-04 -5.353e-04 -4.813e-04 0.000e+00
1435 -9.988e-05 -6.475e-05 -1.522e-04 0.000e+00
1436 -9.694e-05 -5.396e-04 9.137e-05 0.000e+00
1437 1.264e-04 -5.760e-04 -4.594e-06 0.000e+00
1438 -8.442e-04 -4.157e-04 4.249e-04 0.000e+00
1439 -8.295e-05 -5.549e-04 3.425e-05 0.000e+00
1440 3.453e-04 -5.484e-04 4.357e-04 0.000e+00
1441 9.310e-04 -4.956e-04 4.671e-04 0.000e+00
1442 -7.042e-04 -5.509e-04 -8.170e-05 0.000e+00
1443 2.291e-04 1.114e-04 5.591e-04 0.000e+00
1444 2.373e-04 -4.990e-04 5.469e-05 0.000e+00
1445 -7.695e-04 8.415e-05 1.771e-05 0.000e+00
1446 -5.907e-04 1.525e-04 1.269e-04 0.000e+00
1447 -1.785e-04 3.111e-04 5.385e-04 0.000e+00
1448 -3.704e-04 3.386e-04 -2.207e-04 0.000e+00
1449 4.069e-04 -4.407e-04 -1.300e-04 0.000e+00
1450 8.561e-04 -3.791e-04 -2.855e-04 0.000e+00
1451 3.115e-04 2.909e-04 -9.419e-05 0.000e+00
1452 -1.378e-04 4.137e-04 -4.673e-04 0.000e+00
1453 -2.345e-04 4.998e-04 -8.873e-05 0.000e+00
1454 -6.748e-05 -5.664e-04 8.634e-06 0.000e+00
1455 -2.882e-04 -4.380e-04 4.667e-04 0.000e+00
1456 -5.917e-04 2.762e-04 -4.794e-04 0.000e+00
1457 -4.016e-04 2.565e-04 2.850e-04 0.000e+00
1458 -4.877e-04 3.000e-04 -1.543e-04 0.000e+00
1459 -1.296e-04 -3.570e-04 2.016e-04 0.000e+00
1460 6.278e-04 3.083e-04 -1.805e-04 0.000e+00
1461 -3.819e-04 4.683e-04 3.855e-04 0.000e+00
1462 -1.489e-04 -4.547e-04 3.237e-04 0.000e+00
1463 1.204e-04 -5.471e-04 -1.117e-04 0.000e+00
1464 -3.412e-04 2.038e-04 1.115e-05 0.000e+00
1465 1.613e-04 2.192e-04 1.911e-04 0.000e+00
1466 -3.596e-07 -4.309e-04 7.987e-04 0.000e+00
1467 3.158e-04 -4.078e-04 3.971e-05 0.000e+00
1468 2.799e-04 3.448e-04 -7.746e-05 0.000e+00
1469 -8.852e-05 1.756e-04 1.904e-04 0.000e+00
1470 -7.805e-06 2.001e-04 1.600e-04 0.000e+00
1471 2.615e-04 -4.757e-05 3.181e-04 0.000e+00
1472 1.067e-04 2.341e-04 -3.998e-04 0.000e+00
1473 1.024e-04 2.578e-04 4.857e-05 0.000e+00
1474 -1.440e-04 7.575e-05 -2.295e-04 0.000e+00
1475 -2.665e-04 -5.441e-04 2.497e-05 0.000e+00
1476 1.730e-04 -3.424e-04 -4.053e-04 0.000e+00
1477 -1.173e-04 1.419e-04 -2.725e-05 0.000e+00
1478 9.199e-04 -3.518e-04 1.302e-04 0.000e+00
1479 6.720e-04 -9.832e-05 -1.509e-04 0.000e+00
1480 3.305e-04 -2.920e-04 -1.446e-04 0.000e+00
1481 -4.640e-04 2.497e-05 -4.845e-05 0.000e+00
1482 -4.165e-04 2.490e-04 5.205e-04 0.000e+00
1483 2.896e-04 -5.667e-04 -1.391e-06 0.000e+00
1484 2.686e-04 4.239e-04 4.205e-04 0.000e+00
1485 -1.085e-04 -3.129e-04 -2.648e-04 0.000e+00
1486 -1.896e-04 8.890e-05 -5.768e-04 0.000e+00
1487 -2.041e-04 7.455e-05 -3.139e-04 0.000e+00
1488 -2.799e-04 -1.573e-05 -3.730e-04 0.000e+00
1489 5.387e-04 -3.394e-04 1.303e-04 0.000e+00
1490 -6.100e-04 4.982e-04 -6.451e-04 0.000e+00
1491 1.531e-05 -5.010e-04 5.851e-04 0.000e+00
1492 4.256e-05 -4.811e-04 4.566e-04 0.000e+00
1493 7.145e-04 -4.826e-05 -3.357e-04 0.000e+00
1494 2.280e-04 3.929e-04 -1.318e-04 0.000e+00
1495 6.879e-06 -5.412e-04 5.111e-05 0.000e+00
1496 3.632e-04 4.794e-04 -4.009e-04 0.000e+00
1497 2.098e-04 8.257e-05 -3.553e-04 0.000e+00
1498 1.857e-04 9.723e-05 -2.352e-04 0.000e+00
1499 -2.374e-04 -5.570e-04 1.935e-04 0.000e+00
1500 -2.749e-05 -4.304e-04 -1.884e-05 0.000e+00
1501 -3.079e-04 4.718e-04 -2.413e-04 0.000e+00
1502 -6.492e-05 1.134e-04 1.160e-04 0.000e+00
1503 1.691e-04 8.390e-05 8.120e-05 0.000e+00
1504 -5.120e-04 -4.041e-04 -5.045e-05 0.000e+00
1505 -1.907e-04 4.430e-04 6.594e-04 0.000e+00
1506 -1.106e-04 -7.901e-05 4.776e-04 0.000e+00
1507 -3.360e-06 -5.677e-04 -2.906e-04 0.000e+00
1508 3.515e-04 -9.595e-05 3.018e-04 0.000e+00
1509 2.172e-04 5.240e-04 -3.650e-04 0.000e+00
1510 3.009e-04 -5.492e-04 -2.424e-04 0.000e+00
1511 1.686e-04 9.242e-04 -4.476e-04 -1.930e+01
1512 4.699e-04 1.940e-04 -1.443e-04 0.000e+00
1513 1.154e-03 1.464e-04 1.338e-05 0.000e+00
1514 1.749e-04 -5.367e-04 3.117e-06 0.000e+00
1515 -1.152e-04 8.178e-05 2.813e-04 0.000e+00
1516 -3.857e-05 -4.940e-04 8.870e-05 0.000e+00
1517 4.596e-04 -4.983e-04 -2.796e-04 0.000e+00
1518 2.163e-04 -5.442e-04 -5.897e-04 0.000e+00
1519 1.194e-04 -5.482e-04 1.213e-05 0.000e+00
1520 4.032e-04 6.393e-05 -7.927e-04 0.000e+00
1521 3.023e-04 1.662e-04 -2.775e-04 0.000e+00
1522 4.472e-04 -6.981e-06 -1.475e-04 0.000e+00
1523 8.916e-05 1.842e-05 1.482e-04 0.000e+00
1524 2.766e-04 8.318e-04 2.762e-04 4.161e+00
1525 3.363e-05 1.428e-04 9.106e-06 0.000e+00
1526 4.011e-04 5.149e-04 2.044e-04 0.000e+00
1527 2.437e-04 2.248e-04 4.527e-04 0.000e+00
1528 -8.213e-04 2.129e-04 -6.109e-05 0.000e+00
1529 7.734e-05 3.212e-04 -2.041e-04 0.000e+00
1530 -1.698e-04 -5.056e-04 1.063e-04 0.000e+00
1531 9.779e-05 -1.500e-04 7.456e-05 0.000e+00
1532 4.404e-04 1.039e-04 2.719e-04 0.000e+00
1533 -5.924e-04 -4.469e-04 1.113e-04 0.000e+00
1534 -7.482e-06 -4.412e-04 7.480e-05 0.000e+00
1535 3.945e-04 2.666e-04 -1.675e-04 0.000e+00
1536 2.037e-04 5.435e-04 5.680e-04 0.000e+00
1537 3.523e-04 -5.725e-04 4.936e-04 0.000e+00
1538 1.405e-04 -5.165e-04 4.126e-05 0.000e+00
1539 2.672e-04 -2.696e-04 -2.021e-04 0.000e+00
1540 -2.778e-04 -5.436e-04 2.073e-04 0.000e+00
1541 1.230e-04 4.852e-04 4.829e-04 0.000e+00
1542 1.727e-04 4.140e-06 -2.162e-04 0.000e+00
1543 2.039e-04 -5.366e-04 3.848e-05 0.000e+00
1544 9.058e-05 4.071e-04 9.152e-05 0.000e+00
1545 -1.147e-04 -2.239e-04 3.829e-04 0.000e+00
1546 1.115e-05 -5.373e-04 -1.586e-05 0.000e+00
1547 4.339e-04 -3.651e-04 1.291e-04 0.000e+00
1548 -4.911e-04 1.057e-04 -6.094e-06 0.000e+00
1549 -9.518e-05 -4.907e-04 -3.104e-04 0.000e+00
1550 -4.394e-05 3.200e-04 -5.554e-04 0.000e+00
1551 2.650e-05 3.350e-04 2.703e-04 0.000e+00
1552 2.766e-04 1.681e-04 -7.766e-04 0.000e+00
1553 -2.325e-04 -5.583e-04 -1.917e-04 0.000e+00
1554 -1.500e-04 -5.671e-04 8.458e-04 0.000e+00
1555 4.841e-04 -4.376e-04 -1.190e-04 0.000e+00
1556 6.606e-06 2.102e-04 -1.450e-05 0.000e+00
1557 -4.647e-04 1.722e-04 -1.991e-04 0.000e+00
1558 6.032e-05 -1.087e-04 -2.202e-05 0.000e+00
1559 -3.991e-05 -4.863e-04 -2.347e-04 0.000e+00
1560 -3.630e-04 -4.278e-04 -6.246e-04 0.000e+00
1561 -4.037e-04 -9.594e-05 1.320e-04 0.000e+00
1562 -3.242e-04 1.050e-04 -1.805e-04 0.000e+00
1563 6.367e-04 2.635e-04 6.500e-05 0.000e+00
1564 3.823e-05 -5.422e-04 1.008e-05 0.000e+00
1565 8.177e-05 -3.333e-04 -8.193e-05 0.000e+00
1566 -3.102e-04 2.151e-04 1.240e-04 0.000e+00
1567 2.609e-04 2.011e-04 4.335e-04 0.000e+00
1568 -9.258e-05 -3.404e-04 -2.684e-04 0.000e+00
1569 2.548e-04 -4.888e-06 -2.745e-04 0.000e+00
1570 8.015e-05 -4.663e-04 2.970e-04 0.000e+00
1571 4.190e-05 5.771e-05 -2.546e-04 0.000e+00
1572 2.721e-04 2.323e-05 2.015e-04 0.000e+00
1573 -3.034e-04 -1.352e-05 9.174e-05 0.000e+00
1574 1.488e-04 -4.934e-04 6.747e-04 0.000e+00
1575 4.157e-04 3.237e-04 -7.305e-05 0.000e+00
1576 3.560e-04 -5.488e-04 -2.612e-05 0.000e+00
1577 -4.416e-04 1.394e-04 2.716e-05 0.000e+00
1578 5.720e-04 8.286e-05 7.058e-05 0.000e+00
1579 -5.170e-04 5.165e-04 5.487e-05 0.000e+00
1580 8.480e-04 -5.387e-04 4.672e-04 0.000e+00
1581 -1.103e-04 -5.375e-04 -1.056e-04 0.000e+00
1582 -1.724e-04 -5.519e-04 1.294e-04 0.000e+00
1583 -1.167e-04 2.226e-04 3.484e-04 0.000e+00
1584 -1.591e-04 2.643e-04 2.759e-04 0.000e+00
1585 5.120e-04 -8.842e-05 3.383e-04 0.000e+00
1586 1.103e-04 -4.615e-04 3.764e-04 0.000e+00
1587 1.037e-04 7.038e-04 -3.428e-04 -1.778e+01
1588 -2.782e-05 -1.123e-04 -3.274e-04 0.000e+00
1589 3.679e-04 2.692e-05 4.438e-04 0.000e+00
1590 -9.749e-06 -1.640e-04 -5.905e-04 0.000e+00
1591 2.296e-05 -3.306e-04 -2.696e-04 0.000e+00
1592 -1.086e-04 2.906e-04 -1.526e-04 0.000e+00
1593 1.100e-04 1.058e-04 3.113e-04 0.000e+00
1594 -3.099e-04 -5.440e-04 3.618e-04 0.000e+00
1595 5.820e-04 2.644e-04 -2.975e-04 0.000e+00
1596 -4.552e-04 -5.697e-04 2.286e-04 0.000e+00
1597 -1.960e-04 -8.621e-05 1.527e-04 0.000e+00
1598 7.946e-05 2.250e-04 -2.832e-04 0.000e+00
1599 2.832e-04 7.550e-05 2.768e-04 0.000e+00
1600 2.367e-04 1.491e-04 2.520e-04 0.000e+00
1601 -3.726e-05 -4.623e-04 6.525e-06 0.000e+00
1602 4.249e-04 -3.043e-04 5.060e-04 0.000e+00
1603 -9.185e-05 3.653e-04 9.524e-04 0.000e+00
1604 2.186e-05 2.316e-04 -2.752e-04 0.000e+00
1605 2.789e-04 9.151e-05 -3.300e-04 0.000e+00
1606 -3.280e-04 2.625e-04 -4.892e-05 0.000e+00
1607 -2.683e-05 -4.679e-04 2.277e-04 0.000e+00
1608 -3.475e-05 4.941e-04 -3.857e-04 0.000e+00
1609 -1.810e-04 6.028e-04 -4.693e-04 -1.012e+01
1610 -1.978e-04 5.125e-04 1.279e-04 0.000e+00
1611 1.265e-04 2.395e-04 4.056e-05 0.000e+00
1612 6.654e-05 1.065e-04 -3.694e-04 0.000e+00
1613 -2.180e-04 1.541e-04 -1.877e-05 0.000e+00
1614 -3.604e-04 -6.279e-06 9.967e-04 0.000e+00
1615 -2.045e-04 4.847e-04 5.281e-05 0.000e+00
1616 -1.379e-04 -5.279e-04 2.952e-04 0.000e+00
1617 -7.502e-04 -3.641e-04 -2.214e-04 0.000e+00
1618 -8.914e-05 3.772e-04 2.291e-04 0.000e+00
1619 -1.869e-06 -5.216e-04 -1.543e-04 0.000e+00
1620 6.426e-04 2.595e-05 -2.338e-04 0.000e+00
1621 3.062e-04 6.764e-04 -1.123e-04 1.842e+01
1622 4.721e-04 4.675e-04 -6.661e-04 0.000e+00
1623 9.689e-05 -5.643e-04 -7.873e-05 0.000e+00
1624 2.771e-04 2.207e-04 2.113e-04 0.000e+00
1625 -7.815e-05 3.446e-04 -7.169e-05 0.000e+00
1626 -1.946e-04 5.505e-04 3.099e-05 0.000e+00
1627 -3.960e-04 -8.728e-05 4.819e-05 0.000e+00
1628 3.909e-05 -3.462e-04 2.654e-04 0.000e+00
1629 2.521e-04 -1.765e-04 -3.843e-04 0.000e+00
1630 7.946e-05 3.556e-04 3.296e-05 0.000e+00
1631 1.533e-04 -5.728e-04 2.775e-05 0.000e+00
1632 3.900e-04 -1.441e-04 8.076e-05 0.000e+00
1633 -2.544e-04 -4.132e-04 -8.967e-05 0.000e+00
1634 1.168e-04 2.046e-04 -1.748e-05 0.000e+00
1635 -1.951e-04 -4.858e-04 1.274e-04 0.000e+00
1636 -9.467e-06 6.402e-06 1.081e-04 0.000e+00
1637 -7.815e-05 6.226e-04 -5.199e-04 -4.542e+01
1638 -4.852e-04 3.166e-04 1.614e-04 0.000e+00
1639 -6.794e-04 2.201e-04 -2.233e-04 0.000e+00
1640 -1.272e-04 -4.052e-04 -2.110e-04 0.000e+00
1641 5.810e-04 6.150e-04 2.108e-04 -2.141e+01
1642 -1.126e-04 3.277e-04 5.045e-04 0.000e+00
1643 -1.307e-03 -5.304e-04 4.660e-04 0.000e+00
1644 2.516e-04 5.623e-04 -5.678e-04 0.000e+00
1645 -3.235e-04 3.148e-04 -4.334e-04 0.000e+00
1646 -2.905e-05 -1.068e-04 -1.046e-05 0.000e+00
1647 -3.028e-04 2.678e-04 5.102e-04 0.000e+00
1648 -8.930e-05 -1.481e-04 -4.257e-05 0.000e+00
1649 3.908e-04 2.396e-04 -5.851e-04 0.000e+00
1650 4.289e-05 -3.894e-04 1.587e-04 0.000e+00
1651 -6.994e-04 -1.758e-04 4.574e-04 0.000e+00
1652 -5.064e-04 -3.309e-04 3.109e-04 0.000e+00
1653 -3.485e-05 -5.007e-04 -2.805e-04 0.000e+00
1654 -1.401e-04 1.930e-04 1.085e-04 0.000e+00
1655 -1.232e-05 7.473e-04 1.189e-04 -2.889e+01
1656 3.521e-04 3.562e-05 -2.511e-04 0.000e+00
1657 -2.921e-04 5.440e-04 2.096e-04 0.000e+00
1658 4.162e-04 -6.555e-06 6.630e-04 0.000e+00
1659 -2.836e-05 4.044e-04 7.224e-04 0.000e+00
1660 4.800e-04 -5.738e-04 1.469e-04 0.000e+00
1661 -2.900e-04 -5.416e-04 7.190e-05 0.000e+00
1662 1.854e-04 -4.969e-04 -3.683e-04 0.000e+00
1663 2.414e-04 3.040e-04 -3.524e-05 0.000e+00
1664 1.520e-04 -4.887e-04 -5.798e-04 0.000e+00
1665 -5.581e-04 5.078e-04 1.727e-05 0.000e+00
1666 -5.406e-04 3.168e-04 -3.121e-04 0.000e+00
1667 -1.154e-04 2.297e-04 5.811e-04 0.000e+00
1668 5.942e-04 2.135e-04 -4.624e-04 0.000e+00
1669 1.895e-05 4.661e-05 -1.297e-05 0.000e+00
1670 -7.336e-05 -4.546e-04 -7.254e-05 0.000e+00
1671 -1.785e-04 -5.288e-04 -5.744e-04 0.000e+00
1672 -8.096e-04 2.262e-05 3.883e-04 0.000e+00
1673 -5.436e-04 -4.741e-04 5.404e-05 0.000e+00
1674 -2.825e-05 2.925e-04 2.534e-04 0.000e+00
1675 4.969e-04 -3.329e-05 -4.124e-05 0.000e+00
1676 2.535e-04 6.084e-05 -5.208e-05 0.000e+00
1677 -1.942e-04 3.583e-04 2.327e-04 0.000e+00
1678 4.037e-04 2.536e-04 1.301e-04 0.000e+00
1679 6.205e-05 -7.749e-05 1.990e-04 0.000e+00
1680 9.671e-05 -3.509e-04 -1.703e-04 0.000e+00
1681 6.936e-04 -4.862e-04 2.971e-04 0.000e+00
1682 5.937e-04 -5.498e-04 -3.118e-04 0.000e+00
1683 9.784e-05 1.190e-04 -4.809e-04 0.000e+00
1684 -5.029e-04 2.062e-04 -5.406e-05 0.000e+00
1685 -8.896e-05 1.724e-04 4.502e-05 0.000e+00
1686 3.873e-04 3.535e-04 4.386e-04 0.000e+00
1687 6.317e-04 -5.718e-04 8.057e-05 0.000e+00
1688 5.116e-04 9.158e-04 4.447e-04 -6.887e+01
1689 -2.569e-04 -3.843e-04 -7.312e-04 0.000e+00
1690 -6.165e-04 1.445e-04 1.309e-04 0.000e+00
1691 8.222e-05 2.788e-04 -4.039e-04 0.000e+00
1692 -4.759e-04 -3.242e-04 2.502e-04 0.000e+00
1693 -4.936e-04 4.807e-04 3.421e-04 0.000e+00
1694 6.208e-04 -4.790e-04 -2.435e-04 0.000e+00
1695 -2.844e-04 -3.590e-04 9.090e-05 0.000e+00
1696 3.555e-04 1.675e-04 -3.764e-04 0.000e+00
1697 3.826e-04 1.611e-04 2.490e-04 0.000e+00
1698 2.910e-04 -5.052e-04 2.690e-05 0.000e+00
1699 -2.845e-04 -1.983e-04 2.631e-04 0.000e+00
1700 -3.115e-05 2.914e-04 -4.104e-04 0.000e+00
1701 1.421e-04 -4.265e-04 -3.625e-04 0.000e+00
1702 -8.042e-04 -9.590e-05 -2.968e-04 0.000e+00
1703 3.033e-04 1.408e-04 2.429e-04 0.000e+00
1704 -5.133e-04 6.142e-06 9.750e-05 0.000e+00
1705 4.562e-04 2.429e-06 -2.311e-06 0.000e+00
1706 1.460e-04 -5.769e-04 4.905e-06 0.000e+00
1707 3.358e-04 -3.121e-04 -1.043e-04 0.000e+00
1708 5.858e-05 5.186e-04 2.530e-05 0.000e+00
1709 4.000e-04 -4.239e-04 -4.246e-04 0.000e+00
1710 2.968e-04 -3.824e-04 3.372e-04 0.000e+00
1711 6.989e-06 -5.914e-05 -3.235e-04 0.000e+00
1712 -2.052e-04 -5.624e-04 -5.033e-04 0.000e+00
1713 -5.386e-05 -4.914e-04 -3.718e-04 0.000e+00
1714 3.019e-04 -4.730e-04 -3.464e-04 0.000e+00
1715 -2.376e-04 4.351e-05 -1.291e-04 0.000e+00
1716 3.090e-04 7.340e-04 3.563e-05 1.150e+01
1717 -4.850e-04 2.028e-04 -5.444e-04 0.000e+00
1718 -3.750e-04 3.122e-05 -7.930e-05 0.000e+00
1719 2.346e-04 3.392e-04 -4.659e-04 0.000e+00
1720 6.903e-04 4.808e-04 2.140e-04 0.000e+00
1721 4.139e-04 6.048e-05 1.106e-04 0.000e+00
1722 -7.068e-04 -5.409e-04 1.201e-04 0.000e+00
1723 -7.106e-05 -5.205e-04 6.853e-04 0.000e+00
1724 -3.317e-04 -7.684e-05 2.791e-04 0.000e+00
1725 -2.591e-06 -4.091e-04 3.456e-04 0.000e+00
1726 1.290e-04 -5.631e-04 -1.455e-04 0.000e+00
1727 -3.469e-04 8.686e-05 -6.253e-05 0.000e+00
1728 4.250e-04 -4.794e-04 -3.664e-06 0.000e+00
1729 -6.816e-04 4.134e-04 6.867e-04 0.000e+00
1730 3.067e-04 -3.084e-04 2.473e-05 0.000e+00
1731 8.242e-05 5.253e-05 -1.493e-04 0.000e+00
1732 3.601e-04 1.120e-04 -5.932e-04 0.000e+00
1733 3.240e-05 3.100e-05 0.000e+00 0.000e+00
1734 3.389e-04 -4.133e-04 -7.918e-05 0.000e+00
1735 -6.433e-04 -4.516e-04 -5.406e-05 0.000e+00
1736 4.101e-05 -2.446e-06 2.234e-04 0.000e+00
1737 -1.401e-04 -2.728e-05 1.922e-04 0.000e+00
1738 4.961e-05 -4.087e-04 -3.273e-04 0.000e+00
1739 2.201e-04 -4.999e-04 -1.530e-04 0.000e+00
1740 8.386e-04 4.620e-04 5.923e-04 0.000e+00
1741 4.165e-05 -1.160e-05 -1.511e-04 0.000e+00
1742 2.108e-05 -4.863e-04 -3.115e-04 0.000e+00
1743 4.371e-04 -3.488e-04 9.139e-05 0.000e+00
1744 4.145e-04 -3.482e-04 -1.314e-05 0.000e+00
1745 -2.249e-04 -5.403e-04 8.725e-05 0.000e+00
1746 -1.750e-04 -4.148e-05 5.548e-04 0.000e+00
1747 1.551e-04 1.067e-04 -1.518e-04 0.000e+00
1748 8.442e-05 -4.016e-04 4.217e-04 0.000e+00
1749 2.958e-04 1.002e-04 -1.247e-04 0.000e+00
1750 5.461e-04 -2.936e-04 -4.956e-04 0.000e+00
1751 8.646e-04 -5.418e-04 3.985e-05 0.000e+00
1752 -4.808e-04 1.208e-04 -2.178e-04 0.000e+00
1753 1.443e-05 -6.211e-05 -4.911e-04 0.000e+00
1754 2.274e-05 -4.704e-06 -4.328e-05 0.000e+00
1755 -5.592e-04 -3.728e-04 -4.621e-04 0.000e+00
1756 4.532e-04 5.718e-04 -5.452e-04 0.000e+00
1757 1.384e-04 -4.461e-04 -3.700e-04 0.000e+00
1758 -6.750e-04 2.493e-04 -2.407e-04 0.000e+00
1759 5.892e-04 -5.313e-04 1.087e-04 0.000e+00
1760 2.377e-04 -9.287e-05 1.000e-04 0.000e+00
1761 -8.123e-04 5.442e-04 1.111e-05 0.000e+00
1762 -3.264e-04 -4.609e-04 1.600e-04 0.000e+00
1763 -3.414e-04 -5.188e-04 2.720e-04 0.000e+00
1764 2.045e-04 -5.662e-04 6.193e-04 0.000e+00
1765 2.451e-04 -4.415e-04 -1.291e-04 0.000e+00
1766 2.154e-04 3.742e-04 1.253e-04 0.000e+00
1767 -2.198e-04 -4.321e-04 4.198e-04 0.000e+00
1768 3.525e-04 -5.470e-04 -2.184e-04 0.000e+00
1769 -1.463e-04 8.944e-05 1.301e-04 0.000e+00
1770 -1.298e-06 5.998e-04 3.802e-05 -6.075e+01
1771 2.138e-04 1.995e-04 7.644e-04 0.000e+00
1772 -1.282e-04 2.141e-04 2.604e-04 0.000e+00
1773 9.315e-05 -3.256e-04 6.424e-04 0.000e+00
1774 1.693e-04 -4.965e-04 5.021e-04 0.000e+00
1775 -9.130e-04 -4.824e-04 -7.004e-04 0.000e+00
1776 3.819e-04 1.561e-04 -2.444e-04 0.000e+00
1777 6.774e-04 4.905e-05 4.294e-04 0.000e+00
1778 -4.958e-05 2.532e-04 -1.284e-04 0.000e+00
1779 6.830e-06 2.821e-04 -2.079e-04 0.000e+00
1780 -2.925e-04 -4.229e-04 3.668e-04 0.000e+00
1781 1.847e-04 5.026e-04 9.572e-05 0.000e+00
1782 1.159e-04 -5.016e-04 1.203e-04 0.000e+00
1783 2.984e-05 -5.480e-04 -4.708e-04 0.000e+00
1784 6.573e-04 -5.252e-04 -6.156e-04 0.000e+00
1785 -5.762e-04 -3.809e-04 -1.305e-05 0.000e+00
1786 -5.471e-04 -5.768e-04 8.272e-04 0.000e+00
1787 3.953e-05 3.205e-04 3.584e-04 0.000e+00
1788 5.455e-04 -5.299e-04 6.109e-05 0.000e+00
1789 2.248e-04 -7.300e-06 -6.332e-04 0.000e+00
1790 4.789e-05 2.647e-04 -3.257e-04 0.000e+00
1791 -1.652e-04 -5.538e-04 -3.243e-04 0.000e+00
1792 -3.333e-04 1.945e-05 -5.579e-05 0.000e+00
1793 5.583e-05 -5.429e-04 6.786e-04 0.000e+00
1794 3.717e-04 5.803e-04 6.023e-05 -2.930e+01
1795 -2.312e-04 4.092e-04 5.516e-04 0.000e+00
1796 8.660e-04 -5.178e-04 2.243e-04 0.000e+00
1797 -1.801e-04 -1.736e-04 1.139e-04 0.000e+00
1798 1.187e-04 -4.462e-04 -4.230e-04 0.000e+00
1799 3.601e-04 -5.670e-04 -6.856e-05 0.000e+00
1800 -7.199e-04 4.054e-04 2.511e-04 0.000e+00
1801 9.906e-05 1.726e-04 3.428e-04 0.000e+00
1802 4.458e-04 3.656e-04 -5.064e-04 0.000e+00
1803 2.066e-04 5.706e-04 -6.051e-05 0.000e+00
1804 8.427e-05 2.833e-04 6.527e-04 0.000e+00
1805 6.389e-05 2.451e-04 1.301e-04 0.000e+00
1806 1.589e-04 -4.743e-05 -1.388e-05 0.000e+00
1807 -8.697e-05 -5.640e-04 -3.398e-04 0.000e+00
1808 -4.682e-04 -5.586e-04 -4.068e-04 0.000e+00
1809 2.568e-05 8.981e-05 1.005e-03 0.000e+00
1810 -2.309e-04 3.775e-04 -1.060e-04 0.000e+00
1811 -3.375e-04 5.540e-04 -1.305e-04 0.000e+00
1812 -4.872e-06 4.788e-04 -9.308e-05 0.000e+00
1813 -2.919e-04 3.069e-04 4.730e-04 0.000e+00
1814 -1.893e-04 -5.206e-04 3.330e-04 0.000e+00
1815 5.754e-04 4.394e-04 -4.656e-04 0.000e+00
1816 -1.556e-04 -4.654e-04 1.622e-04 0.000e+00
1817 -3.505e-04 2.269e-04 5.311e-04 0.000e+00
1818 3.261e-04 -9.395e-05 -2.912e-04 0.000e+00
1819 -7.013e-04 -3.564e-04 -2.073e-06 0.000e+00
1820 -4.770e-04 -4.822e-04 1.612e-04 0.000e+00
1821 8.744e-05 -4.989e-04 -2.532e-04 0.000e+00
1822 5.034e-04 1.115e-04 -4.855e-04 0.000e+00
1823 3.514e-04 -4.557e-04 -5.386e-04 0.000e+00
1824 -2.789e-04 -3.095e-04 -1.205e-05 0.000e+00
1825 1.541e-04 -5.214e-04 -4.199e-04 0.000e+00
1826 -5.017e-04 -5.115e-04 -1.548e-04 0.000e+00
1827 -2.567e-04 8.850e-05 2.528e-04 0.000e+00
1828 3.238e-04 -3.512e-04 -7.886e-05 0.000e+00
1829 7.063e-05 -5.126e-04 -9.821e-05 0.000e+00
1830 1.165e-04 4.104e-04 -1.056e-05 0.000e+00
1831 8.007e-04 -4.602e-04 -1.025e-04 0.000e+00
1832 -7.241e-05 4.930e-04 2.014e-04 0.000e+00
1833 4.050e-04 -3.061e-04 5.631e-04 0.000e+00
1834 -5.320e-04 -4.878e-04 -3.172e-04 0.000e+00
1835 -1.051e-04 1.903e-04 7.025e-04 0.000e+00
1836 2.477e-04 -5.577e-04 1.144e-04 0.000e+00
1837 3.769e-05 -5.609e-04 9.572e-04 0.000e+00
1838 -1.619e-04 -4.896e-04 1.407e-04 0.000e+00
1839 -2.606e-04 6.143e-05 -2.504e-04 0.000e+00
1840 2.797e-04 -4.993e-04 1.528e-04 0.000e+00
1841 -4.792e-04 -8.426e-05 2.137e-04 0.000e+00
1842 2.195e-04 -5.395e-04 4.171e-04 0.000e+00
1843 -5.349e-04 -4.781e-04 2.695e-04 0.000e+00
1844 -7.433e-05 -5.028e-04 8.606e-04 0.000e+00
1845 -1.746e-04 -5.442e-04 -1.134e-04 0.000e+00
1846 2.100e-04 -4.655e-04 -1.631e-04 0.000e+00
1847 -3.085e-05 -5.126e-04 -4.839e-04 0.000e+00
1848 -1.527e-04 -4.678e-04 2.223e-04 0.000e+00
1849 1.400e-04 2.086e-04 3.565e-04 0.000e+00
1850 -2.150e-04 2.917e-04 5.434e-05 0.000e+00
1851 -1.556e-05 -3.048e-04 4.536e-04 0.000e+00
1852 -3.053e-04 3.932e-05 -2.085e-04 0.000e+00
1853 -4.538e-04 3.514e-04 -9.354e-04 0.000e+00
1854 3.315e-04 -5.653e-04 -1.604e-04 0.000e+00
1855 -3.520e-05 3.098e-04 6.273e-04 0.000e+00
1856 -5.117e-04 -5.162e-04 6.024e-04 0.000e+00
1857 -5.199e-04 9.275e-05 -2.171e-04 0.000e+00
1858 6.951e-05 -2.745e-04 5.436e-05 0.000e+00
1859 -5.853e-04 3.220e-04 -5.265e-04 0.000e+00
1860 6.725e-04 8.555e-04 2.552e-04 -4.450e+01
1861 -1.276e-04 2.758e-04 1.490e-04 0.000e+00
1862 -3.073e-04 5.125e-04 8.766e-05 0.000e+00
1863 -5.975e-04 2.346e-04 6.568e-05 0.000e+00
1864 -5.125e-04 5.849e-04 -5.726e-04 -7.274e+00
1865 6.526e-05 -4.958e-04 -4.975e-04 0.000e+00
1866 1.827e-04 -2.689e-04 -8.260e-05 0.000e+00
1867 3.108e-04 -5.684e-04 1.197e-04 0.000e+00
1868 1.833e-04 -2.885e-04 -5.299e-04 0.000e+00
1869 -3.393e-04 -3.738e-04 2.898e-04 0.000e+00
1870 2.970e-05 4.317e-04 7.586e-04 0.000e+00
1871 -2.951e-04 -3.847e-04 -4.498e-04 0.000e+00
1872 2.667e-04 8.678e-04 -1.042e-03 4.531e+01
1873 4.127e-04 -1.231e-04 2.029e-05 0.000e+00
1874 6.636e-05 3.513e-04 2.748e-04 0.000e+00
1875 -1.343e-04 4.722e-04 -2.251e-05 0.000e+00
1876 -8.282e-07 5.436e-05 1.647e-04 0.000e+00
1877 7.853e-05 -5.767e-04 -4.802e-05 0.000e+00
1878 -1.060e-04 8.935e-06 -4.088e-04 0.000e+00
1879 -4.360e-04 5.389e-04 1.258e-05 0.000e+00
1880 1.497e-04 -3.954e-04 -4.739e-04 0.000e+00
1881 4.992e-04 -4.993e-05 6.386e-04 0.000e+00
1882 4.189e-04 2.733e-04 5.759e-04 0.000e+00
1883 2.622e-04 6.101e-05 1.016e-04 0.000e+00
1884 4.955e-06 5.542e-04 -5.184e-04 0.000e+00
1885 2.764e-04 -5.241e-04 5.683e-04 0.000e+00
1886 -1.920e-04 -3.850e-04 -2.391e-04 0.000e+00
1887 -4.068e-04 2.956e-04 4.730e-04 0.000e+00
1888 2.382e-04 -4.422e-04 3.563e-04 0.000e+00
1889 -9.165e-05 3.188e-04 4.435e-04 0.000e+00
1890 1.394e-04 -5.020e-04 -2.241e-04 0.000e+00
1891 4.261e-04 1.894e-04 -3.045e-05 0.000e+00
1892 -1.916e-04 -5.170e-04 3.003e-04 0.000e+00
1893 4.337e-04 3.643e-04 -5.692e-04 0.000e+00
1894 -2.783e-04 -5.480e-04 -5.513e-05 0.000e+00
1895 -1.571e-04 1.397e-03 4.206e-05 -1.206e+01
1896 7.854e-04 -5.673e-04 -2.709e-04 0.000e+00
1897 5.705e-04 2.532e-04 -3.265e-04 0.000e+00
1898 -3.466e-04 -2.988e-04 6.560e-05 0.000e+00
1899 -4.000e-05 -3.248e-04 8.921e-05 0.000e+00
1900 1.328e-04 -4.427e-04 -5.410e-04 0.000e+00
1901 2.439e-04 3.611e-04 -5.769e-04 0.000e+00
1902 -3.932e-04 1.629e-04 -6.516e-05 0.000e+00
1903 -3.833e-04 6.917e-04 -1.666e-04 -6.922e+01
1904 -6.734e-04 -5.303e-04 4.422e-04 0.000e+00
1905 -5.737e-04 -5.664e-04 8.588e-05 0.000e+00
1906 -4.721e-05 6.210e-05 -6.796e-04 0.000e+00
1907 1.509e-04 -4.597e-04 -1.284e-04 0.000e+00
1908 9.333e-05 2.619e-04 -2.872e-04 0.000e+00
1909 -8.348e-04 1.451e-04 -5.536e-04 0.000e+00
1910 1.865e-04 4.826e-04 -4.092e-05 0.000e+00
1911 3.319e-05 -4.191e-04 5.271e-04 0.000e+00
1912 -5.158e-04 4.898e-04 -5.267e-04 0.000e+00
1913 -8.460e-05 -4.703e-04 -2.891e-04 0.000e+00
1914 1.342e-04 2.363e-04 -4.655e-04 0.000e+00
1915 1.887e-04 -5.191e-04 1.522e-04 0.000e+00
1916 -1.010e-04 2.910e-04 -4.905e-04 0.000e+00
1917 1.128e-04 1.398e-04 -3.722e-04 0.000e+00
1918 -2.344e-04 1.950e-04 4.675e-04 0.000e+00
1919 9.590e-05 4.675e-04 7.578e-06 0.000e+00
1920 -1.202e-04 2.076e-05 -4.302e-05 0.000e+00
1921 -1.236e-04 2.795e-04 -3.633e-04 0.000e+00
1922 7.770e-05 3.920e-04 4.683e-04 0.000e+00
1923 -5.206e-04 1.155e-04 -1.791e-05 0.000e+00
1924 -3.105e-04 -4.517e-04 2.729e-04 0.000e+00
1925 7.700e-04 1.857e-04 -1.630e-04 0.000e+00
1926 1.966e-04 2.064e-04 5.542e-04 0.000e+00
1927 -1.020e-04 3.102e-04 -1.807e-04 0.000e+00
1928 1.515e-05 3.236e-04 5.562e-04 0.000e+00
1929 1.326e-04 -4.569e-04 -6.552e-04 0.000e+00
1930 1.174e-04 -1.192e-04 7.461e-04 0.000e+00
1931 -5.038e-05 7.830e-04 4.629e-04 -1.287e+01
1932 -5.361e-05 -5.050e-04 2.249e-04 0.000e+00
1933 6.483e-05 -5.197e-04 -2.928e-04 0.000e+00
1934 -3.012e-04 -3.720e-04 -4.793e-04 0.000e+00
1935 -1.625e-04 -5.570e-04 -1.641e-04 0.000e+00
1936 -7.098e-04 1.154e-04 2.540e-04 0.000e+00
1937 2.804e-05 -4.911e-04 -8.566e-04 0.000e+00
1938 1.414e-04 -5.546e-04 -2.974e-04 0.000e+00
1939 -1.805e-04 5.989e-04 -4.374e-06 -2.732e+01
1940 1.116e-04 -5.252e-04 6.028e-04 0.000e+00
1941 2.207e-04 1.062e-04 -8.570e-04 0.000e+00
1942 2.776e-04 -5.323e-04 -2.195e-04 0.000e+00
1943 -5.215e-04 -4.026e-04 1.030e-04 0.000e+00
1944 -1.940e-04 -5.559e-04 4.539e-05 0.000e+00
1945 -4.401e-04 3.488e-04 -3.727e-04 0.000e+00
1946 -9.251e-05 2.693e-04 3.991e-04 0.000e+00
1947 -9.203e-06 5.207e-04 -1.959e-04 0.000e+00
1948 -9.083e-05 -5.394e-04 -7.504e-04 0.000e+00
1949 2.353e-04 3.674e-04 -2.313e-04 0.000e+00
1950 -3.365e-04 -5.279e-04 3.514e-04 0.000e+00
1951 -3.007e-04 -5.207e-04 4.379e-05 0.000e+00
1952 1.395e-04 -2.882e-04 -4.064e-04 0.000e+00
1953 -2.064e-04 1.205e-04 -4.538e-04 0.000e+00
1954 3.605e-05 -4.399e-04 -3.017e-04 0.000e+00
1955 -6.124e-04 -5.730e-04 4.937e-05 0.000e+00
1956 -2.736e-04 8.671e-04 -2.464e-04 -6.089e+01
1957 4.523e-04 -1.848e-05 1.170e-04 0.000e+00
1958 -3.893e-04 -2.931e-04 3.422e-04 0.000e+00
1959 -2.893e-04 9.010e-05 -8.175e-05 0.000e+00
1960 5.766e-04 7.444e-04 -1.245e-04 5.490e+01
1961 -4.190e-04 -5.311e-04 4.008e-04 0.000e+00
1962 -1.963e-04 -2.860e-04 -7.988e-05 0.000e+00
1963 1.827e-04 -5.577e-04 3.777e-05 0.000e+00
1964 -1.120e-04 -4.153e-04 -1.785e-04 0.000e+00
1965 1.074e-04 4.053e-04 -3.351e-05 0.000e+00
1966 4.057e-04 5.858e-04 -1.957e-04 -5.126e+00
1967 -1.230e-05 -5.187e-04 1.703e-05 0.000e+00
1968 5.356e-04 5.423e-05 3.177e-04 0.000e+00
1969 -4.576e-04 6.261e-05 -5.273e-04 0.000e+00
1970 -5.179e-04 -4.618e-04 -5.154e-04 0.000e+00
1971 1.428e-04 6.418e-06 -3.514e-04 0.000e+00
1972 2.906e-04 5.434e-05 -1.846e-04 0.000e+00
1973 9.273e-05 8.298e-05 -1.767e-05 0.000e+00
1974 3.313e-04 6.595e-04 -4.031e-05 2.557e+01
1975 -1.948e-04 2.475e-04 -1.355e-04 0.000e+00
1976 -2.928e-04 9.071e-07 5.492e-04 0.000e+00
1977 3.685e-04 -5.528e-04 -6.612e-04 0.000e+00
1978 -6.852e-04 -5.743e-04 1.080e-04 0.000e+00
1979 -1.847e-06 -4.652e-05 -3.808e-04 0.000e+00
1980 -3.957e-04 -5.372e-04 2.608e-04 0.000e+00
1981 6.119e-05 2.042e-04 8.673e-06 0.000e+00
1982 -3.456e-04 -4.536e-04 -5.075e-04 0.000e+00
1983 1.194e-04 4.185e-04 5.092e-04 0.000e+00
1984 3.586e-05 -4.750e-05 -5.121e-04 0.000e+00
1985 -8.217e-04 -4.066e-04 4.089e-04 0.000e+00
1986 1.314e-04 4.174e-04 -3.293e-04 0.000e+00
1987 -1.686e-04 3.526e-04 -2.051e-04 0.000e+00
1988 5.559e-04 3.858e-05 1.822e-04 0.000e+00
1989 6.681e-04 2.047e-04 1.163e-03 0.000e+00
1990 3.407e-04 2.262e-04 -2.920e-04 0.000e+00
1991 1.519e-04 2.209e-04 -2.150e-05 0.000e+00
1992 -4.628e-04 -2.753e-05 -1.295e-04 0.000e+00
1993 8.005e-05 -3.622e-04 -1.581e-04 0.000e+00
1994 -5.749e-04 6.429e-05 1.802e-04 0.000e+00
1995 -2.078e-04 -5.361e-04 -8.661e-05 0.000e+00
1996 3.225e-04 -5.495e-04 2.698e-04 0.000e+00
1997 -1.507e-04 -5.065e-04 1.158e-04 0.000e+00
1998 4.487e-05 -3.031e-05 -2.009e-04 0.000e+00
1999 4.737e-04 -5.577e-04 -2.573e-04 0.000e+00
2000 -1.201e-04 -7.687e-05 1.547e-04 0.000e+00
2001 -7.370e-06 1.155e-04 6.019e-04 0.000e+00
2002 -6.244e-04 3.288e-04 7.619e-04 0.000e+00
2003 3.122e-04 -5.662e-04 -3.250e-04 0.000e+00
2004 -1.482e-04 2.906e-04 4.394e-04 0.000e+00
2005 3.000e-04 -5.008e-04 -3.170e-04 0.000e+00
2006 -8.325e-05 1.263e-04 2.861e-04 0.000e+00
2007 -6.801e-05 4.100e-04 -4.239e-04 0.000e+00
2008 -3.995e-04 -5.217e-04 4.122e-04 0.000e+00
2009 -2.256e-04 -2.259e-04 7.612e-05 0.000e+00
2010 4.521e-05 -3.569e-04 1.601e-04 0.000e+00
2011 -6.240e-04 -4.566e-04 3.632e-04 0.000e+00
2012 3.956e-04 6.148e-04 5.632e-05 -7.831e+01
2013 -2.600e-04 1.128e-04 -1.068e-04 0.000e+00
2014 2.792e-04 -4.867e-04 1.332e-04 0.000e+00
2015 -2.897e-04 7.476e-04 -9.735e-05 3.263e+01
2016 -6.515e-04 -5.669e-04 -5.079e-05 0.000e+00
2017 4.203e-04 2.912e-04 -2.974e-05 0.000e+00
2018 2.458e-05 -4.687e-04 -2.409e-04 0.000e+00
2019 -5.055e-04 -3.544e-04 -3.287e-04 0.000e+00
2020 -7.774e-04 2.006e-05 -3.088e-04 0.000e+00
2021 -5.107e-04 5.261e-04 3.157e-04 0.000e+00
2022 1.980e-04 3.467e-04 -4.272e-04 0.000e+00
2023 -5.007e-04 -5.309e-04 2.720e-04 0.000e+00
2024 5.000e-04 -5.633e-04 3.538e-04 0.000e+00
2025 1.302e-04 1.909e-04 -1.612e-04 0.000e+00
2026 5.238e-05 1.799e-04 -1.815e-04 0.000e+00
2027 3.942e-05 7.376e-05 -1.995e-04 0.000e+00
2028 -8.775e-05 -5.624e-04 -4.563e-04 0.000e+00
2029 1.719e-04 1.757e-04 3.022e-04 0.000e+00
2030 -5.392e-05 -5.556e-04 -6.225e-04 0.000e+00
2031 -4.078e-04 -3.881e-04 -5.797e-05 0.000e+00
2032 2.158e-05 2.598e-04 -8.437e-05 0.000e+00
2033 2.271e-04 -4.754e-04 3.757e-04 0.000e+00
2034 -1.834e-04 4.086e-04 2.820e-05 0.000e+00
2035 -3.391e-04 -5.528e-04 4.482e-04 0.000e+00
2036 -3.116e-04 -5.211e-04 9.405e-04 0.000e+00
2037 -1.559e-04 5.434e-04 8.868e-04 0.000e+00
2038 -6.052e-04 -5.275e-04 -5.801e-06 0.000e+00
2039 1.050e-05 -4.098e-04 2.175e-04 0.000e+00
2040 -3.560e-04 -3.839e-05 -5.375e-04 0.000e+00
2041 -5.020e-04 -2.285e-04 -2.631e-05 0.000e+00
2042 -4.188e-04 -3.783e-04 -2.013e-04 0.000e+00
2043 2.178e-04 -1.053e-04 1.158e-04 0.000e+00
2044 -3.332e-04 -5.633e-04 4.705e-04 0.000e+00
2045 -6.757e-05 -3.653e-04 5.721e-04 0.000e+00
2046 -8.562e-05 3.101e-04 7.962e-06 0.000e+00
2047 -5.061e-04 1.443e-04 2.000e-04 0.000e+00
