Bin I L V PA
0 7.520e-04 -4.037e-03 2.484e-03 0.000e+00
1 -4.081e-03 3.710e-03 4.027e-03 0.000e+00
2 4.961e-03 2.778e-03 -7.603e-04 0.000e+00
3 -1.028e-03 -1.608e-03 -5.062e-04 0.000e+00
4 2.560e-03 1.792e-03 4.059e-03 0.000e+00
5 -5.219e-03 -3.326e-03 -1.930e-03 0.000e+00
6 1.050e-03 2.764e-03 1.751e-03 0.000e+00
7 2.308e-03 -4.264e-03 1.548e-03 0.000e+00
8 -3.907e-03 1.284e-03 2.616e-03 0.000e+00
9 3.581e-04 3.511e-03 -5.200e-03 0.000e+00
10 4.685e-03 -4.107e-03 8.873e-05 0.000e+00
11 1.190e-03 5.840e-05 2.181e-03 0.000e+00
12 5.916e-04 -3.371e-03 8.323e-04 0.000e+00
13 4.540e-03 2.428e-03 -6.616e-04 0.000e+00
14 -6.402e-04 -3.675e-03 -9.749e-04 0.000e+00
15 -3.574e-03 2.683e-04 2.567e-03 0.000e+00
16 3.249e-04 -1.151e-03 -5.422e-03 0.000e+00
17 -1.540e-03 -3.366e-03 -3.389e-03 0.000e+00
18 -2.699e-03 -4.413e-03 -2.102e-03 0.000e+00
19 -5.701e-03 -3.058e-03 1.674e-03 0.000e+00
20 -4.818e-04 1.323e-03 -1.243e-03 0.000e+00
21 -2.177e-03 -4.232e-03 -5.201e-03 0.000e+00
22 -2.405e-05 -4.500e-03 -8.220e-03 0.000e+00
23 9.810e-05 2.229e-03 -1.823e-03 0.000e+00
24 9.714e-04 6.415e-03 -6.879e-04 -6.121e+01
25 1.184e-03 7.995e-04 1.501e-04 0.000e+00
26 3.033e-03 -4.172e-03 -2.560e-04 0.000e+00
27 3.940e-03 -4.262e-03 -6.144e-03 0.000e+00
28 -3.488e-03 -2.335e-04 -2.063e-03 0.000e+00
29 4.832e-03 -4.726e-03 3.133e-03 0.000e+00
30 -1.574e-03 -4.045e-03 2.699e-03 0.000e+00
31 5.127e-03 -4.412e-03 -4.483e-03 0.000e+00
32 -3.436e-03 4.016e-03 -3.843e-03 0.000e+00
33 1.336e-03 -4.122e-03 -2.411e-04 0.000e+00
34 6.520e-04 1.280e-03 1.278e-03 0.000e+00
35 4.078e-03 5.434e-04 1.091e-03 0.000e+00
36 -9.763e-04 -4.507e-05 -2.355e-03 0.000e+00
37 3.003e-03 -5.665e-04 -9.118e-04 0.000e+00
38 8.683e-04 2.598e-03 -4.167e-03 0.000e+00
39 8.674e-04 -3.875e-03 4.814e-03 0.000e+00
40 4.133e-03 6.315e-04 -2.192e-03 0.000e+00
41 1.459e-03 -4.728e-03 1.006e-03 0.000e+00
42 -4.114e-03 -3.987e-03 -2.633e-03 0.000e+00
43 -1.807e-03 -3.374e-03 -7.113e-04 0.000e+00
44 -2.639e-03 -4.201e-03 3.254e-03 0.000e+00
45 -3.059e-03 -4.511e-03 3.746e-03 0.000e+00
46 2.760e-04 -4.637e-03 3.861e-04 0.000e+00
47 -2.541e-03 4.083e-03 1.140e-03 0.000e+00
48 -6.085e-03 -4.321e-03 -1.804e-03 0.000e+00
49 -1.369e-03 2.670e-03 -4.292e-03 0.000e+00
50 -5.666e-03 -4.114e-03 8.917e-04 0.000e+00
51 1.490e-03 -3.852e-03 8.544e-03 0.000e+00
52 -7.488e-04 -2.717e-03 -4.951e-03 0.000e+00
53 -3.684e-03 1.448e-03 -4.607e-03 0.000e+00
54 3.663e-04 -7.457e-04 3.496e-04 0.000e+00
55 -1.241e-03 -4.263e-03 1.449e-03 0.000e+00
56 5.339e-03 5.110e-03 2.367e-03 -4.804e+01
57 -2.803e-03 -3.976e-03 -1.810e-03 0.000e+00
58 -1.946e-03 -4.438e-03 3.375e-03 0.000e+00
59 5.847e-03 8.222e-04 4.564e-03 0.000e+00
60 6.695e-04 2.817e-03 1.656e-03 0.000e+00
61 -3.750e-03 2.247e-03 1.167e-03 0.000e+00
62 -1.688e-03 4.781e-04 4.671e-04 0.000e+00
63 7.403e-04 -5.812e-04 -4.230e-03 0.000e+00
64 4.148e-03 2.868e-03 -2.344e-03 0.000e+00
65 -6.268e-04 -8.032e-04 -4.724e-03 0.000e+00
66 -2.710e-03 8.394e-03 -2.074e-03 -2.278e+01
67 1.268e-03 -3.746e-03 -5.054e-03 0.000e+00
68 -1.427e-03 -3.413e-03 2.117e-04 0.000e+00
69 -3.180e-03 4.665e-04 1.664e-03 0.000e+00
70 3.111e-03 2.024e-03 6.357e-04 0.000e+00
71 6.964e-03 -1.186e-03 4.024e-03 0.000e+00
72 8.244e-04 -3.805e-03 1.611e-04 0.000e+00
73 -4.201e-03 -4.380e-03 -7.597e-03 0.000e+00
74 -5.258e-03 -3.037e-04 -1.445e-03 0.000e+00
75 5.070e-03 -4.066e-03 -6.056e-05 0.000e+00
76 -6.325e-04 2.595e-03 -6.329e-04 0.000e+00
77 -1.372e-03 3.209e-03 2.952e-04 0.000e+00
78 -5.965e-03 1.448e-03 -5.248e-03 0.000e+00
79 3.072e-05 -1.235e-04 1.448e-03 0.000e+00
80 -1.844e-03 1.628e-03 -3.594e-03 0.000e+00
81 8.543e-05 4.547e-03 -2.659e-03 0.000e+00
82 1.358e-03 2.478e-03 -3.632e-03 0.000e+00
83 4.239e-04 -4.013e-03 -8.681e-03 0.000e+00
84 -2.292e-04 5.324e-03 1.864e-03 4.364e+00
85 -1.168e-03 4.399e-03 -3.084e-03 0.000e+00
86 3.215e-03 -4.024e-03 5.147e-03 0.000e+00
87 -1.024e-03 3.783e-03 2.609e-03 0.000e+00
88 6.509e-04 -4.346e-03 -5.765e-05 0.000e+00
89 -7.884e-03 3.146e-03 2.049e-03 0.000e+00
90 -3.548e-03 1.018e-03 -9.953e-04 0.000e+00
91 -3.645e-04 -3.658e-04 2.605e-04 0.000e+00
92 5.143e-04 -4.141e-03 1.812e-03 0.000e+00
93 -1.645e-03 1.662e-03 3.804e-03 0.000e+00
94 -4.358e-03 2.553e-03 -1.685e-03 0.000e+00
95 4.009e-03 -2.057e-03 5.176e-03 0.000e+00
96 2.688e-03 -3.995e-03 -8.539e-04 0.000e+00
97 -3.754e-03 -4.617e-03 7.943e-04 0.000e+00
98 -2.694e-03 -4.099e-03 -1.850e-03 0.000e+00
99 -1.944e-03 1.089e-03 8.183e-03 0.000e+00
100 -2.845e-03 9.002e-04 7.621e-03 0.000e+00
101 -2.985e-03 -4.539e-03 4.616e-04 0.000e+00
102 -1.324e-03 -3.241e-03 -1.666e-03 0.000e+00
103 1.255e-03 2.586e-03 6.752e-04 0.000e+00
104 -4.003e-03 2.075e-03 -1.657e-03 0.000e+00
105 -5.301e-03 1.828e-04 -9.561e-04 0.000e+00
106 3.601e-03 -4.652e-03 -1.693e-03 0.000e+00
107 -1.913e-03 -1.857e-03 1.150e-04 0.000e+00
108 2.522e-03 1.658e-03 5.728e-03 0.000e+00
109 -5.093e-04 -3.230e-03 1.514e-03 0.000e+00
110 -2.281e-03 2.549e-03 -1.950e-03 0.000e+00
111 3.113e-03 1.893e-03 7.285e-04 0.000e+00
112 2.530e-03 -3.706e-03 2.072e-03 0.000e+00
113 5.887e-03 -4.547e-03 3.775e-03 0.000e+00
114 -3.825e-04 1.079e-03 6.997e-04 0.000e+00
115 3.034e-04 3.889e-03 -7.047e-04 0.000e+00
116 -2.254e-03 -3.843e-04 2.733e-03 0.000e+00
117 -4.694e-03 -4.009e-03 -8.038e-04 0.000e+00
118 1.825e-03 -1.915e-04 -4.223e-03 0.000e+00
119 4.632e-03 4.165e-03 1.468e-03 0.000e+00
120 2.945e-03 -3.829e-03 -2.237e-03 0.000e+00
121 2.599e-03 -3.530e-03 -2.824e-03 0.000e+00
122 2.333e-03 1.248e-03 -2.254e-03 0.000e+00
123 -8.004e-04 2.537e-04 -1.191e-03 0.000e+00
124 3.180e-03 2.078e-03 -3.338e-03 0.000e+00
125 2.036e-03 4.977e-04 -6.420e-04 0.000e+00
126 1.300e-03 4.590e-03 -2.323e-04 0.000e+00
127 8.567e-04 -3.564e-03 2.959e-03 0.000e+00
128 -1.881e-03 -4.730e-03 4.402e-03 0.000e+00
129 -2.047e-04 5.678e-03 3.364e-03 -2.450e+01
130 1.936e-04 -3.288e-03 1.779e-03 0.000e+00
131 -4.587e-03 -3.881e-03 -1.237e-03 0.000e+00
132 6.836e-03 1.024e-03 -2.913e-03 0.000e+00
133 -2.247e-03 6.107e-03 1.423e-03 -1.004e+02
134 -3.393e-03 -1.169e-03 1.756e-03 0.000e+00
135 -3.690e-03 -2.400e-04 8.407e-04 0.000e+00
136 2.933e-04 -4.302e-03 -6.359e-04 0.000e+00
137 1.180e-03 -3.403e-03 3.561e-04 0.000e+00
138 6.170e-04 2.126e-03 -3.951e-04 0.000e+00
139 -2.486e-03 -2.421e-03 -2.555e-03 0.000e+00
140 4.062e-03 1.728e-03 -1.550e-03 0.000e+00
141 2.521e-03 -4.655e-03 9.271e-04 0.000e+00
142 5.455e-03 -4.703e-03 2.881e-04 0.000e+00
143 -3.013e-04 -3.842e-03 8.338e-04 0.000e+00
144 -2.273e-03 -4.135e-03 -3.001e-03 0.000e+00
145 2.143e-03 1.026e-03 5.740e-04 0.000e+00
146 3.210e-04 -4.427e-03 -3.241e-03 0.000e+00
147 1.325e-03 -4.501e-03 -6.745e-03 0.000e+00
148 -1.811e-03 8.718e-04 -2.972e-03 0.000e+00
149 -4.458e-03 -3.506e-03 -4.163e-03 0.000e+00
150 4.693e-03 -4.035e-03 -3.655e-03 0.000e+00
151 3.475e-03 -4.513e-03 6.493e-03 0.000e+00
152 -6.723e-03 -3.614e-03 6.022e-04 0.000e+00
153 1.438e-03 1.961e-03 -2.059e-03 0.000e+00
154 7.337e-03 -4.699e-03 2.869e-03 0.000e+00
155 -1.305e-03 -3.878e-03 8.214e-03 0.000e+00
156 -1.073e-03 4.715e-04 -9.392e-04 0.000e+00
157 1.709e-03 -3.005e-03 -4.070e-04 0.000e+00
158 3.468e-03 -3.401e-04 2.270e-03 0.000e+00
159 -3.918e-03 9.031e-04 3.227e-03 0.000e+00
160 1.333e-03 -2.819e-03 -2.251e-03 0.000e+00
161 8.551e-04 4.897e-03 -4.219e-03 7.253e+01
162 3.970e-03 6.265e-03 1.652e-03 5.371e+01
163 -1.026e-03 1.721e-03 2.081e-03 0.000e+00
164 -2.095e-03 8.905e-04 -3.391e-04 0.000e+00
165 6.382e-03 3.805e-03 4.535e-03 0.000e+00
166 -3.347e-03 2.874e-03 2.107e-03 0.000e+00
167 -3.800e-03 -4.575e-03 3.897e-03 0.000e+00
168 7.484e-03 -3.930e-03 1.518e-03 0.000e+00
169 6.240e-03 -3.704e-03 7.715e-04 0.000e+00
170 9.091e-03 -2.673e-03 2.315e-03 0.000e+00
171 4.654e-03 8.783e-04 4.781e-03 0.000e+00
172 7.770e-03 -2.712e-03 -1.095e-02 0.000e+00
173 5.409e-03 1.194e-03 2.558e-03 0.000e+00
174 5.432e-04 -4.995e-04 3.816e-03 0.000e+00
175 8.272e-03 2.538e-03 2.337e-03 0.000e+00
176 6.271e-03 -1.185e-03 -1.916e-03 0.000e+00
177 7.574e-03 3.370e-03 -1.155e-03 0.000e+00
178 7.668e-03 -3.844e-03 2.026e-03 0.000e+00
179 3.811e-03 3.331e-03 7.957e-05 0.000e+00
180 1.143e-02 2.245e-03 -3.032e-03 0.000e+00
181 1.649e-02 4.932e-03 3.377e-03 1.708e+01
182 1.250e-02 -4.303e-03 2.821e-03 0.000e+00
183 1.007e-02 -4.476e-03 -9.558e-04 0.000e+00
184 2.121e-02 -3.677e-03 1.784e-03 0.000e+00
185 2.367e-02 9.756e-04 3.088e-04 0.000e+00
186 1.978e-02 -2.720e-03 -4.818e-03 0.000e+00
187 2.241e-02 -2.493e-03 -2.661e-03 0.000e+00
188 2.338e-02 -4.107e-03 1.034e-03 0.000e+00
189 3.019e-02 5.179e-03 -2.843e-03 -7.237e+01
190 2.709e-02 -4.754e-03 -4.021e-03 0.000e+00
191 2.981e-02 -4.370e-03 2.828e-03 0.000e+00
192 4.066e-02 1.601e-03 -1.190e-03 0.000e+00
193 4.172e-02 -4.253e-03 3.031e-04 0.000e+00
194 4.670e-02 -3.139e-03 -1.071e-03 0.000e+00
195 4.233e-02 -3.694e-03 1.311e-04 0.000e+00
196 4.049e-02 3.889e-03 -1.763e-03 0.000e+00
197 5.034e-02 8.728e-04 9.294e-04 0.000e+00
198 4.827e-02 4.072e-03 5.389e-03 0.000e+00
199 5.490e-02 2.272e-03 -2.609e-03 0.000e+00
200 5.505e-02 3.958e-03 -7.730e-04 0.000e+00
201 5.659e-02 6.384e-03 -6.588e-03 3.859e+01
202 5.339e-02 3.322e-03 -3.047e-03 0.000e+00
203 5.779e-02 3.110e-03 2.522e-03 0.000e+00
204 5.555e-02 -6.225e-05 -3.483e-03 0.000e+00
205 5.537e-02 3.053e-03 -9.509e-04 0.000e+00
206 5.172e-02 7.925e-03 4.512e-04 2.516e+01
207 4.757e-02 3.613e-03 5.710e-03 0.000e+00
208 5.049e-02 8.692e-03 2.632e-03 4.172e+01
209 4.899e-02 9.834e-03 -1.529e-03 3.132e+01
210 4.612e-02 2.375e-03 2.335e-03 0.000e+00
211 4.104e-02 1.139e-02 -8.821e-04 2.893e+01
212 4.234e-02 1.081e-02 -1.089e-03 3.184e+01
213 4.499e-02 1.350e-02 -1.757e-03 3.195e+01
214 3.090e-02 7.071e-03 3.376e-03 2.952e+01
215 3.930e-02 1.068e-02 -4.250e-03 1.876e+01
216 2.955e-02 7.341e-03 -4.093e-03 2.099e+01
217 2.880e-02 9.690e-03 -1.358e-03 2.329e+01
218 2.772e-02 1.271e-02 -5.903e-03 3.323e+01
219 2.850e-02 1.284e-02 1.783e-03 3.268e+01
220 2.678e-02 9.687e-03 -1.601e-04 2.131e+01
221 2.526e-02 6.769e-03 -8.723e-05 3.688e+01
222 3.060e-02 5.916e-03 -3.082e-03 2.077e+01
223 2.839e-02 6.220e-03 -2.830e-03 6.010e+01
224 3.468e-02 8.891e-03 -4.505e-03 4.690e+01
225 4.524e-02 9.836e-03 -3.616e-03 4.426e+01
226 4.614e-02 1.142e-02 -7.520e-03 3.162e+01
227 5.211e-02 1.497e-02 -5.128e-03 5.288e+01
228 5.880e-02 8.755e-03 -8.907e-03 6.441e+01
229 6.875e-02 8.675e-03 -5.373e-03 5.897e+01
230 8.786e-02 1.262e-02 -3.513e-03 6.676e+01
231 1.040e-01 1.618e-02 -1.136e-03 -9.750e+01
232 1.215e-01 2.111e-02 7.960e-04 6.751e+01
233 1.395e-01 2.515e-02 7.393e-03 -1.013e+02
234 1.649e-01 2.901e-02 5.844e-03 7.233e+01
235 1.816e-01 3.201e-02 1.397e-02 7.209e+01
236 2.135e-01 3.702e-02 1.419e-02 6.808e+01
237 2.374e-01 4.012e-02 1.950e-02 7.180e+01
238 2.724e-01 5.186e-02 2.593e-02 6.413e+01
239 3.018e-01 5.511e-02 3.152e-02 6.238e+01
240 3.381e-01 6.102e-02 2.862e-02 6.450e+01
241 3.652e-01 6.636e-02 3.601e-02 6.290e+01
242 3.915e-01 7.091e-02 4.414e-02 6.474e+01
243 4.220e-01 7.221e-02 5.468e-02 6.598e+01
244 4.434e-01 7.605e-02 5.555e-02 6.314e+01
245 4.683e-01 8.354e-02 5.588e-02 5.942e+01
246 4.986e-01 7.524e-02 6.902e-02 6.001e+01
247 5.214e-01 7.453e-02 7.211e-02 5.546e+01
248 5.407e-01 6.878e-02 7.299e-02 5.307e+01
249 5.712e-01 6.978e-02 7.711e-02 5.291e+01
250 5.886e-01 7.066e-02 7.029e-02 4.966e+01
251 6.183e-01 6.147e-02 7.539e-02 4.842e+01
252 6.431e-01 5.746e-02 7.706e-02 4.670e+01
253 6.641e-01 5.624e-02 8.249e-02 4.145e+01
254 6.934e-01 4.340e-02 7.730e-02 3.906e+01
255 7.115e-01 4.758e-02 7.697e-02 3.723e+01
256 7.376e-01 3.805e-02 6.556e-02 3.663e+01
257 7.685e-01 2.927e-02 5.328e-02 3.721e+01
258 7.889e-01 2.428e-02 3.965e-02 4.394e+01
259 8.220e-01 2.754e-02 3.132e-02 5.025e+01
260 8.428e-01 3.468e-02 2.369e-02 5.095e+01
261 8.793e-01 3.439e-02 7.059e-03 6.004e+01
262 9.019e-01 3.156e-02 -3.664e-05 6.067e+01
263 9.168e-01 3.829e-02 -6.957e-03 6.417e+01
264 9.353e-01 3.799e-02 -1.175e-02 6.533e+01
265 9.521e-01 3.822e-02 -2.092e-02 7.232e+01
266 9.700e-01 3.831e-02 -2.322e-02 -1.035e+02
267 9.853e-01 3.087e-02 -2.281e-02 -1.054e+02
268 9.953e-01 3.370e-02 -2.336e-02 -9.849e+01
269 1.000e+00 2.471e-02 -1.514e-02 -9.003e+01
270 9.948e-01 2.920e-02 -1.383e-02 -8.422e+01
271 9.876e-01 3.754e-02 -1.197e-03 -6.673e+01
272 9.603e-01 4.708e-02 1.191e-03 -6.190e+01
273 9.352e-01 4.611e-02 1.341e-02 -5.267e+01
274 8.896e-01 5.830e-02 2.644e-02 -5.018e+01
275 8.390e-01 6.008e-02 4.103e-02 -4.746e+01
276 7.824e-01 5.984e-02 4.287e-02 -4.078e+01
277 7.186e-01 6.816e-02 5.238e-02 -4.287e+01
278 6.513e-01 7.133e-02 5.475e-02 -4.086e+01
279 5.830e-01 5.225e-02 6.149e-02 -3.717e+01
280 5.186e-01 4.712e-02 5.933e-02 -3.646e+01
281 4.568e-01 3.488e-02 5.482e-02 -3.706e+01
282 4.026e-01 2.975e-02 4.991e-02 -2.987e+01
283 3.574e-01 1.776e-02 4.050e-02 -2.537e+01
284 3.116e-01 1.569e-02 3.025e-02 -1.470e+01
285 2.765e-01 1.402e-02 1.987e-02 -8.834e+00
286 2.419e-01 7.258e-03 9.619e-03 -3.241e+01
287 2.185e-01 2.175e-02 -3.258e-03 -3.817e+01
288 1.848e-01 3.048e-02 -5.235e-03 -4.000e+01
289 1.660e-01 3.131e-02 -1.027e-02 -3.924e+01
290 1.411e-01 3.904e-02 -1.074e-02 -3.831e+01
291 1.086e-01 4.637e-02 -8.830e-03 -4.202e+01
292 9.590e-02 4.032e-02 -1.275e-02 -4.177e+01
293 8.213e-02 3.827e-02 -2.315e-03 -3.867e+01
294 6.507e-02 3.230e-02 -8.628e-03 -4.356e+01
295 5.022e-02 3.298e-02 -6.039e-03 -4.059e+01
296 4.393e-02 2.821e-02 -5.631e-03 -3.764e+01
297 3.898e-02 2.327e-02 -6.622e-04 -3.848e+01
298 2.574e-02 1.290e-02 -5.191e-03 -3.651e+01
299 1.746e-02 1.659e-02 -4.359e-03 -5.061e+01
300 1.167e-02 1.527e-02 3.631e-03 -3.632e+01
301 1.256e-02 9.953e-03 -2.689e-03 -4.893e+01
302 1.454e-02 -7.171e-04 1.347e-03 0.000e+00
303 4.218e-03 3.082e-03 -4.945e-05 0.000e+00
304 1.469e-02 5.742e-03 -1.341e-03 -1.766e+01
305 9.231e-03 6.672e-03 5.129e-03 -4.514e+01
306 8.594e-03 2.461e-03 -1.972e-03 0.000e+00
307 2.454e-03 3.352e-03 3.852e-03 0.000e+00
308 1.457e-03 5.837e-03 -2.902e-03 -3.091e+01
309 8.816e-03 -3.880e-03 -3.939e-03 0.000e+00
310 5.605e-03 -3.066e-03 -1.534e-03 0.000e+00
311 4.451e-03 1.362e-03 7.119e-05 0.000e+00
312 6.650e-03 -4.238e-03 3.418e-03 0.000e+00
313 8.577e-05 -7.246e-04 -1.494e-03 0.000e+00
314 1.128e-02 7.962e-03 1.973e-03 -2.747e+01
315 4.208e-03 1.091e-03 -9.824e-04 0.000e+00
316 -9.629e-04 -3.538e-03 -1.117e-04 0.000e+00
317 8.610e-04 -4.176e-03 4.051e-03 0.000e+00
318 -2.737e-03 -4.362e-03 -3.082e-03 0.000e+00
319 -1.504e-03 -1.059e-04 -1.960e-04 0.000e+00
320 6.645e-03 -3.171e-03 4.182e-03 0.000e+00
321 4.741e-04 -3.879e-03 -2.628e-03 0.000e+00
322 -1.170e-04 -2.891e-03 6.018e-03 0.000e+00
323 2.721e-03 3.870e-03 -1.243e-03 0.000e+00
324 1.087e-03 2.952e-03 9.231e-04 0.000e+00
325 6.290e-05 -4.144e-03 -1.532e-03 0.000e+00
326 6.906e-04 -2.628e-03 3.522e-04 0.000e+00
327 -6.407e-04 1.831e-03 -9.928e-04 0.000e+00
328 2.329e-03 1.695e-03 4.715e-04 0.000e+00
329 -5.881e-04 9.878e-03 1.742e-03 -1.307e+01
330 -6.198e-03 1.838e-03 5.090e-03 0.000e+00
331 -8.431e-04 4.084e-03 1.250e-03 0.000e+00
332 -5.326e-03 3.789e-03 1.095e-03 0.000e+00
333 -1.386e-03 -4.394e-03 1.963e-03 0.000e+00
334 -2.236e-03 2.649e-04 8.344e-04 0.000e+00
335 5.903e-04 3.248e-03 -5.937e-04 0.000e+00
336 -6.676e-03 -3.538e-03 -9.429e-04 0.000e+00
337 -5.271e-03 -4.373e-03 3.549e-04 0.000e+00
338 1.615e-03 2.233e-03 -8.047e-04 0.000e+00
339 -4.685e-03 -4.749e-03 1.337e-03 0.000e+00
340 1.639e-03 -2.407e-03 5.430e-04 0.000e+00
341 2.628e-03 -7.710e-04 -1.584e-03 0.000e+00
342 8.484e-04 2.127e-03 -4.023e-03 0.000e+00
343 1.585e-03 4.377e-03 -1.722e-03 0.000e+00
344 3.608e-03 2.594e-03 3.874e-03 0.000e+00
345 -2.092e-03 -4.594e-03 2.737e-03 0.000e+00
346 -1.310e-03 -3.624e-03 3.628e-03 0.000e+00
347 1.818e-03 6.794e-03 1.812e-03 1.782e+01
348 -1.557e-05 3.844e-04 -7.730e-04 0.000e+00
349 1.405e-03 -3.331e-03 -2.081e-03 0.000e+00
350 -1.310e-03 1.482e-03 -4.684e-03 0.000e+00
351 -8.918e-04 -2.954e-03 -1.861e-03 0.000e+00
352 -1.504e-04 4.362e-03 -2.516e-03 0.000e+00
353 2.435e-04 3.872e-03 -1.216e-03 0.000e+00
354 3.705e-03 -4.258e-03 -4.868e-03 0.000e+00
355 -4.442e-04 2.752e-03 -3.099e-04 0.000e+00
356 -3.816e-03 2.511e-03 -2.255e-03 0.000e+00
357 -2.099e-03 2.648e-03 2.824e-03 0.000e+00
358 -4.740e-04 -2.966e-03 2.315e-04 0.000e+00
359 -2.285e-03 -4.709e-03 -3.425e-03 0.000e+00
360 -4.431e-03 5.096e-03 -9.726e-04 -8.683e+01
361 -5.267e-03 7.633e-03 1.907e-03 1.967e+01
362 5.649e-03 8.103e-05 -1.052e-03 0.000e+00
363 -5.993e-03 1.709e-03 3.987e-04 0.000e+00
364 -1.012e-02 1.940e-03 3.523e-04 0.000e+00
365 -2.890e-04 2.268e-03 -1.686e-03 0.000e+00
366 -1.520e-04 1.860e-03 -3.029e-03 0.000e+00
367 7.495e-03 -3.729e-03 -3.974e-04 0.000e+00
368 1.455e-03 3.670e-03 2.772e-03 0.000e+00
369 -1.570e-03 8.795e-04 -6.251e-03 0.000e+00
370 -4.826e-03 -4.512e-03 -8.971e-04 0.000e+00
371 4.440e-03 4.557e-03 -1.591e-03 0.000e+00
372 -1.419e-03 -2.357e-04 5.810e-04 0.000e+00
373 -3.665e-03 -4.409e-03 -2.512e-04 0.000e+00
374 3.737e-03 -4.200e-03 7.992e-04 0.000e+00
375 -3.529e-03 1.364e-03 1.151e-03 0.000e+00
376 -4.144e-03 4.542e-03 -1.480e-03 0.000e+00
377 -5.526e-04 -4.477e-03 6.852e-04 0.000e+00
378 -4.172e-03 -4.749e-03 -5.086e-03 0.000e+00
379 -1.836e-03 -3.455e-03 -6.168e-04 0.000e+00
380 -3.545e-03 4.480e-04 2.260e-03 0.000e+00
381 4.872e-05 5.341e-04 1.749e-03 0.000e+00
382 3.669e-03 -4.506e-04 1.110e-03 0.000e+00
383 2.494e-03 5.030e-03 8.198e-04 5.451e+01
384 -1.471e-03 9.812e-04 3.021e-03 0.000e+00
385 -2.711e-03 -4.078e-03 -2.307e-03 0.000e+00
386 9.033e-04 -4.710e-03 5.178e-03 0.000e+00
387 -5.150e-03 1.942e-03 -1.553e-03 0.000e+00
388 8.953e-04 -4.030e-03 4.969e-04 0.000e+00
389 -1.298e-03 -4.421e-03 1.947e-03 0.000e+00
390 -1.230e-03 -1.719e-04 3.207e-03 0.000e+00
391 9.308e-04 -1.194e-03 2.363e-03 0.000e+00
392 -3.624e-03 3.663e-03 2.850e-03 0.000e+00
393 1.514e-03 1.651e-03 -1.121e-03 0.000e+00
394 -3.130e-03 -3.102e-04 2.503e-03 0.000e+00
395 9.914e-04 -9.688e-04 1.009e-03 0.000e+00
396 5.739e-03 3.151e-03 -7.317e-03 0.000e+00
397 -3.706e-03 -4.150e-03 -8.340e-04 0.000e+00
398 1.573e-03 8.757e-04 -5.884e-03 0.000e+00
399 -6.355e-03 -4.108e-03 -6.405e-03 0.000e+00
400 3.743e-03 -4.587e-03 -2.957e-03 0.000e+00
401 -1.971e-04 2.893e-03 -1.255e-03 0.000e+00
402 -4.671e-04 4.679e-03 1.483e-03 0.000e+00
403 -2.816e-04 -4.652e-03 -1.582e-04 0.000e+00
404 -1.319e-03 -4.681e-03 3.587e-03 0.000e+00
405 -1.849e-03 -4.338e-03 1.063e-03 0.000e+00
406 4.432e-04 6.664e-03 4.817e-03 5.111e+01
407 1.589e-04 2.631e-03 3.168e-03 0.000e+00
408 -2.018e-04 -4.396e-03 -7.527e-04 0.000e+00
409 -8.492e-04 -4.003e-03 -4.502e-03 0.000e+00
410 4.522e-03 1.638e-03 -5.050e-03 0.000e+00
411 6.318e-04 3.693e-04 -1.667e-03 0.000e+00
412 2.028e-03 -5.713e-04 1.951e-03 0.000e+00
413 -2.334e-04 -4.541e-03 -1.474e-03 0.000e+00
414 4.651e-04 2.251e-03 4.564e-06 0.000e+00
415 -4.069e-03 -3.931e-03 -1.499e-03 0.000e+00
416 6.888e-04 -3.931e-04 -8.391e-04 0.000e+00
417 -2.755e-04 -3.833e-03 5.474e-03 0.000e+00
418 5.652e-03 -1.724e-04 4.092e-04 0.000e+00
419 1.320e-04 4.399e-04 2.250e-03 0.000e+00
420 -4.984e-03 -3.515e-03 -2.529e-04 0.000e+00
421 2.781e-04 8.095e-04 -3.491e-04 0.000e+00
422 9.109e-05 -3.901e-03 -5.428e-03 0.000e+00
423 1.052e-03 -3.568e-03 2.417e-03 0.000e+00
424 1.043e-03 8.157e-04 -3.843e-03 0.000e+00
425 7.949e-04 -4.450e-03 1.252e-03 0.000e+00
426 6.282e-04 3.724e-03 -4.074e-03 0.000e+00
427 1.805e-03 1.839e-03 -4.188e-03 0.000e+00
428 3.070e-03 4.861e-04 -1.314e-03 0.000e+00
429 -2.059e-03 -2.442e-03 3.856e-03 0.000e+00
430 2.331e-03 1.806e-03 2.816e-04 0.000e+00
431 -1.160e-04 -2.526e-04 -4.894e-03 0.000e+00
432 -1.064e-03 -3.877e-03 -2.524e-04 0.000e+00
433 1.068e-03 2.402e-03 -2.853e-03 0.000e+00
434 5.349e-03 -3.599e-03 2.799e-04 0.000e+00
435 2.443e-03 -3.312e-03 -3.059e-03 0.000e+00
436 4.103e-04 -3.703e-03 1.440e-03 0.000e+00
437 1.427e-04 3.871e-03 -3.967e-03 0.000e+00
438 -7.523e-03 4.292e-03 -4.641e-03 0.000e+00
439 -2.386e-03 -4.202e-03 1.785e-03 0.000e+00
440 -3.960e-03 3.810e-03 -6.576e-03 0.000e+00
441 -5.291e-04 -2.970e-03 -7.287e-03 0.000e+00
442 -6.064e-04 7.991e-04 -5.455e-03 0.000e+00
443 3.607e-03 -8.058e-05 9.447e-04 0.000e+00
444 9.657e-04 -2.799e-04 6.313e-03 0.000e+00
445 -4.024e-03 6.115e-03 3.016e-03 -7.403e+01
446 2.731e-03 -3.624e-04 -3.003e-03 0.000e+00
447 6.386e-03 1.717e-03 1.660e-04 0.000e+00
448 -3.621e-03 6.931e-04 -4.915e-03 0.000e+00
449 -4.159e-03 -2.601e-03 -4.260e-03 0.000e+00
450 -1.014e-03 -3.216e-03 -3.762e-03 0.000e+00
451 4.362e-03 -2.911e-03 2.426e-03 0.000e+00
452 6.167e-04 7.408e-04 4.260e-03 0.000e+00
453 -3.183e-03 1.737e-03 -2.705e-03 0.000e+00
454 -1.071e-03 2.078e-03 -4.609e-03 0.000e+00
455 -2.976e-03 5.674e-03 7.693e-05 4.786e+01
456 -4.540e-05 -4.195e-03 -1.554e-04 0.000e+00
457 1.494e-03 1.528e-04 8.252e-04 0.000e+00
458 2.788e-03 -2.125e-04 1.103e-04 0.000e+00
459 6.389e-04 2.195e-03 -1.046e-03 0.000e+00
460 -3.935e-03 -4.026e-03 2.928e-03 0.000e+00
461 6.681e-04 -4.738e-03 3.419e-03 0.000e+00
462 1.322e-03 -4.715e-03 9.612e-04 0.000e+00
463 3.094e-03 3.423e-03 -5.576e-03 0.000e+00
464 4.165e-03 -4.478e-03 9.607e-04 0.000e+00
465 -1.459e-03 2.567e-03 4.723e-03 0.000e+00
466 -2.328e-03 -4.291e-03 -1.076e-03 0.000e+00
467 2.060e-03 1.181e-03 -5.505e-04 0.000e+00
468 5.151e-03 2.587e-03 8.518e-04 0.000e+00
469 9.638e-04 -4.739e-03 -1.888e-03 0.000e+00
470 4.516e-03 -8.338e-04 5.706e-03 0.000e+00
471 -2.195e-04 1.386e-03 -1.760e-03 0.000e+00
472 3.961e-04 4.189e-04 4.755e-03 0.000e+00
473 -4.231e-03 -4.148e-03 -1.168e-03 0.000e+00
474 2.903e-03 1.499e-03 -1.133e-03 0.000e+00
475 -5.187e-04 -3.701e-03 3.400e-03 0.000e+00
476 -6.839e-04 -3.876e-03 6.644e-03 0.000e+00
477 -1.928e-03 -3.835e-03 6.784e-03 0.000e+00
478 -1.569e-03 -4.734e-03 -2.112e-03 0.000e+00
479 2.578e-03 -4.254e-03 -1.086e-03 0.000e+00
480 -7.379e-03 1.005e-03 -3.650e-03 0.000e+00
481 4.537e-03 2.227e-03 4.555e-03 0.000e+00
482 -4.211e-03 1.401e-03 1.473e-03 0.000e+00
483 3.744e-03 2.616e-04 3.109e-03 0.000e+00
484 -5.690e-04 -4.659e-03 9.427e-03 0.000e+00
485 -2.771e-03 -4.229e-03 4.474e-04 0.000e+00
486 1.856e-03 -4.023e-03 -5.887e-03 0.000e+00
487 2.176e-06 5.397e-03 -6.457e-04 -9.590e+01
488 -8.887e-04 -3.630e-03 -4.941e-03 0.000e+00
489 3.032e-03 -4.705e-03 6.434e-04 0.000e+00
490 -1.563e-03 5.157e-03 2.606e-03 -8.024e+01
491 1.872e-06 2.014e-03 1.205e-03 0.000e+00
492 -8.761e-04 -3.721e-03 -3.250e-03 0.000e+00
493 -4.611e-03 -2.944e-03 -3.269e-04 0.000e+00
494 3.947e-03 -2.238e-03 1.911e-03 0.000e+00
495 1.501e-03 7.688e-04 9.069e-04 0.000e+00
496 -4.120e-03 -3.808e-03 3.044e-03 0.000e+00
497 2.726e-03 -2.549e-03 -3.232e-03 0.000e+00
498 8.730e-04 4.440e-03 -1.017e-03 0.000e+00
499 -2.031e-03 2.305e-03 1.013e-03 0.000e+00
500 -3.824e-03 6.994e-03 -1.343e-03 -8.156e+01
501 -1.755e-03 1.631e-03 -3.035e-03 0.000e+00
502 4.412e-03 3.727e-03 -6.257e-03 0.000e+00
503 -3.672e-04 -3.314e-03 -7.856e-03 0.000e+00
504 -3.663e-03 6.087e-04 2.005e-03 0.000e+00
505 -2.025e-03 4.465e-03 3.261e-03 0.000e+00
506 1.439e-05 4.041e-03 8.940e-04 0.000e+00
507 6.649e-03 -4.636e-03 1.409e-04 0.000e+00
508 -3.545e-03 -4.022e-03 1.564e-03 0.000e+00
509 3.750e-03 1.259e-03 -1.954e-03 0.000e+00
510 -3.092e-03 -4.491e-04 -2.753e-03 0.000e+00
511 -3.354e-03 1.340e-03 -1.370e-03 0.000e+00
512 -2.934e-03 -4.734e-03 -2.235e-03 0.000e+00
513 1.703e-03 1.189e-03 -2.996e-03 0.000e+00
514 1.886e-03 -4.488e-03 -1.420e-03 0.000e+00
515 4.901e-03 -1.372e-03 5.885e-04 0.000e+00
516 2.646e-03 -3.410e-05 -1.495e-03 0.000e+00
517 1.619e-04 -2.487e-03 -4.799e-03 0.000e+00
518 2.078e-03 2.842e-03 3.525e-04 0.000e+00
519 2.067e-03 -4.240e-03 -4.567e-03 0.000e+00
520 -3.883e-04 -4.399e-03 -3.004e-03 0.000e+00
521 8.464e-04 -1.286e-04 1.416e-03 0.000e+00
522 -6.439e-03 -3.427e-03 2.493e-03 0.000e+00
523 -7.747e-03 -4.535e-03 3.614e-04 0.000e+00
524 5.046e-03 -3.937e-03 -1.878e-03 0.000e+00
525 3.210e-03 1.032e-03 2.187e-03 0.000e+00
526 -8.363e-04 -3.935e-03 8.212e-03 0.000e+00
527 2.425e-03 4.230e-03 -7.426e-05 0.000e+00
528 4.052e-03 -2.192e-03 1.860e-03 0.000e+00
529 4.245e-03 -3.913e-03 -2.414e-04 0.000e+00
530 1.023e-03 3.816e-04 -1.269e-03 0.000e+00
531 -2.510e-03 -2.732e-03 -4.362e-03 0.000e+00
532 -1.884e-04 5.843e-04 -4.840e-03 0.000e+00
533 -2.560e-03 1.380e-04 -6.471e-04 0.000e+00
534 -1.695e-03 2.188e-03 -3.971e-03 0.000e+00
535 -8.738e-03 2.167e-03 1.229e-03 0.000e+00
536 2.278e-03 -3.320e-03 2.225e-03 0.000e+00
537 -9.415e-04 2.866e-03 -1.693e-03 0.000e+00
538 -4.530e-03 -1.000e-03 -9.133e-03 0.000e+00
539 -4.009e-04 7.284e-04 -4.993e-03 0.000e+00
540 -4.611e-03 -4.435e-03 2.286e-04 0.000e+00
541 2.792e-03 9.580e-04 2.753e-03 0.000e+00
542 -3.146e-03 2.443e-03 -3.845e-03 0.000e+00
543 2.773e-03 2.724e-03 1.295e-03 0.000e+00
544 -2.846e-03 -3.856e-03 -7.730e-04 0.000e+00
545 3.345e-03 -4.153e-03 2.342e-03 0.000e+00
546 -1.385e-03 2.934e-03 -6.969e-04 0.000e+00
547 3.004e-04 -4.383e-03 3.462e-04 0.000e+00
548 -1.558e-03 -4.352e-03 4.459e-03 0.000e+00
549 3.809e-03 4.869e-03 5.331e-04 -4.464e+00
550 -3.644e-03 -4.668e-03 -1.620e-03 0.000e+00
551 2.673e-03 -4.698e-03 -2.572e-03 0.000e+00
552 -6.069e-04 -1.171e-03 1.268e-03 0.000e+00
553 -6.038e-03 4.027e-03 8.599e-03 0.000e+00
554 -3.164e-03 -2.900e-03 2.610e-03 0.000e+00
555 5.749e-03 1.848e-03 -7.505e-04 0.000e+00
556 5.660e-04 2.983e-03 -2.534e-03 0.000e+00
557 3.211e-03 -3.725e-03 2.545e-03 0.000e+00
558 -4.892e-03 2.693e-03 -1.437e-03 0.000e+00
559 -8.333e-04 4.443e-03 1.652e-03 0.000e+00
560 7.038e-04 2.227e-03 1.958e-03 0.000e+00
561 4.694e-03 3.840e-03 -2.181e-03 0.000e+00
562 -1.327e-03 2.497e-03 -2.450e-03 0.000e+00
563 -5.413e-04 -4.511e-03 -4.637e-05 0.000e+00
564 -6.903e-04 -4.495e-03 -4.091e-04 0.000e+00
565 1.218e-03 -4.416e-03 -8.072e-04 0.000e+00
566 -3.712e-03 4.296e-03 -2.749e-03 0.000e+00
567 2.369e-03 -4.241e-03 1.828e-03 0.000e+00
568 -1.227e-03 -4.286e-03 5.165e-03 0.000e+00
569 1.200e-03 3.250e-03 -4.656e-03 0.000e+00
570 -1.264e-03 3.270e-03 -1.364e-03 0.000e+00
571 1.867e-03 6.991e-04 -5.518e-04 0.000e+00
572 5.120e-04 -4.389e-03 -2.307e-03 0.000e+00
573 2.893e-03 1.449e-03 2.432e-03 0.000e+00
574 -6.434e-03 2.462e-04 -2.104e-03 0.000e+00
575 -8.279e-04 -2.795e-03 -5.222e-04 0.000e+00
576 -2.823e-03 1.196e-03 -3.533e-03 0.000e+00
577 -5.696e-04 -3.025e-03 -4.641e-04 0.000e+00
578 -1.443e-03 -3.961e-03 7.222e-04 0.000e+00
579 2.447e-03 3.570e-03 2.386e-03 0.000e+00
580 1.134e-03 1.387e-03 1.601e-03 0.000e+00
581 -6.707e-04 4.122e-03 -3.071e-03 0.000e+00
582 5.976e-03 -3.947e-03 -6.202e-04 0.000e+00
583 1.076e-03 6.255e-04 3.815e-03 0.000e+00
584 -2.586e-03 -4.378e-03 1.040e-04 0.000e+00
585 -5.366e-04 1.723e-03 4.752e-03 0.000e+00
586 1.019e-03 2.847e-03 4.168e-03 0.000e+00
587 1.569e-03 -3.168e-03 -7.017e-03 0.000e+00
588 2.458e-04 4.804e-04 -1.041e-03 0.000e+00
589 -4.777e-03 -5.408e-04 -1.691e-03 0.000e+00
590 8.523e-04 1.918e-03 -3.302e-03 0.000e+00
591 1.786e-03 2.952e-03 -5.628e-04 0.000e+00
592 1.745e-03 -3.907e-03 3.059e-03 0.000e+00
593 -1.342e-03 -4.331e-03 1.588e-03 0.000e+00
594 -1.101e-03 1.455e-03 -2.895e-03 0.000e+00
595 4.112e-03 1.324e-03 -2.223e-03 0.000e+00
596 -1.012e-03 1.772e-03 -2.149e-03 0.000e+00
597 2.521e-03 5.410e-03 -1.632e-03 -1.037e+02
598 4.958e-03 2.273e-04 2.339e-03 0.000e+00
599 -5.765e-03 3.231e-03 6.280e-04 0.000e+00
600 1.897e-04 -3.878e-03 -8.471e-04 0.000e+00
601 -6.627e-04 2.603e-03 -4.675e-05 0.000e+00
602 -2.235e-03 -2.483e-03 -6.754e-04 0.000e+00
603 7.159e-05 1.623e-03 3.443e-03 0.000e+00
604 1.999e-03 1.237e-03 1.887e-03 0.000e+00
605 -3.729e-04 -4.496e-03 4.816e-03 0.000e+00
606 9.205e-04 1.165e-04 3.909e-03 0.000e+00
607 -2.819e-03 -3.443e-03 2.529e-04 0.000e+00
608 9.104e-05 2.362e-03 -4.735e-03 0.000e+00
609 -9.238e-04 -2.175e-03 2.874e-03 0.000e+00
610 1.800e-03 3.825e-03 -2.748e-04 0.000e+00
611 -4.410e-04 4.879e-04 -1.048e-03 0.000e+00
612 2.301e-03 -4.339e-03 3.138e-03 0.000e+00
613 2.789e-03 -4.292e-03 -1.830e-03 0.000e+00
614 -1.522e-03 3.280e-03 1.274e-04 0.000e+00
615 3.971e-03 -4.113e-03 -2.024e-03 0.000e+00
616 6.336e-03 1.725e-03 3.351e-04 0.000e+00
617 -2.224e-03 -6.541e-04 8.029e-04 0.000e+00
618 -3.390e-03 3.248e-03 5.760e-05 0.000e+00
619 -6.167e-04 1.294e-03 5.195e-04 0.000e+00
620 4.043e-03 1.446e-03 -3.101e-03 0.000e+00
621 4.513e-03 -3.308e-03 2.326e-03 0.000e+00
622 -5.188e-03 8.122e-04 4.294e-04 0.000e+00
623 5.979e-03 3.644e-03 1.599e-03 0.000e+00
624 3.645e-03 1.726e-03 -9.960e-04 0.000e+00
625 3.191e-03 -3.198e-03 -4.247e-03 0.000e+00
626 2.445e-03 -3.766e-03 5.425e-03 0.000e+00
627 -2.758e-03 -4.179e-03 -4.871e-03 0.000e+00
628 -7.092e-04 -4.306e-03 4.677e-03 0.000e+00
629 -4.983e-03 3.542e-03 -2.345e-03 0.000e+00
630 -1.242e-03 -4.606e-03 3.238e-06 0.000e+00
631 1.511e-03 1.663e-03 1.780e-03 0.000e+00
632 2.670e-03 2.865e-03 3.117e-03 0.000e+00
633 -2.870e-03 5.565e-05 -7.527e-04 0.000e+00
634 5.250e-03 -4.680e-03 -1.534e-03 0.000e+00
635 -5.196e-03 -4.017e-03 1.209e-03 0.000e+00
636 -2.533e-03 3.800e-04 -1.762e-03 0.000e+00
637 4.205e-03 4.402e-03 -1.627e-04 0.000e+00
638 -1.822e-03 1.724e-03 -3.399e-03 0.000e+00
639 -1.145e-04 -4.707e-03 -2.287e-03 0.000e+00
640 -9.158e-04 1.343e-03 -1.810e-03 0.000e+00
641 3.899e-03 -4.615e-03 7.420e-04 0.000e+00
642 2.310e-03 -2.898e-03 3.339e-03 0.000e+00
643 -4.009e-03 -4.627e-04 -6.894e-04 0.000e+00
644 -5.037e-03 6.452e-04 -2.967e-03 0.000e+00
645 4.886e-03 6.307e-04 4.372e-03 0.000e+00
646 2.629e-03 3.479e-03 -2.653e-03 0.000e+00
647 3.508e-03 -4.737e-03 8.504e-05 0.000e+00
648 2.170e-04 -4.580e-03 -9.199e-04 0.000e+00
649 4.438e-03 -3.764e-03 -3.702e-03 0.000e+00
650 1.382e-03 -2.975e-03 3.288e-03 0.000e+00
651 -3.721e-03 -3.268e-03 -3.364e-03 0.000e+00
652 -2.180e-03 1.591e-03 7.098e-03 0.000e+00
653 -2.029e-03 -6.844e-04 -1.600e-03 0.000e+00
654 4.411e-03 -3.272e-03 -5.501e-03 0.000e+00
655 -3.179e-03 2.434e-04 2.137e-03 0.000e+00
656 5.843e-03 -3.824e-03 8.010e-04 0.000e+00
657 3.684e-04 2.157e-03 1.191e-03 0.000e+00
658 -4.035e-03 2.927e-04 -2.554e-04 0.000e+00
659 -3.166e-03 -4.557e-03 -3.229e-03 0.000e+00
660 -5.343e-04 8.980e-04 -4.462e-03 0.000e+00
661 -2.137e-03 1.177e-03 -6.895e-04 0.000e+00
662 -1.038e-03 -1.070e-03 -4.068e-03 0.000e+00
663 1.190e-03 1.224e-03 4.342e-03 0.000e+00
664 6.000e-03 -7.780e-05 -3.001e-03 0.000e+00
665 2.681e-03 -4.022e-03 4.002e-03 0.000e+00
666 3.675e-03 3.074e-03 1.463e-03 0.000e+00
667 1.156e-03 8.819e-03 1.825e-03 3.342e+01
668 4.648e-03 1.173e-03 1.300e-03 0.000e+00
669 2.308e-03 3.669e-03 -7.174e-04 0.000e+00
670 1.782e-03 -3.741e-03 -2.819e-03 0.000e+00
671 -8.257e-04 2.082e-03 -8.328e-04 0.000e+00
672 -2.933e-03 -1.437e-03 2.707e-03 0.000e+00
673 -2.964e-03 1.015e-03 4.339e-03 0.000e+00
674 -2.891e-03 -3.253e-03 -3.463e-03 0.000e+00
675 -1.673e-03 -4.404e-03 1.639e-03 0.000e+00
676 2.048e-03 -3.565e-03 8.239e-03 0.000e+00
677 3.354e-04 -9.884e-04 2.637e-03 0.000e+00
678 1.661e-03 -4.632e-03 -3.483e-03 0.000e+00
679 -3.764e-03 -3.728e-03 -9.560e-06 0.000e+00
680 -1.797e-03 -3.530e-03 -3.584e-04 0.000e+00
681 3.221e-03 -4.430e-03 -1.074e-03 0.000e+00
682 -3.258e-04 4.124e-03 -7.670e-04 0.000e+00
683 3.610e-04 -4.418e-03 2.900e-03 0.000e+00
684 -2.254e-03 3.514e-03 4.628e-03 0.000e+00
685 -5.018e-03 5.575e-03 -5.372e-03 -6.614e+01
686 -2.468e-03 -4.539e-03 3.289e-03 0.000e+00
687 1.376e-03 1.366e-03 4.191e-03 0.000e+00
688 -4.750e-03 -6.743e-05 7.258e-05 0.000e+00
689 2.609e-03 5.021e-03 3.401e-03 5.135e+01
690 -1.900e-03 -4.083e-03 3.017e-03 0.000e+00
691 -1.950e-03 -2.311e-03 -2.614e-03 0.000e+00
692 -3.282e-05 4.648e-03 -4.350e-04 0.000e+00
693 -2.386e-03 6.505e-04 3.544e-03 0.000e+00
694 3.902e-03 1.392e-03 3.963e-03 0.000e+00
695 -2.994e-04 5.729e-03 -3.637e-03 -7.971e+01
696 -1.151e-03 4.749e-03 -3.692e-03 6.154e+00
697 -8.304e-04 3.638e-03 -2.175e-03 0.000e+00
698 -1.312e-04 4.512e-03 2.494e-03 0.000e+00
699 1.466e-03 -2.872e-04 -6.062e-03 0.000e+00
700 -1.059e-04 2.609e-03 1.634e-03 0.000e+00
701 -1.600e-03 5.045e-03 3.992e-03 8.486e+00
702 -1.483e-03 4.088e-04 -1.500e-04 0.000e+00
703 3.577e-03 -4.257e-03 -4.161e-03 0.000e+00
704 -5.633e-03 1.198e-03 -2.886e-03 0.000e+00
705 3.921e-03 -4.313e-03 -1.440e-03 0.000e+00
706 1.733e-03 2.210e-03 3.348e-05 0.000e+00
707 -3.271e-03 4.071e-03 -1.152e-03 0.000e+00
708 -1.178e-03 -4.005e-03 -3.208e-03 0.000e+00
709 -2.406e-03 -2.464e-03 -4.875e-03 0.000e+00
710 -2.139e-03 -1.535e-03 -5.449e-04 0.000e+00
711 2.769e-05 -4.437e-03 1.488e-03 0.000e+00
712 1.791e-03 3.010e-03 3.108e-03 0.000e+00
713 -2.777e-03 2.969e-03 -3.874e-04 0.000e+00
714 -6.048e-04 5.398e-04 -2.414e-04 0.000e+00
715 5.427e-04 1.116e-03 2.320e-03 0.000e+00
716 2.485e-03 6.107e-04 3.430e-03 0.000e+00
717 -1.525e-03 8.296e-04 -5.593e-03 0.000e+00
718 -2.115e-03 4.171e-03 -4.228e-03 0.000e+00
719 -2.454e-03 2.726e-03 2.349e-04 0.000e+00
720 3.584e-03 -5.945e-04 3.171e-03 0.000e+00
721 1.649e-03 -3.845e-03 2.534e-03 0.000e+00
722 -4.129e-04 -1.200e-03 -5.629e-03 0.000e+00
723 -5.458e-04 -4.219e-03 -1.630e-03 0.000e+00
724 -4.045e-03 3.693e-03 -4.384e-03 0.000e+00
725 3.182e-04 3.944e-03 4.639e-03 0.000e+00
726 4.532e-03 -3.173e-03 -2.416e-03 0.000e+00
727 2.302e-03 1.015e-04 -4.684e-03 0.000e+00
728 -1.051e-04 -4.358e-03 -7.644e-04 0.000e+00
729 2.714e-03 2.748e-03 -2.964e-03 0.000e+00
730 2.749e-03 4.415e-03 -2.972e-04 0.000e+00
731 1.169e-04 -2.320e-03 2.666e-03 0.000e+00
732 -1.833e-03 -3.507e-03 3.222e-03 0.000e+00
733 2.547e-03 -4.313e-03 -7.687e-03 0.000e+00
734 -3.000e-03 8.724e-04 3.722e-03 0.000e+00
735 3.601e-03 1.485e-03 -3.989e-03 0.000e+00
736 6.306e-05 -4.411e-03 1.464e-06 0.000e+00
737 -5.972e-03 5.909e-03 -5.470e-03 6.532e+01
738 2.112e-03 -4.406e-03 -3.600e-03 0.000e+00
739 -3.107e-03 5.668e-04 -2.449e-03 0.000e+00
740 4.733e-04 1.349e-03 -4.318e-03 0.000e+00
741 4.987e-03 3.296e-03 3.285e-03 0.000e+00
742 -1.933e-03 3.514e-03 1.271e-03 0.000e+00
743 4.317e-04 3.588e-03 1.516e-04 0.000e+00
744 8.030e-04 2.909e-03 -3.736e-03 0.000e+00
745 -4.725e-05 -3.864e-03 5.141e-04 0.000e+00
746 2.754e-03 -2.583e-03 -2.265e-04 0.000e+00
747 -6.276e-03 3.940e-03 1.265e-03 0.000e+00
748 -1.053e-03 3.312e-03 9.860e-04 0.000e+00
749 9.179e-04 5.588e-03 1.912e-03 5.803e+01
750 -7.836e-04 -4.577e-03 8.688e-04 0.000e+00
751 -2.392e-03 -3.495e-03 -3.654e-03 0.000e+00
752 6.223e-03 2.621e-03 -1.815e-04 0.000e+00
753 -3.400e-04 2.295e-03 1.957e-03 0.000e+00
754 -2.822e-03 3.352e-03 3.542e-03 0.000e+00
755 -4.501e-03 4.256e-03 1.772e-03 0.000e+00
756 1.918e-03 4.690e-03 -1.534e-03 0.000e+00
757 -1.994e-04 -6.375e-04 5.659e-03 0.000e+00
758 5.875e-03 -4.351e-03 3.991e-03 0.000e+00
759 9.723e-04 1.994e-03 1.416e-03 0.000e+00
760 -1.766e-03 2.091e-03 -2.986e-03 0.000e+00
761 1.629e-03 5.675e-03 1.182e-03 6.040e+01
762 -3.546e-03 4.050e-03 2.463e-03 0.000e+00
763 -3.358e-03 5.215e-03 -1.432e-03 -5.786e+01
764 3.363e-04 -3.679e-03 4.655e-03 0.000e+00
765 -6.075e-03 -3.770e-03 -1.973e-03 0.000e+00
766 1.284e-03 2.987e-03 -1.809e-03 0.000e+00
767 -7.172e-04 5.463e-04 -4.122e-03 0.000e+00
768 5.430e-03 1.366e-03 1.260e-03 0.000e+00
769 4.276e-03 2.240e-03 3.067e-03 0.000e+00
770 4.038e-04 2.001e-03 -6.384e-03 0.000e+00
771 -1.872e-06 4.235e-03 -3.185e-03 0.000e+00
772 -3.961e-04 -4.663e-03 2.487e-04 0.000e+00
773 -5.944e-03 -6.466e-04 -2.438e-03 0.000e+00
774 -2.307e-03 -3.486e-03 -1.181e-03 0.000e+00
775 5.811e-04 1.319e-03 -5.699e-04 0.000e+00
776 -3.015e-03 -3.604e-03 -4.667e-03 0.000e+00
777 -5.746e-04 -9.200e-04 3.678e-04 0.000e+00
778 -1.021e-03 -4.463e-03 2.642e-03 0.000e+00
779 3.505e-03 -2.367e-03 -1.401e-03 0.000e+00
780 -5.483e-03 -4.573e-03 7.358e-03 0.000e+00
781 2.886e-03 2.976e-03 -1.469e-03 0.000e+00
782 -1.960e-03 2.914e-03 -3.430e-03 0.000e+00
783 -2.554e-04 2.493e-03 6.489e-03 0.000e+00
784 -2.705e-03 2.771e-03 1.494e-04 0.000e+00
785 3.552e-03 2.162e-03 8.067e-04 0.000e+00
786 -3.376e-03 -2.432e-04 5.284e-03 0.000e+00
787 -1.232e-03 1.497e-04 3.039e-04 0.000e+00
788 -7.846e-03 6.554e-03 -3.685e-04 -9.880e+01
789 -1.106e-03 -2.791e-03 -2.977e-03 0.000e+00
790 -1.157e-03 -8.267e-04 -1.144e-03 0.000e+00
791 2.589e-05 2.943e-03 -7.666e-04 0.000e+00
792 -7.206e-03 3.855e-03 -2.710e-04 0.000e+00
793 2.404e-03 4.129e-03 3.648e-03 0.000e+00
794 -2.048e-03 1.721e-03 6.297e-04 0.000e+00
795 -1.254e-03 4.799e-03 -2.802e-03 -6.863e+01
796 4.884e-04 2.273e-03 -1.157e-03 0.000e+00
797 -2.927e-03 4.188e-03 -1.202e-04 0.000e+00
798 -1.537e-04 2.552e-03 1.101e-03 0.000e+00
799 5.111e-03 2.320e-03 2.409e-03 0.000e+00
800 -1.153e-03 -7.422e-05 -1.734e-03 0.000e+00
801 1.159e-03 6.127e-03 -2.932e-03 -3.417e+01
802 -9.930e-04 -2.415e-03 -3.785e-03 0.000e+00
803 -9.867e-04 2.583e-03 1.906e-03 0.000e+00
804 4.785e-03 -4.516e-03 2.468e-03 0.000e+00
805 2.756e-03 -3.732e-03 2.891e-03 0.000e+00
806 -9.526e-04 2.185e-03 6.557e-04 0.000e+00
807 -9.140e-04 4.035e-03 -3.048e-05 0.000e+00
808 8.566e-05 4.697e-04 3.627e-03 0.000e+00
809 1.020e-03 -4.395e-04 -1.234e-03 0.000e+00
810 -3.925e-03 -1.527e-04 2.651e-03 0.000e+00
811 -7.494e-04 -4.607e-03 5.230e-03 0.000e+00
812 -2.976e-03 -1.992e-03 -9.905e-04 0.000e+00
813 3.251e-03 2.043e-04 -1.006e-03 0.000e+00
814 1.414e-03 -3.672e-03 -1.353e-03 0.000e+00
815 -3.613e-04 4.996e-05 -5.677e-04 0.000e+00
816 -6.150e-03 1.740e-03 3.453e-04 0.000e+00
817 2.730e-03 1.158e-03 -3.154e-03 0.000e+00
818 -2.979e-03 -2.568e-04 -6.394e-04 0.000e+00
819 7.530e-03 -4.403e-03 -3.736e-03 0.000e+00
820 5.278e-03 2.894e-03 -3.700e-04 0.000e+00
821 -7.000e-04 -4.407e-03 7.621e-04 0.000e+00
822 -4.013e-03 2.113e-04 -1.023e-03 0.000e+00
823 -2.243e-04 9.866e-04 -5.487e-03 0.000e+00
824 2.902e-03 -4.399e-03 4.679e-05 0.000e+00
825 -4.021e-03 2.767e-03 2.826e-03 0.000e+00
826 5.712e-03 -2.636e-03 -1.889e-03 0.000e+00
827 3.644e-04 -5.841e-04 4.209e-03 0.000e+00
828 -2.059e-03 6.596e-05 -2.932e-03 0.000e+00
829 -2.762e-03 -2.212e-03 9.661e-04 0.000e+00
830 -2.830e-03 2.316e-03 -2.691e-03 0.000e+00
831 -3.329e-03 -3.805e-03 9.577e-04 0.000e+00
832 4.553e-03 -1.448e-04 1.194e-03 0.000e+00
833 -1.959e-04 -4.152e-03 -5.951e-03 0.000e+00
834 3.222e-03 2.806e-03 3.383e-03 0.000e+00
835 -4.931e-03 2.974e-03 -2.434e-03 0.000e+00
836 -6.092e-04 -3.794e-03 5.366e-03 0.000e+00
837 8.229e-04 5.953e-04 4.459e-03 0.000e+00
838 3.462e-03 -4.033e-03 -1.853e-03 0.000e+00
839 3.890e-03 6.342e-03 -5.362e-03 -7.805e+01
840 2.018e-04 5.551e-03 -7.750e-04 -8.857e+01
841 -2.915e-03 9.490e-04 -2.740e-03 0.000e+00
842 -2.539e-03 -4.512e-03 2.503e-03 0.000e+00
843 1.075e-03 -4.013e-03 5.186e-03 0.000e+00
844 5.613e-04 -3.921e-03 1.580e-03 0.000e+00
845 1.473e-03 -4.475e-03 6.410e-04 0.000e+00
846 -4.315e-03 7.389e-03 4.667e-03 4.300e+01
847 8.026e-03 1.217e-03 4.216e-03 0.000e+00
848 -3.106e-03 -3.677e-03 1.236e-03 0.000e+00
849 -1.462e-03 2.341e-03 1.638e-03 0.000e+00
850 -4.736e-03 -3.458e-03 3.329e-03 0.000e+00
851 1.002e-03 1.114e-03 1.114e-03 0.000e+00
852 1.964e-04 -3.685e-03 2.382e-03 0.000e+00
853 5.889e-03 -3.324e-03 1.719e-03 0.000e+00
854 3.849e-04 4.329e-03 -1.979e-04 0.000e+00
855 -4.114e-03 -6.954e-04 1.976e-04 0.000e+00
856 1.366e-04 -3.890e-03 9.268e-04 0.000e+00
857 -2.346e-03 3.164e-03 -4.647e-04 0.000e+00
858 -5.390e-03 -4.504e-03 3.813e-03 0.000e+00
859 2.601e-03 2.270e-03 3.589e-04 0.000e+00
860 -1.606e-03 3.895e-03 7.734e-03 0.000e+00
861 2.129e-03 3.315e-03 -1.205e-03 0.000e+00
862 -6.036e-04 4.274e-03 2.850e-03 0.000e+00
863 5.585e-04 2.151e-04 3.053e-03 0.000e+00
864 1.941e-03 3.335e-04 1.953e-03 0.000e+00
865 1.082e-03 2.575e-03 -4.123e-03 0.000e+00
866 7.728e-04 7.694e-03 8.062e-04 -7.304e+01
867 3.175e-03 3.856e-03 3.104e-03 0.000e+00
868 2.384e-03 -4.805e-04 3.698e-03 0.000e+00
869 -5.045e-03 -2.464e-03 9.567e-04 0.000e+00
870 -3.019e-03 -4.551e-03 -1.758e-03 0.000e+00
871 2.100e-03 2.627e-03 -4.801e-03 0.000e+00
872 -1.845e-03 2.411e-03 5.844e-03 0.000e+00
873 4.401e-03 1.193e-03 -3.988e-03 0.000e+00
874 5.844e-03 3.442e-04 -1.146e-03 0.000e+00
875 -1.219e-03 -3.540e-03 2.370e-03 0.000e+00
876 1.705e-03 3.871e-03 5.690e-05 0.000e+00
877 -4.524e-03 1.236e-03 7.289e-04 0.000e+00
878 8.583e-03 -3.332e-03 8.866e-04 0.000e+00
879 1.169e-03 7.240e-05 3.868e-03 0.000e+00
880 -1.404e-03 -3.340e-03 -4.421e-03 0.000e+00
881 -5.298e-04 1.206e-04 3.224e-03 0.000e+00
882 -6.439e-03 -3.954e-03 2.531e-03 0.000e+00
883 1.740e-03 -2.501e-03 2.403e-04 0.000e+00
884 1.341e-03 3.534e-03 3.699e-03 0.000e+00
885 -6.178e-03 2.500e-03 7.591e-03 0.000e+00
886 1.727e-03 -1.501e-04 4.529e-04 0.000e+00
887 -1.177e-03 1.346e-03 8.148e-04 0.000e+00
888 1.298e-04 1.150e-03 2.163e-03 0.000e+00
889 2.637e-03 -4.152e-03 6.910e-04 0.000e+00
890 1.269e-04 1.016e-03 6.442e-04 0.000e+00
891 -2.728e-03 -3.180e-03 1.566e-03 0.000e+00
892 1.889e-04 1.175e-03 3.768e-03 0.000e+00
893 -3.220e-04 6.237e-03 -2.985e-03 1.171e+01
894 -4.999e-03 -4.671e-03 -5.907e-03 0.000e+00
895 2.098e-03 -3.003e-03 -2.738e-03 0.000e+00
896 2.086e-03 1.091e-03 2.350e-03 0.000e+00
897 -2.512e-03 -2.294e-03 -1.372e-03 0.000e+00
898 4.923e-03 -4.621e-03 3.596e-03 0.000e+00
899 -2.935e-03 7.221e-04 2.617e-03 0.000e+00
900 -1.432e-03 5.360e-03 2.021e-03 -2.365e+01
901 2.499e-03 4.073e-03 -6.971e-04 0.000e+00
902 5.664e-05 1.292e-03 -2.283e-03 0.000e+00
903 2.110e-03 3.847e-03 2.423e-03 0.000e+00
904 -4.882e-04 -4.317e-03 4.524e-04 0.000e+00
905 1.481e-03 2.732e-03 -6.515e-03 0.000e+00
906 4.641e-03 -3.344e-03 1.601e-03 0.000e+00
907 4.205e-03 -3.811e-03 -2.089e-03 0.000e+00
908 1.692e-04 -2.752e-03 -2.114e-03 0.000e+00
909 1.578e-03 -3.199e-03 4.394e-03 0.000e+00
910 -1.736e-03 4.557e-03 -2.117e-03 0.000e+00
911 3.304e-03 -4.566e-03 -1.252e-04 0.000e+00
912 1.226e-03 -4.601e-03 1.062e-03 0.000e+00
913 2.160e-04 9.283e-04 4.601e-03 0.000e+00
914 -6.939e-04 3.220e-03 4.356e-04 0.000e+00
915 7.915e-03 5.323e-03 4.783e-03 -6.016e+01
916 -3.294e-03 -4.722e-03 5.790e-03 0.000e+00
917 2.072e-03 -8.852e-05 3.061e-03 0.000e+00
918 3.232e-03 2.014e-03 6.206e-04 0.000e+00
919 -1.289e-03 -4.296e-03 4.800e-03 0.000e+00
920 1.461e-03 3.169e-03 6.893e-04 0.000e+00
921 1.462e-04 -3.592e-03 7.663e-03 0.000e+00
922 -8.769e-03 3.657e-03 4.231e-03 0.000e+00
923 -3.329e-03 1.565e-04 5.110e-03 0.000e+00
924 -1.356e-03 2.357e-05 1.158e-03 0.000e+00
925 -1.296e-03 -3.163e-03 2.246e-03 0.000e+00
926 1.196e-03 2.555e-03 6.261e-04 0.000e+00
927 1.365e-03 3.562e-03 -2.743e-04 0.000e+00
928 -6.618e-04 1.884e-03 7.753e-04 0.000e+00
929 -2.119e-03 -4.582e-03 2.724e-03 0.000e+00
930 1.766e-03 4.118e-03 -9.364e-04 0.000e+00
931 2.680e-03 2.041e-03 -1.735e-03 0.000e+00
932 5.831e-04 3.658e-03 -8.154e-04 0.000e+00
933 6.325e-04 -3.612e-03 -1.612e-03 0.000e+00
934 -3.987e-03 1.813e-03 1.729e-03 0.000e+00
935 7.292e-04 -3.595e-03 -8.988e-04 0.000e+00
936 -1.077e-03 -9.417e-04 5.265e-03 0.000e+00
937 -1.622e-03 5.269e-03 8.215e-04 -4.698e+01
938 4.184e-04 3.851e-05 1.583e-03 0.000e+00
939 -4.860e-03 1.273e-03 3.254e-03 0.000e+00
940 -1.169e-03 -6.652e-04 1.041e-04 0.000e+00
941 2.677e-03 -2.792e-03 6.137e-04 0.000e+00
942 7.216e-03 -4.255e-03 -4.580e-03 0.000e+00
943 -2.072e-03 -2.261e-03 3.639e-03 0.000e+00
944 1.962e-03 4.195e-04 2.749e-03 0.000e+00
945 -8.306e-04 -4.653e-03 -1.016e-03 0.000e+00
946 -3.318e-03 3.953e-03 -7.542e-04 0.000e+00
947 9.837e-04 -4.545e-03 1.220e-03 0.000e+00
948 6.459e-03 2.760e-03 -2.397e-03 0.000e+00
949 -1.133e-03 -3.949e-03 2.851e-03 0.000e+00
950 1.730e-03 1.311e-03 -4.302e-03 0.000e+00
951 1.362e-04 3.235e-03 -7.183e-03 0.000e+00
952 -1.263e-03 -4.366e-03 -4.744e-03 0.000e+00
953 2.926e-03 3.080e-03 -4.286e-03 0.000e+00
954 -1.846e-03 -2.821e-03 1.963e-03 0.000e+00
955 -1.311e-04 6.439e-03 -1.362e-03 -6.496e+01
956 1.650e-03 1.557e-03 3.083e-03 0.000e+00
957 7.329e-03 -2.972e-03 5.263e-03 0.000e+00
958 1.563e-03 4.385e-03 3.719e-03 0.000e+00
959 2.034e-04 2.124e-03 2.512e-03 0.000e+00
960 -2.697e-03 1.103e-03 -1.388e-03 0.000e+00
961 -3.168e-03 -3.446e-03 -3.171e-03 0.000e+00
962 -1.010e-03 9.873e-05 -3.633e-03 0.000e+00
963 7.957e-04 2.947e-03 9.701e-04 0.000e+00
964 -1.280e-03 -3.709e-03 -4.809e-03 0.000e+00
965 3.063e-03 4.249e-03 -1.302e-03 0.000e+00
966 4.500e-03 2.367e-03 1.950e-03 0.000e+00
967 6.066e-04 8.116e-04 -5.171e-03 0.000e+00
968 -2.789e-03 2.062e-04 3.735e-03 0.000e+00
969 1.557e-03 5.712e-03 -3.892e-03 -6.687e+01
970 -4.562e-03 1.852e-03 -1.219e-03 0.000e+00
971 3.794e-03 -2.620e-03 3.441e-03 0.000e+00
972 1.810e-03 -9.604e-04 1.068e-03 0.000e+00
973 -4.914e-04 -1.383e-03 2.833e-03 0.000e+00
974 1.227e-03 -4.406e-03 6.388e-04 0.000e+00
975 2.961e-03 -2.878e-03 -9.552e-04 0.000e+00
976 2.779e-03 1.762e-03 -3.623e-03 0.000e+00
977 2.519e-03 -2.866e-03 3.565e-04 0.000e+00
978 3.465e-03 -3.828e-03 2.203e-03 0.000e+00
979 -1.308e-03 -1.153e-04 3.573e-03 0.000e+00
980 -1.484e-03 -4.619e-03 1.612e-03 0.000e+00
981 -5.441e-03 2.769e-03 -5.800e-04 0.000e+00
982 1.441e-03 1.622e-03 3.425e-03 0.000e+00
983 -1.038e-04 2.774e-03 -1.907e-03 0.000e+00
984 -3.046e-04 2.388e-04 1.717e-03 0.000e+00
985 9.401e-04 -3.075e-03 -3.248e-03 0.000e+00
986 -1.100e-03 -3.930e-03 -4.939e-03 0.000e+00
987 1.531e-03 5.398e-03 5.922e-03 -4.540e+01
988 3.840e-04 -4.301e-03 -2.631e-03 0.000e+00
989 4.821e-03 6.013e-03 5.711e-03 -3.012e+01
990 -4.996e-03 1.172e-04 -2.653e-03 0.000e+00
991 5.581e-04 6.781e-04 -7.779e-03 0.000e+00
992 -6.498e-03 1.435e-03 2.751e-03 0.000e+00
993 2.680e-03 -2.981e-03 4.447e-04 0.000e+00
994 3.888e-03 1.887e-03 -3.844e-03 0.000e+00
995 1.808e-03 -4.295e-03 -1.746e-03 0.000e+00
996 4.190e-03 -4.632e-03 3.819e-03 0.000e+00
997 7.166e-03 -3.303e-03 -2.711e-03 0.000e+00
998 4.082e-03 2.595e-03 3.077e-03 0.000e+00
999 -1.333e-03 6.048e-07 1.515e-03 0.000e+00
1000 -6.527e-03 4.078e-03 -1.548e-03 0.000e+00
1001 -6.849e-03 9.070e-04 1.764e-03 0.000e+00
1002 -5.794e-04 3.921e-03 4.222e-03 0.000e+00
1003 3.081e-03 -4.485e-03 -2.002e-03 0.000e+00
1004 1.226e-03 -4.608e-03 -2.258e-03 0.000e+00
1005 -2.165e-03 2.467e-03 -6.296e-03 0.000e+00
1006 -3.397e-03 -5.846e-04 -7.662e-04 0.000e+00
1007 -2.921e-03 2.877e-04 4.517e-03 0.000e+00
1008 -4.975e-04 3.822e-03 -2.157e-03 0.000e+00
1009 -1.674e-03 -4.322e-03 -4.353e-04 0.000e+00
1010 4.996e-03 -4.611e-03 6.171e-04 0.000e+00
1011 1.127e-03 4.336e-05 6.246e-04 0.000e+00
1012 5.088e-03 -3.897e-03 -2.050e-04 0.000e+00
1013 1.402e-03 -4.115e-03 -3.036e-03 0.000e+00
1014 -6.110e-03 -4.710e-03 1.767e-04 0.000e+00
1015 -4.358e-03 -2.676e-04 -4.878e-04 0.000e+00
1016 2.937e-03 3.134e-03 2.062e-03 0.000e+00
1017 1.532e-03 2.564e-03 2.329e-03 0.000e+00
1018 -7.164e-03 3.993e-04 1.398e-03 0.000e+00
1019 7.647e-04 -4.656e-03 2.765e-03 0.000e+00
1020 -2.245e-03 -5.761e-04 -4.456e-03 0.000e+00
1021 -2.442e-03 3.360e-03 -2.126e-03 0.000e+00
1022 1.542e-03 1.040e-03 2.009e-03 0.000e+00
1023 1.803e-04 2.446e-03 -2.889e-03 0.000e+00
1024 2.336e-03 -9.288e-04 1.658e-04 0.000e+00
1025 -1.689e-03 -4.161e-03 -5.248e-03 0.000e+00
1026 -2.412e-03 -3.015e-04 1.267e-03 0.000e+00
1027 -5.132e-03 1.470e-03 -5.848e-03 0.000e+00
1028 -6.874e-04 -4.183e-03 -6.631e-04 0.000e+00
1029 -6.563e-04 2.223e-03 2.600e-03 0.000e+00
1030 3.845e-03 -4.550e-03 2.983e-04 0.000e+00
1031 3.787e-03 -6.573e-04 -3.466e-03 0.000e+00
1032 9.514e-04 -4.674e-03 5.316e-03 0.000e+00
1033 3.687e-03 -4.388e-03 4.554e-03 0.000e+00
1034 -1.016e-03 -3.345e-03 3.033e-05 0.000e+00
1035 -3.746e-03 -4.638e-03 -2.827e-03 0.000e+00
1036 3.056e-03 5.233e-03 6.281e-03 -4.480e+01
1037 -3.081e-04 1.929e-04 1.005e-03 0.000e+00
1038 -3.753e-03 -4.078e-03 2.933e-04 0.000e+00
1039 2.084e-03 -4.392e-03 -5.469e-03 0.000e+00
1040 -5.327e-03 7.342e-04 -1.830e-03 0.000e+00
1041 -6.444e-04 -4.324e-03 8.752e-04 0.000e+00
1042 2.525e-03 -4.439e-03 1.154e-03 0.000e+00
1043 1.118e-03 3.527e-03 -4.543e-03 0.000e+00
1044 -7.664e-04 4.082e-03 1.649e-03 0.000e+00
1045 -2.006e-03 -1.974e-04 6.935e-03 0.000e+00
1046 5.353e-03 -4.508e-03 -2.793e-03 0.000e+00
1047 -2.792e-04 3.235e-03 7.138e-03 0.000e+00
1048 5.502e-04 -4.676e-03 1.654e-03 0.000e+00
1049 -1.522e-03 -3.819e-03 -2.154e-03 0.000e+00
1050 2.837e-03 1.132e-03 7.521e-03 0.000e+00
1051 -2.394e-03 3.057e-03 -2.031e-03 0.000e+00
1052 2.043e-03 -3.805e-03 -4.083e-03 0.000e+00
1053 -5.636e-03 1.643e-05 -4.828e-03 0.000e+00
1054 1.613e-03 1.231e-03 -4.495e-03 0.000e+00
1055 1.270e-03 -4.169e-03 8.153e-04 0.000e+00
1056 4.147e-04 2.752e-03 -7.210e-03 0.000e+00
1057 -2.566e-03 -4.744e-03 -5.430e-04 0.000e+00
1058 -6.238e-04 2.986e-03 -1.385e-03 0.000e+00
1059 -2.599e-03 6.664e-04 -1.429e-03 0.000e+00
1060 -1.970e-03 -1.182e-03 6.406e-04 0.000e+00
1061 1.193e-03 2.030e-04 -2.507e-03 0.000e+00
1062 3.110e-03 -3.846e-03 -1.933e-03 0.000e+00
1063 -8.242e-03 -4.020e-03 -4.372e-04 0.000e+00
1064 3.825e-03 -3.666e-03 2.146e-03 0.000e+00
1065 -1.366e-03 1.775e-03 -8.581e-04 0.000e+00
1066 -8.335e-05 5.707e-03 2.976e-03 -3.330e-01
1067 3.076e-04 -3.108e-03 -5.587e-03 0.000e+00
1068 3.078e-03 -4.660e-03 -3.464e-03 0.000e+00
1069 9.815e-04 -9.677e-04 -2.418e-03 0.000e+00
1070 -4.849e-03 3.057e-03 3.150e-05 0.000e+00
1071 2.459e-03 3.239e-03 -2.396e-04 0.000e+00
1072 -1.814e-03 -3.196e-03 8.722e-03 0.000e+00
1073 1.422e-03 3.881e-03 1.196e-03 0.000e+00
1074 -4.267e-03 4.887e-03 1.401e-03 2.459e+01
1075 -2.191e-03 3.675e-03 1.510e-03 0.000e+00
1076 1.032e-03 -3.930e-03 -2.611e-04 0.000e+00
1077 -2.808e-04 -3.461e-03 7.375e-03 0.000e+00
1078 -5.615e-04 2.218e-03 2.783e-03 0.000e+00
1079 2.011e-03 -2.947e-03 -4.341e-03 0.000e+00
1080 -3.302e-04 1.514e-03 2.712e-03 0.000e+00
1081 5.683e-03 1.584e-03 -8.177e-04 0.000e+00
1082 7.238e-03 -3.374e-03 -2.575e-03 0.000e+00
1083 1.266e-03 -4.669e-03 2.595e-03 0.000e+00
1084 2.451e-03 1.206e-03 -1.061e-03 0.000e+00
1085 -4.762e-04 2.350e-03 2.460e-03 0.000e+00
1086 -1.471e-03 -4.697e-03 1.636e-03 0.000e+00
1087 -9.015e-04 -2.635e-04 1.404e-03 0.000e+00
1088 2.647e-03 1.402e-04 4.728e-05 0.000e+00
1089 -2.308e-04 -5.312e-04 1.254e-03 0.000e+00
1090 2.640e-03 -4.047e-03 -1.685e-03 0.000e+00
1091 -1.670e-03 -1.914e-03 -7.261e-03 0.000e+00
1092 1.195e-03 8.887e-06 2.550e-03 0.000e+00
1093 1.543e-03 2.422e-03 3.417e-03 0.000e+00
1094 -3.952e-04 -4.113e-03 1.225e-04 0.000e+00
1095 -1.863e-03 3.123e-03 -1.941e-03 0.000e+00
1096 6.640e-04 3.093e-03 -5.956e-04 0.000e+00
1097 8.141e-06 -4.540e-03 -1.086e-03 0.000e+00
1098 5.458e-03 1.578e-03 -1.370e-04 0.000e+00
1099 1.792e-03 2.906e-04 2.013e-03 0.000e+00
1100 5.010e-03 6.863e-03 3.163e-03 4.024e+01
1101 -5.952e-03 -3.951e-03 -2.767e-03 0.000e+00
1102 -1.094e-03 1.240e-03 9.835e-04 0.000e+00
1103 1.746e-03 -3.379e-03 -1.090e-03 0.000e+00
1104 -3.323e-03 -4.625e-03 -3.539e-03 0.000e+00
1105 2.006e-03 4.384e-04 2.174e-03 0.000e+00
1106 -1.005e-03 3.160e-03 -1.925e-03 0.000e+00
1107 -2.967e-03 4.533e-04 5.198e-04 0.000e+00
1108 5.597e-03 5.270e-03 8.456e-05 -3.920e+01
1109 -2.449e-04 4.266e-03 4.659e-03 0.000e+00
1110 2.814e-03 -8.039e-04 5.307e-03 0.000e+00
1111 9.737e-04 -4.736e-03 8.116e-04 0.000e+00
1112 1.658e-04 -3.512e-03 -2.170e-03 0.000e+00
1113 8.052e-04 2.495e-03 -5.165e-03 0.000e+00
1114 -5.104e-03 -2.216e-03 2.342e-03 0.000e+00
1115 -4.533e-03 5.039e-03 -5.095e-03 1.285e+00
1116 -1.529e-03 -9.234e-04 -5.107e-03 0.000e+00
1117 -1.244e-03 2.224e-03 -2.443e-03 0.000e+00
1118 2.083e-03 -4.557e-03 -2.235e-03 0.000e+00
1119 -7.960e-04 -3.051e-03 -2.360e-03 0.000e+00
1120 3.080e-03 8.122e-03 3.485e-03 -6.211e+01
1121 -1.903e-03 1.015e-03 -2.721e-03 0.000e+00
1122 2.611e-03 -2.975e-03 -6.084e-03 0.000e+00
1123 -1.111e-03 -3.157e-03 -2.310e-03 0.000e+00
1124 5.124e-03 -6.191e-04 1.423e-03 0.000e+00
1125 1.142e-03 -3.896e-03 -3.932e-03 0.000e+00
1126 -1.651e-03 4.071e-03 1.741e-03 0.000e+00
1127 -8.086e-04 4.378e-03 3.882e-03 0.000e+00
1128 1.967e-04 2.594e-04 2.329e-03 0.000e+00
1129 -2.601e-04 1.190e-03 1.490e-03 0.000e+00
1130 -2.177e-03 -4.114e-03 -1.007e-03 0.000e+00
1131 -2.523e-04 -3.268e-03 -2.354e-03 0.000e+00
1132 1.527e-03 2.750e-03 -1.934e-03 0.000e+00
1133 -3.461e-03 1.530e-03 -3.461e-03 0.000e+00
1134 -4.210e-03 -3.904e-03 -1.409e-03 0.000e+00
1135 -5.825e-04 -3.084e-03 5.496e-03 0.000e+00
1136 3.637e-03 6.263e-03 -8.302e-04 2.223e+01
1137 -3.271e-04 -2.546e-03 -2.695e-03 0.000e+00
1138 -3.916e-04 -3.870e-03 4.774e-04 0.000e+00
1139 2.579e-03 8.898e-04 -5.191e-04 0.000e+00
1140 -2.935e-03 -3.801e-03 -4.778e-03 0.000e+00
1141 3.239e-03 -3.735e-03 -4.937e-03 0.000e+00
1142 -1.983e-03 4.648e-03 3.115e-04 0.000e+00
1143 -2.314e-03 -2.238e-04 2.984e-03 0.000e+00
1144 -2.315e-03 -4.603e-03 2.172e-03 0.000e+00
1145 -1.832e-03 -4.177e-03 6.351e-03 0.000e+00
1146 3.819e-05 -4.068e-03 1.158e-03 0.000e+00
1147 1.504e-03 3.168e-03 1.908e-04 0.000e+00
1148 -1.462e-03 -4.609e-03 5.059e-03 0.000e+00
1149 2.935e-03 -3.448e-03 -9.774e-04 0.000e+00
1150 -3.622e-03 -4.304e-03 -3.480e-04 0.000e+00
1151 -1.612e-03 -3.433e-04 -2.147e-03 0.000e+00
1152 2.065e-04 5.434e-03 -9.233e-04 4.687e+01
1153 -1.226e-03 3.677e-05 -2.558e-03 0.000e+00
1154 1.724e-03 -3.684e-03 -3.613e-03 0.000e+00
1155 -4.030e-03 -3.327e-03 -6.850e-04 0.000e+00
1156 4.422e-03 2.550e-03 1.190e-03 0.000e+00
1157 -1.242e-03 -3.474e-03 4.569e-03 0.000e+00
1158 5.881e-03 -4.665e-03 1.412e-03 0.000e+00
1159 1.232e-03 2.519e-03 1.594e-03 0.000e+00
1160 -1.851e-03 -3.461e-03 -2.080e-03 0.000e+00
1161 -2.970e-03 3.196e-04 1.269e-03 0.000e+00
1162 6.100e-04 3.746e-04 9.630e-04 0.000e+00
1163 -1.907e-03 -2.255e-04 4.601e-03 0.000e+00
1164 1.589e-03 1.607e-03 5.475e-03 0.000e+00
1165 1.562e-03 -2.700e-03 4.856e-03 0.000e+00
1166 -1.520e-03 3.227e-03 -2.981e-03 0.000e+00
1167 1.231e-03 2.618e-04 -1.438e-04 0.000e+00
1168 1.055e-02 -4.559e-03 1.348e-03 0.000e+00
1169 1.305e-04 7.003e-04 -1.804e-03 0.000e+00
1170 5.281e-03 -6.172e-04 2.201e-03 0.000e+00
1171 -2.112e-03 -3.755e-03 -2.896e-03 0.000e+00
1172 1.137e-03 6.630e-03 -9.074e-04 3.903e+01
1173 -1.469e-03 2.137e-03 -6.858e-03 0.000e+00
1174 2.642e-03 -3.144e-03 -2.092e-03 0.000e+00
1175 5.783e-03 5.487e-03 4.145e-03 -9.546e+01
1176 4.364e-04 -4.339e-03 -3.024e-03 0.000e+00
1177 7.891e-04 -4.404e-04 -1.573e-03 0.000e+00
1178 1.567e-03 -2.303e-03 5.364e-03 0.000e+00
1179 4.408e-03 5.677e-03 -3.503e-03 -3.078e+00
1180 3.621e-03 5.810e-04 -4.739e-04 0.000e+00
1181 -2.535e-05 -3.550e-03 -2.304e-03 0.000e+00
1182 2.508e-03 -4.744e-03 5.472e-03 0.000e+00
1183 -1.262e-03 -2.763e-03 -4.288e-03 0.000e+00
1184 3.797e-03 -4.301e-03 -2.524e-03 0.000e+00
1185 -2.588e-04 -3.172e-03 -1.103e-03 0.000e+00
1186 4.974e-03 1.538e-03 -3.234e-03 0.000e+00
1187 -3.191e-03 -4.667e-03 4.430e-03 0.000e+00
1188 -1.429e-03 4.146e-03 7.081e-03 0.000e+00
1189 -6.209e-04 -3.715e-03 2.706e-04 0.000e+00
1190 1.152e-03 -4.686e-03 6.505e-03 0.000e+00
1191 -3.707e-03 -3.719e-03 -2.137e-03 0.000e+00
1192 -2.778e-03 -3.991e-03 3.294e-03 0.000e+00
1193 -1.430e-03 1.798e-03 2.069e-03 0.000e+00
1194 -6.540e-04 4.302e-03 -3.225e-03 0.000e+00
1195 -2.791e-03 3.546e-03 1.574e-03 0.000e+00
1196 1.969e-03 -3.506e-03 -9.082e-04 0.000e+00
1197 4.226e-03 -4.705e-03 -1.934e-03 0.000e+00
1198 1.338e-03 9.050e-04 -2.361e-03 0.000e+00
1199 -1.893e-04 -4.708e-03 -1.108e-03 0.000e+00
1200 1.363e-03 -3.718e-03 2.240e-03 0.000e+00
1201 -2.983e-03 1.097e-04 -7.216e-03 0.000e+00
1202 -2.012e-03 1.908e-03 1.043e-03 0.000e+00
1203 -3.177e-03 3.145e-04 -2.612e-03 0.000e+00
1204 2.141e-03 -4.432e-03 2.947e-04 0.000e+00
1205 -5.413e-04 6.371e-04 2.623e-03 0.000e+00
1206 1.250e-02 4.683e-04 -1.980e-03 0.000e+00
1207 -3.480e-03 1.378e-03 3.654e-04 0.000e+00
1208 2.576e-03 1.574e-03 1.066e-03 0.000e+00
1209 1.783e-03 2.778e-03 1.941e-03 0.000e+00
1210 -5.776e-04 -2.946e-03 -8.571e-04 0.000e+00
1211 4.560e-03 4.142e-03 -3.645e-03 0.000e+00
1212 6.283e-03 5.989e-04 -2.639e-03 0.000e+00
1213 7.659e-04 3.829e-04 -1.607e-04 0.000e+00
1214 -2.315e-03 8.556e-04 3.891e-03 0.000e+00
1215 -2.799e-03 -4.412e-03 3.324e-03 0.000e+00
1216 -7.484e-04 1.289e-03 1.139e-03 0.000e+00
1217 -1.354e-03 4.499e-03 3.939e-03 0.000e+00
1218 -3.724e-03 -3.934e-03 2.665e-03 0.000e+00
1219 -2.789e-03 -4.683e-03 -4.218e-03 0.000e+00
1220 3.748e-03 1.105e-03 3.643e-03 0.000e+00
1221 4.110e-03 5.099e-03 -9.143e-03 -1.069e+01
1222 -2.727e-03 2.896e-03 3.562e-03 0.000e+00
1223 -2.032e-04 3.831e-03 -1.917e-03 0.000e+00
1224 -2.472e-03 -3.675e-03 -2.402e-03 0.000e+00
1225 3.382e-04 -4.183e-04 -1.143e-05 0.000e+00
1226 -6.232e-03 -3.478e-04 1.008e-03 0.000e+00
1227 -5.900e-05 1.290e-03 -9.460e-04 0.000e+00
1228 -2.517e-04 6.679e-04 -4.093e-03 0.000e+00
1229 -6.934e-03 -1.297e-03 -2.438e-03 0.000e+00
1230 2.726e-03 -3.637e-03 1.350e-03 0.000e+00
1231 -8.451e-04 -3.369e-04 6.889e-04 0.000e+00
1232 5.045e-03 1.607e-04 6.830e-03 0.000e+00
1233 -1.518e-03 2.107e-03 -1.556e-03 0.000e+00
1234 2.149e-03 4.168e-03 -1.013e-03 0.000e+00
1235 3.678e-03 -3.401e-03 -7.781e-04 0.000e+00
1236 -3.450e-04 -2.873e-03 7.263e-03 0.000e+00
1237 -1.270e-03 -5.752e-05 4.389e-03 0.000e+00
1238 -1.556e-03 5.020e-03 -5.655e-04 -7.641e+01
1239 3.343e-03 -2.080e-03 1.379e-03 0.000e+00
1240 7.847e-04 3.103e-03 -6.480e-04 0.000e+00
1241 1.180e-03 1.280e-03 6.470e-03 0.000e+00
1242 1.221e-03 2.788e-03 -2.149e-04 0.000e+00
1243 4.793e-04 -4.068e-03 -5.432e-05 0.000e+00
1244 -2.984e-04 8.064e-04 -1.678e-03 0.000e+00
1245 1.463e-03 -1.071e-03 4.850e-03 0.000e+00
1246 -9.878e-04 -3.558e-03 1.370e-04 0.000e+00
1247 -8.064e-04 -4.309e-03 -8.537e-04 0.000e+00
1248 -6.967e-03 2.259e-03 3.384e-03 0.000e+00
1249 1.237e-03 1.244e-03 2.487e-04 0.000e+00
1250 1.345e-03 9.838e-04 4.221e-04 0.000e+00
1251 -1.185e-04 -1.383e-03 5.008e-03 0.000e+00
1252 1.186e-03 -7.662e-05 -2.092e-04 0.000e+00
1253 4.939e-04 -3.603e-03 5.428e-03 0.000e+00
1254 1.108e-03 4.946e-03 2.375e-04 3.936e+01
1255 -3.182e-04 -4.550e-03 -6.990e-04 0.000e+00
1256 2.410e-03 8.377e-04 1.302e-03 0.000e+00
1257 6.224e-03 -4.109e-03 -3.823e-03 0.000e+00
1258 -7.157e-05 1.392e-03 4.393e-03 0.000e+00
1259 2.202e-03 -4.254e-03 4.634e-04 0.000e+00
1260 -2.415e-03 -4.393e-03 -1.233e-03 0.000e+00
1261 -1.564e-03 -4.022e-03 -4.029e-03 0.000e+00
1262 3.041e-03 3.029e-03 -2.684e-06 0.000e+00
1263 2.382e-03 -2.436e-04 -6.777e-03 0.000e+00
1264 6.526e-05 5.250e-04 -1.591e-04 0.000e+00
1265 -1.763e-03 -4.578e-03 4.833e-03 0.000e+00
1266 2.893e-03 -3.725e-03 -8.120e-04 0.000e+00
1267 4.534e-03 3.872e-04 -9.997e-04 0.000e+00
1268 -3.651e-03 6.051e-03 -3.113e-04 2.185e+01
1269 -2.375e-03 3.618e-03 3.011e-03 0.000e+00
1270 -4.351e-04 3.864e-03 -3.618e-04 0.000e+00
1271 -2.967e-03 6.085e-03 -7.106e-03 -2.722e+01
1272 4.609e-03 3.211e-04 2.406e-03 0.000e+00
1273 -2.379e-03 -3.640e-03 -1.749e-03 0.000e+00
1274 -3.626e-03 -4.223e-03 -1.542e-04 0.000e+00
1275 -2.872e-03 7.024e-04 -3.215e-04 0.000e+00
1276 -1.765e-03 2.661e-03 2.654e-03 0.000e+00
1277 -4.526e-03 -4.471e-03 2.660e-03 0.000e+00
1278 -2.065e-03 -2.059e-03 2.542e-03 0.000e+00
1279 -1.997e-03 -3.357e-03 1.602e-03 0.000e+00
1280 2.648e-03 -4.037e-03 -2.820e-03 0.000e+00
1281 -4.130e-03 -2.269e-03 2.379e-03 0.000e+00
1282 -4.465e-03 -4.038e-04 6.599e-04 0.000e+00
1283 -1.755e-04 -4.312e-03 -9.711e-04 0.000e+00
1284 -1.090e-03 1.453e-03 5.957e-03 0.000e+00
1285 1.242e-03 -3.659e-03 9.313e-04 0.000e+00
1286 8.891e-04 -3.254e-03 1.398e-03 0.000e+00
1287 -4.466e-03 2.586e-03 -2.328e-03 0.000e+00
1288 1.049e-03 -3.022e-03 -3.785e-04 0.000e+00
1289 -3.273e-03 -6.358e-04 -1.344e-03 0.000e+00
1290 8.870e-04 2.049e-03 3.375e-03 0.000e+00
1291 -3.477e-03 1.072e-03 -8.587e-04 0.000e+00
1292 -4.552e-03 1.585e-03 -2.915e-03 0.000e+00
1293 -9.652e-03 -4.238e-03 -5.061e-04 0.000e+00
1294 8.538e-04 -3.896e-03 -5.785e-04 0.000e+00
1295 3.720e-04 9.103e-04 5.379e-03 0.000e+00
1296 -5.385e-04 4.184e-03 1.950e-03 0.000e+00
1297 -8.517e-03 -3.931e-03 1.669e-03 0.000e+00
1298 -1.390e-03 -3.696e-03 -4.940e-03 0.000e+00
1299 9.410e-04 1.773e-03 7.794e-04 0.000e+00
1300 -8.645e-04 1.968e-03 2.208e-03 0.000e+00
1301 -3.654e-03 -4.753e-03 6.671e-04 0.000e+00
1302 2.590e-03 5.363e-03 6.111e-04 -7.985e+01
1303 1.262e-03 3.734e-03 3.706e-03 0.000e+00
1304 -5.775e-03 -1.075e-03 -7.463e-04 0.000e+00
1305 -3.912e-04 -3.002e-04 2.790e-03 0.000e+00
1306 5.079e-04 4.982e-03 3.725e-03 -9.167e-03
1307 2.779e-03 1.210e-03 1.556e-03 0.000e+00
1308 -2.628e-03 4.481e-04 -1.415e-03 0.000e+00
1309 3.476e-03 -4.121e-03 -1.644e-03 0.000e+00
1310 -3.285e-04 3.621e-03 -1.040e-03 0.000e+00
1311 1.037e-04 2.893e-03 1.416e-03 0.000e+00
1312 2.314e-03 -3.370e-03 -1.632e-03 0.000e+00
1313 3.331e-03 -4.326e-03 3.148e-03 0.000e+00
1314 -8.882e-04 -2.188e-03 -1.020e-03 0.000e+00
1315 2.065e-04 -4.382e-03 -3.331e-03 0.000e+00
1316 -3.497e-03 -9.384e-04 -4.574e-04 0.000e+00
1317 -2.235e-04 2.311e-03 8.054e-04 0.000e+00
1318 2.930e-03 -3.334e-03 4.116e-03 0.000e+00
1319 4.542e-03 -3.176e-03 -3.574e-04 0.000e+00
1320 8.935e-04 2.351e-03 3.019e-03 0.000e+00
1321 -2.025e-03 -4.350e-03 3.267e-04 0.000e+00
1322 8.536e-05 4.982e-03 -3.076e-03 1.179e+01
1323 -3.307e-03 -4.197e-03 3.980e-03 0.000e+00
1324 4.579e-03 1.538e-03 2.863e-03 0.000e+00
1325 1.903e-03 -4.261e-03 -1.733e-03 0.000e+00
1326 3.560e-03 -3.522e-03 -1.409e-03 0.000e+00
1327 3.135e-03 6.078e-03 1.202e-04 -7.841e+00
1328 3.057e-03 3.626e-03 9.157e-04 0.000e+00
1329 4.332e-03 -3.938e-03 -4.275e-03 0.000e+00
1330 3.241e-03 -4.468e-03 -5.615e-03 0.000e+00
1331 1.355e-03 -4.724e-03 -3.205e-03 0.000e+00
1332 3.544e-03 2.953e-03 1.743e-03 0.000e+00
1333 -2.222e-03 4.496e-03 2.421e-03 0.000e+00
1334 2.934e-03 1.355e-03 7.964e-04 0.000e+00
1335 6.871e-03 2.775e-03 -2.960e-03 0.000e+00
1336 2.431e-03 -4.749e-03 1.028e-03 0.000e+00
1337 2.291e-03 -3.520e-03 -6.124e-03 0.000e+00
1338 -3.007e-03 -3.648e-03 -1.752e-03 0.000e+00
1339 -1.974e-03 -4.585e-03 -4.823e-03 0.000e+00
1340 1.385e-03 3.206e-03 3.316e-03 0.000e+00
1341 4.633e-03 5.379e-04 5.708e-04 0.000e+00
1342 -1.930e-03 -3.341e-03 2.006e-03 0.000e+00
1343 6.696e-04 6.124e-04 -4.099e-03 0.000e+00
1344 6.668e-03 -3.812e-04 7.043e-04 0.000e+00
1345 1.788e-03 -1.182e-03 1.306e-03 0.000e+00
1346 3.307e-03 -1.108e-03 2.841e-03 0.000e+00
1347 -3.875e-03 -3.844e-03 -1.106e-03 0.000e+00
1348 -6.247e-04 -3.938e-03 5.182e-03 0.000e+00
1349 -1.796e-03 4.628e-04 -2.744e-03 0.000e+00
1350 -6.557e-03 4.159e-03 -1.268e-03 0.000e+00
1351 -4.168e-03 2.455e-04 -2.404e-03 0.000e+00
1352 -1.343e-03 2.009e-03 1.934e-04 0.000e+00
1353 -3.523e-03 1.501e-03 3.345e-04 0.000e+00
1354 2.925e-03 -3.813e-03 -6.719e-04 0.000e+00
1355 4.264e-03 3.683e-03 -5.203e-04 0.000e+00
1356 -7.657e-03 -4.173e-03 -2.002e-03 0.000e+00
1357 3.291e-03 -4.397e-03 3.160e-03 0.000e+00
1358 -3.982e-03 2.947e-03 -7.802e-03 0.000e+00
1359 5.325e-04 -4.632e-03 2.390e-03 0.000e+00
1360 -2.459e-03 1.863e-03 -8.172e-04 0.000e+00
1361 2.578e-03 4.077e-03 -1.319e-03 0.000e+00
1362 4.900e-04 3.728e-03 -4.399e-03 0.000e+00
1363 5.771e-03 -2.999e-03 3.289e-03 0.000e+00
1364 -3.722e-03 -3.066e-03 9.854e-04 0.000e+00
1365 -2.093e-03 3.228e-03 6.510e-03 0.000e+00
1366 2.477e-03 -4.579e-03 6.385e-03 0.000e+00
1367 3.015e-03 -4.625e-03 4.267e-03 0.000e+00
1368 -4.703e-03 2.978e-03 1.612e-03 0.000e+00
1369 3.044e-03 2.775e-04 5.199e-03 0.000e+00
1370 2.273e-03 2.293e-03 5.902e-04 0.000e+00
1371 8.084e-04 3.506e-03 3.680e-03 0.000e+00
1372 -3.011e-04 -4.066e-03 -2.271e-03 0.000e+00
1373 -4.834e-03 3.465e-04 4.145e-03 0.000e+00
1374 5.054e-03 3.996e-03 6.349e-04 0.000e+00
1375 4.344e-03 -3.659e-03 1.645e-03 0.000e+00
1376 -6.879e-04 -3.893e-03 1.636e-05 0.000e+00
1377 7.606e-05 4.445e-03 -5.802e-03 0.000e+00
1378 1.510e-03 8.371e-03 4.670e-03 -4.937e+01
1379 -2.817e-03 -8.374e-05 1.636e-03 0.000e+00
1380 7.775e-04 5.252e-05 -3.498e-03 0.000e+00
1381 -7.998e-04 -4.447e-03 -5.380e-03 0.000e+00
1382 -1.089e-03 -4.457e-03 -4.890e-03 0.000e+00
1383 2.628e-03 3.579e-03 -2.621e-03 0.000e+00
1384 -1.045e-03 2.421e-03 -5.124e-03 0.000e+00
1385 -2.561e-04 -3.983e-03 1.553e-03 0.000e+00
1386 -1.399e-03 -4.372e-03 -1.441e-03 0.000e+00
1387 1.372e-04 2.546e-03 -7.017e-03 0.000e+00
1388 -7.208e-04 -3.774e-03 -6.555e-03 0.000e+00
1389 3.404e-03 1.580e-03 -7.277e-03 0.000e+00
1390 -8.208e-03 -4.429e-03 1.918e-03 0.000e+00
1391 -3.757e-03 3.206e-03 -2.589e-03 0.000e+00
1392 -4.914e-03 -3.955e-03 -4.715e-05 0.000e+00
1393 1.127e-03 3.981e-03 7.118e-04 0.000e+00
1394 3.425e-03 -3.118e-03 -4.130e-03 0.000e+00
1395 3.088e-03 1.582e-03 3.440e-03 0.000e+00
1396 -1.686e-03 -2.319e-03 -3.713e-03 0.000e+00
1397 3.866e-04 2.763e-03 1.959e-03 0.000e+00
1398 -5.502e-06 2.094e-03 1.163e-03 0.000e+00
1399 -1.857e-03 -4.411e-03 -1.507e-03 0.000e+00
1400 -4.668e-03 3.244e-03 -5.396e-03 0.000e+00
1401 6.171e-04 -4.620e-03 -4.383e-03 0.000e+00
1402 -2.327e-03 3.066e-03 1.842e-03 0.000e+00
1403 1.016e-04 -3.973e-03 -2.520e-03 0.000e+00
1404 2.250e-03 -4.086e-03 2.678e-05 0.000e+00
1405 4.475e-03 -3.792e-03 -3.644e-03 0.000e+00
1406 4.010e-05 2.163e-03 3.082e-05 0.000e+00
1407 4.496e-03 1.331e-03 1.842e-03 0.000e+00
1408 6.892e-04 4.283e-04 -3.241e-04 0.000e+00
1409 7.062e-04 -4.626e-03 -2.546e-03 0.000e+00
1410 -2.923e-03 3.761e-03 -1.029e-05 0.000e+00
1411 3.198e-04 1.709e-04 -7.750e-03 0.000e+00
1412 1.180e-03 6.684e-04 3.372e-03 0.000e+00
1413 4.970e-03 2.588e-03 -4.637e-03 0.000e+00
1414 7.549e-03 3.576e-03 4.250e-03 0.000e+00
1415 -1.082e-03 -1.856e-03 7.436e-04 0.000e+00
1416 2.446e-03 2.325e-03 2.078e-03 0.000e+00
1417 8.446e-04 -3.438e-04 1.541e-03 0.000e+00
1418 2.725e-03 -3.032e-03 -1.997e-03 0.000e+00
1419 3.000e-04 -6.566e-04 7.100e-04 0.000e+00
1420 -7.934e-04 -2.341e-03 -3.077e-03 0.000e+00
1421 2.804e-03 5.279e-03 -3.257e-03 -9.303e+01
1422 -1.151e-04 4.645e-03 2.666e-03 0.000e+00
1423 -4.389e-03 8.801e-05 -2.870e-03 0.000e+00
1424 -3.619e-03 -2.470e-04 -2.825e-03 0.000e+00
1425 8.576e-04 -4.653e-03 -4.167e-04 0.000e+00
1426 -6.494e-04 -3.111e-03 2.601e-03 0.000e+00
1427 -7.209e-04 -4.622e-03 3.927e-03 0.000e+00
1428 -5.442e-03 -1.144e-03 1.992e-05 0.000e+00
1429 -1.418e-03 6.964e-04 1.780e-03 0.000e+00
1430 -9.774e-04 -4.464e-03 2.611e-03 0.000e+00
1431 1.727e-03 -3.484e-03 2.068e-03 0.000e+00
1432 7.685e-04 1.055e-03 -8.269e-04 0.000e+00
1433 -8.498e-04 -4.707e-03 -5.708e-04 0.000e+00
1434 -3.943e-03 -4.396e-03 -3.074e-03 0.000e+00
1435 2.301e-03 3.401e-03 -2.604e-03 0.000e+00
1436 -3.273e-03 -2.477e-05 2.073e-03 0.000e+00
1437 -5.876e-03 -4.538e-03 -5.253e-03 0.000e+00
1438 5.674e-04 4.790e-03 -2.374e-04 -1.548e+01
1439 -4.030e-03 9.112e-04 2.486e-03 0.000e+00
1440 -3.796e-04 -2.459e-03 4.234e-04 0.000e+00
1441 -8.365e-04 1.508e-03 -2.104e-03 0.000e+00
1442 -5.820e-03 -3.365e-03 -7.006e-05 0.000e+00
1443 -6.955e-04 2.646e-04 5.078e-04 0.000e+00
1444 -1.208e-03 2.773e-04 1.697e-03 0.000e+00
1445 1.591e-03 3.573e-03 5.223e-04 0.000e+00
1446 -1.971e-04 -4.099e-03 1.279e-03 0.000e+00
1447 -3.603e-03 -2.911e-03 4.996e-03 0.000e+00
1448 -3.368e-03 -2.665e-03 1.953e-03 0.000e+00
1449 2.957e-03 2.272e-03 -1.837e-03 0.000e+00
1450 4.218e-03 2.438e-03 2.377e-03 0.000e+00
1451 -1.571e-03 1.485e-03 -1.231e-03 0.000e+00
1452 1.951e-03 -1.214e-04 6.202e-04 0.000e+00
1453 2.845e-03 3.130e-03 -1.181e-03 0.000e+00
1454 -4.465e-03 1.600e-03 -1.208e-03 0.000e+00
1455 2.481e-03 -4.125e-03 -1.640e-03 0.000e+00
1456 3.368e-03 -1.293e-04 -1.618e-03 0.000e+00
1457 2.940e-03 -7.484e-04 6.938e-04 0.000e+00
1458 -3.833e-03 1.560e-03 6.472e-03 0.000e+00
1459 -3.316e-03 3.099e-03 -3.420e-03 0.000e+00
1460 9.436e-05 -3.980e-03 -1.464e-06 0.000e+00
1461 -2.335e-03 -3.316e-03 -1.017e-03 0.000e+00
1462 4.743e-05 4.208e-03 -2.612e-03 0.000e+00
1463 3.721e-03 -4.408e-03 6.452e-04 0.000e+00
1464 3.079e-04 5.041e-03 4.169e-04 -6.029e+01
1465 1.077e-03 -4.209e-03 -5.196e-03 0.000e+00
1466 3.259e-03 -4.292e-03 -2.472e-03 0.000e+00
1467 1.999e-03 -3.612e-03 9.059e-04 0.000e+00
1468 8.949e-05 2.554e-04 1.068e-03 0.000e+00
1469 8.996e-04 1.819e-04 -9.517e-04 0.000e+00
1470 2.920e-03 5.688e-04 -3.551e-03 0.000e+00
1471 -2.418e-03 1.253e-04 -6.935e-03 0.000e+00
1472 -2.203e-03 -3.342e-03 -5.726e-03 0.000e+00
1473 -4.351e-06 -4.072e-03 1.548e-04 0.000e+00
1474 1.889e-03 2.770e-03 -6.437e-04 0.000e+00
1475 -1.427e-04 2.050e-05 8.754e-04 0.000e+00
1476 1.480e-03 -3.552e-03 -3.454e-03 0.000e+00
1477 3.081e-03 -2.250e-04 -4.038e-04 0.000e+00
1478 -2.873e-03 2.823e-03 2.873e-03 0.000e+00
1479 -2.478e-04 5.844e-04 2.247e-06 0.000e+00
1480 -1.108e-03 -3.373e-03 5.187e-03 0.000e+00
1481 1.429e-03 2.724e-03 -5.291e-03 0.000e+00
1482 4.024e-03 -6.825e-04 -2.688e-04 0.000e+00
1483 7.560e-04 -3.130e-04 7.732e-03 0.000e+00
1484 -3.337e-03 6.041e-04 -1.915e-03 0.000e+00
1485 2.157e-03 -4.360e-03 -1.241e-03 0.000e+00
1486 3.653e-03 -3.914e-03 6.026e-03 0.000e+00
1487 -5.511e-04 -3.441e-03 -7.296e-04 0.000e+00
1488 2.784e-03 4.029e-03 -2.424e-03 0.000e+00
1489 1.061e-03 1.242e-03 -2.688e-03 0.000e+00
1490 -3.609e-03 -4.070e-03 2.774e-03 0.000e+00
1491 -3.232e-03 2.481e-03 -3.278e-03 0.000e+00
1492 -1.404e-03 2.842e-04 -1.460e-03 0.000e+00
1493 1.201e-03 7.476e-04 -2.315e-03 0.000e+00
1494 -2.595e-03 -1.746e-04 -1.769e-03 0.000e+00
1495 1.099e-03 5.358e-03 3.477e-03 6.959e+01
1496 3.913e-03 -3.893e-03 2.761e-03 0.000e+00
1497 -3.455e-03 -2.769e-04 7.652e-04 0.000e+00
1498 2.428e-03 -4.407e-04 -5.156e-04 0.000e+00
1499 -3.576e-03 -4.210e-03 2.143e-03 0.000e+00
1500 -5.198e-03 -4.505e-03 1.114e-03 0.000e+00
1501 -2.655e-03 4.379e-03 4.291e-03 0.000e+00
1502 -3.906e-03 2.059e-03 -3.024e-03 0.000e+00
1503 -2.508e-03 1.451e-03 2.475e-03 0.000e+00
1504 4.029e-03 -2.367e-03 1.611e-03 0.000e+00
1505 4.745e-04 3.944e-03 -9.057e-04 0.000e+00
1506 -2.496e-03 -2.994e-03 1.401e-03 0.000e+00
1507 2.885e-03 2.843e-04 -3.508e-03 0.000e+00
1508 4.532e-04 1.635e-03 -3.012e-03 0.000e+00
1509 1.939e-03 1.341e-03 7.501e-04 0.000e+00
1510 -3.698e-04 3.292e-03 3.854e-03 0.000e+00
1511 2.447e-03 5.218e-03 -3.247e-03 -9.276e+01
1512 -4.005e-03 -3.567e-03 -5.977e-04 0.000e+00
1513 3.324e-03 -3.837e-03 3.335e-03 0.000e+00
1514 1.312e-03 4.021e-03 1.763e-03 0.000e+00
1515 8.830e-04 3.209e-04 -3.510e-03 0.000e+00
1516 -1.249e-03 -4.168e-03 7.918e-05 0.000e+00
1517 -2.159e-03 -4.018e-03 -9.590e-05 0.000e+00
1518 -4.232e-03 -3.221e-04 3.074e-03 0.000e+00
1519 -2.018e-03 3.317e-03 -2.672e-03 0.000e+00
1520 2.888e-03 4.928e-04 -1.493e-03 0.000e+00
1521 -6.988e-04 -2.855e-04 -1.616e-04 0.000e+00
1522 3.004e-04 -4.873e-04 5.004e-03 0.000e+00
1523 4.032e-03 -4.609e-03 -3.838e-03 0.000e+00
1524 1.736e-03 -3.224e-03 2.923e-03 0.000e+00
1525 3.575e-03 -3.105e-04 -2.100e-03 0.000e+00
1526 3.443e-03 -9.159e-04 -3.583e-03 0.000e+00
1527 4.161e-03 2.961e-03 -1.615e-03 0.000e+00
1528 3.711e-03 -2.426e-03 -9.310e-04 0.000e+00
1529 2.428e-04 8.239e-04 6.544e-03 0.000e+00
1530 -9.091e-04 5.109e-04 -2.873e-03 0.000e+00
1531 2.707e-03 1.557e-04 -3.726e-03 0.000e+00
1532 -5.370e-04 -3.681e-03 -5.967e-03 0.000e+00
1533 -9.832e-04 -3.587e-03 -2.984e-03 0.000e+00
1534 -1.907e-03 -4.577e-03 -1.068e-03 0.000e+00
1535 -3.306e-03 -4.104e-03 3.346e-04 0.000e+00
1536 -3.247e-03 1.330e-03 1.502e-03 0.000e+00
1537 2.250e-03 -1.972e-03 1.611e-03 0.000e+00
1538 -7.372e-04 1.175e-03 5.602e-04 0.000e+00
1539 -1.651e-03 6.807e-04 1.918e-03 0.000e+00
1540 1.746e-03 -1.775e-04 7.329e-03 0.000e+00
1541 -1.234e-03 3.375e-03 -1.349e-03 0.000e+00
1542 -8.369e-04 2.253e-03 4.119e-03 0.000e+00
1543 -5.519e-04 9.634e-04 4.100e-03 0.000e+00
1544 -1.028e-03 -1.061e-03 2.783e-03 0.000e+00
1545 1.960e-03 -4.321e-03 -5.641e-03 0.000e+00
1546 5.706e-04 -4.192e-03 7.492e-03 0.000e+00
1547 -8.729e-05 1.257e-03 -7.088e-03 0.000e+00
1548 -1.553e-03 -3.804e-03 4.183e-04 0.000e+00
1549 3.663e-04 -4.197e-03 -3.616e-03 0.000e+00
1550 -2.255e-03 -2.604e-03 3.337e-03 0.000e+00
1551 -1.333e-03 1.837e-03 1.201e-04 0.000e+00
1552 -5.284e-03 -2.836e-03 2.085e-03 0.000e+00
1553 1.703e-03 -6.048e-07 -7.761e-04 0.000e+00
1554 1.531e-03 -2.762e-03 7.136e-04 0.000e+00
1555 1.885e-03 -4.026e-03 7.587e-04 0.000e+00
1556 3.125e-04 -4.114e-03 -1.766e-03 0.000e+00
1557 -1.050e-03 -4.472e-03 -7.263e-04 0.000e+00
1558 -5.973e-03 4.169e-03 7.457e-04 0.000e+00
1559 3.663e-03 -3.992e-03 1.089e-03 0.000e+00
1560 2.702e-03 3.861e-03 -3.324e-03 0.000e+00
1561 6.094e-03 -4.370e-03 1.883e-03 0.000e+00
1562 -2.053e-03 -4.694e-03 5.037e-03 0.000e+00
1563 2.376e-03 -2.890e-03 -1.448e-03 0.000e+00
1564 -3.551e-03 3.169e-03 2.036e-03 0.000e+00
1565 5.639e-04 4.290e-03 3.210e-03 0.000e+00
1566 -3.446e-03 -3.821e-03 -3.221e-03 0.000e+00
1567 1.579e-04 -3.351e-04 2.146e-03 0.000e+00
1568 1.867e-03 -4.737e-03 1.509e-04 0.000e+00
1569 1.530e-03 1.666e-03 -1.498e-04 0.000e+00
1570 -2.065e-03 3.806e-03 1.802e-03 0.000e+00
1571 2.138e-03 -3.055e-03 -4.188e-04 0.000e+00
1572 -1.461e-03 -4.396e-03 -3.423e-03 0.000e+00
1573 -6.222e-03 2.470e-03 -3.415e-03 0.000e+00
1574 4.744e-03 1.935e-04 -2.032e-03 0.000e+00
1575 -2.784e-03 -3.891e-03 -1.483e-03 0.000e+00
1576 2.213e-03 1.963e-03 -4.057e-03 0.000e+00
1577 3.319e-04 -4.244e-03 -5.437e-03 0.000e+00
1578 3.498e-03 -3.277e-03 -1.128e-03 0.000e+00
1579 -3.196e-03 3.234e-03 -6.034e-03 0.000e+00
1580 3.219e-03 -4.401e-03 6.078e-04 0.000e+00
1581 -2.174e-03 -3.769e-03 1.977e-03 0.000e+00
1582 -3.672e-03 4.642e-03 -2.263e-03 0.000e+00
1583 6.798e-03 -4.446e-03 2.872e-03 0.000e+00
1584 -1.402e-03 -3.422e-03 3.264e-05 0.000e+00
1585 -1.625e-03 3.583e-03 -2.026e-04 0.000e+00
1586 1.622e-03 5.442e-04 -2.938e-03 0.000e+00
1587 2.417e-05 -7.968e-04 -6.020e-03 0.000e+00
1588 3.871e-04 -4.458e-03 -6.348e-04 0.000e+00
1589 2.015e-03 7.269e-03 -2.553e-03 -6.228e+01
1590 3.420e-03 9.482e-04 -1.705e-03 0.000e+00
1591 -1.192e-03 8.407e-03 -3.583e-03 -6.460e+01
1592 -3.024e-03 -1.275e-04 3.700e-03 0.000e+00
1593 2.382e-03 -4.438e-03 -2.971e-03 0.000e+00
1594 1.083e-03 1.442e-03 -5.438e-04 0.000e+00
1595 3.969e-04 -4.558e-03 -2.316e-03 0.000e+00
1596 1.766e-03 -4.663e-03 -8.441e-04 0.000e+00
1597 6.762e-04 5.008e-05 -4.606e-03 0.000e+00
1598 -6.634e-04 -3.593e-03 1.808e-03 0.000e+00
1599 -1.745e-03 4.352e-03 -6.867e-03 0.000e+00
1600 5.213e-03 -1.740e-04 -2.756e-03 0.000e+00
1601 1.893e-03 -4.439e-03 2.865e-03 0.000e+00
1602 3.584e-03 2.611e-03 -1.762e-03 0.000e+00
1603 -6.911e-04 -6.946e-04 2.351e-03 0.000e+00
1604 -6.167e-04 -3.972e-03 2.909e-03 0.000e+00
1605 1.576e-03 -2.304e-03 -9.042e-04 0.000e+00
1606 2.482e-03 2.430e-04 -1.514e-03 0.000e+00
1607 4.432e-03 4.422e-04 2.689e-03 0.000e+00
1608 -3.009e-03 8.173e-04 5.227e-03 0.000e+00
1609 -5.077e-04 -3.502e-03 -3.329e-03 0.000e+00
1610 2.891e-03 1.330e-04 6.184e-03 0.000e+00
1611 -1.172e-03 -1.606e-03 2.106e-03 0.000e+00
1612 -3.558e-03 -4.194e-03 -1.320e-03 0.000e+00
1613 -8.079e-04 -1.712e-04 4.603e-03 0.000e+00
1614 -5.366e-04 2.154e-04 2.297e-03 0.000e+00
1615 5.103e-03 1.977e-03 2.271e-04 0.000e+00
1616 4.878e-03 2.664e-03 1.670e-04 0.000e+00
1617 -4.186e-03 4.145e-03 4.815e-03 0.000e+00
1618 5.218e-03 1.517e-03 8.368e-04 0.000e+00
1619 1.623e-03 -3.428e-03 -1.786e-03 0.000e+00
1620 -4.015e-03 -3.652e-03 2.747e-03 0.000e+00
1621 1.694e-04 -4.316e-03 3.164e-03 0.000e+00
1622 -2.843e-03 2.874e-03 -4.474e-03 0.000e+00
1623 -1.342e-03 5.436e-03 -3.370e-03 3.095e+01
1624 2.452e-03 -4.244e-03 -3.185e-03 0.000e+00
1625 3.003e-03 -2.641e-03 -9.284e-04 0.000e+00
1626 -3.203e-03 1.031e-03 1.152e-03 0.000e+00
1627 -7.175e-03 4.745e-03 3.904e-03 -4.109e+00
1628 -7.959e-03 -2.410e-03 3.492e-03 0.000e+00
1629 -1.854e-03 1.890e-03 -6.451e-04 0.000e+00
1630 2.178e-03 -1.452e-03 2.189e-03 0.000e+00
1631 -1.309e-03 9.239e-04 8.993e-04 0.000e+00
1632 -2.251e-03 1.120e-03 -4.990e-04 0.000e+00
1633 -2.311e-03 9.231e-04 2.267e-03 0.000e+00
1634 -1.546e-03 -3.900e-03 -3.355e-03 0.000e+00
1635 5.065e-04 3.702e-03 -6.299e-03 0.000e+00
1636 -1.513e-03 -3.906e-03 1.063e-03 0.000e+00
1637 2.925e-03 2.022e-03 -3.338e-03 0.000e+00
1638 3.571e-03 -4.142e-03 -4.935e-03 0.000e+00
1639 -5.716e-04 -3.995e-03 2.530e-03 0.000e+00
1640 -1.354e-03 -4.728e-03 4.301e-03 0.000e+00
1641 -3.227e-03 1.427e-04 -4.013e-04 0.000e+00
1642 6.110e-03 2.164e-05 1.817e-03 0.000e+00
1643 2.847e-03 2.493e-03 3.322e-05 0.000e+00
1644 1.492e-03 -4.416e-03 -5.044e-03 0.000e+00
1645 5.897e-03 -3.789e-04 -5.859e-03 0.000e+00
1646 2.081e-03 1.156e-03 3.294e-03 0.000e+00
1647 1.312e-03 -4.027e-03 -2.047e-03 0.000e+00
1648 4.387e-04 -4.235e-03 3.282e-03 0.000e+00
1649 -2.305e-04 6.295e-03 1.796e-03 -1.018e+01
1650 8.046e-04 2.013e-03 -4.574e-03 0.000e+00
1651 2.389e-03 1.839e-03 6.683e-03 0.000e+00
1652 -1.454e-03 1.398e-03 -5.637e-04 0.000e+00
1653 -1.322e-03 5.263e-04 1.261e-03 0.000e+00
1654 2.756e-03 -2.834e-03 -1.999e-04 0.000e+00
1655 -9.307e-05 -3.425e-03 2.647e-03 0.000e+00
1656 4.974e-03 2.705e-03 -1.580e-03 0.000e+00
1657 -6.175e-04 2.911e-03 1.166e-03 0.000e+00
1658 5.675e-03 6.639e-03 3.657e-03 -8.416e+01
1659 1.776e-03 2.640e-03 -3.722e-04 0.000e+00
1660 3.722e-03 2.946e-03 2.308e-03 0.000e+00
1661 4.909e-03 3.231e-03 4.565e-03 0.000e+00
1662 1.940e-05 -4.548e-03 4.798e-05 0.000e+00
1663 2.703e-03 -6.626e-04 -1.935e-03 0.000e+00
1664 1.693e-03 -4.548e-03 -4.256e-03 0.000e+00
1665 -1.307e-03 2.224e-03 5.105e-03 0.000e+00
1666 -1.495e-03 4.971e-03 -4.568e-03 -4.865e+01
1667 1.998e-03 -6.694e-04 -2.827e-03 0.000e+00
1668 -1.453e-03 -3.643e-04 -1.691e-03 0.000e+00
1669 -2.725e-03 -4.720e-03 -1.328e-04 0.000e+00
1670 3.100e-03 -4.452e-03 1.047e-03 0.000e+00
1671 -6.349e-04 -3.422e-03 1.410e-03 0.000e+00
1672 -2.381e-03 3.480e-03 5.451e-03 0.000e+00
1673 -4.237e-03 5.112e-03 2.540e-03 -4.257e+01
1674 -1.611e-03 -3.936e-03 -2.196e-03 0.000e+00
1675 -8.576e-04 -2.146e-03 -2.183e-03 0.000e+00
1676 6.083e-03 -3.562e-03 1.520e-03 0.000e+00
1677 1.454e-03 -4.546e-03 3.217e-03 0.000e+00
1678 1.289e-03 1.583e-03 1.777e-03 0.000e+00
1679 -2.417e-03 5.432e-03 9.264e-05 -6.463e+01
1680 -2.008e-03 -3.163e-03 -1.208e-04 0.000e+00
1681 5.273e-03 1.035e-03 2.302e-03 0.000e+00
1682 -1.774e-03 3.140e-03 2.146e-03 0.000e+00
1683 3.921e-03 -4.611e-03 -4.547e-04 0.000e+00
1684 1.250e-03 -1.881e-03 5.831e-03 0.000e+00
1685 -1.220e-03 -2.572e-03 3.299e-03 0.000e+00
1686 -1.079e-03 -3.916e-03 3.528e-03 0.000e+00
1687 -1.581e-03 -4.644e-03 -2.243e-04 0.000e+00
1688 -1.428e-04 -3.194e-03 -1.613e-03 0.000e+00
1689 1.785e-03 5.377e-03 -5.946e-05 -2.768e+01
1690 -4.846e-03 -4.653e-03 1.368e-03 0.000e+00
1691 -2.879e-03 -2.851e-03 1.973e-04 0.000e+00
1692 2.458e-03 -3.676e-03 1.391e-03 0.000e+00
1693 -3.497e-04 -4.292e-03 1.991e-03 0.000e+00
1694 -1.246e-04 -9.196e-04 -3.836e-03 0.000e+00
1695 1.348e-03 2.762e-03 2.290e-03 0.000e+00
1696 5.386e-05 -3.552e-03 1.274e-03 0.000e+00
1697 1.752e-03 1.438e-03 -3.952e-03 0.000e+00
1698 5.369e-03 1.250e-03 1.267e-03 0.000e+00
1699 2.417e-03 2.817e-03 -1.839e-03 0.000e+00
1700 2.683e-03 2.217e-03 5.396e-04 0.000e+00
1701 -1.721e-03 -4.503e-04 -9.357e-04 0.000e+00
1702 4.169e-03 2.122e-03 -2.645e-03 0.000e+00
1703 -8.403e-03 2.416e-03 8.761e-04 0.000e+00
1704 -3.827e-04 -3.806e-03 5.430e-04 0.000e+00
1705 1.652e-04 -3.120e-03 -2.486e-03 0.000e+00
1706 2.586e-03 -3.850e-03 -3.599e-04 0.000e+00
1707 5.379e-03 2.127e-03 -2.004e-03 0.000e+00
1708 1.741e-03 9.541e-04 4.310e-03 0.000e+00
1709 -3.489e-04 -4.218e-03 1.931e-03 0.000e+00
1710 -1.298e-03 1.649e-03 -6.758e-03 0.000e+00
1711 -3.330e-03 -3.338e-03 -5.767e-03 0.000e+00
1712 2.811e-03 -4.120e-03 -1.039e-03 0.000e+00
1713 9.186e-04 4.780e-03 2.312e-03 -8.325e+01
1714 -2.929e-05 7.568e-04 -3.783e-04 0.000e+00
1715 -1.796e-03 6.700e-05 -9.633e-04 0.000e+00
1716 -4.023e-03 2.453e-04 2.709e-03 0.000e+00
1717 9.181e-04 -4.501e-03 -4.784e-03 0.000e+00
1718 -4.035e-04 -1.213e-03 2.574e-03 0.000e+00
1719 -1.461e-03 -3.906e-03 -7.346e-03 0.000e+00
1720 1.196e-04 4.400e-05 -1.320e-03 0.000e+00
1721 1.546e-03 3.936e-03 1.748e-03 0.000e+00
1722 -9.482e-04 -3.491e-03 -1.314e-03 0.000e+00
1723 -6.221e-05 4.694e-03 -4.529e-03 0.000e+00
1724 -7.685e-04 -3.757e-03 -2.781e-03 0.000e+00
1725 -7.795e-04 -3.977e-03 4.141e-03 0.000e+00
1726 -4.496e-03 2.070e-03 -3.696e-04 0.000e+00
1727 -1.487e-03 -4.417e-03 1.033e-03 0.000e+00
1728 8.402e-05 -2.399e-03 -9.337e-04 0.000e+00
1729 4.835e-04 -3.882e-03 -1.610e-03 0.000e+00
1730 -1.996e-03 1.970e-03 7.295e-04 0.000e+00
1731 -5.436e-04 -4.412e-03 2.051e-03 0.000e+00
1732 2.268e-03 2.839e-03 2.132e-03 0.000e+00
1733 2.849e-03 3.265e-03 -4.114e-03 0.000e+00
1734 2.239e-03 -2.610e-03 2.864e-03 0.000e+00
1735 -1.349e-03 4.657e-03 8.287e-04 0.000e+00
1736 -3.373e-03 -2.902e-03 -5.859e-03 0.000e+00
1737 -2.215e-03 -4.505e-03 -3.742e-03 0.000e+00
1738 -1.774e-05 -3.197e-03 -4.960e-03 0.000e+00
1739 3.571e-03 -3.095e-03 -1.300e-04 0.000e+00
1740 1.983e-03 -2.568e-03 -4.210e-03 0.000e+00
1741 6.124e-04 -5.638e-04 1.343e-03 0.000e+00
1742 2.561e-03 6.480e-05 -2.663e-03 0.000e+00
1743 -4.727e-03 -3.659e-03 4.400e-03 0.000e+00
1744 3.927e-03 -3.595e-03 2.752e-03 0.000e+00
1745 1.464e-03 4.248e-03 5.145e-03 0.000e+00
1746 -6.684e-03 -1.320e-03 2.857e-03 0.000e+00
1747 -1.397e-03 -4.605e-03 4.072e-03 0.000e+00
1748 5.146e-04 2.254e-03 1.466e-03 0.000e+00
1749 1.544e-03 -4.576e-03 -2.461e-03 0.000e+00
1750 4.029e-03 -3.875e-03 -7.720e-04 0.000e+00
1751 2.992e-03 9.498e-04 3.729e-03 0.000e+00
1752 -3.467e-03 -3.574e-03 7.418e-04 0.000e+00
1753 -2.135e-03 -6.768e-04 -2.210e-03 0.000e+00
1754 1.996e-03 1.955e-03 -5.700e-03 0.000e+00
1755 -1.271e-03 6.933e-03 -9.536e-04 -8.034e+01
1756 3.280e-03 -9.358e-04 7.905e-04 0.000e+00
1757 1.922e-03 -3.922e-03 3.783e-03 0.000e+00
1758 2.410e-03 1.516e-03 -4.545e-04 0.000e+00
1759 -4.222e-04 3.110e-03 -3.311e-03 0.000e+00
1760 1.141e-03 1.489e-03 -2.179e-03 0.000e+00
1761 -1.573e-03 -4.713e-03 -9.300e-04 0.000e+00
1762 -9.646e-04 2.150e-03 1.797e-03 0.000e+00
1763 -7.508e-04 -2.870e-03 4.251e-03 0.000e+00
1764 1.178e-04 -2.545e-03 1.665e-03 0.000e+00
1765 -8.320e-04 3.187e-03 2.707e-04 0.000e+00
1766 2.118e-05 -4.731e-03 3.140e-03 0.000e+00
1767 3.366e-03 4.335e-03 7.061e-04 0.000e+00
1768 -3.554e-03 2.587e-03 -2.195e-03 0.000e+00
1769 -5.097e-03 2.927e-03 1.608e-03 0.000e+00
1770 1.490e-03 4.251e-03 2.445e-03 0.000e+00
1771 2.329e-03 1.339e-03 4.110e-03 0.000e+00
1772 3.254e-03 -3.505e-03 -2.387e-03 0.000e+00
1773 9.075e-05 -4.654e-03 -1.009e-03 0.000e+00
1774 -5.003e-04 2.915e-03 7.151e-03 0.000e+00
1775 4.430e-04 2.569e-03 -2.387e-03 0.000e+00
1776 -4.233e-03 3.623e-03 4.931e-04 0.000e+00
1777 -2.534e-03 4.034e-03 -3.121e-03 0.000e+00
1778 -2.198e-03 1.995e-03 2.628e-03 0.000e+00
1779 -4.872e-03 7.809e-03 -9.860e-04 -6.318e+01
1780 -4.034e-03 -3.822e-03 4.125e-03 0.000e+00
1781 -2.127e-03 -7.975e-04 3.757e-03 0.000e+00
1782 8.921e-04 2.975e-03 2.275e-03 0.000e+00
1783 3.092e-03 2.426e-03 -2.578e-05 0.000e+00
1784 -2.601e-03 -4.335e-03 2.084e-03 0.000e+00
1785 2.913e-03 1.279e-03 4.522e-03 0.000e+00
1786 8.707e-04 2.047e-03 -1.853e-03 0.000e+00
1787 2.915e-04 -2.990e-03 2.430e-03 0.000e+00
1788 -3.783e-03 -2.801e-04 -2.653e-03 0.000e+00
1789 -6.365e-03 -4.700e-03 2.678e-03 0.000e+00
1790 -3.115e-03 -7.733e-04 -7.064e-04 0.000e+00
1791 1.294e-03 -4.317e-03 -2.075e-03 0.000e+00
1792 -1.392e-03 3.457e-03 -2.844e-03 0.000e+00
1793 4.810e-03 -3.747e-03 2.469e-03 0.000e+00
1794 -4.214e-04 9.634e-04 -2.798e-03 0.000e+00
1795 -2.126e-03 8.876e-04 -2.067e-03 0.000e+00
1796 -3.640e-03 1.238e-03 1.621e-03 0.000e+00
1797 3.505e-03 1.560e-03 -8.528e-04 0.000e+00
1798 9.263e-04 -4.362e-03 6.243e-04 0.000e+00
1799 -6.722e-03 7.658e-04 -4.303e-03 0.000e+00
1800 9.713e-04 3.743e-03 1.370e-03 0.000e+00
1801 8.310e-04 -3.908e-03 7.747e-03 0.000e+00
1802 3.699e-03 4.241e-03 4.562e-05 0.000e+00
1803 -1.510e-03 -3.860e-03 1.108e-03 0.000e+00
1804 -3.327e-04 -4.174e-03 5.410e-04 0.000e+00
1805 -2.502e-03 4.955e-03 -3.703e-04 -4.272e+01
1806 9.783e-04 4.135e-03 4.363e-03 0.000e+00
1807 1.479e-03 2.687e-03 3.189e-03 0.000e+00
1808 1.659e-03 -3.215e-03 -2.217e-03 0.000e+00
1809 2.128e-03 4.767e-03 5.941e-03 5.348e+01
1810 -7.307e-04 4.358e-03 -2.803e-03 0.000e+00
1811 -3.542e-03 -7.991e-04 5.228e-03 0.000e+00
1812 -4.608e-04 -2.965e-03 -4.411e-03 0.000e+00
1813 -3.190e-04 3.833e-03 -3.517e-03 0.000e+00
1814 -1.823e-03 -4.409e-03 7.046e-04 0.000e+00
1815 2.788e-03 -3.171e-03 -1.246e-03 0.000e+00
1816 7.125e-03 -2.871e-03 1.210e-03 0.000e+00
1817 -4.380e-03 3.943e-03 -4.163e-03 0.000e+00
1818 7.729e-03 -2.938e-03 2.342e-03 0.000e+00
1819 -1.546e-03 -3.177e-03 -2.454e-03 0.000e+00
1820 -2.705e-03 -9.343e-05 -2.203e-03 0.000e+00
1821 -2.945e-03 -4.528e-03 -1.686e-03 0.000e+00
1822 -3.880e-04 5.285e-03 -5.063e-03 -7.646e+01
1823 4.536e-03 2.085e-04 -4.374e-03 0.000e+00
1824 3.560e-03 -3.921e-03 1.454e-03 0.000e+00
1825 -4.285e-03 -4.222e-04 1.732e-05 0.000e+00
1826 -3.951e-03 2.691e-03 1.872e-03 0.000e+00
1827 -3.868e-03 -4.105e-03 -2.355e-04 0.000e+00
1828 -2.761e-03 2.971e-03 1.800e-03 0.000e+00
1829 -5.066e-03 3.597e-03 1.557e-03 0.000e+00
1830 -1.043e-03 3.270e-04 1.059e-03 0.000e+00
1831 -5.893e-03 -4.191e-03 -8.071e-03 0.000e+00
1832 -3.231e-03 9.058e-04 -4.721e-04 0.000e+00
1833 4.637e-03 -4.219e-03 2.603e-03 0.000e+00
1834 -1.446e-04 -2.855e-03 1.876e-03 0.000e+00
1835 6.031e-03 2.863e-03 -2.471e-03 0.000e+00
1836 -4.869e-04 -4.661e-03 -1.786e-04 0.000e+00
1837 -3.961e-03 -7.585e-04 5.257e-03 0.000e+00
1838 -1.230e-03 -4.379e-03 3.219e-03 0.000e+00
1839 -1.071e-03 -4.622e-04 -2.577e-03 0.000e+00
1840 2.172e-03 5.325e-04 -1.500e-03 0.000e+00
1841 -2.233e-03 -4.665e-03 -6.940e-04 0.000e+00
1842 1.875e-04 5.301e-04 -1.738e-03 0.000e+00
1843 3.553e-03 5.845e-03 -4.386e-03 6.458e+01
1844 4.942e-04 -3.698e-03 -6.673e-03 0.000e+00
1845 6.984e-04 -3.610e-03 4.481e-03 0.000e+00
1846 -6.852e-05 2.065e-03 -5.480e-03 0.000e+00
1847 2.473e-04 -3.530e-03 3.513e-03 0.000e+00
1848 -2.185e-03 -4.494e-03 -3.641e-03 0.000e+00
1849 4.050e-03 -4.104e-03 -4.599e-03 0.000e+00
1850 5.812e-03 2.337e-03 1.047e-03 0.000e+00
1851 -9.435e-04 3.102e-03 4.037e-03 0.000e+00
1852 -1.981e-03 -4.634e-03 -4.602e-03 0.000e+00
1853 -4.334e-04 -4.510e-03 6.493e-03 0.000e+00
1854 3.179e-04 -4.099e-03 -2.717e-03 0.000e+00
1855 1.266e-03 -4.625e-03 -9.147e-04 0.000e+00
1856 3.355e-03 -4.035e-03 -1.601e-03 0.000e+00
1857 8.032e-03 2.649e-03 -1.946e-03 0.000e+00
1858 -3.535e-03 -4.177e-03 5.755e-03 0.000e+00
1859 -1.381e-04 -4.224e-03 -5.823e-03 0.000e+00
1860 -3.086e-03 3.360e-03 1.869e-03 0.000e+00
1861 8.189e-04 -4.575e-03 1.104e-03 0.000e+00
1862 3.803e-03 2.192e-03 -1.105e-03 0.000e+00
1863 -1.563e-04 9.108e-04 -3.358e-03 0.000e+00
1864 -7.275e-04 2.379e-03 -8.739e-04 0.000e+00
1865 1.605e-03 -3.921e-03 -3.608e-03 0.000e+00
1866 6.748e-03 -4.662e-03 3.166e-03 0.000e+00
1867 -5.003e-04 -3.821e-03 -1.462e-03 0.000e+00
1868 1.987e-03 -4.443e-03 6.567e-04 0.000e+00
1869 1.142e-03 -4.192e-03 4.281e-04 0.000e+00
1870 -5.053e-03 1.605e-03 1.046e-03 0.000e+00
1871 1.502e-03 -4.593e-03 1.284e-03 0.000e+00
1872 1.756e-03 1.608e-03 -2.334e-03 0.000e+00
1873 3.364e-03 -6.998e-06 -2.055e-03 0.000e+00
1874 -3.674e-04 2.666e-03 3.642e-03 0.000e+00
1875 4.995e-03 -3.955e-03 5.762e-03 0.000e+00
1876 8.482e-04 5.976e-03 -5.244e-03 -4.896e+01
1877 -1.999e-03 6.787e-03 -4.138e-03 1.806e+01
1878 -4.269e-03 7.485e-04 4.781e-03 0.000e+00
1879 -2.236e-04 2.262e-03 -7.798e-04 0.000e+00
1880 4.766e-03 2.061e-03 2.057e-03 0.000e+00
1881 -3.846e-03 2.586e-03 5.731e-03 0.000e+00
1882 1.999e-03 -3.949e-03 1.199e-03 0.000e+00
1883 -4.579e-03 -1.237e-05 -1.652e-03 0.000e+00
1884 -2.501e-03 -4.716e-03 -5.161e-04 0.000e+00
1885 1.654e-03 -4.536e-03 -4.559e-04 0.000e+00
1886 1.655e-03 2.307e-04 5.246e-03 0.000e+00
1887 2.051e-03 4.485e-04 9.310e-04 0.000e+00
1888 2.183e-03 -4.324e-03 -1.482e-03 0.000e+00
1889 -6.164e-03 4.116e-03 -6.203e-03 0.000e+00
1890 -2.479e-03 2.882e-03 -1.257e-03 0.000e+00
1891 1.523e-03 -3.601e-03 -5.902e-04 0.000e+00
1892 2.043e-03 -3.206e-03 -1.090e-03 0.000e+00
1893 2.669e-03 -2.880e-04 -1.450e-03 0.000e+00
1894 6.676e-04 7.029e-03 2.004e-04 -3.597e+01
1895 1.189e-03 1.765e-04 2.610e-03 0.000e+00
1896 -1.078e-03 6.203e-03 -2.370e-03 -5.395e+01
1897 -8.596e-04 1.237e-03 -1.764e-04 0.000e+00
1898 -6.656e-04 -3.452e-03 -1.543e-03 0.000e+00
1899 -5.618e-03 2.548e-03 1.004e-03 0.000e+00
1900 5.244e-04 1.289e-03 1.431e-03 0.000e+00
1901 1.482e-03 7.374e-03 3.964e-03 -4.500e+01
1902 5.493e-04 -4.484e-03 -1.253e-03 0.000e+00
1903 -2.047e-03 -4.199e-03 2.361e-03 0.000e+00
1904 -2.388e-03 1.235e-03 6.511e-04 0.000e+00
1905 -3.022e-04 1.917e-03 -3.062e-03 0.000e+00
1906 3.307e-03 2.690e-04 -1.108e-04 0.000e+00
1907 -2.413e-03 -4.285e-03 4.136e-03 0.000e+00
1908 2.120e-03 2.400e-03 -2.605e-03 0.000e+00
1909 1.638e-03 3.210e-03 3.017e-03 0.000e+00
1910 2.778e-03 4.019e-04 -1.014e-03 0.000e+00
1911 -9.359e-03 -3.506e-03 5.939e-03 0.000e+00
1912 -3.564e-03 -4.078e-03 -1.980e-03 0.000e+00
1913 4.744e-03 -2.804e-03 -7.230e-04 0.000e+00
1914 7.895e-04 -3.956e-03 -5.521e-03 0.000e+00
1915 7.059e-04 -4.527e-04 -9.385e-04 0.000e+00
1916 -6.244e-04 3.945e-05 -8.513e-03 0.000e+00
1917 -8.553e-03 3.204e-03 -3.431e-03 0.000e+00
1918 2.219e-03 5.456e-03 1.116e-03 -3.644e+01
1919 6.016e-03 -4.585e-03 1.657e-03 0.000e+00
1920 1.728e-03 2.526e-03 -7.878e-04 0.000e+00
1921 3.479e-03 -2.894e-03 1.785e-05 0.000e+00
1922 -1.239e-03 9.616e-04 3.547e-03 0.000e+00
1923 4.455e-03 2.837e-03 3.935e-03 0.000e+00
1924 -5.898e-04 4.310e-03 -7.072e-03 0.000e+00
1925 -7.353e-03 -2.101e-03 2.192e-03 0.000e+00
1926 -1.592e-03 -4.667e-03 -5.677e-05 0.000e+00
1927 4.473e-03 -4.653e-03 -1.270e-03 0.000e+00
1928 2.479e-04 3.472e-03 -1.121e-03 0.000e+00
1929 -2.175e-03 -4.714e-03 -2.244e-03 0.000e+00
1930 -7.150e-03 -2.770e-03 1.375e-03 0.000e+00
1931 5.094e-03 -4.195e-03 -1.132e-03 0.000e+00
1932 3.535e-03 2.402e-03 -5.961e-03 0.000e+00
1933 3.984e-03 2.324e-03 7.243e-03 0.000e+00
1934 -1.180e-03 -4.691e-03 3.922e-04 0.000e+00
1935 -3.754e-03 -3.509e-03 -6.119e-03 0.000e+00
1936 1.397e-03 -4.397e-03 -6.671e-03 0.000e+00
1937 2.304e-03 2.821e-03 -1.508e-03 0.000e+00
1938 3.178e-04 3.620e-03 -2.476e-03 0.000e+00
1939 -4.048e-03 1.944e-03 3.149e-03 0.000e+00
1940 1.211e-03 9.319e-04 -8.797e-04 0.000e+00
1941 -1.857e-03 2.273e-03 3.197e-03 0.000e+00
1942 2.313e-03 3.684e-03 -4.588e-04 0.000e+00
1943 -2.938e-04 -4.171e-03 1.603e-04 0.000e+00
1944 2.067e-03 -4.169e-03 1.955e-03 0.000e+00
1945 1.262e-04 4.270e-03 -2.577e-03 0.000e+00
1946 3.208e-03 3.190e-03 -3.029e-03 0.000e+00
1947 -3.971e-03 -2.886e-03 4.158e-04 0.000e+00
1948 -2.851e-03 -3.757e-03 4.651e-03 0.000e+00
1949 -3.482e-03 -3.636e-03 -4.083e-03 0.000e+00
1950 -1.662e-03 -4.045e-03 -1.799e-03 0.000e+00
1951 4.543e-03 2.745e-03 -3.783e-03 0.000e+00
1952 4.813e-03 -8.073e-04 1.804e-03 0.000e+00
1953 8.534e-04 4.564e-03 7.982e-03 0.000e+00
1954 -4.645e-03 3.391e-03 3.375e-03 0.000e+00
1955 2.373e-03 -8.776e-04 3.410e-03 0.000e+00
1956 -2.655e-03 -2.375e-03 -1.249e-03 0.000e+00
1957 9.573e-04 -1.458e-03 1.502e-03 0.000e+00
1958 2.534e-03 4.948e-03 1.524e-03 8.520e+00
1959 -1.169e-03 -1.470e-03 2.514e-03 0.000e+00
1960 -2.851e-03 -4.487e-03 4.113e-04 0.000e+00
1961 -1.009e-03 4.423e-03 -2.122e-03 0.000e+00
1962 2.019e-03 7.188e-04 2.460e-03 0.000e+00
1963 -2.198e-03 -4.376e-03 7.461e-03 0.000e+00
1964 3.426e-03 -4.056e-03 -3.474e-03 0.000e+00
1965 1.213e-03 3.409e-03 1.927e-03 0.000e+00
1966 -1.490e-03 -4.048e-03 -1.531e-03 0.000e+00
1967 4.545e-03 -3.648e-03 3.219e-03 0.000e+00
1968 1.088e-03 -4.146e-03 2.569e-03 0.000e+00
1969 -2.348e-03 6.453e-03 9.506e-04 2.623e+01
1970 2.522e-03 -4.311e-03 1.116e-03 0.000e+00
1971 -7.034e-04 3.188e-03 -3.860e-03 0.000e+00
1972 1.425e-03 7.452e-03 3.316e-04 -1.281e+01
1973 -9.712e-04 5.293e-03 -2.630e-03 -2.677e+01
1974 3.805e-05 6.498e-04 -6.343e-05 0.000e+00
1975 -4.285e-03 1.044e-03 -2.271e-03 0.000e+00
1976 -1.673e-03 3.266e-03 1.023e-03 0.000e+00
1977 -1.629e-03 1.513e-03 6.474e-03 0.000e+00
1978 -4.707e-03 4.255e-03 -7.006e-04 0.000e+00
1979 -2.444e-03 -4.128e-03 -1.214e-03 0.000e+00
1980 -2.249e-03 9.156e-04 -5.053e-03 0.000e+00
1981 -4.579e-03 -4.063e-03 -1.336e-03 0.000e+00
1982 -3.657e-03 5.558e-03 3.590e-03 3.714e+01
1983 -1.825e-03 -4.221e-03 -1.046e-03 0.000e+00
1984 5.457e-03 4.504e-04 9.587e-04 0.000e+00
1985 2.606e-03 3.811e-03 1.185e-03 0.000e+00
1986 -3.631e-03 4.222e-03 2.931e-03 0.000e+00
1987 -3.197e-03 -4.627e-03 4.037e-04 0.000e+00
1988 -5.154e-03 5.576e-04 -9.268e-05 0.000e+00
1989 1.993e-03 5.325e-03 -6.682e-03 -6.310e+01
1990 2.878e-03 -4.711e-03 -5.153e-03 0.000e+00
1991 -2.708e-03 4.411e-03 -2.746e-03 0.000e+00
1992 -3.321e-03 5.283e-03 -1.623e-03 6.708e+01
1993 -2.047e-03 -4.500e-03 -2.691e-03 0.000e+00
1994 3.280e-04 -3.982e-03 -1.643e-03 0.000e+00
1995 1.244e-03 -1.256e-03 -2.672e-03 0.000e+00
1996 1.015e-03 7.787e-04 -2.542e-03 0.000e+00
1997 -4.450e-03 1.100e-03 -1.724e-03 0.000e+00
1998 -7.044e-05 -4.585e-03 -4.013e-04 0.000e+00
1999 -1.584e-04 3.440e-03 4.521e-03 0.000e+00
2000 -2.190e-03 3.108e-03 5.237e-03 0.000e+00
2001 -1.595e-03 5.822e-05 2.939e-03 0.000e+00
2002 -2.336e-03 1.087e-03 4.303e-03 0.000e+00
2003 -4.087e-03 -2.972e-04 4.523e-03 0.000e+00
2004 -8.235e-04 3.189e-03 -4.063e-03 0.000e+00
2005 -3.631e-03 -3.203e-03 -6.469e-04 0.000e+00
2006 -2.346e-03 3.302e-03 5.261e-04 0.000e+00
2007 -5.745e-03 -1.435e-03 -6.643e-04 0.000e+00
2008 -1.977e-03 4.312e-03 3.992e-03 0.000e+00
2009 -4.401e-03 -3.466e-03 -1.534e-03 0.000e+00
2010 -1.330e-03 -2.821e-03 -6.267e-03 0.000e+00
2011 2.327e-03 5.214e-03 7.044e-05 -3.583e+01
2012 -2.829e-03 1.967e-04 5.241e-03 0.000e+00
2013 1.336e-03 3.911e-03 2.430e-03 0.000e+00
2014 -5.086e-03 -4.625e-03 1.569e-03 0.000e+00
2015 -4.278e-03 3.316e-03 -7.636e-03 0.000e+00
2016 3.704e-03 -9.128e-04 -4.013e-03 0.000e+00
2017 4.541e-03 -5.011e-04 -2.348e-03 0.000e+00
2018 -4.959e-03 -3.142e-03 1.280e-03 0.000e+00
2019 -3.562e-03 4.718e-03 -5.049e-04 0.000e+00
2020 -1.611e-03 2.758e-03 5.698e-03 0.000e+00
2021 -1.670e-03 -3.501e-03 3.975e-03 0.000e+00
2022 2.370e-03 1.627e-03 6.641e-03 0.000e+00
2023 4.443e-04 -4.290e-03 2.489e-03 0.000e+00
2024 2.593e-03 -4.063e-03 1.309e-03 0.000e+00
2025 3.687e-03 8.393e-03 -2.043e-03 -1.046e+02
2026 4.951e-03 -4.072e-03 5.272e-03 0.000e+00
2027 1.711e-03 -3.709e-03 -3.128e-03 0.000e+00
2028 -1.088e-03 1.489e-03 1.987e-03 0.000e+00
2029 6.038e-03 -4.736e-03 6.584e-04 0.000e+00
2030 7.036e-03 -6.070e-04 -9.444e-04 0.000e+00
2031 2.529e-03 2.108e-03 4.711e-03 0.000e+00
2032 -1.016e-03 -4.080e-03 4.055e-04 0.000e+00
2033 2.404e-03 -4.738e-03 -3.491e-03 0.000e+00
2034 -3.771e-03 -4.215e-03 -1.744e-03 0.000e+00
2035 -1.486e-03 1.187e-03 3.708e-03 0.000e+00
2036 4.550e-03 2.073e-03 -5.934e-04 0.000e+00
2037 6.393e-03 -5.814e-04 3.788e-03 0.000e+00
2038 2.812e-03 -4.728e-03 -3.136e-05 0.000e+00
2039 2.425e-03 -3.606e-03 1.721e-03 0.000e+00
2040 -1.492e-03 1.062e-03 -1.762e-03 0.000e+00
2041 -9.455e-04 5.266e-03 -2.484e-03 1.501e+01
2042 -1.211e-03 -4.696e-03 -5.950e-04 0.000e+00
2043 3.676e-03 1.490e-03 1.884e-03 0.000e+00
2044 2.045e-03 -2.884e-03 -6.659e-03 0.000e+00
2045 -2.558e-03 -3.294e-03 -6.416e-03 0.000e+00
2046 1.680e-05 3.788e-03 -2.609e-03 0.000e+00
2047 -1.635e-03 -6.640e-04 -3.139e-04 0.000e+00
