Bin I L V PA
0 6.980e-03 -1.019e-02 -9.706e-03 0.000e+00
1 6.035e-03 1.583e-03 9.471e-04 0.000e+00
2 -9.612e-03 -8.626e-03 4.177e-03 0.000e+00
3 3.156e-03 -9.366e-03 -3.978e-03 0.000e+00
4 -9.289e-03 1.057e-03 -2.007e-03 0.000e+00
5 4.079e-04 3.186e-04 -1.910e-03 0.000e+00
6 -3.466e-03 -9.175e-03 1.475e-03 0.000e+00
7 -4.043e-03 1.786e-03 -7.613e-03 0.000e+00
8 6.060e-03 3.362e-03 1.332e-03 0.000e+00
9 -1.731e-02 6.491e-03 3.304e-03 0.000e+00
10 1.331e-02 2.265e-03 -9.794e-03 0.000e+00
11 -8.363e-04 -1.060e-02 1.099e-02 0.000e+00
12 1.056e-03 4.927e-03 2.116e-04 0.000e+00
13 -2.936e-03 1.447e-03 -3.282e-03 0.000e+00
14 -2.876e-04 2.103e-03 9.204e-03 0.000e+00
15 8.797e-03 -1.058e-02 9.789e-03 0.000e+00
16 -6.220e-03 5.920e-03 9.465e-03 0.000e+00
17 -9.648e-03 3.235e-05 -3.250e-03 0.000e+00
18 1.533e-03 -2.432e-03 -1.839e-03 0.000e+00
19 4.623e-03 -7.577e-03 4.136e-03 0.000e+00
20 -2.694e-03 -9.457e-03 1.074e-04 0.000e+00
21 3.608e-03 -6.501e-03 4.808e-03 0.000e+00
22 4.210e-03 7.539e-03 -3.478e-03 0.000e+00
23 3.355e-03 -8.667e-03 7.976e-03 0.000e+00
24 -1.167e-03 -9.623e-03 -4.290e-03 0.000e+00
25 -8.363e-03 9.971e-03 1.655e-03 0.000e+00
26 -6.006e-03 3.901e-03 9.759e-03 0.000e+00
27 -6.876e-03 4.356e-03 5.419e-03 0.000e+00
28 4.870e-03 5.873e-03 -1.195e-02 0.000e+00
29 5.231e-03 -8.793e-03 2.171e-04 0.000e+00
30 -3.462e-04 -8.468e-03 4.690e-03 0.000e+00
31 -9.398e-03 9.930e-03 -2.909e-03 0.000e+00
32 -1.196e-02 1.122e-03 1.636e-02 0.000e+00
33 9.112e-03 1.011e-02 -5.964e-03 0.000e+00
34 4.776e-03 -8.869e-03 -5.507e-03 0.000e+00
35 -4.286e-03 8.504e-03 -6.402e-03 0.000e+00
36 -2.727e-03 8.472e-03 4.410e-03 0.000e+00
37 -5.235e-03 -7.494e-03 -5.277e-03 0.000e+00
38 9.164e-03 2.162e-03 -2.954e-03 0.000e+00
39 2.654e-03 7.190e-03 -1.671e-02 0.000e+00
40 4.550e-03 1.344e-03 2.927e-03 0.000e+00
41 -4.607e-04 1.308e-02 -6.854e-03 -7.052e+01
42 -9.762e-03 6.560e-03 -1.545e-03 0.000e+00
43 -5.724e-03 5.747e-03 6.834e-03 0.000e+00
44 1.364e-03 -9.942e-03 8.642e-04 0.000e+00
45 5.635e-03 -7.843e-03 -9.535e-03 0.000e+00
46 1.228e-03 -7.623e-03 -3.000e-03 0.000e+00
47 -1.534e-03 -9.610e-03 1.399e-02 0.000e+00
48 -4.214e-03 -1.002e-02 4.822e-03 0.000e+00
49 1.542e-03 7.519e-03 6.266e-03 0.000e+00
50 3.158e-03 1.063e-02 -9.188e-03 -7.404e+01
51 7.374e-03 -1.059e-02 -4.159e-03 0.000e+00
52 8.581e-03 5.685e-03 -3.503e-03 0.000e+00
53 -7.277e-03 -1.031e-02 7.399e-03 0.000e+00
54 1.804e-03 4.199e-03 1.334e-02 0.000e+00
55 9.407e-03 6.909e-03 -1.614e-03 0.000e+00
56 8.364e-03 -9.435e-03 -8.680e-03 0.000e+00
57 2.165e-03 4.078e-03 -4.493e-03 0.000e+00
58 6.292e-03 -5.964e-03 -4.447e-03 0.000e+00
59 1.001e-02 4.310e-03 -6.648e-03 0.000e+00
60 -3.131e-04 -1.043e-02 7.061e-04 0.000e+00
61 7.283e-03 2.963e-03 4.606e-03 0.000e+00
62 8.350e-03 5.564e-03 7.052e-03 0.000e+00
63 -1.161e-02 -1.014e-02 -3.281e-03 0.000e+00
64 2.179e-04 1.244e-03 -8.174e-03 0.000e+00
65 -6.501e-03 -9.828e-03 5.060e-03 0.000e+00
66 -1.450e-03 -8.429e-04 5.881e-03 0.000e+00
67 -4.650e-03 -9.395e-03 -2.138e-03 0.000e+00
68 3.711e-03 -8.187e-03 -5.012e-03 0.000e+00
69 -2.243e-04 -9.909e-03 1.374e-02 0.000e+00
70 5.152e-03 -1.684e-03 4.738e-03 0.000e+00
71 -5.325e-03 -9.389e-03 -5.759e-04 0.000e+00
72 3.230e-03 7.082e-04 -1.236e-02 0.000e+00
73 -1.375e-03 1.112e-02 -3.599e-03 5.857e+01
74 5.584e-03 3.346e-03 3.284e-03 0.000e+00
75 -1.758e-03 -9.208e-03 1.055e-02 0.000e+00
76 -8.305e-03 -1.009e-02 -6.603e-03 0.000e+00
77 -2.312e-03 4.922e-03 3.025e-03 0.000e+00
78 5.415e-03 9.068e-04 1.540e-03 0.000e+00
79 1.336e-02 -5.476e-03 -1.433e-04 0.000e+00
80 3.414e-03 2.901e-03 3.092e-03 0.000e+00
81 4.687e-03 -8.394e-03 -8.979e-04 0.000e+00
82 4.344e-03 -9.885e-03 4.657e-03 0.000e+00
83 -1.260e-02 -8.631e-03 6.326e-04 0.000e+00
84 -2.504e-03 -8.175e-03 -3.413e-03 0.000e+00
85 5.545e-03 -4.521e-04 5.144e-03 0.000e+00
86 2.115e-03 7.434e-03 -1.887e-03 0.000e+00
87 -3.497e-03 5.507e-03 -6.155e-04 0.000e+00
88 -4.496e-03 9.422e-03 -1.410e-02 0.000e+00
89 -7.004e-04 -5.423e-04 8.922e-04 0.000e+00
90 7.021e-03 -9.821e-03 -3.048e-03 0.000e+00
91 -4.897e-03 -1.059e-02 4.420e-03 0.000e+00
92 -4.126e-03 -1.050e-02 -4.981e-03 0.000e+00
93 1.443e-03 1.109e-03 5.798e-04 0.000e+00
94 9.247e-04 9.336e-03 -1.145e-02 0.000e+00
95 2.625e-03 1.050e-02 -5.307e-03 -9.498e+01
96 -2.620e-03 4.855e-03 -6.301e-03 0.000e+00
97 -1.285e-03 5.048e-04 1.424e-05 0.000e+00
98 6.797e-03 5.051e-03 1.261e-03 0.000e+00
99 -2.189e-03 6.939e-03 6.710e-03 0.000e+00
100 1.144e-03 -1.069e-02 1.092e-02 0.000e+00
101 1.152e-02 3.768e-03 7.426e-03 0.000e+00
102 9.299e-04 -6.386e-03 7.017e-03 0.000e+00
103 -4.654e-03 -8.698e-03 2.076e-03 0.000e+00
104 8.957e-03 -6.098e-03 4.301e-03 0.000e+00
105 1.195e-02 6.452e-04 1.118e-02 0.000e+00
106 -7.058e-03 -9.465e-03 7.032e-03 0.000e+00
107 -1.140e-02 -1.066e-02 7.055e-03 0.000e+00
108 -6.296e-03 -1.197e-03 1.147e-03 0.000e+00
109 -7.987e-03 -8.824e-03 5.241e-03 0.000e+00
110 -9.272e-03 1.435e-03 -1.049e-02 0.000e+00
111 7.362e-03 3.192e-03 -6.641e-03 0.000e+00
112 3.347e-03 1.207e-03 1.981e-05 0.000e+00
113 -1.197e-02 6.616e-04 -4.444e-04 0.000e+00
114 -4.362e-03 -7.366e-03 -1.540e-02 0.000e+00
115 1.955e-03 -2.245e-03 7.205e-03 0.000e+00
116 2.504e-03 3.980e-03 7.780e-03 0.000e+00
117 -2.436e-03 -9.856e-03 -1.958e-03 0.000e+00
118 -1.847e-03 4.752e-03 -7.500e-03 0.000e+00
119 4.937e-03 6.549e-03 -6.225e-03 0.000e+00
120 -5.063e-03 -8.534e-03 3.726e-03 0.000e+00
121 1.138e-02 -9.172e-03 4.103e-03 0.000e+00
122 -2.479e-03 -6.226e-03 1.908e-03 0.000e+00
123 -3.727e-03 9.798e-03 1.020e-03 0.000e+00
124 -4.475e-03 -6.150e-03 -2.261e-03 0.000e+00
125 6.901e-03 8.673e-03 -9.146e-04 0.000e+00
126 6.499e-03 7.117e-03 -3.006e-03 0.000e+00
127 -6.638e-03 -1.999e-03 9.914e-04 0.000e+00
128 -1.537e-03 -2.117e-03 1.107e-02 0.000e+00
129 8.638e-03 -4.677e-03 3.290e-03 0.000e+00
130 -7.368e-03 3.577e-03 1.345e-02 0.000e+00
131 -2.032e-03 2.622e-03 3.567e-03 0.000e+00
132 -8.906e-04 -8.281e-03 -8.487e-03 0.000e+00
133 4.874e-03 -7.720e-03 1.310e-03 0.000e+00
134 -4.414e-03 -1.039e-02 -3.643e-03 0.000e+00
135 2.051e-03 -9.893e-03 4.239e-03 0.000e+00
136 -4.642e-03 -5.652e-03 -1.538e-04 0.000e+00
137 3.078e-03 4.218e-03 -6.796e-03 0.000e+00
138 -5.611e-03 -5.732e-05 8.259e-03 0.000e+00
139 -8.533e-03 3.798e-03 -3.499e-03 0.000e+00
140 7.697e-03 2.642e-03 -3.406e-04 0.000e+00
141 3.548e-04 -1.004e-02 -3.500e-03 0.000e+00
142 6.289e-03 4.020e-03 -3.245e-03 0.000e+00
143 -6.991e-03 9.709e-03 8.306e-04 0.000e+00
144 4.819e-03 4.796e-03 1.596e-02 0.000e+00
145 -5.304e-04 2.959e-03 -9.019e-03 0.000e+00
146 5.704e-03 3.094e-03 -5.330e-05 0.000e+00
147 1.268e-02 -9.931e-03 1.542e-02 0.000e+00
148 1.381e-03 -7.259e-03 -1.069e-02 0.000e+00
149 -1.928e-03 6.145e-03 -6.855e-03 0.000e+00
150 9.692e-03 1.141e-02 -7.970e-03 -5.986e+01
151 -3.558e-03 2.191e-03 -9.628e-04 0.000e+00
152 5.039e-03 1.086e-02 -6.409e-03 -2.684e+01
153 -5.669e-03 -5.934e-03 9.985e-04 0.000e+00
154 1.425e-03 -7.583e-03 8.299e-03 0.000e+00
155 -4.233e-03 5.915e-03 2.006e-03 0.000e+00
156 7.247e-03 1.244e-02 -2.153e-03 -4.343e+01
157 -8.305e-03 -2.204e-03 9.539e-03 0.000e+00
158 -1.184e-02 -1.024e-02 1.113e-02 0.000e+00
159 8.353e-03 -2.391e-04 -5.196e-03 0.000e+00
160 -3.365e-03 -1.037e-02 -3.116e-03 0.000e+00
161 -1.442e-03 8.081e-04 -8.888e-05 0.000e+00
162 -8.161e-03 2.606e-03 -8.443e-03 0.000e+00
163 -3.582e-03 7.424e-03 8.546e-03 0.000e+00
164 1.258e-02 -1.062e-02 1.231e-02 0.000e+00
165 -4.074e-03 5.378e-03 5.569e-03 0.000e+00
166 2.709e-03 1.782e-03 1.829e-03 0.000e+00
167 -9.034e-03 -1.044e-02 -4.419e-03 0.000e+00
168 -6.699e-03 -1.048e-02 1.768e-03 0.000e+00
169 3.366e-03 1.567e-03 1.851e-03 0.000e+00
170 3.309e-03 -9.604e-03 2.310e-03 0.000e+00
171 9.005e-04 3.787e-03 1.091e-02 0.000e+00
172 6.542e-03 -8.768e-03 1.171e-02 0.000e+00
173 -3.435e-03 4.412e-03 -3.674e-03 0.000e+00
174 1.014e-02 -9.063e-03 3.190e-03 0.000e+00
175 -4.770e-03 -3.148e-03 5.911e-04 0.000e+00
176 -1.913e-03 -1.071e-02 -2.805e-03 0.000e+00
177 1.571e-02 -8.450e-03 1.350e-02 0.000e+00
178 -3.735e-03 4.557e-03 1.512e-02 0.000e+00
179 -1.508e-03 -2.015e-03 3.062e-03 0.000e+00
180 -1.774e-03 2.056e-04 -5.982e-03 0.000e+00
181 -7.131e-03 3.204e-03 9.274e-04 0.000e+00
182 3.718e-03 6.283e-03 -9.264e-03 0.000e+00
183 1.544e-02 -4.038e-04 6.912e-04 0.000e+00
184 6.140e-03 -1.021e-02 3.530e-03 0.000e+00
185 -1.219e-03 -7.023e-03 9.973e-03 0.000e+00
186 -7.923e-03 -1.027e-02 -8.326e-03 0.000e+00
187 -1.500e-03 1.247e-02 -2.553e-03 -1.623e+01
188 -6.712e-04 -1.028e-03 7.165e-04 0.000e+00
189 5.950e-03 -8.838e-03 1.156e-02 0.000e+00
190 -8.298e-03 6.686e-03 4.245e-03 0.000e+00
191 2.443e-03 -7.049e-04 2.461e-03 0.000e+00
192 2.036e-03 -9.109e-03 -5.294e-03 0.000e+00
193 1.222e-03 3.634e-03 7.838e-03 0.000e+00
194 5.785e-03 3.744e-03 9.020e-03 0.000e+00
195 5.761e-03 1.657e-03 4.484e-03 0.000e+00
196 4.639e-04 -8.379e-03 4.067e-03 0.000e+00
197 8.431e-03 3.489e-03 -2.139e-03 0.000e+00
198 -1.808e-03 1.204e-03 -1.352e-02 0.000e+00
199 6.159e-03 -3.111e-03 3.732e-03 0.000e+00
200 -2.973e-03 -9.795e-03 -9.476e-03 0.000e+00
201 2.749e-03 -4.416e-03 6.864e-04 0.000e+00
202 2.421e-03 -9.193e-03 -1.963e-03 0.000e+00
203 -5.136e-03 3.212e-03 -3.541e-03 0.000e+00
204 -2.709e-03 -8.417e-03 -1.043e-03 0.000e+00
205 4.245e-03 -5.269e-03 -4.258e-03 0.000e+00
206 6.323e-03 3.961e-03 -3.526e-03 0.000e+00
207 2.019e-03 8.176e-04 1.743e-03 0.000e+00
208 -4.769e-03 8.543e-03 2.702e-03 0.000e+00
209 1.008e-02 9.956e-03 6.974e-03 0.000e+00
210 5.648e-04 8.785e-03 -2.786e-04 0.000e+00
211 7.896e-03 6.216e-03 -4.241e-03 0.000e+00
212 7.066e-03 -8.377e-03 -2.084e-03 0.000e+00
213 2.830e-03 -7.353e-03 4.208e-03 0.000e+00
214 2.453e-03 -9.799e-03 5.231e-03 0.000e+00
215 2.207e-03 2.707e-04 -7.095e-03 0.000e+00
216 -1.557e-03 2.101e-03 -5.199e-03 0.000e+00
217 6.782e-03 -6.944e-03 -5.225e-03 0.000e+00
218 2.040e-03 1.343e-03 5.493e-03 0.000e+00
219 4.851e-03 -6.559e-03 -5.186e-03 0.000e+00
220 7.533e-03 -7.706e-03 3.827e-03 0.000e+00
221 1.484e-03 -1.868e-04 -1.305e-03 0.000e+00
222 3.469e-03 1.264e-02 -7.224e-03 5.092e+01
223 -2.929e-03 4.803e-03 -4.450e-03 0.000e+00
224 1.185e-02 6.796e-06 -9.668e-03 0.000e+00
225 1.279e-03 -5.683e-03 8.374e-03 0.000e+00
226 -7.508e-03 -8.723e-03 7.144e-03 0.000e+00
227 2.251e-03 -2.291e-03 -3.544e-03 0.000e+00
228 4.463e-03 -8.839e-03 1.501e-03 0.000e+00
229 -5.579e-04 1.523e-03 6.449e-03 0.000e+00
230 6.326e-03 -2.703e-03 -5.299e-03 0.000e+00
231 -3.477e-03 -9.457e-03 -3.475e-03 0.000e+00
232 -3.793e-03 -9.244e-03 1.198e-02 0.000e+00
233 -9.750e-03 -1.001e-02 7.711e-03 0.000e+00
234 3.362e-03 3.866e-03 8.373e-03 0.000e+00
235 -5.135e-03 -9.435e-03 4.518e-03 0.000e+00
236 7.351e-03 -1.001e-02 3.762e-03 0.000e+00
237 -1.848e-03 -7.991e-03 4.277e-03 0.000e+00
238 -6.091e-03 3.072e-04 3.876e-04 0.000e+00
239 5.055e-03 -7.393e-03 6.556e-03 0.000e+00
240 -5.335e-03 -1.015e-02 -1.655e-03 0.000e+00
241 -1.913e-03 -8.547e-06 -2.523e-03 0.000e+00
242 5.759e-03 -9.804e-03 2.335e-03 0.000e+00
243 -5.005e-03 -7.427e-03 5.030e-03 0.000e+00
244 -3.908e-04 -8.904e-03 1.862e-03 0.000e+00
245 8.763e-03 -1.067e-02 -6.611e-03 0.000e+00
246 -1.915e-04 5.167e-03 -3.095e-03 0.000e+00
247 1.074e-03 -5.390e-05 -1.037e-02 0.000e+00
248 6.469e-03 -8.036e-03 -8.400e-03 0.000e+00
249 3.622e-03 3.149e-03 1.468e-03 0.000e+00
250 -2.840e-03 -9.387e-03 -5.074e-03 0.000e+00
251 4.685e-03 2.244e-03 5.081e-03 0.000e+00
252 9.286e-03 -2.695e-03 -2.331e-03 0.000e+00
253 -1.375e-03 -8.946e-03 -4.697e-03 0.000e+00
254 -6.106e-04 9.023e-03 -6.331e-03 0.000e+00
255 3.542e-03 -5.795e-03 1.673e-03 0.000e+00
256 5.448e-04 7.612e-03 -3.450e-04 0.000e+00
257 8.370e-03 -8.098e-03 -5.483e-03 0.000e+00
258 -5.509e-03 8.942e-03 1.021e-02 0.000e+00
259 3.204e-03 5.060e-03 -4.428e-03 0.000e+00
260 3.310e-03 2.954e-03 -4.425e-03 0.000e+00
261 -3.544e-03 4.066e-03 1.229e-02 0.000e+00
262 -7.494e-03 3.573e-03 3.376e-03 0.000e+00
263 5.532e-03 3.154e-03 -4.016e-04 0.000e+00
264 1.463e-03 1.646e-03 -1.025e-02 0.000e+00
265 -1.082e-02 5.031e-03 1.093e-02 0.000e+00
266 1.789e-03 -5.458e-05 -6.761e-03 0.000e+00
267 -8.515e-04 -3.642e-03 6.250e-06 0.000e+00
268 1.844e-03 2.281e-03 -3.973e-03 0.000e+00
269 3.876e-03 1.593e-03 -1.049e-02 0.000e+00
270 9.297e-05 -1.052e-02 4.869e-03 0.000e+00
271 -5.981e-03 -1.070e-02 8.854e-03 0.000e+00
272 9.174e-03 1.096e-02 1.163e-02 4.622e+01
273 -5.287e-03 7.037e-03 -3.447e-03 0.000e+00
274 6.808e-03 6.112e-03 4.616e-04 0.000e+00
275 -1.182e-02 -1.059e-02 8.602e-03 0.000e+00
276 -5.670e-03 -6.259e-03 -1.517e-03 0.000e+00
277 1.117e-02 -7.174e-03 9.025e-05 0.000e+00
278 1.427e-03 4.168e-03 -5.941e-04 0.000e+00
279 2.332e-03 6.278e-03 3.159e-04 0.000e+00
280 -1.235e-02 -7.454e-03 1.112e-03 0.000e+00
281 6.059e-03 1.099e-02 -2.206e-03 -3.298e+01
282 8.916e-03 -5.086e-03 -1.793e-03 0.000e+00
283 9.266e-04 -9.214e-03 -4.342e-03 0.000e+00
284 6.977e-03 6.945e-03 -5.445e-03 0.000e+00
285 4.791e-03 4.100e-03 -8.541e-03 0.000e+00
286 -1.842e-03 4.012e-03 2.259e-03 0.000e+00
287 2.046e-03 -9.182e-03 -6.392e-03 0.000e+00
288 7.661e-03 -1.257e-03 -5.399e-03 0.000e+00
289 -1.007e-02 2.882e-03 -2.312e-03 0.000e+00
290 -2.796e-03 1.287e-03 1.007e-02 0.000e+00
291 -3.744e-03 4.139e-03 -3.660e-03 0.000e+00
292 5.961e-03 -7.950e-03 2.102e-03 0.000e+00
293 1.060e-03 2.152e-03 1.075e-02 0.000e+00
294 -5.564e-03 -3.054e-03 -4.742e-03 0.000e+00
295 -9.690e-03 6.769e-03 -4.672e-03 0.000e+00
296 2.268e-03 -1.031e-02 2.493e-03 0.000e+00
297 -4.626e-03 -1.004e-04 1.165e-03 0.000e+00
298 1.138e-02 6.816e-03 2.381e-03 0.000e+00
299 -9.284e-03 4.045e-03 -1.177e-03 0.000e+00
300 -1.434e-02 -1.029e-02 -1.652e-03 0.000e+00
301 4.015e-03 -6.039e-03 5.831e-03 0.000e+00
302 -2.067e-03 5.813e-03 5.021e-03 0.000e+00
303 5.704e-03 -8.022e-03 -4.778e-03 0.000e+00
304 9.938e-04 2.637e-03 -1.190e-02 0.000e+00
305 -1.151e-02 1.790e-03 -6.237e-04 0.000e+00
306 2.986e-03 2.630e-03 -9.736e-03 0.000e+00
307 8.803e-03 -1.001e-02 -3.037e-03 0.000e+00
308 -5.439e-03 4.666e-03 1.382e-04 0.000e+00
309 5.001e-04 1.503e-02 9.748e-05 -2.511e+00
310 -2.491e-03 -9.003e-03 9.419e-03 0.000e+00
311 1.460e-03 -8.789e-03 -3.953e-03 0.000e+00
312 -5.022e-03 -1.209e-04 2.465e-05 0.000e+00
313 -1.110e-02 -1.209e-03 7.705e-03 0.000e+00
314 -1.286e-03 -6.125e-04 -4.455e-03 0.000e+00
315 -2.811e-03 -3.841e-04 8.992e-04 0.000e+00
316 -4.578e-03 4.667e-03 -9.882e-04 0.000e+00
317 1.601e-03 -9.458e-03 8.941e-03 0.000e+00
318 5.681e-03 5.330e-03 2.358e-03 0.000e+00
319 3.115e-03 -3.983e-04 7.173e-03 0.000e+00
320 2.598e-03 -7.226e-03 -2.058e-03 0.000e+00
321 -7.041e-03 2.656e-03 -1.163e-03 0.000e+00
322 -1.205e-02 -2.430e-03 -1.768e-03 0.000e+00
323 5.628e-03 -6.311e-03 5.319e-03 0.000e+00
324 -1.043e-02 7.537e-03 -7.797e-03 0.000e+00
325 -4.384e-03 2.248e-03 3.564e-03 0.000e+00
326 4.367e-03 -1.010e-02 -7.444e-03 0.000e+00
327 5.247e-03 3.238e-03 5.430e-03 0.000e+00
328 5.042e-04 -1.054e-02 1.801e-03 0.000e+00
329 6.324e-03 3.507e-03 -2.981e-03 0.000e+00
330 -2.721e-03 -1.002e-02 2.546e-03 0.000e+00
331 1.458e-03 -9.012e-03 -1.706e-03 0.000e+00
332 -5.629e-03 4.028e-03 -4.928e-03 0.000e+00
333 -4.156e-03 -6.887e-03 -8.961e-03 0.000e+00
334 3.992e-03 2.572e-03 9.946e-03 0.000e+00
335 -2.711e-03 3.983e-03 5.558e-03 0.000e+00
336 1.217e-02 -9.902e-03 -5.540e-04 0.000e+00
337 2.183e-03 1.030e-02 -3.613e-03 0.000e+00
338 -4.582e-03 -8.083e-03 -3.121e-03 0.000e+00
339 -7.551e-03 -7.235e-03 -8.068e-03 0.000e+00
340 1.788e-03 2.383e-04 5.598e-03 0.000e+00
341 7.742e-03 -1.000e-02 -6.671e-03 0.000e+00
342 -2.066e-03 1.551e-03 8.602e-03 0.000e+00
343 3.819e-03 6.106e-03 8.715e-03 0.000e+00
344 -3.551e-03 -7.430e-03 1.001e-02 0.000e+00
345 -1.801e-03 6.312e-03 -6.279e-03 0.000e+00
346 -9.088e-03 -1.027e-02 -2.223e-03 0.000e+00
347 9.269e-03 6.714e-03 2.588e-03 0.000e+00
348 -1.875e-03 -1.005e-02 -9.820e-03 0.000e+00
349 -1.211e-02 -6.430e-03 -4.369e-04 0.000e+00
350 9.240e-03 4.779e-03 7.529e-03 0.000e+00
351 1.012e-02 -7.390e-04 2.483e-03 0.000e+00
352 1.163e-02 7.035e-03 -1.106e-02 0.000e+00
353 -1.357e-02 1.203e-05 1.135e-03 0.000e+00
354 5.485e-03 2.908e-03 -4.562e-03 0.000e+00
355 -7.194e-03 4.007e-03 -5.103e-03 0.000e+00
356 1.594e-03 5.082e-03 2.790e-03 0.000e+00
357 3.763e-03 -9.759e-03 -3.955e-03 0.000e+00
358 1.310e-04 -9.807e-03 -9.753e-03 0.000e+00
359 -1.509e-03 -9.212e-03 -2.311e-03 0.000e+00
360 6.738e-03 5.636e-03 5.598e-03 0.000e+00
361 1.269e-03 -8.880e-03 -1.949e-02 0.000e+00
362 -5.338e-03 4.563e-03 2.042e-03 0.000e+00
363 -9.635e-03 -1.967e-03 -3.464e-03 0.000e+00
364 8.101e-03 1.296e-02 2.362e-03 -9.306e+01
365 -3.749e-03 -9.837e-03 6.229e-03 0.000e+00
366 5.153e-03 1.026e-03 -5.750e-03 0.000e+00
367 1.080e-02 -8.603e-03 -3.233e-03 0.000e+00
368 -4.388e-03 9.362e-03 4.700e-03 0.000e+00
369 2.046e-03 2.185e-03 -3.876e-03 0.000e+00
370 -1.769e-02 -1.595e-03 -8.440e-03 0.000e+00
371 -6.398e-03 -9.812e-03 -1.994e-03 0.000e+00
372 -8.557e-04 5.432e-03 1.710e-03 0.000e+00
373 9.369e-03 -3.475e-04 -9.823e-03 0.000e+00
374 6.030e-03 1.162e-03 4.357e-03 0.000e+00
375 -7.567e-03 1.875e-03 -3.089e-03 0.000e+00
376 -8.265e-03 -6.524e-03 -1.303e-03 0.000e+00
377 1.205e-02 -4.902e-03 7.086e-03 0.000e+00
378 4.005e-03 8.229e-03 -4.774e-03 0.000e+00
379 -3.790e-04 8.564e-03 -1.822e-03 0.000e+00
380 -2.580e-04 -2.722e-03 4.790e-03 0.000e+00
381 4.666e-04 5.020e-03 -2.937e-03 0.000e+00
382 -7.541e-03 3.021e-03 -2.838e-03 0.000e+00
383 -8.309e-03 -1.034e-02 2.725e-03 0.000e+00
384 -9.354e-03 9.796e-03 6.465e-03 0.000e+00
385 -7.845e-04 -9.987e-03 -6.206e-03 0.000e+00
386 5.903e-03 4.729e-03 -1.035e-02 0.000e+00
387 9.607e-03 -9.013e-03 6.245e-04 0.000e+00
388 7.612e-03 -1.001e-02 -4.170e-04 0.000e+00
389 -1.741e-03 -7.695e-03 5.835e-04 0.000e+00
390 2.725e-03 4.512e-03 5.039e-04 0.000e+00
391 9.205e-03 5.740e-03 2.594e-03 0.000e+00
392 3.055e-03 3.954e-03 -9.763e-03 0.000e+00
393 2.666e-04 -9.911e-03 3.233e-03 0.000e+00
394 2.392e-04 6.388e-03 1.341e-02 0.000e+00
395 -6.730e-03 -1.049e-02 1.381e-03 0.000e+00
396 -2.700e-03 9.089e-03 -1.183e-02 0.000e+00
397 8.889e-03 -5.368e-04 -9.904e-04 0.000e+00
398 -1.066e-03 5.593e-03 1.326e-03 0.000e+00
399 9.638e-03 -9.773e-03 -7.455e-04 0.000e+00
400 -7.325e-03 5.401e-03 -1.256e-02 0.000e+00
401 -3.543e-03 -1.230e-03 3.217e-03 0.000e+00
402 5.304e-04 6.761e-03 -7.402e-03 0.000e+00
403 5.549e-04 -1.072e-02 1.249e-03 0.000e+00
404 -8.936e-03 6.402e-03 -7.515e-03 0.000e+00
405 -1.001e-02 1.039e-02 3.561e-03 0.000e+00
406 -1.492e-03 -2.354e-03 2.018e-03 0.000e+00
407 -9.986e-03 -7.610e-03 2.081e-03 0.000e+00
408 -7.910e-03 2.643e-03 8.799e-03 0.000e+00
409 -9.888e-03 -9.753e-03 4.297e-03 0.000e+00
410 9.778e-03 2.461e-03 -6.962e-04 0.000e+00
411 1.621e-03 4.902e-04 1.413e-03 0.000e+00
412 0.000e+00 8.828e-03 -4.619e-03 0.000e+00
413 -9.504e-05 -1.054e-02 -7.770e-03 0.000e+00
414 7.810e-04 6.562e-03 4.294e-03 0.000e+00
415 -1.498e-03 -6.274e-03 -2.823e-03 0.000e+00
416 5.468e-03 -2.073e-03 4.786e-03 0.000e+00
417 -3.917e-03 -9.998e-03 1.990e-02 0.000e+00
418 -1.607e-03 1.112e-03 -6.809e-03 0.000e+00
419 8.822e-03 6.775e-03 -1.649e-03 0.000e+00
420 -1.117e-02 -7.154e-03 4.852e-03 0.000e+00
421 -6.052e-03 6.064e-03 -1.301e-02 0.000e+00
422 -1.054e-02 -8.706e-03 -1.342e-03 0.000e+00
423 4.217e-03 4.030e-03 -9.495e-03 0.000e+00
424 4.360e-03 6.290e-03 3.272e-03 0.000e+00
425 3.355e-03 -1.031e-02 -2.185e-03 0.000e+00
426 -2.819e-03 -8.006e-03 -4.474e-03 0.000e+00
427 4.708e-03 3.585e-03 -1.327e-02 0.000e+00
428 2.345e-03 1.334e-02 1.049e-02 -3.410e+01
429 6.400e-06 4.124e-03 -4.055e-03 0.000e+00
430 -4.250e-04 -2.928e-04 -7.493e-03 0.000e+00
431 5.501e-03 -9.707e-03 5.402e-03 0.000e+00
432 6.271e-04 -9.579e-03 4.099e-04 0.000e+00
433 -1.176e-03 1.715e-03 7.966e-05 0.000e+00
434 1.710e-03 6.532e-04 -1.664e-02 0.000e+00
435 3.362e-04 -9.628e-03 -2.062e-03 0.000e+00
436 1.804e-03 -9.312e-03 4.166e-03 0.000e+00
437 -2.601e-03 5.872e-03 2.213e-03 0.000e+00
438 -6.022e-03 -6.140e-04 -6.220e-04 0.000e+00
439 -6.927e-03 -1.093e-03 -3.379e-03 0.000e+00
440 -6.356e-03 -1.065e-02 -5.060e-03 0.000e+00
441 -1.059e-02 8.810e-03 6.702e-03 0.000e+00
442 6.944e-03 6.913e-03 -1.693e-03 0.000e+00
443 -2.396e-03 2.827e-03 8.758e-03 0.000e+00
444 -4.819e-03 8.245e-03 6.193e-03 0.000e+00
445 1.312e-02 -9.147e-03 -6.381e-03 0.000e+00
446 5.977e-03 4.585e-03 -1.374e-03 0.000e+00
447 -8.431e-03 -9.334e-03 4.012e-03 0.000e+00
448 1.586e-02 4.217e-03 -7.042e-03 0.000e+00
449 4.608e-04 6.689e-03 5.717e-05 0.000e+00
450 5.481e-03 4.024e-03 -8.413e-04 0.000e+00
451 -8.027e-04 -6.493e-03 -5.928e-03 0.000e+00
452 -1.253e-02 3.998e-03 4.557e-03 0.000e+00
453 -9.495e-03 -9.978e-03 1.052e-02 0.000e+00
454 5.753e-03 7.774e-03 -3.484e-03 0.000e+00
455 -5.732e-04 5.472e-03 -6.580e-03 0.000e+00
456 2.256e-03 -8.453e-03 2.655e-03 0.000e+00
457 1.939e-03 -6.686e-03 -5.853e-03 0.000e+00
458 -8.799e-05 -7.634e-03 1.956e-03 0.000e+00
459 -4.400e-03 9.856e-03 -6.832e-03 0.000e+00
460 -1.178e-02 -1.074e-02 8.879e-03 0.000e+00
461 9.805e-03 -1.048e-02 5.021e-04 0.000e+00
462 1.551e-03 3.317e-03 1.024e-04 0.000e+00
463 7.182e-04 8.455e-04 4.741e-03 0.000e+00
464 9.565e-03 9.960e-03 -6.668e-03 0.000e+00
465 3.428e-03 7.255e-03 6.316e-03 0.000e+00
466 -4.610e-03 8.772e-03 -1.094e-02 0.000e+00
467 5.740e-03 -7.593e-03 -1.879e-03 0.000e+00
468 8.756e-03 2.847e-03 5.579e-03 0.000e+00
469 3.312e-04 6.365e-03 9.297e-03 0.000e+00
470 2.113e-04 -6.379e-03 -6.822e-03 0.000e+00
471 -1.656e-03 -9.314e-03 -3.798e-03 0.000e+00
472 1.257e-02 -7.966e-03 -1.353e-02 0.000e+00
473 1.003e-02 -5.866e-03 1.260e-02 0.000e+00
474 -5.250e-03 -8.186e-03 2.289e-03 0.000e+00
475 -2.163e-03 -9.965e-03 -3.006e-04 0.000e+00
476 8.930e-03 -9.861e-03 -6.607e-03 0.000e+00
477 -7.327e-03 -6.118e-03 2.452e-03 0.000e+00
478 -7.911e-03 5.508e-04 2.220e-03 0.000e+00
479 3.396e-03 4.248e-03 9.636e-03 0.000e+00
480 6.008e-03 2.013e-03 8.776e-03 0.000e+00
481 -2.819e-03 5.772e-03 1.560e-02 0.000e+00
482 -5.258e-03 -8.362e-03 2.720e-03 0.000e+00
483 1.457e-02 2.646e-03 5.365e-03 0.000e+00
484 4.886e-03 -1.051e-02 9.978e-04 0.000e+00
485 -1.802e-02 1.335e-02 -2.857e-03 -7.015e+01
486 -1.376e-03 1.046e-03 6.124e-03 0.000e+00
487 -2.648e-03 -7.646e-03 1.017e-02 0.000e+00
488 5.017e-04 -5.182e-04 9.927e-03 0.000e+00
489 3.846e-03 9.080e-03 2.040e-03 0.000e+00
490 -6.825e-03 9.828e-03 -2.276e-05 0.000e+00
491 -2.728e-03 -5.905e-04 -5.244e-03 0.000e+00
492 9.092e-04 1.346e-03 -6.226e-03 0.000e+00
493 3.015e-03 3.709e-03 8.410e-03 0.000e+00
494 1.109e-03 3.764e-03 3.294e-03 0.000e+00
495 5.445e-03 3.595e-03 7.139e-03 0.000e+00
496 -7.249e-04 1.147e-02 8.143e-04 -8.827e+01
497 -4.928e-03 -1.008e-02 -1.311e-02 0.000e+00
498 7.392e-03 6.947e-03 4.022e-03 0.000e+00
499 -4.987e-06 -9.428e-03 8.413e-03 0.000e+00
500 1.775e-03 3.064e-03 -1.323e-03 0.000e+00
501 1.839e-02 2.293e-03 -2.783e-03 0.000e+00
502 -2.598e-03 3.429e-03 2.830e-03 0.000e+00
503 -1.006e-02 4.217e-03 -5.836e-03 0.000e+00
504 4.294e-03 2.049e-03 -1.507e-03 0.000e+00
505 5.832e-03 -7.116e-03 2.395e-03 0.000e+00
506 5.232e-03 -9.599e-03 -1.028e-02 0.000e+00
507 -5.148e-03 4.870e-03 -1.503e-03 0.000e+00
508 -7.138e-03 -9.963e-03 -5.296e-03 0.000e+00
509 2.707e-03 -1.804e-03 -1.479e-02 0.000e+00
510 6.126e-03 7.054e-03 8.644e-04 0.000e+00
511 1.677e-02 9.685e-04 -1.302e-02 0.000e+00
512 9.513e-03 -1.046e-02 -1.406e-03 0.000e+00
513 -7.511e-03 3.041e-05 2.497e-03 0.000e+00
514 -8.308e-04 -1.032e-02 4.571e-03 0.000e+00
515 2.520e-03 1.610e-02 1.566e-03 7.983e+00
516 1.103e-02 7.268e-03 -1.491e-03 0.000e+00
517 7.198e-03 8.482e-03 3.069e-03 0.000e+00
518 6.626e-03 2.144e-03 1.906e-03 0.000e+00
519 3.025e-03 -8.913e-03 2.182e-03 0.000e+00
520 -2.685e-03 6.677e-03 1.463e-03 0.000e+00
521 1.859e-03 -9.961e-03 1.111e-02 0.000e+00
522 -7.422e-04 1.649e-02 -1.286e-02 -7.924e+01
523 -1.171e-03 -9.063e-03 -6.321e-03 0.000e+00
524 8.605e-05 -1.494e-03 8.465e-03 0.000e+00
525 -2.423e-03 -3.320e-03 1.001e-03 0.000e+00
526 3.017e-03 2.296e-03 6.425e-03 0.000e+00
527 -3.944e-03 3.928e-03 1.837e-03 0.000e+00
528 -7.676e-05 1.787e-03 -5.570e-03 0.000e+00
529 -5.177e-03 -5.865e-03 -2.615e-03 0.000e+00
530 3.968e-03 -8.854e-03 -1.091e-02 0.000e+00
531 -1.240e-02 -3.155e-04 5.551e-03 0.000e+00
532 -2.547e-05 -1.006e-02 2.744e-03 0.000e+00
533 6.218e-03 1.350e-03 -9.147e-03 0.000e+00
534 -5.307e-04 1.007e-02 -1.767e-03 0.000e+00
535 3.782e-03 -8.200e-04 1.679e-03 0.000e+00
536 -1.028e-02 -5.508e-03 1.197e-02 0.000e+00
537 1.805e-02 3.655e-03 -4.871e-03 0.000e+00
538 -3.113e-03 -1.875e-03 6.152e-03 0.000e+00
539 1.995e-03 -9.307e-03 -7.325e-03 0.000e+00
540 -6.206e-03 6.550e-03 -4.184e-03 0.000e+00
541 -1.120e-02 -6.445e-03 1.943e-02 0.000e+00
542 9.372e-03 -6.066e-04 -4.201e-03 0.000e+00
543 -2.100e-03 3.242e-03 -1.954e-03 0.000e+00
544 -2.426e-03 -3.093e-03 2.400e-04 0.000e+00
545 -6.162e-03 2.357e-03 -2.737e-03 0.000e+00
546 -9.916e-03 -5.696e-03 -3.456e-03 0.000e+00
547 6.726e-03 1.347e-02 7.642e-03 -1.475e+01
548 3.897e-03 -8.494e-03 1.145e-02 0.000e+00
549 6.044e-03 6.418e-03 4.483e-03 0.000e+00
550 8.333e-03 -9.698e-03 -7.418e-05 0.000e+00
551 2.807e-03 -8.754e-04 -3.937e-04 0.000e+00
552 -8.691e-03 1.257e-02 -4.735e-03 -4.649e+01
553 5.312e-03 -7.799e-03 6.911e-03 0.000e+00
554 8.499e-03 -1.172e-04 1.528e-02 0.000e+00
555 7.530e-03 -1.253e-03 1.171e-02 0.000e+00
556 1.692e-03 8.598e-03 -7.969e-03 0.000e+00
557 2.483e-03 -6.321e-03 9.939e-03 0.000e+00
558 6.457e-05 -1.038e-02 -1.316e-02 0.000e+00
559 5.775e-03 5.515e-03 7.676e-03 0.000e+00
560 1.296e-02 -3.439e-03 1.375e-02 0.000e+00
561 -1.556e-03 -1.022e-02 3.904e-03 0.000e+00
562 8.657e-03 -8.543e-03 9.979e-03 0.000e+00
563 -1.045e-03 -8.945e-03 -9.918e-03 0.000e+00
564 1.172e-02 5.668e-03 1.210e-02 0.000e+00
565 3.003e-03 6.449e-04 -2.227e-04 0.000e+00
566 3.125e-03 6.557e-03 -1.871e-03 0.000e+00
567 1.096e-02 1.052e-02 2.582e-03 -4.386e+01
568 1.108e-02 -1.017e-02 -9.949e-03 0.000e+00
569 3.625e-03 -5.504e-05 1.476e-03 0.000e+00
570 2.978e-03 -1.059e-02 4.995e-04 0.000e+00
571 4.626e-03 -7.603e-03 -3.207e-03 0.000e+00
572 -1.245e-03 4.177e-03 -4.790e-04 0.000e+00
573 -4.021e-03 3.435e-03 8.089e-03 0.000e+00
574 1.410e-02 -4.389e-05 -1.410e-03 0.000e+00
575 7.553e-03 7.959e-04 -7.643e-05 0.000e+00
576 -2.099e-03 1.093e-02 1.286e-03 -3.184e+01
577 -6.618e-03 -1.314e-03 -3.983e-03 0.000e+00
578 -9.078e-03 -1.734e-03 4.735e-03 0.000e+00
579 3.823e-03 1.127e-02 -7.954e-03 -3.673e+01
580 1.135e-02 -6.448e-03 9.335e-04 0.000e+00
581 8.091e-03 8.368e-04 -1.216e-02 0.000e+00
582 -2.047e-03 -3.111e-03 -1.519e-02 0.000e+00
583 -6.575e-03 -1.027e-02 9.297e-03 0.000e+00
584 -4.119e-03 -9.303e-03 2.755e-03 0.000e+00
585 9.397e-03 -9.087e-03 7.647e-03 0.000e+00
586 6.786e-03 -4.695e-03 9.590e-03 0.000e+00
587 -3.288e-03 -1.054e-02 1.120e-02 0.000e+00
588 2.545e-03 -7.008e-03 -5.897e-03 0.000e+00
589 3.652e-03 6.439e-03 8.130e-04 0.000e+00
590 1.356e-03 1.367e-02 1.033e-02 -5.032e+01
591 4.545e-03 2.434e-03 -1.134e-02 0.000e+00
592 6.593e-03 -1.064e-02 -9.867e-03 0.000e+00
593 4.167e-03 2.539e-03 -5.927e-03 0.000e+00
594 2.192e-03 3.010e-04 1.026e-02 0.000e+00
595 7.337e-03 9.170e-03 2.016e-03 0.000e+00
596 6.927e-04 2.102e-03 -4.721e-03 0.000e+00
597 8.067e-03 -1.059e-02 -4.646e-03 0.000e+00
598 -1.144e-03 1.093e-02 -1.479e-02 6.131e+01
599 -9.166e-03 3.032e-04 3.751e-04 0.000e+00
600 2.397e-03 2.936e-03 -6.999e-03 0.000e+00
601 4.620e-03 -9.410e-03 -3.655e-03 0.000e+00
602 -3.970e-03 -9.985e-03 4.601e-03 0.000e+00
603 7.362e-04 4.108e-03 5.147e-03 0.000e+00
604 9.102e-03 1.402e-02 9.481e-04 6.778e+01
605 -2.239e-03 -8.522e-03 2.527e-03 0.000e+00
606 3.514e-03 6.062e-03 -1.339e-02 0.000e+00
607 1.287e-03 1.322e-05 1.203e-02 0.000e+00
608 4.244e-03 -8.221e-03 8.933e-03 0.000e+00
609 -4.568e-03 -5.673e-04 5.137e-03 0.000e+00
610 6.377e-04 -1.004e-02 9.115e-04 0.000e+00
611 -3.834e-03 2.064e-03 -2.805e-03 0.000e+00
612 -2.245e-03 -9.539e-03 8.366e-03 0.000e+00
613 3.490e-03 -1.064e-02 1.008e-02 0.000e+00
614 -1.044e-03 6.733e-03 -1.294e-02 0.000e+00
615 6.920e-03 4.876e-03 3.509e-03 0.000e+00
616 4.646e-03 -1.710e-03 7.079e-03 0.000e+00
617 8.506e-06 -6.102e-03 5.333e-03 0.000e+00
618 1.682e-03 -3.623e-03 7.387e-04 0.000e+00
619 2.217e-03 -8.047e-03 4.895e-03 0.000e+00
620 -7.880e-03 1.112e-02 -4.780e-03 2.712e+01
621 -2.884e-03 -7.247e-03 1.238e-02 0.000e+00
622 1.688e-02 -6.737e-03 6.308e-03 0.000e+00
623 7.970e-05 -5.064e-04 6.325e-04 0.000e+00
624 7.561e-03 -2.608e-03 7.353e-03 0.000e+00
625 4.965e-03 8.764e-03 -4.432e-03 0.000e+00
626 -6.057e-03 1.208e-02 1.108e-02 -1.024e+02
627 -1.517e-03 -9.959e-03 -6.857e-03 0.000e+00
628 7.582e-03 4.956e-03 -2.738e-03 0.000e+00
629 8.419e-03 8.762e-03 9.671e-04 0.000e+00
630 9.981e-04 1.945e-03 -1.012e-02 0.000e+00
631 6.556e-03 -8.628e-03 -2.501e-03 0.000e+00
632 -1.798e-03 -2.494e-03 9.521e-03 0.000e+00
633 9.830e-03 7.711e-03 -2.152e-03 0.000e+00
634 4.467e-03 -1.916e-03 9.151e-04 0.000e+00
635 -4.459e-03 -9.501e-03 4.341e-03 0.000e+00
636 -5.995e-03 -3.390e-04 7.539e-03 0.000e+00
637 3.947e-03 -9.710e-03 -4.433e-03 0.000e+00
638 1.198e-02 1.424e-03 9.440e-03 0.000e+00
639 -1.424e-02 7.527e-04 -6.472e-03 0.000e+00
640 -4.995e-03 -1.027e-02 6.051e-05 0.000e+00
641 9.878e-03 -6.321e-03 -3.831e-03 0.000e+00
642 2.038e-03 -1.031e-02 -5.900e-03 0.000e+00
643 2.297e-03 -2.263e-03 6.375e-03 0.000e+00
644 4.945e-03 -7.503e-03 -3.843e-03 0.000e+00
645 4.392e-04 1.709e-03 -5.734e-03 0.000e+00
646 3.756e-03 9.077e-04 9.639e-03 0.000e+00
647 -3.627e-03 -9.806e-03 -8.995e-03 0.000e+00
648 -3.573e-04 -1.013e-02 1.228e-03 0.000e+00
649 -8.703e-03 1.014e-02 5.052e-03 0.000e+00
650 -3.772e-03 -7.080e-03 2.040e-03 0.000e+00
651 -5.808e-03 -7.592e-03 -6.916e-03 0.000e+00
652 -3.277e-03 -7.560e-03 -2.277e-03 0.000e+00
653 6.059e-03 6.991e-03 3.333e-03 0.000e+00
654 6.163e-04 1.008e-02 -4.542e-04 0.000e+00
655 1.099e-02 3.957e-03 -1.072e-02 0.000e+00
656 -2.317e-04 5.224e-04 -1.510e-03 0.000e+00
657 -4.677e-03 -3.285e-04 4.480e-03 0.000e+00
658 -3.290e-03 2.648e-04 -1.052e-02 0.000e+00
659 -6.937e-03 -5.582e-04 2.444e-03 0.000e+00
660 9.702e-03 -8.522e-03 4.769e-03 0.000e+00
661 -2.760e-03 9.765e-03 9.107e-03 0.000e+00
662 6.541e-03 -2.122e-04 -5.595e-03 0.000e+00
663 5.384e-04 -6.210e-03 6.888e-03 0.000e+00
664 -1.953e-03 -8.136e-03 6.223e-03 0.000e+00
665 -4.802e-03 1.693e-02 2.749e-03 -4.236e+01
666 -6.379e-03 2.860e-03 2.749e-04 0.000e+00
667 -1.305e-03 3.913e-05 8.111e-03 0.000e+00
668 -7.962e-03 -7.135e-03 -3.901e-03 0.000e+00
669 -3.297e-03 2.742e-03 -2.452e-03 0.000e+00
670 -3.227e-03 -1.025e-02 -8.868e-03 0.000e+00
671 -7.400e-03 -8.249e-03 -6.237e-03 0.000e+00
672 1.355e-02 1.398e-03 -1.525e-03 0.000e+00
673 -1.481e-03 9.801e-03 6.768e-03 0.000e+00
674 5.657e-04 -5.815e-03 -7.655e-03 0.000e+00
675 -7.413e-03 2.462e-03 3.573e-03 0.000e+00
676 2.862e-03 -9.340e-03 -2.805e-03 0.000e+00
677 -1.257e-03 -9.049e-03 4.148e-03 0.000e+00
678 4.268e-03 5.045e-03 -3.135e-03 0.000e+00
679 9.426e-03 -8.071e-03 -3.956e-03 0.000e+00
680 2.848e-03 -1.058e-02 -3.195e-03 0.000e+00
681 1.963e-03 9.224e-03 -3.776e-03 0.000e+00
682 -1.913e-03 4.494e-04 1.953e-03 0.000e+00
683 2.596e-03 5.027e-03 -3.380e-03 0.000e+00
684 2.399e-03 6.906e-03 -7.331e-03 0.000e+00
685 -5.982e-04 -1.035e-02 -6.346e-03 0.000e+00
686 1.011e-02 2.022e-03 1.629e-02 0.000e+00
687 4.623e-03 1.046e-02 1.294e-02 7.055e+01
688 1.036e-02 -2.554e-03 6.036e-03 0.000e+00
689 7.929e-03 3.297e-03 -9.394e-04 0.000e+00
690 -7.917e-03 1.439e-03 -2.775e-03 0.000e+00
691 5.571e-03 -6.225e-03 6.100e-03 0.000e+00
692 1.002e-02 5.959e-03 -3.159e-03 0.000e+00
693 -2.301e-03 3.032e-03 -5.739e-03 0.000e+00
694 -3.118e-03 8.293e-04 4.044e-03 0.000e+00
695 8.210e-03 3.161e-04 -2.321e-03 0.000e+00
696 1.845e-03 -6.055e-03 4.581e-05 0.000e+00
697 -4.603e-03 2.421e-03 1.082e-02 0.000e+00
698 -3.206e-03 5.519e-03 -4.905e-03 0.000e+00
699 9.017e-03 -7.979e-03 7.589e-03 0.000e+00
700 1.908e-03 6.899e-03 5.909e-03 0.000e+00
701 -1.651e-03 5.534e-03 -1.355e-03 0.000e+00
702 -4.001e-03 2.588e-03 -3.229e-03 0.000e+00
703 -1.027e-02 7.934e-03 5.590e-03 0.000e+00
704 -2.191e-03 -7.610e-03 3.892e-03 0.000e+00
705 -1.957e-03 5.186e-04 2.165e-03 0.000e+00
706 4.474e-03 1.511e-02 -7.329e-03 -1.680e+01
707 4.654e-03 1.630e-04 -2.396e-03 0.000e+00
708 1.209e-03 -1.046e-02 2.345e-03 0.000e+00
709 3.215e-03 3.153e-03 -3.282e-03 0.000e+00
710 1.436e-02 -7.453e-03 6.658e-03 0.000e+00
711 -1.610e-03 5.643e-04 -6.285e-03 0.000e+00
712 2.027e-03 5.605e-03 -1.916e-03 0.000e+00
713 -3.605e-03 -9.723e-03 -1.087e-02 0.000e+00
714 1.128e-02 1.412e-02 -4.461e-03 -2.443e+01
715 -4.331e-03 -7.722e-03 -7.361e-03 0.000e+00
716 2.369e-03 1.136e-02 3.952e-03 -1.345e+01
717 7.015e-03 6.862e-03 -7.208e-04 0.000e+00
718 -4.322e-03 -1.066e-02 -4.171e-03 0.000e+00
719 -1.326e-02 2.680e-03 1.569e-03 0.000e+00
720 4.820e-03 -6.696e-03 -4.729e-03 0.000e+00
721 6.664e-04 -9.961e-04 -1.458e-02 0.000e+00
722 -2.395e-03 -1.383e-03 -8.327e-03 0.000e+00
723 5.493e-03 3.664e-03 3.048e-03 0.000e+00
724 7.642e-03 7.392e-03 -6.232e-03 0.000e+00
725 -2.463e-03 -9.293e-03 3.042e-03 0.000e+00
726 -8.712e-03 -1.009e-02 -1.171e-02 0.000e+00
727 6.148e-03 5.203e-03 -6.461e-03 0.000e+00
728 -4.272e-03 -5.002e-04 -1.162e-03 0.000e+00
729 -7.413e-03 -1.033e-02 -5.468e-03 0.000e+00
730 2.069e-03 3.265e-03 6.478e-03 0.000e+00
731 1.268e-02 -9.875e-03 5.572e-03 0.000e+00
732 -9.468e-03 -9.025e-03 3.886e-03 0.000e+00
733 -6.705e-03 -7.025e-03 7.723e-04 0.000e+00
734 2.122e-03 -1.005e-02 -1.172e-02 0.000e+00
735 -3.966e-03 -8.300e-03 -1.285e-02 0.000e+00
736 -2.223e-03 -9.829e-03 6.774e-04 0.000e+00
737 2.711e-03 9.870e-03 5.257e-03 0.000e+00
738 8.167e-03 -6.816e-03 -1.317e-02 0.000e+00
739 4.965e-03 -1.039e-02 2.160e-03 0.000e+00
740 -6.518e-03 -9.410e-03 8.423e-03 0.000e+00
741 -8.995e-03 8.987e-03 1.340e-03 0.000e+00
742 1.305e-03 -9.488e-03 -1.129e-02 0.000e+00
743 -1.805e-03 -9.646e-03 6.865e-03 0.000e+00
744 2.507e-03 4.968e-03 1.531e-02 0.000e+00
745 7.452e-03 -2.702e-03 1.682e-02 0.000e+00
746 -2.205e-03 7.081e-03 -8.783e-03 0.000e+00
747 -1.169e-02 -8.285e-03 -1.147e-02 0.000e+00
748 -1.115e-02 -1.049e-02 9.903e-03 0.000e+00
749 7.628e-03 -8.288e-03 -2.589e-03 0.000e+00
750 8.922e-03 8.758e-03 1.292e-03 0.000e+00
751 6.700e-03 -1.022e-02 1.398e-03 0.000e+00
752 -1.515e-03 -4.063e-03 -3.836e-03 0.000e+00
753 -1.422e-02 2.100e-03 1.669e-03 0.000e+00
754 5.157e-03 8.709e-03 -3.155e-03 0.000e+00
755 5.339e-03 -1.050e-02 -6.663e-04 0.000e+00
756 -1.618e-03 -9.822e-03 -4.511e-03 0.000e+00
757 -1.348e-03 6.261e-03 1.121e-02 0.000e+00
758 1.740e-03 4.600e-03 -6.901e-03 0.000e+00
759 6.350e-03 -1.051e-02 2.890e-03 0.000e+00
760 -1.138e-03 7.738e-03 5.744e-03 0.000e+00
761 1.279e-02 -8.193e-03 4.539e-03 0.000e+00
762 1.413e-02 6.690e-03 -1.094e-02 0.000e+00
763 5.409e-03 3.265e-03 4.871e-03 0.000e+00
764 8.943e-03 -7.413e-03 -2.886e-05 0.000e+00
765 -3.264e-03 7.454e-03 2.940e-03 0.000e+00
766 -3.476e-03 -1.000e-02 -1.217e-02 0.000e+00
767 3.132e-03 1.519e-03 -1.715e-02 0.000e+00
768 -7.139e-03 -7.550e-03 -1.558e-02 0.000e+00
769 -2.836e-04 -7.902e-03 1.025e-02 0.000e+00
770 8.313e-03 6.727e-03 -4.578e-04 0.000e+00
771 -1.431e-02 -8.849e-03 6.108e-03 0.000e+00
772 1.266e-02 -6.713e-04 -4.336e-03 0.000e+00
773 1.166e-03 7.600e-03 -2.327e-03 0.000e+00
774 4.070e-03 1.206e-03 3.507e-03 0.000e+00
775 9.676e-03 -6.991e-05 7.094e-03 0.000e+00
776 6.188e-03 5.526e-03 -1.437e-02 0.000e+00
777 5.780e-03 -7.799e-03 -1.299e-02 0.000e+00
778 1.426e-03 3.222e-03 1.345e-03 0.000e+00
779 6.536e-03 -1.052e-02 1.618e-03 0.000e+00
780 1.007e-02 5.840e-04 -3.325e-03 0.000e+00
781 1.509e-02 -1.005e-02 -7.625e-03 0.000e+00
782 9.665e-03 2.880e-03 4.945e-03 0.000e+00
783 2.341e-02 -9.222e-03 -5.598e-03 0.000e+00
784 3.570e-02 -6.048e-03 5.538e-03 0.000e+00
785 5.480e-02 1.536e-02 -1.170e-03 -3.070e+01
786 5.956e-02 1.354e-02 -1.630e-02 -1.417e+01
787 8.895e-02 2.278e-02 5.825e-03 -1.653e+01
788 1.353e-01 4.086e-02 2.739e-03 -1.915e+01
789 1.837e-01 7.502e-02 -7.877e-03 -1.870e+01
790 2.414e-01 1.060e-01 9.960e-03 -1.657e+01
791 2.948e-01 1.269e-01 1.341e-02 -1.747e+01
792 3.391e-01 1.302e-01 1.608e-02 -1.729e+01
793 3.306e-01 1.094e-01 2.996e-02 -1.748e+01
794 2.908e-01 6.235e-02 5.137e-03 -1.274e+01
795 2.533e-01 1.255e-02 1.272e-02 -4.710e+01
796 2.163e-01 1.534e-02 -1.370e-02 -1.026e+02
797 2.269e-01 2.433e-02 -7.488e-03 -8.545e+01
798 2.164e-01 2.345e-02 -2.595e-02 -9.735e+01
799 2.080e-01 4.718e-02 -1.294e-02 7.441e+01
800 2.041e-01 4.221e-02 -1.480e-02 -1.023e+02
801 1.892e-01 3.129e-02 -1.463e-02 -9.599e+01
802 2.012e-01 2.840e-02 -1.793e-02 -1.022e+02
803 2.006e-01 1.493e-02 -1.109e-02 -9.794e+01
804 2.271e-01 -6.750e-03 -1.231e-02 0.000e+00
805 2.572e-01 1.414e-02 -1.170e-02 -9.378e+01
806 2.988e-01 2.740e-02 -3.140e-02 6.994e+01
807 3.661e-01 6.962e-02 -4.094e-02 7.442e+01
808 4.399e-01 1.154e-01 -6.952e-02 -1.045e+02
809 5.129e-01 1.567e-01 -1.030e-01 -1.040e+02
810 5.774e-01 2.106e-01 -1.280e-01 -1.051e+02
811 6.335e-01 2.549e-01 -1.591e-01 -1.036e+02
812 7.189e-01 2.941e-01 -1.945e-01 -1.038e+02
813 8.180e-01 3.873e-01 -2.418e-01 -1.029e+02
814 9.089e-01 5.260e-01 -2.885e-01 -1.027e+02
815 1.000e+00 6.222e-01 -3.088e-01 -1.034e+02
816 9.361e-01 6.146e-01 -2.941e-01 -1.034e+02
817 8.281e-01 5.403e-01 -2.541e-01 -1.025e+02
818 6.956e-01 4.122e-01 -1.893e-01 -1.019e+02
819 6.022e-01 3.258e-01 -1.504e-01 -1.019e+02
820 5.072e-01 2.357e-01 -1.193e-01 -9.949e+01
821 4.315e-01 1.432e-01 -8.071e-02 -9.467e+01
822 3.829e-01 8.253e-02 -5.786e-02 -9.110e+01
823 3.248e-01 3.581e-02 -5.271e-02 -8.605e+01
824 2.898e-01 1.145e-02 -4.601e-02 -7.284e+01
825 2.575e-01 3.906e-03 -2.531e-02 0.000e+00
826 2.152e-01 1.015e-02 -1.885e-02 0.000e+00
827 1.867e-01 1.831e-02 -8.030e-03 2.149e+01
828 1.664e-01 1.194e-02 7.061e-03 4.629e+01
829 1.476e-01 2.201e-02 -6.703e-03 3.294e+01
830 1.292e-01 1.634e-02 5.060e-03 4.399e+01
831 1.364e-01 3.127e-02 8.327e-03 5.161e+01
832 1.110e-01 1.805e-02 8.780e-03 4.552e+01
833 1.112e-01 2.273e-02 4.592e-03 6.679e+01
834 1.024e-01 2.608e-02 -3.117e-03 6.891e+01
835 1.004e-01 2.014e-02 1.359e-02 6.880e+01
836 9.347e-02 2.330e-02 4.184e-03 7.261e+01
837 7.714e-02 1.980e-02 8.240e-03 6.341e+01
838 8.529e-02 1.633e-02 9.492e-03 6.468e+01
839 6.887e-02 1.543e-02 1.068e-02 7.147e+01
840 7.737e-02 7.345e-03 2.885e-03 0.000e+00
841 6.536e-02 5.753e-04 -6.630e-03 0.000e+00
842 6.696e-02 -7.313e-03 -4.427e-03 0.000e+00
843 5.839e-02 2.249e-02 7.749e-03 -8.533e+00
844 5.327e-02 8.121e-03 -3.306e-03 0.000e+00
845 5.672e-02 9.588e-03 1.178e-02 0.000e+00
846 5.636e-02 1.727e-02 6.675e-03 -2.132e+01
847 5.841e-02 1.475e-02 1.130e-02 -4.836e+00
848 4.755e-02 1.235e-02 1.289e-02 -1.846e+01
849 4.626e-02 1.252e-02 1.133e-02 -8.561e+00
850 2.691e-02 1.935e-02 4.418e-03 -8.868e+00
851 3.801e-02 9.062e-03 8.723e-03 0.000e+00
852 1.678e-02 6.368e-03 1.151e-04 0.000e+00
853 1.625e-02 5.853e-03 -4.042e-03 0.000e+00
854 2.282e-02 4.262e-03 1.097e-02 0.000e+00
855 1.741e-02 1.957e-03 6.983e-03 0.000e+00
856 1.680e-02 2.933e-03 6.504e-03 0.000e+00
857 1.030e-02 3.722e-03 -6.654e-03 0.000e+00
858 -9.226e-03 -8.100e-03 4.772e-03 0.000e+00
859 -4.213e-03 5.949e-04 6.369e-03 0.000e+00
860 4.506e-03 -1.062e-02 3.186e-03 0.000e+00
861 3.103e-03 -1.057e-02 -9.901e-03 0.000e+00
862 -9.744e-03 7.068e-03 5.220e-03 0.000e+00
863 3.809e-05 1.987e-04 -1.221e-02 0.000e+00
864 1.010e-02 5.510e-03 1.973e-03 0.000e+00
865 2.854e-03 -1.062e-02 -2.244e-03 0.000e+00
866 -1.326e-03 3.081e-03 -8.730e-03 0.000e+00
867 7.073e-03 -1.637e-03 -5.856e-03 0.000e+00
868 -7.548e-03 4.349e-03 -5.843e-03 0.000e+00
869 9.365e-04 -1.043e-02 1.096e-02 0.000e+00
870 1.336e-03 -6.489e-03 -1.599e-02 0.000e+00
871 -1.230e-02 -2.807e-03 1.805e-03 0.000e+00
872 8.560e-03 -5.163e-03 -1.300e-03 0.000e+00
873 -2.150e-04 -1.071e-02 2.227e-03 0.000e+00
874 -1.667e-03 -2.026e-03 6.780e-03 0.000e+00
875 -5.493e-03 3.454e-03 6.725e-03 0.000e+00
876 -4.450e-03 3.196e-03 -7.406e-03 0.000e+00
877 -3.459e-04 4.090e-03 -1.548e-03 0.000e+00
878 4.832e-03 -6.014e-03 1.727e-03 0.000e+00
879 -6.396e-03 -1.006e-02 -2.365e-03 0.000e+00
880 -2.086e-03 -2.169e-04 -1.509e-03 0.000e+00
881 -6.341e-03 -1.037e-02 -5.907e-03 0.000e+00
882 -8.460e-03 1.037e-02 4.140e-03 0.000e+00
883 -4.769e-03 -9.812e-03 9.762e-03 0.000e+00
884 -8.107e-03 1.767e-03 4.665e-03 0.000e+00
885 7.660e-03 -9.484e-03 -6.383e-03 0.000e+00
886 -2.508e-03 -9.540e-03 1.102e-02 0.000e+00
887 -3.076e-04 -8.281e-03 4.402e-03 0.000e+00
888 9.934e-05 2.334e-03 1.030e-02 0.000e+00
889 1.121e-02 2.833e-03 1.556e-03 0.000e+00
890 -2.560e-03 3.380e-03 1.249e-02 0.000e+00
891 1.520e-03 -9.709e-03 -3.761e-03 0.000e+00
892 2.406e-03 7.726e-03 4.330e-03 0.000e+00
893 -7.697e-03 4.053e-03 6.298e-03 0.000e+00
894 4.418e-03 1.416e-03 5.672e-03 0.000e+00
895 7.160e-03 -4.459e-03 -5.436e-03 0.000e+00
896 1.066e-03 1.907e-03 8.091e-03 0.000e+00
897 -1.789e-02 -9.232e-03 2.087e-03 0.000e+00
898 -1.598e-03 3.020e-03 7.293e-03 0.000e+00
899 5.165e-03 5.582e-03 4.837e-03 0.000e+00
900 -6.932e-03 2.420e-03 1.865e-02 0.000e+00
901 -7.955e-04 -9.776e-03 8.550e-03 0.000e+00
902 -6.487e-03 5.061e-03 3.093e-03 0.000e+00
903 9.230e-03 4.565e-03 -4.029e-03 0.000e+00
904 1.448e-03 -8.483e-03 -1.447e-02 0.000e+00
905 5.940e-03 -1.037e-02 -6.646e-03 0.000e+00
906 5.116e-03 -2.775e-03 -1.756e-04 0.000e+00
907 -3.868e-03 8.260e-04 2.203e-03 0.000e+00
908 4.461e-04 9.900e-03 -4.557e-03 0.000e+00
909 2.141e-04 1.224e-03 -1.701e-02 0.000e+00
910 2.484e-03 6.082e-03 4.663e-03 0.000e+00
911 4.644e-03 -1.073e-02 5.129e-03 0.000e+00
912 1.958e-03 -2.675e-03 -3.585e-03 0.000e+00
913 -1.457e-02 9.991e-03 -3.081e-03 0.000e+00
914 -3.449e-03 7.168e-03 -8.009e-03 0.000e+00
915 9.877e-04 7.254e-06 3.778e-03 0.000e+00
916 2.935e-03 2.776e-04 -5.871e-03 0.000e+00
917 2.687e-03 3.166e-03 5.000e-03 0.000e+00
918 -4.258e-03 2.380e-03 -5.894e-03 0.000e+00
919 -6.478e-03 -1.033e-02 -4.314e-03 0.000e+00
920 4.770e-03 -9.897e-03 6.722e-03 0.000e+00
921 -4.961e-03 3.509e-03 9.082e-03 0.000e+00
922 6.471e-03 -5.498e-04 2.179e-03 0.000e+00
923 1.955e-03 9.621e-04 5.601e-03 0.000e+00
924 4.756e-03 -8.267e-03 -1.233e-03 0.000e+00
925 -3.079e-03 -1.061e-02 1.536e-03 0.000e+00
926 -1.104e-02 -9.975e-03 9.855e-03 0.000e+00
927 -2.067e-03 1.034e-03 -4.939e-03 0.000e+00
928 -2.079e-02 4.253e-03 -1.601e-03 0.000e+00
929 -7.652e-03 -1.067e-02 -6.546e-03 0.000e+00
930 4.640e-03 1.295e-02 -2.471e-03 -3.010e+00
931 -3.638e-03 -1.073e-02 7.234e-03 0.000e+00
932 3.945e-04 2.227e-03 -1.499e-03 0.000e+00
933 9.221e-03 9.507e-03 -9.281e-03 0.000e+00
934 1.865e-03 3.455e-04 1.543e-02 0.000e+00
935 -6.499e-03 -1.041e-02 1.794e-04 0.000e+00
936 -9.990e-03 -1.020e-02 6.728e-03 0.000e+00
937 6.860e-04 2.336e-03 4.299e-03 0.000e+00
938 -7.650e-03 -9.835e-03 -4.721e-03 0.000e+00
939 -1.015e-02 3.557e-03 -1.088e-02 0.000e+00
940 7.871e-03 6.770e-03 -2.871e-03 0.000e+00
941 1.118e-02 2.922e-03 3.768e-04 0.000e+00
942 -1.610e-03 -9.576e-03 1.179e-02 0.000e+00
943 -1.063e-02 -9.183e-03 -8.119e-03 0.000e+00
944 -7.648e-03 5.542e-03 1.614e-03 0.000e+00
945 -2.698e-03 -9.170e-03 2.825e-03 0.000e+00
946 -3.707e-03 2.611e-03 1.946e-03 0.000e+00
947 -8.470e-03 -1.073e-02 5.168e-03 0.000e+00
948 -2.607e-03 5.170e-03 4.288e-03 0.000e+00
949 9.778e-04 -5.258e-04 -1.218e-02 0.000e+00
950 2.505e-03 1.404e-02 2.477e-03 7.420e+01
951 -8.483e-03 1.377e-02 -4.529e-03 -4.946e+00
952 8.716e-03 9.892e-03 -6.825e-03 0.000e+00
953 -2.093e-03 6.719e-03 -1.097e-03 0.000e+00
954 -4.621e-03 9.095e-03 -4.744e-03 0.000e+00
955 6.660e-03 -3.592e-03 -6.099e-03 0.000e+00
956 8.376e-03 -8.823e-03 1.591e-02 0.000e+00
957 4.103e-03 -8.954e-03 9.361e-03 0.000e+00
958 -7.147e-03 -9.827e-03 -4.458e-04 0.000e+00
959 4.939e-03 7.894e-03 -2.322e-03 0.000e+00
960 1.657e-03 3.326e-03 4.326e-03 0.000e+00
961 -4.177e-03 1.498e-02 -1.088e-02 1.517e+01
962 -1.254e-03 4.663e-03 -2.590e-03 0.000e+00
963 -5.145e-04 -2.122e-03 5.425e-03 0.000e+00
964 9.429e-04 -1.070e-02 -2.592e-03 0.000e+00
965 8.226e-03 9.514e-04 -6.822e-04 0.000e+00
966 -2.103e-03 -6.647e-03 1.227e-03 0.000e+00
967 1.110e-02 -1.060e-02 1.578e-02 0.000e+00
968 -1.971e-02 9.169e-03 -1.067e-03 0.000e+00
969 7.922e-03 1.779e-03 -9.894e-04 0.000e+00
970 -7.851e-03 -6.417e-04 -4.365e-03 0.000e+00
971 -1.780e-03 2.887e-03 -1.763e-03 0.000e+00
972 6.930e-03 -9.953e-03 6.409e-04 0.000e+00
973 2.081e-03 2.486e-03 6.439e-03 0.000e+00
974 5.863e-03 2.666e-03 5.079e-03 0.000e+00
975 -3.174e-03 -1.069e-02 5.375e-03 0.000e+00
976 -8.046e-03 5.103e-03 4.219e-03 0.000e+00
977 -4.069e-03 5.099e-03 -7.563e-03 0.000e+00
978 -2.281e-03 -1.036e-02 -9.590e-03 0.000e+00
979 3.438e-05 3.895e-03 8.101e-03 0.000e+00
980 3.269e-03 -9.800e-03 3.493e-03 0.000e+00
981 9.303e-04 -7.405e-03 2.736e-03 0.000e+00
982 -8.805e-03 -9.189e-03 -3.592e-03 0.000e+00
983 3.627e-03 -6.066e-03 -1.078e-02 0.000e+00
984 -1.200e-02 -6.283e-03 1.160e-02 0.000e+00
985 5.924e-03 -9.655e-03 -2.940e-03 0.000e+00
986 -1.050e-02 9.657e-04 8.128e-03 0.000e+00
987 -1.807e-03 4.836e-03 3.359e-03 0.000e+00
988 1.579e-02 -9.759e-03 7.924e-03 0.000e+00
989 -9.099e-03 1.493e-02 -4.919e-03 -8.596e+01
990 -3.310e-04 5.913e-03 5.068e-04 0.000e+00
991 1.984e-03 -1.037e-02 2.545e-03 0.000e+00
992 6.443e-03 9.807e-03 -1.753e-04 0.000e+00
993 -9.001e-03 -8.469e-03 7.604e-03 0.000e+00
994 -1.463e-02 -1.033e-02 -5.541e-03 0.000e+00
995 3.434e-03 -8.953e-03 6.851e-03 0.000e+00
996 -8.933e-03 7.067e-03 -1.334e-02 0.000e+00
997 -3.554e-03 3.659e-03 -3.873e-03 0.000e+00
998 6.188e-03 3.612e-03 -1.278e-03 0.000e+00
999 -4.480e-03 -1.021e-02 5.771e-03 0.000e+00
1000 -2.104e-03 -1.055e-03 2.432e-04 0.000e+00
1001 -3.519e-03 6.144e-03 6.128e-03 0.000e+00
1002 7.317e-03 -1.031e-02 5.788e-03 0.000e+00
1003 -2.884e-03 -8.269e-04 -7.349e-04 0.000e+00
1004 -1.401e-02 -9.731e-03 -4.579e-03 0.000e+00
1005 2.678e-03 7.072e-03 -1.151e-02 0.000e+00
1006 2.020e-03 6.628e-03 -1.020e-02 0.000e+00
1007 6.883e-04 5.122e-03 5.672e-04 0.000e+00
1008 -1.007e-02 2.222e-04 8.921e-03 0.000e+00
1009 1.805e-03 -9.305e-03 -8.338e-04 0.000e+00
1010 -6.224e-03 2.421e-03 1.348e-03 0.000e+00
1011 -1.795e-03 2.697e-03 3.634e-03 0.000e+00
1012 -4.948e-03 1.347e-03 -5.578e-03 0.000e+00
1013 -7.662e-03 5.434e-03 -9.698e-03 0.000e+00
1014 5.450e-03 3.661e-04 3.401e-04 0.000e+00
1015 2.880e-03 -9.483e-03 1.750e-03 0.000e+00
1016 -1.020e-02 5.033e-03 -1.047e-02 0.000e+00
1017 -9.267e-03 1.567e-03 -1.044e-02 0.000e+00
1018 -5.653e-03 2.043e-03 1.855e-02 0.000e+00
1019 -3.641e-03 -9.915e-03 6.400e-03 0.000e+00
1020 -9.636e-04 7.313e-03 -5.949e-03 0.000e+00
1021 2.273e-04 1.949e-02 4.313e-03 3.137e+01
1022 -9.829e-03 -6.438e-04 -6.303e-03 0.000e+00
1023 6.587e-03 4.656e-03 -5.400e-03 0.000e+00
1024 2.208e-03 3.400e-03 4.279e-03 0.000e+00
1025 -1.416e-02 9.634e-03 -7.028e-03 0.000e+00
1026 4.235e-03 -4.456e-04 -1.111e-03 0.000e+00
1027 3.398e-03 -2.094e-03 -1.486e-03 0.000e+00
1028 3.667e-03 -7.743e-03 -6.643e-04 0.000e+00
1029 2.286e-03 -7.155e-03 -6.003e-03 0.000e+00
1030 -9.182e-03 5.825e-03 -6.333e-03 0.000e+00
1031 -6.594e-04 -9.707e-03 4.632e-03 0.000e+00
1032 -2.948e-04 3.745e-03 1.318e-02 0.000e+00
1033 -1.296e-02 -1.102e-03 -1.726e-03 0.000e+00
1034 1.336e-03 -9.901e-03 3.052e-04 0.000e+00
1035 -1.837e-03 6.395e-03 3.410e-03 0.000e+00
1036 1.221e-04 -7.106e-03 -4.533e-03 0.000e+00
1037 7.816e-03 -7.202e-04 8.977e-03 0.000e+00
1038 -3.801e-03 7.364e-03 -1.313e-02 0.000e+00
1039 -2.771e-03 -7.756e-04 4.588e-03 0.000e+00
1040 -2.716e-03 -2.458e-04 5.343e-03 0.000e+00
1041 -1.245e-02 3.574e-03 2.409e-03 0.000e+00
1042 2.913e-03 -5.760e-03 -8.229e-03 0.000e+00
1043 5.758e-03 3.464e-03 -9.205e-03 0.000e+00
1044 -5.140e-04 -6.877e-03 -9.509e-03 0.000e+00
1045 -5.595e-03 -1.712e-03 -5.226e-04 0.000e+00
1046 -4.755e-03 5.545e-03 4.613e-03 0.000e+00
1047 -1.905e-02 8.154e-03 7.779e-03 0.000e+00
1048 4.960e-03 8.037e-03 5.275e-03 0.000e+00
1049 -1.978e-03 9.770e-03 2.628e-03 0.000e+00
1050 -1.217e-02 -5.065e-04 4.665e-04 0.000e+00
1051 -1.053e-02 -8.100e-03 1.635e-03 0.000e+00
1052 1.287e-02 -7.470e-03 3.834e-03 0.000e+00
1053 -5.211e-03 -8.244e-03 -5.512e-03 0.000e+00
1054 -2.088e-03 -1.025e-02 4.586e-04 0.000e+00
1055 -1.450e-04 5.217e-03 -2.764e-03 0.000e+00
1056 -1.633e-02 -2.388e-04 5.832e-03 0.000e+00
1057 8.982e-03 6.280e-03 6.485e-03 0.000e+00
1058 5.377e-03 -6.637e-04 -1.599e-02 0.000e+00
1059 3.300e-04 -8.482e-03 1.006e-02 0.000e+00
1060 4.092e-04 -2.970e-03 -3.602e-03 0.000e+00
1061 -4.861e-03 2.403e-03 -7.906e-03 0.000e+00
1062 5.805e-03 -9.014e-03 -9.138e-03 0.000e+00
1063 -2.900e-05 5.875e-03 2.471e-03 0.000e+00
1064 -1.734e-02 1.030e-02 2.039e-03 0.000e+00
1065 -3.950e-03 -9.275e-03 4.133e-03 0.000e+00
1066 7.242e-03 -6.973e-04 9.565e-03 0.000e+00
1067 -5.652e-03 -6.533e-03 5.859e-03 0.000e+00
1068 -3.650e-03 3.621e-03 -4.907e-03 0.000e+00
1069 4.525e-04 5.691e-03 -6.260e-03 0.000e+00
1070 -1.302e-02 -1.886e-03 -4.393e-03 0.000e+00
1071 -8.219e-03 6.956e-03 1.845e-03 0.000e+00
1072 -3.455e-03 -5.260e-03 2.678e-03 0.000e+00
1073 5.177e-03 2.727e-03 5.443e-03 0.000e+00
1074 2.381e-03 5.849e-05 2.732e-04 0.000e+00
1075 -1.846e-03 7.753e-03 3.399e-03 0.000e+00
1076 -8.384e-03 1.177e-02 9.375e-04 4.608e+01
1077 2.648e-03 -7.119e-03 -2.451e-03 0.000e+00
1078 -1.889e-03 1.748e-03 -1.133e-02 0.000e+00
1079 -7.295e-03 -7.501e-04 4.304e-03 0.000e+00
1080 -2.261e-03 1.131e-03 4.712e-04 0.000e+00
1081 8.300e-04 5.434e-03 2.349e-03 0.000e+00
1082 3.922e-03 3.476e-03 4.152e-03 0.000e+00
1083 5.877e-03 -8.333e-03 -6.654e-03 0.000e+00
1084 -5.604e-03 4.657e-03 -4.452e-03 0.000e+00
1085 -1.866e-03 -7.584e-03 1.131e-02 0.000e+00
1086 6.177e-03 -5.869e-03 4.583e-04 0.000e+00
1087 -6.474e-03 -7.905e-03 1.065e-03 0.000e+00
1088 -1.569e-02 -9.815e-03 3.909e-03 0.000e+00
1089 7.857e-03 1.182e-02 8.659e-03 -7.742e+01
1090 -1.254e-02 6.956e-03 -3.798e-03 0.000e+00
1091 -7.441e-03 -8.629e-03 3.162e-03 0.000e+00
1092 -4.988e-03 -8.345e-04 9.939e-03 0.000e+00
1093 -2.059e-03 8.150e-03 4.803e-03 0.000e+00
1094 4.892e-03 -1.059e-02 -9.310e-03 0.000e+00
1095 -2.193e-03 -1.001e-02 4.560e-03 0.000e+00
1096 2.942e-03 7.970e-03 6.441e-03 0.000e+00
1097 2.295e-03 -1.016e-02 9.614e-03 0.000e+00
1098 2.521e-03 -9.710e-03 1.219e-02 0.000e+00
1099 -2.709e-03 5.897e-03 -1.421e-02 0.000e+00
1100 -1.041e-02 -6.861e-04 5.879e-03 0.000e+00
1101 -4.594e-03 -8.325e-03 -3.449e-03 0.000e+00
1102 -1.694e-02 9.759e-03 5.196e-04 0.000e+00
1103 -6.083e-03 -7.011e-03 -3.050e-03 0.000e+00
1104 7.177e-05 6.527e-03 3.133e-03 0.000e+00
1105 -8.601e-03 -1.019e-02 6.609e-03 0.000e+00
1106 4.917e-04 1.286e-03 -7.668e-03 0.000e+00
1107 -4.013e-03 3.260e-04 4.388e-03 0.000e+00
1108 -1.348e-02 6.133e-03 -2.751e-03 0.000e+00
1109 -6.683e-04 -7.885e-03 -1.412e-02 0.000e+00
1110 -6.584e-03 5.096e-04 1.747e-03 0.000e+00
1111 -1.392e-02 1.091e-02 -3.425e-03 7.152e+01
1112 -4.565e-03 5.399e-04 1.071e-04 0.000e+00
1113 -1.296e-02 6.339e-04 1.248e-02 0.000e+00
1114 -9.012e-03 9.384e-03 -5.856e-03 0.000e+00
1115 -1.426e-03 5.328e-03 -5.433e-03 0.000e+00
1116 6.510e-03 -6.791e-03 -1.679e-03 0.000e+00
1117 -3.117e-03 -9.808e-05 -5.455e-03 0.000e+00
1118 -4.228e-03 6.278e-03 4.984e-03 0.000e+00
1119 2.076e-03 -8.395e-03 -3.762e-03 0.000e+00
1120 3.175e-03 -1.034e-02 -3.209e-03 0.000e+00
1121 -7.152e-03 4.297e-03 -1.085e-04 0.000e+00
1122 -8.945e-03 -1.020e-02 4.791e-03 0.000e+00
1123 -1.948e-03 2.862e-03 1.755e-03 0.000e+00
1124 -1.925e-02 -7.278e-03 -1.765e-03 0.000e+00
1125 6.778e-03 9.447e-04 4.045e-03 0.000e+00
1126 -4.221e-03 -8.633e-03 1.417e-02 0.000e+00
1127 2.362e-03 -2.730e-03 7.619e-03 0.000e+00
1128 -4.442e-03 8.246e-03 -5.025e-03 0.000e+00
1129 2.580e-03 -7.273e-03 1.080e-02 0.000e+00
1130 7.387e-03 -1.029e-02 -7.424e-03 0.000e+00
1131 -6.565e-03 5.410e-03 2.602e-03 0.000e+00
1132 -4.888e-03 -7.054e-03 -1.422e-02 0.000e+00
1133 3.659e-03 -8.585e-03 -6.642e-04 0.000e+00
1134 -4.841e-04 -9.473e-03 -4.671e-03 0.000e+00
1135 1.548e-03 -1.015e-02 4.025e-03 0.000e+00
1136 -1.864e-03 3.738e-03 -2.311e-03 0.000e+00
1137 -1.022e-02 6.648e-03 2.247e-03 0.000e+00
1138 1.583e-05 -9.587e-03 -1.035e-02 0.000e+00
1139 -1.337e-02 2.480e-03 -1.646e-02 0.000e+00
1140 6.969e-04 3.812e-03 -4.417e-03 0.000e+00
1141 -7.837e-03 -5.926e-03 -2.785e-03 0.000e+00
1142 -7.320e-03 -5.023e-04 7.758e-03 0.000e+00
1143 8.433e-03 1.032e-02 -7.470e-04 0.000e+00
1144 -1.443e-02 -1.023e-02 -2.652e-03 0.000e+00
1145 4.226e-03 -8.963e-03 3.010e-03 0.000e+00
1146 -1.079e-04 -9.224e-03 -1.355e-02 0.000e+00
1147 5.477e-03 6.707e-03 -1.819e-03 0.000e+00
1148 -2.202e-03 -1.074e-02 -2.651e-03 0.000e+00
1149 1.565e-03 -1.463e-03 4.617e-03 0.000e+00
1150 3.368e-03 -8.986e-03 -1.407e-03 0.000e+00
1151 -2.692e-03 -1.016e-02 -6.984e-03 0.000e+00
1152 -5.395e-03 -8.035e-03 -1.711e-02 0.000e+00
1153 -1.128e-02 3.909e-04 -1.185e-02 0.000e+00
1154 -2.394e-03 3.207e-03 1.245e-02 0.000e+00
1155 -1.075e-02 8.024e-04 -3.426e-03 0.000e+00
1156 -1.333e-02 -6.489e-03 -3.260e-03 0.000e+00
1157 -1.050e-02 -5.301e-03 1.191e-02 0.000e+00
1158 1.516e-03 -7.587e-03 8.542e-03 0.000e+00
1159 -6.665e-03 -4.253e-04 -1.749e-03 0.000e+00
1160 4.882e-03 -8.292e-03 -2.505e-04 0.000e+00
1161 -1.874e-02 7.492e-03 -5.788e-03 0.000e+00
1162 -4.148e-03 -9.733e-03 5.167e-04 0.000e+00
1163 -1.132e-02 -8.060e-03 6.711e-03 0.000e+00
1164 2.045e-03 7.228e-03 -3.751e-03 0.000e+00
1165 5.475e-03 5.480e-05 -1.839e-03 0.000e+00
1166 -8.321e-03 1.010e-02 1.235e-03 0.000e+00
1167 -9.073e-03 3.071e-03 -6.818e-03 0.000e+00
1168 -9.135e-03 2.254e-03 -1.281e-03 0.000e+00
1169 -4.797e-04 9.346e-03 -3.493e-03 0.000e+00
1170 -5.821e-03 -7.130e-03 6.904e-03 0.000e+00
1171 1.997e-03 1.054e-03 2.944e-03 0.000e+00
1172 1.235e-03 -1.070e-02 1.935e-03 0.000e+00
1173 -2.012e-03 -7.050e-03 -4.088e-03 0.000e+00
1174 -2.191e-03 -7.842e-03 8.598e-03 0.000e+00
1175 -8.751e-03 1.443e-03 -8.806e-03 0.000e+00
1176 -3.359e-03 -8.793e-03 1.097e-02 0.000e+00
1177 -5.984e-03 -9.408e-04 -3.129e-03 0.000e+00
1178 -1.269e-02 -5.128e-03 -5.308e-04 0.000e+00
1179 6.665e-04 -3.099e-03 -1.767e-03 0.000e+00
1180 -1.776e-02 -9.658e-03 -4.647e-03 0.000e+00
1181 -1.287e-02 -6.048e-03 1.210e-02 0.000e+00
1182 3.943e-03 -1.001e-02 -1.620e-03 0.000e+00
1183 -6.727e-03 8.672e-03 1.221e-03 0.000e+00
1184 -1.660e-03 1.399e-02 1.692e-03 6.877e+01
1185 6.081e-03 -2.254e-03 9.751e-05 0.000e+00
1186 -1.273e-02 8.695e-03 -2.989e-03 0.000e+00
1187 -5.822e-03 -9.967e-03 -8.749e-03 0.000e+00
1188 -4.019e-03 6.728e-03 -4.380e-03 0.000e+00
1189 1.247e-03 -7.876e-03 1.940e-03 0.000e+00
1190 -1.209e-02 -9.377e-03 -8.748e-04 0.000e+00
1191 -4.877e-03 1.839e-02 -3.459e-03 -9.781e+01
1192 -1.280e-04 -5.680e-03 -2.423e-02 0.000e+00
1193 -3.848e-03 -2.748e-03 -7.586e-03 0.000e+00
1194 -5.921e-03 -2.212e-03 -9.423e-04 0.000e+00
1195 3.126e-03 -7.980e-03 -7.987e-03 0.000e+00
1196 -1.117e-02 9.278e-03 -1.073e-02 0.000e+00
1197 -1.357e-02 -7.016e-03 6.585e-03 0.000e+00
1198 8.778e-03 -1.019e-02 5.306e-03 0.000e+00
1199 -1.132e-02 4.823e-03 -9.405e-03 0.000e+00
1200 -2.360e-02 -6.881e-03 5.391e-03 0.000e+00
1201 -6.625e-03 1.266e-03 1.090e-03 0.000e+00
1202 -2.029e-03 1.465e-03 2.752e-03 0.000e+00
1203 -5.973e-03 -7.200e-03 1.161e-02 0.000e+00
1204 1.754e-03 1.275e-02 -1.235e-02 4.639e+01
1205 -3.472e-03 -7.775e-03 4.829e-03 0.000e+00
1206 -5.183e-03 3.388e-03 8.285e-03 0.000e+00
1207 8.439e-03 -1.052e-02 -1.856e-03 0.000e+00
1208 5.409e-04 3.209e-03 7.919e-03 0.000e+00
1209 -4.104e-03 6.239e-03 -7.053e-03 0.000e+00
1210 1.586e-03 -8.911e-03 -1.699e-03 0.000e+00
1211 6.947e-05 4.579e-03 -8.104e-03 0.000e+00
1212 -2.500e-03 2.968e-04 9.358e-03 0.000e+00
1213 -8.377e-03 1.030e-03 -4.155e-03 0.000e+00
1214 -6.545e-03 1.754e-03 7.157e-03 0.000e+00
1215 -2.880e-03 -9.659e-03 1.478e-02 0.000e+00
1216 2.605e-03 -8.663e-03 -3.049e-03 0.000e+00
1217 -6.475e-03 2.912e-03 -3.673e-03 0.000e+00
1218 -1.722e-03 7.451e-04 -3.142e-03 0.000e+00
1219 -1.471e-02 -2.314e-03 -4.661e-03 0.000e+00
1220 -5.473e-03 6.417e-03 -3.969e-03 0.000e+00
1221 -1.211e-02 -9.235e-03 -3.478e-03 0.000e+00
1222 -2.787e-03 -7.715e-03 -1.389e-04 0.000e+00
1223 1.115e-04 -1.008e-02 -1.038e-03 0.000e+00
1224 9.141e-03 1.828e-03 -1.640e-03 0.000e+00
1225 -6.950e-03 -1.015e-02 -8.397e-03 0.000e+00
1226 2.544e-03 -9.608e-03 5.191e-03 0.000e+00
1227 -5.382e-03 -9.023e-03 -8.139e-03 0.000e+00
1228 -1.240e-03 -4.893e-03 2.487e-03 0.000e+00
1229 -1.098e-02 -9.682e-03 -5.528e-03 0.000e+00
1230 4.713e-03 6.099e-03 4.960e-03 0.000e+00
1231 -6.959e-03 -1.028e-02 -5.148e-04 0.000e+00
1232 -1.092e-04 9.020e-03 -1.332e-02 0.000e+00
1233 7.532e-03 7.288e-03 5.162e-03 0.000e+00
1234 -2.727e-03 3.832e-03 3.540e-03 0.000e+00
1235 6.715e-03 -6.980e-04 -1.588e-03 0.000e+00
1236 -1.285e-03 3.772e-04 -2.277e-03 0.000e+00
1237 -2.326e-03 3.699e-03 -1.036e-02 0.000e+00
1238 2.645e-03 -2.387e-03 -6.121e-03 0.000e+00
1239 1.322e-04 3.697e-03 -8.389e-03 0.000e+00
1240 -2.751e-04 -7.059e-03 2.807e-04 0.000e+00
1241 9.742e-03 2.570e-03 -6.673e-03 0.000e+00
1242 -2.629e-03 -7.926e-03 -3.134e-03 0.000e+00
1243 1.591e-03 8.846e-03 6.943e-03 0.000e+00
1244 -4.963e-03 7.375e-03 -5.401e-03 0.000e+00
1245 -7.928e-04 -5.211e-04 -1.251e-02 0.000e+00
1246 -3.222e-03 -7.424e-03 1.112e-02 0.000e+00
1247 -8.729e-03 3.841e-03 8.543e-03 0.000e+00
1248 9.214e-04 4.862e-03 3.647e-03 0.000e+00
1249 -1.159e-02 6.554e-03 1.111e-02 0.000e+00
1250 -3.397e-03 1.375e-02 9.355e-04 -5.863e+01
1251 -3.307e-03 -1.074e-02 3.881e-03 0.000e+00
1252 -5.852e-03 2.412e-03 8.444e-03 0.000e+00
1253 4.153e-04 2.073e-03 5.143e-03 0.000e+00
1254 -8.000e-03 -9.804e-03 -4.179e-03 0.000e+00
1255 2.613e-03 2.535e-03 3.240e-04 0.000e+00
1256 2.752e-03 -5.475e-04 -8.981e-03 0.000e+00
1257 -2.491e-03 -8.178e-03 3.689e-03 0.000e+00
1258 -2.446e-03 6.032e-03 -8.743e-05 0.000e+00
1259 1.183e-03 -7.700e-03 1.703e-02 0.000e+00
1260 -3.239e-03 4.805e-04 1.204e-03 0.000e+00
1261 4.988e-03 5.526e-04 8.348e-03 0.000e+00
1262 -3.832e-03 1.066e-02 -1.781e-02 6.302e+01
1263 -5.930e-03 5.303e-03 -1.265e-02 0.000e+00
1264 -6.679e-03 6.066e-03 1.445e-02 0.000e+00
1265 2.393e-03 -1.536e-03 -1.039e-02 0.000e+00
1266 1.048e-03 -6.456e-04 -7.262e-03 0.000e+00
1267 -1.460e-03 -9.237e-03 1.040e-02 0.000e+00
1268 7.780e-03 -6.265e-03 4.722e-03 0.000e+00
1269 -1.073e-02 8.108e-03 -6.884e-03 0.000e+00
1270 -2.237e-03 1.223e-02 -1.520e-04 -1.420e-01
1271 -8.637e-03 2.897e-03 -9.816e-03 0.000e+00
1272 -1.390e-03 -9.652e-03 1.604e-02 0.000e+00
1273 -2.097e-02 4.807e-03 8.977e-03 0.000e+00
1274 -6.484e-03 9.613e-03 -3.274e-03 0.000e+00
1275 -2.961e-03 -1.035e-02 7.128e-03 0.000e+00
1276 -1.125e-02 4.421e-03 -1.371e-02 0.000e+00
1277 1.586e-03 8.376e-03 -8.217e-03 0.000e+00
1278 -3.438e-03 -1.029e-03 3.576e-03 0.000e+00
1279 -8.354e-03 9.913e-03 3.284e-04 0.000e+00
1280 -6.703e-03 -8.414e-03 6.946e-03 0.000e+00
1281 -2.409e-03 1.942e-03 4.558e-03 0.000e+00
1282 2.142e-03 -1.056e-02 -1.712e-03 0.000e+00
1283 -3.310e-03 -1.063e-02 -2.932e-03 0.000e+00
1284 7.809e-03 8.918e-03 -4.254e-03 0.000e+00
1285 -1.235e-02 -6.572e-03 1.209e-03 0.000e+00
1286 -3.300e-03 -2.516e-03 1.119e-04 0.000e+00
1287 -6.599e-03 1.100e-02 -3.979e-05 -4.660e+01
1288 2.945e-03 -1.600e-04 -2.379e-03 0.000e+00
1289 -9.524e-04 -9.603e-03 1.390e-03 0.000e+00
1290 -2.623e-03 6.258e-03 6.804e-03 0.000e+00
1291 -1.586e-03 5.303e-03 -7.822e-04 0.000e+00
1292 -2.610e-03 -1.011e-02 7.308e-03 0.000e+00
1293 -2.030e-04 7.962e-03 4.188e-03 0.000e+00
1294 2.464e-03 -1.007e-02 4.833e-03 0.000e+00
1295 -2.931e-03 1.116e-02 -1.518e-03 6.868e+01
1296 -1.608e-02 -9.258e-03 2.929e-03 0.000e+00
1297 1.013e-02 1.026e-03 3.464e-03 0.000e+00
1298 4.306e-03 -8.076e-03 -5.534e-03 0.000e+00
1299 1.673e-02 8.393e-03 -5.561e-03 0.000e+00
1300 -4.979e-03 -8.227e-03 9.666e-03 0.000e+00
1301 4.897e-03 1.738e-03 4.451e-03 0.000e+00
1302 -5.504e-03 1.032e-03 -5.983e-03 0.000e+00
1303 -3.965e-03 -7.440e-03 -2.270e-03 0.000e+00
1304 -5.500e-03 -1.775e-03 -6.228e-03 0.000e+00
1305 -1.022e-04 7.005e-03 5.465e-03 0.000e+00
1306 -4.741e-03 -6.035e-03 3.239e-03 0.000e+00
1307 -8.851e-03 -8.412e-03 8.843e-03 0.000e+00
1308 7.212e-03 -5.319e-03 -1.270e-02 0.000e+00
1309 7.801e-03 -8.092e-03 -5.918e-03 0.000e+00
1310 3.487e-03 3.515e-03 7.654e-03 0.000e+00
1311 7.734e-03 -6.230e-03 -1.509e-03 0.000e+00
1312 1.019e-02 -1.071e-02 -7.740e-04 0.000e+00
1313 -8.837e-03 -8.543e-03 1.229e-03 0.000e+00
1314 1.834e-03 5.531e-03 -4.019e-03 0.000e+00
1315 -1.420e-02 -7.935e-04 -2.605e-03 0.000e+00
1316 6.874e-03 5.794e-03 3.732e-03 0.000e+00
1317 -1.886e-03 -8.587e-03 1.279e-02 0.000e+00
1318 5.893e-04 1.329e-02 -2.138e-04 -1.015e+02
1319 3.565e-03 5.151e-03 2.668e-03 0.000e+00
1320 -1.118e-02 -1.806e-03 8.731e-04 0.000e+00
1321 -8.721e-03 7.298e-03 -1.976e-02 0.000e+00
1322 -8.270e-04 -9.177e-03 -5.221e-03 0.000e+00
1323 -3.532e-03 6.323e-03 -2.998e-03 0.000e+00
1324 -2.037e-03 8.452e-03 1.881e-03 0.000e+00
1325 -1.105e-02 7.441e-03 3.433e-03 0.000e+00
1326 -5.472e-03 -8.824e-03 -3.909e-03 0.000e+00
1327 -2.070e-03 1.141e-02 2.816e-03 -2.312e+01
1328 1.146e-02 -8.415e-03 3.967e-03 0.000e+00
1329 -1.072e-03 1.410e-02 -9.490e-03 5.354e+01
1330 3.619e-03 9.326e-04 -1.102e-02 0.000e+00
1331 -8.164e-03 8.844e-03 -1.835e-03 0.000e+00
1332 -2.471e-03 1.266e-03 6.463e-04 0.000e+00
1333 2.545e-03 7.148e-04 -2.594e-03 0.000e+00
1334 -9.233e-03 1.229e-03 -3.654e-03 0.000e+00
1335 3.211e-04 -1.001e-02 -1.326e-03 0.000e+00
1336 -1.025e-03 -6.862e-03 1.401e-03 0.000e+00
1337 -7.962e-03 -9.459e-03 1.864e-05 0.000e+00
1338 -2.508e-04 -1.041e-02 -1.114e-02 0.000e+00
1339 -4.557e-03 5.988e-03 2.532e-03 0.000e+00
1340 3.348e-03 -1.032e-02 -9.622e-03 0.000e+00
1341 -1.302e-03 -1.061e-02 2.714e-03 0.000e+00
1342 3.134e-03 6.777e-03 -3.878e-03 0.000e+00
1343 -1.311e-03 -8.475e-03 8.700e-03 0.000e+00
1344 -1.563e-02 -1.030e-02 -6.681e-03 0.000e+00
1345 -5.530e-04 3.048e-03 8.781e-03 0.000e+00
1346 1.238e-02 1.804e-03 -2.440e-03 0.000e+00
1347 -9.728e-03 1.221e-02 -3.866e-03 4.022e+01
1348 -6.785e-03 2.202e-03 -1.408e-02 0.000e+00
1349 -6.513e-03 -6.152e-03 1.019e-02 0.000e+00
1350 -1.375e-02 -6.573e-03 7.093e-03 0.000e+00
1351 -8.627e-04 -1.004e-02 8.735e-03 0.000e+00
1352 -5.114e-03 8.585e-04 8.667e-03 0.000e+00
1353 1.081e-02 3.994e-03 -7.964e-03 0.000e+00
1354 -3.810e-03 1.275e-03 -4.983e-03 0.000e+00
1355 -6.829e-03 -9.589e-03 7.733e-03 0.000e+00
1356 -7.560e-03 7.207e-03 -5.769e-03 0.000e+00
1357 9.603e-04 -1.025e-02 6.033e-03 0.000e+00
1358 -5.212e-03 8.006e-04 -6.448e-03 0.000e+00
1359 2.418e-03 -8.092e-04 -3.874e-03 0.000e+00
1360 1.799e-02 1.955e-03 -1.063e-02 0.000e+00
1361 -5.593e-03 2.998e-03 6.630e-03 0.000e+00
1362 -2.654e-04 -8.738e-03 -2.483e-04 0.000e+00
1363 -6.203e-03 7.368e-03 7.610e-03 0.000e+00
1364 1.532e-03 -7.440e-03 2.026e-03 0.000e+00
1365 -7.043e-03 2.180e-03 5.258e-03 0.000e+00
1366 1.027e-03 1.525e-03 9.422e-03 0.000e+00
1367 5.577e-03 -7.656e-03 -5.231e-03 0.000e+00
1368 6.125e-04 3.380e-04 1.422e-03 0.000e+00
1369 -7.690e-03 1.826e-03 7.474e-03 0.000e+00
1370 -1.208e-02 5.884e-03 2.671e-04 0.000e+00
1371 -5.307e-03 7.219e-03 4.130e-03 0.000e+00
1372 3.053e-03 8.894e-04 1.284e-03 0.000e+00
1373 1.897e-03 -6.847e-03 -5.453e-03 0.000e+00
1374 -5.997e-03 -7.632e-03 -7.548e-03 0.000e+00
1375 6.570e-03 -4.815e-04 2.452e-03 0.000e+00
1376 3.820e-03 9.815e-04 7.261e-03 0.000e+00
1377 -6.200e-03 -3.702e-05 -3.381e-03 0.000e+00
1378 -4.412e-03 -9.240e-03 1.870e-03 0.000e+00
1379 -1.030e-03 -6.317e-03 -3.531e-03 0.000e+00
1380 -1.190e-02 -9.167e-03 1.156e-03 0.000e+00
1381 -1.586e-03 2.333e-03 6.590e-03 0.000e+00
1382 3.078e-03 -1.001e-02 -6.829e-03 0.000e+00
1383 -2.122e-04 6.755e-04 -1.357e-03 0.000e+00
1384 7.676e-03 7.400e-04 -1.765e-03 0.000e+00
1385 -6.932e-03 1.142e-03 -1.579e-03 0.000e+00
1386 4.379e-03 3.576e-03 -1.111e-02 0.000e+00
1387 6.159e-03 7.308e-03 -5.442e-03 0.000e+00
1388 -3.611e-03 2.830e-03 1.010e-02 0.000e+00
1389 -9.739e-04 -7.106e-03 -9.221e-03 0.000e+00
1390 -4.376e-03 -2.851e-03 8.674e-03 0.000e+00
1391 -1.036e-02 -9.916e-03 -8.527e-03 0.000e+00
1392 5.495e-03 -1.001e-02 -3.837e-03 0.000e+00
1393 -4.835e-03 -9.732e-03 7.602e-03 0.000e+00
1394 3.820e-03 6.064e-03 1.984e-03 0.000e+00
1395 7.200e-03 -1.403e-05 -8.464e-03 0.000e+00
1396 -5.794e-04 1.278e-02 5.099e-04 5.236e+01
1397 1.105e-03 -8.491e-03 -2.619e-03 0.000e+00
1398 1.979e-03 1.600e-03 7.099e-04 0.000e+00
1399 -7.484e-03 1.000e-02 -1.072e-02 0.000e+00
1400 -8.049e-03 -9.225e-03 7.287e-03 0.000e+00
1401 7.161e-03 -8.387e-03 -3.913e-04 0.000e+00
1402 7.591e-03 2.149e-03 -4.947e-04 0.000e+00
1403 -4.745e-03 -9.759e-03 -2.281e-03 0.000e+00
1404 -3.994e-03 -9.428e-03 7.752e-04 0.000e+00
1405 -1.161e-02 1.149e-02 6.401e-03 -1.648e+00
1406 -8.653e-03 3.280e-03 2.642e-03 0.000e+00
1407 -1.601e-02 1.749e-03 -1.724e-03 0.000e+00
1408 5.227e-03 -2.975e-03 1.282e-03 0.000e+00
1409 -8.666e-03 2.795e-03 4.980e-03 0.000e+00
1410 -8.165e-03 7.554e-03 5.528e-04 0.000e+00
1411 -1.535e-03 -4.163e-04 -4.888e-03 0.000e+00
1412 -7.123e-03 2.948e-07 -3.167e-03 0.000e+00
1413 -6.522e-04 -1.037e-02 -9.226e-03 0.000e+00
1414 5.181e-03 -1.002e-02 -9.327e-03 0.000e+00
1415 -6.494e-03 -9.469e-03 -3.572e-03 0.000e+00
1416 2.941e-03 -9.076e-04 9.621e-03 0.000e+00
1417 4.257e-03 2.597e-03 -3.459e-03 0.000e+00
1418 -1.148e-02 -1.004e-02 -2.705e-03 0.000e+00
1419 -2.685e-03 -6.637e-03 -8.154e-03 0.000e+00
1420 8.443e-03 3.796e-04 1.723e-03 0.000e+00
1421 -7.673e-03 4.922e-03 -4.687e-03 0.000e+00
1422 1.989e-03 -6.412e-03 -6.598e-04 0.000e+00
1423 -3.060e-03 7.388e-03 9.850e-03 0.000e+00
1424 -3.318e-03 5.396e-03 -6.446e-03 0.000e+00
1425 8.230e-05 -9.864e-03 -5.344e-03 0.000e+00
1426 -7.463e-03 -9.198e-03 -4.998e-03 0.000e+00
1427 -2.867e-04 -9.981e-03 1.870e-03 0.000e+00
1428 -1.717e-03 6.521e-03 1.148e-02 0.000e+00
1429 6.389e-03 5.834e-03 2.347e-03 0.000e+00
1430 -1.772e-04 2.519e-03 2.266e-04 0.000e+00
1431 -1.360e-03 1.834e-03 -1.165e-02 0.000e+00
1432 -6.277e-03 3.092e-03 -8.790e-04 0.000e+00
1433 -5.189e-03 1.735e-04 -3.415e-03 0.000e+00
1434 -8.278e-04 8.591e-04 5.002e-03 0.000e+00
1435 7.804e-03 8.748e-04 -1.136e-04 0.000e+00
1436 8.517e-03 -1.057e-02 1.424e-03 0.000e+00
1437 7.627e-03 4.815e-03 -6.919e-03 0.000e+00
1438 -1.334e-02 1.797e-03 -1.280e-02 0.000e+00
1439 7.688e-04 -9.431e-03 9.469e-03 0.000e+00
1440 4.265e-03 1.268e-03 -2.371e-03 0.000e+00
1441 1.474e-02 -7.249e-03 8.665e-03 0.000e+00
1442 5.811e-03 -7.169e-03 2.775e-03 0.000e+00
1443 -8.532e-03 3.864e-03 -5.650e-03 0.000e+00
1444 -7.986e-03 -1.190e-04 6.339e-03 0.000e+00
1445 -8.932e-03 1.519e-03 9.212e-03 0.000e+00
1446 -2.969e-03 1.562e-05 -1.137e-03 0.000e+00
1447 6.168e-03 -8.339e-03 8.310e-05 0.000e+00
1448 1.052e-02 3.012e-04 1.061e-02 0.000e+00
1449 1.271e-03 -9.212e-03 -9.411e-03 0.000e+00
1450 3.363e-03 6.538e-03 9.544e-03 0.000e+00
1451 1.523e-03 -7.907e-04 1.222e-03 0.000e+00
1452 -1.879e-03 -1.030e-02 -3.054e-05 0.000e+00
1453 -2.073e-03 7.808e-03 -7.183e-03 0.000e+00
1454 -1.240e-02 5.511e-03 -1.701e-03 0.000e+00
1455 5.351e-03 -1.075e-02 -1.767e-02 0.000e+00
1456 8.855e-03 -2.593e-03 7.660e-03 0.000e+00
1457 5.278e-03 1.270e-03 3.319e-03 0.000e+00
1458 -4.023e-03 -9.236e-03 -9.257e-03 0.000e+00
1459 -1.677e-02 -1.074e-02 -6.058e-03 0.000e+00
1460 1.978e-03 2.889e-04 5.544e-03 0.000e+00
1461 -5.961e-03 7.649e-04 3.638e-03 0.000e+00
1462 -6.013e-03 1.708e-03 -3.533e-03 0.000e+00
1463 1.056e-02 -6.527e-03 9.464e-03 0.000e+00
1464 1.662e-03 -7.950e-03 5.918e-03 0.000e+00
1465 4.658e-04 -1.048e-02 -2.016e-03 0.000e+00
1466 -1.161e-02 8.252e-03 -3.635e-03 0.000e+00
1467 -5.624e-03 -9.540e-03 -1.335e-03 0.000e+00
1468 -1.302e-03 -9.014e-03 -9.630e-03 0.000e+00
1469 6.503e-03 -5.340e-03 -8.278e-04 0.000e+00
1470 -2.829e-03 4.243e-03 -1.723e-03 0.000e+00
1471 -5.825e-03 7.292e-04 -1.013e-03 0.000e+00
1472 -1.303e-03 3.721e-03 7.044e-04 0.000e+00
1473 -1.202e-02 4.833e-03 7.262e-03 0.000e+00
1474 -3.289e-03 -1.366e-03 -8.158e-04 0.000e+00
1475 9.036e-03 1.143e-03 -1.688e-03 0.000e+00
1476 2.294e-03 6.206e-03 -2.339e-03 0.000e+00
1477 5.686e-03 -6.475e-04 -4.003e-03 0.000e+00
1478 -4.528e-03 6.750e-03 -9.360e-03 0.000e+00
1479 -5.776e-03 -1.051e-02 -1.841e-03 0.000e+00
1480 5.613e-03 -7.003e-03 -6.058e-03 0.000e+00
1481 1.211e-02 -9.186e-03 -9.205e-04 0.000e+00
1482 7.549e-03 -9.590e-03 -2.679e-03 0.000e+00
1483 3.114e-03 -8.075e-03 7.364e-03 0.000e+00
1484 3.086e-03 9.711e-04 1.639e-02 0.000e+00
1485 -4.325e-03 5.735e-03 -6.324e-03 0.000e+00
1486 -9.501e-03 3.116e-03 1.293e-02 0.000e+00
1487 5.085e-03 -9.767e-03 -7.006e-03 0.000e+00
1488 1.252e-03 1.264e-02 7.190e-03 -7.190e+01
1489 -7.395e-03 -1.061e-02 7.177e-03 0.000e+00
1490 -7.290e-04 1.168e-02 5.566e-03 -4.175e+01
1491 1.062e-03 -7.225e-04 2.183e-02 0.000e+00
1492 -7.190e-03 4.328e-03 -5.927e-03 0.000e+00
1493 8.650e-03 3.603e-03 1.188e-02 0.000e+00
1494 7.108e-03 1.018e-02 -4.547e-04 0.000e+00
1495 4.641e-03 1.674e-03 2.289e-03 0.000e+00
1496 1.203e-03 5.444e-03 6.482e-03 0.000e+00
1497 -1.048e-02 -1.047e-02 6.324e-03 0.000e+00
1498 1.209e-02 1.367e-04 1.070e-02 0.000e+00
1499 -4.121e-03 -1.259e-03 -1.242e-03 0.000e+00
1500 2.517e-03 1.125e-02 7.867e-03 3.417e+01
1501 2.510e-03 2.804e-03 1.522e-03 0.000e+00
1502 1.588e-03 -3.234e-04 6.733e-03 0.000e+00
1503 -7.722e-03 1.406e-03 1.413e-03 0.000e+00
1504 5.101e-03 8.595e-03 1.333e-02 0.000e+00
1505 2.675e-03 4.194e-03 -1.343e-03 0.000e+00
1506 -1.112e-02 3.741e-03 9.020e-03 0.000e+00
1507 -1.959e-03 -5.728e-03 -2.490e-03 0.000e+00
1508 -1.014e-04 -8.619e-03 1.436e-03 0.000e+00
1509 8.473e-03 1.376e-02 1.289e-03 -3.190e+01
1510 -2.236e-03 -2.542e-03 1.349e-02 0.000e+00
1511 -1.116e-02 -6.437e-04 6.886e-04 0.000e+00
1512 -4.741e-03 1.152e-02 -8.773e-03 -7.933e+01
1513 -3.210e-03 7.111e-03 5.249e-03 0.000e+00
1514 -1.207e-03 -8.198e-04 1.136e-03 0.000e+00
1515 9.213e-03 4.852e-03 -1.113e-03 0.000e+00
1516 3.758e-03 5.774e-03 -4.934e-03 0.000e+00
1517 2.017e-02 3.322e-03 2.134e-03 0.000e+00
1518 3.759e-03 3.085e-03 5.696e-03 0.000e+00
1519 -6.013e-03 1.228e-02 -1.577e-03 -3.609e+00
1520 -5.805e-03 -2.944e-03 -9.185e-03 0.000e+00
1521 1.222e-03 -9.692e-03 -1.787e-03 0.000e+00
1522 1.183e-02 5.394e-03 -3.784e-03 0.000e+00
1523 6.306e-04 -1.053e-02 4.795e-03 0.000e+00
1524 -5.945e-03 -1.293e-03 9.782e-03 0.000e+00
1525 1.441e-02 5.729e-03 -1.448e-03 0.000e+00
1526 1.754e-03 6.907e-03 4.342e-03 0.000e+00
1527 7.467e-03 4.092e-03 7.911e-03 0.000e+00
1528 1.059e-02 -7.207e-03 -1.196e-02 0.000e+00
1529 2.353e-03 6.083e-03 -6.989e-03 0.000e+00
1530 7.776e-04 -9.808e-03 4.826e-03 0.000e+00
1531 -4.450e-03 -5.105e-03 8.313e-05 0.000e+00
1532 7.185e-03 -6.678e-03 2.456e-03 0.000e+00
1533 1.261e-03 -9.727e-03 -8.390e-03 0.000e+00
1534 -3.918e-03 -1.075e-02 -1.058e-03 0.000e+00
1535 9.454e-03 5.975e-03 -1.548e-02 0.000e+00
1536 6.538e-03 6.080e-03 3.882e-03 0.000e+00
1537 6.069e-03 -3.150e-03 7.759e-03 0.000e+00
1538 -5.578e-03 1.119e-02 5.866e-03 -3.803e+01
1539 -1.912e-02 -7.439e-03 1.148e-03 0.000e+00
1540 -6.185e-03 -9.797e-03 8.442e-03 0.000e+00
1541 -1.851e-02 -2.791e-03 3.694e-04 0.000e+00
1542 7.141e-03 -9.753e-03 2.162e-03 0.000e+00
1543 -5.464e-03 5.881e-03 8.027e-03 0.000e+00
1544 1.011e-03 -8.805e-03 -2.111e-03 0.000e+00
1545 5.377e-03 -7.601e-03 8.461e-03 0.000e+00
1546 -2.981e-03 -6.232e-03 9.057e-03 0.000e+00
1547 -6.984e-03 -7.950e-03 -1.278e-03 0.000e+00
1548 -1.292e-03 1.233e-02 -9.283e-04 -1.270e+01
1549 -1.271e-02 8.110e-03 -5.885e-03 0.000e+00
1550 2.466e-03 1.437e-03 -6.571e-03 0.000e+00
1551 2.661e-03 -1.015e-02 2.993e-03 0.000e+00
1552 -5.202e-03 6.383e-04 -4.348e-05 0.000e+00
1553 -1.040e-02 -7.270e-03 -1.121e-03 0.000e+00
1554 7.937e-03 2.078e-03 5.142e-03 0.000e+00
1555 -3.258e-03 2.450e-03 -7.176e-04 0.000e+00
1556 1.304e-02 -1.021e-03 4.433e-03 0.000e+00
1557 7.256e-03 -7.687e-04 -1.377e-03 0.000e+00
1558 4.858e-03 1.341e-02 -7.103e-03 -8.773e+01
1559 -5.718e-03 7.490e-04 -7.944e-03 0.000e+00
1560 1.208e-02 -7.461e-03 -3.984e-03 0.000e+00
1561 -7.365e-03 -9.394e-03 1.329e-02 0.000e+00
1562 2.438e-03 -1.184e-03 1.216e-02 0.000e+00
1563 4.997e-03 -1.726e-03 5.135e-03 0.000e+00
1564 2.497e-03 -2.339e-03 6.539e-03 0.000e+00
1565 3.699e-03 -8.478e-03 -5.671e-03 0.000e+00
1566 4.878e-03 4.778e-03 5.975e-03 0.000e+00
1567 -8.333e-03 -9.494e-03 9.435e-03 0.000e+00
1568 -1.752e-02 7.037e-03 5.428e-03 0.000e+00
1569 -6.038e-03 4.264e-03 4.092e-03 0.000e+00
1570 6.733e-03 -1.040e-02 3.889e-03 0.000e+00
1571 1.104e-03 -1.345e-03 -4.003e-03 0.000e+00
1572 4.716e-04 1.875e-03 4.431e-03 0.000e+00
1573 7.584e-03 6.236e-04 1.675e-03 0.000e+00
1574 -2.416e-03 1.221e-03 1.546e-03 0.000e+00
1575 -4.872e-03 -9.588e-03 -6.989e-03 0.000e+00
1576 7.657e-03 -8.098e-03 -2.355e-03 0.000e+00
1577 3.008e-03 -6.000e-03 2.603e-03 0.000e+00
1578 -4.624e-03 -8.758e-03 -5.314e-03 0.000e+00
1579 -3.714e-03 -6.324e-04 -2.191e-03 0.000e+00
1580 1.890e-03 -8.508e-03 8.042e-03 0.000e+00
1581 -4.662e-03 9.514e-03 -6.812e-03 0.000e+00
1582 -5.153e-03 -9.673e-03 5.765e-03 0.000e+00
1583 4.207e-03 -2.699e-03 -9.619e-03 0.000e+00
1584 -1.735e-03 7.516e-04 7.244e-03 0.000e+00
1585 -6.718e-03 -5.169e-03 -3.338e-03 0.000e+00
1586 5.602e-03 1.146e-02 -5.003e-03 8.926e+00
1587 -4.119e-03 -8.990e-03 -1.197e-02 0.000e+00
1588 -2.426e-03 3.826e-04 5.376e-03 0.000e+00
1589 7.380e-03 6.854e-03 -1.017e-02 0.000e+00
1590 5.526e-04 -8.014e-03 1.050e-02 0.000e+00
1591 -6.908e-03 3.920e-03 -5.202e-03 0.000e+00
1592 -2.829e-03 6.843e-04 -5.425e-03 0.000e+00
1593 -9.181e-03 6.337e-03 -9.575e-03 0.000e+00
1594 -3.264e-03 8.210e-03 8.384e-03 0.000e+00
1595 -5.384e-03 4.765e-03 8.766e-03 0.000e+00
1596 -7.424e-04 -3.580e-03 -9.404e-03 0.000e+00
1597 -1.474e-03 6.628e-03 -4.634e-03 0.000e+00
1598 -4.705e-03 -2.738e-03 -4.568e-03 0.000e+00
1599 -6.956e-03 4.074e-03 1.408e-02 0.000e+00
1600 -2.898e-03 1.225e-03 7.047e-03 0.000e+00
1601 6.803e-04 -9.477e-04 1.706e-03 0.000e+00
1602 -5.482e-03 -8.026e-03 2.759e-04 0.000e+00
1603 -9.696e-03 4.697e-03 -2.730e-03 0.000e+00
1604 -2.720e-03 -1.070e-02 4.288e-03 0.000e+00
1605 -6.784e-03 6.393e-03 6.914e-03 0.000e+00
1606 1.364e-02 3.768e-03 -2.768e-03 0.000e+00
1607 2.578e-03 -1.068e-02 8.091e-03 0.000e+00
1608 -3.833e-04 4.280e-03 -1.005e-02 0.000e+00
1609 -2.549e-03 -7.240e-03 -9.777e-03 0.000e+00
1610 -3.873e-03 3.948e-03 2.776e-03 0.000e+00
1611 -1.257e-02 -8.174e-03 -7.113e-03 0.000e+00
1612 -1.993e-03 3.640e-03 -1.191e-02 0.000e+00
1613 1.049e-02 3.323e-03 1.316e-03 0.000e+00
1614 1.527e-03 3.497e-03 -3.414e-03 0.000e+00
1615 -1.457e-04 7.980e-03 1.193e-03 0.000e+00
1616 1.262e-03 -7.889e-03 -5.061e-03 0.000e+00
1617 -3.182e-03 -1.046e-02 4.637e-04 0.000e+00
1618 1.580e-03 5.646e-03 -2.095e-03 0.000e+00
1619 -4.852e-03 3.451e-03 -1.566e-03 0.000e+00
1620 -1.158e-03 -8.137e-03 -3.564e-03 0.000e+00
1621 -3.927e-03 2.149e-03 -2.056e-03 0.000e+00
1622 3.749e-03 -2.261e-03 -4.856e-03 0.000e+00
1623 1.953e-03 -7.878e-03 4.801e-03 0.000e+00
1624 -2.867e-03 4.687e-03 1.071e-02 0.000e+00
1625 -1.594e-04 -4.767e-03 -1.625e-04 0.000e+00
1626 2.417e-03 -5.373e-03 1.109e-02 0.000e+00
1627 3.995e-03 7.239e-03 -5.286e-03 0.000e+00
1628 -5.108e-04 -8.860e-03 -4.759e-03 0.000e+00
1629 1.025e-02 6.601e-03 3.031e-03 0.000e+00
1630 1.054e-02 -9.905e-03 6.818e-03 0.000e+00
1631 -7.060e-03 -2.340e-04 6.448e-03 0.000e+00
1632 5.188e-04 -8.320e-03 -7.843e-03 0.000e+00
1633 -7.282e-03 -9.779e-03 -5.167e-03 0.000e+00
1634 3.167e-03 4.905e-03 8.880e-03 0.000e+00
1635 -6.967e-03 -5.591e-03 -4.312e-03 0.000e+00
1636 3.995e-03 -1.974e-04 1.537e-02 0.000e+00
1637 3.279e-03 3.700e-03 -9.203e-03 0.000e+00
1638 3.760e-03 -1.001e-02 -1.314e-03 0.000e+00
1639 -7.263e-03 2.214e-03 9.057e-03 0.000e+00
1640 2.720e-03 -5.114e-04 1.356e-03 0.000e+00
1641 -5.958e-03 2.762e-03 -6.411e-04 0.000e+00
1642 -5.339e-03 1.770e-03 -3.268e-03 0.000e+00
1643 6.447e-03 3.341e-03 -2.578e-03 0.000e+00
1644 3.746e-03 -1.058e-02 4.996e-03 0.000e+00
1645 2.971e-03 5.103e-03 5.269e-03 0.000e+00
1646 2.978e-04 6.228e-03 -2.859e-03 0.000e+00
1647 3.640e-03 -2.343e-03 2.923e-04 0.000e+00
1648 -6.758e-03 -9.686e-03 1.364e-02 0.000e+00
1649 2.670e-03 -7.823e-03 -1.104e-03 0.000e+00
1650 -4.552e-03 1.427e-03 5.464e-03 0.000e+00
1651 3.712e-03 1.894e-03 1.912e-02 0.000e+00
1652 -2.764e-03 9.771e-04 7.232e-03 0.000e+00
1653 -5.937e-03 -1.025e-02 1.542e-02 0.000e+00
1654 -7.279e-03 1.412e-03 7.352e-03 0.000e+00
1655 1.903e-03 -9.972e-03 -8.389e-03 0.000e+00
1656 9.026e-03 5.313e-03 -2.403e-03 0.000e+00
1657 4.216e-03 -1.773e-04 -2.599e-03 0.000e+00
1658 4.755e-03 5.111e-03 6.653e-03 0.000e+00
1659 2.036e-03 2.478e-03 3.003e-03 0.000e+00
1660 -1.783e-03 1.597e-03 -9.509e-03 0.000e+00
1661 1.547e-02 -1.008e-02 1.557e-02 0.000e+00
1662 1.481e-03 -9.100e-03 -2.551e-03 0.000e+00
1663 1.211e-02 4.533e-03 -1.778e-02 0.000e+00
1664 1.105e-02 -9.253e-03 -3.959e-03 0.000e+00
1665 7.081e-03 -1.073e-02 -2.162e-03 0.000e+00
1666 -5.711e-03 -6.524e-03 -2.507e-03 0.000e+00
1667 1.282e-03 -7.506e-03 -7.143e-04 0.000e+00
1668 1.053e-02 2.211e-03 1.408e-02 0.000e+00
1669 -3.309e-03 -9.132e-03 -9.953e-03 0.000e+00
1670 1.303e-02 8.901e-03 -3.412e-03 0.000e+00
1671 2.586e-03 1.120e-03 -3.152e-03 0.000e+00
1672 -3.272e-03 -1.559e-03 -9.679e-03 0.000e+00
1673 4.004e-03 7.271e-03 6.718e-03 0.000e+00
1674 6.523e-03 2.152e-03 -1.253e-03 0.000e+00
1675 7.561e-03 -8.949e-03 -4.816e-03 0.000e+00
1676 -2.457e-03 3.663e-03 -6.113e-03 0.000e+00
1677 3.951e-03 4.713e-03 2.522e-03 0.000e+00
1678 1.066e-02 5.395e-03 7.670e-03 0.000e+00
1679 2.934e-04 -1.255e-03 8.723e-03 0.000e+00
1680 1.161e-03 -9.817e-03 5.044e-04 0.000e+00
1681 1.314e-04 -9.453e-03 1.366e-04 0.000e+00
1682 -5.685e-03 1.112e-02 -6.019e-03 -1.014e+01
1683 -2.379e-03 9.679e-03 3.251e-03 0.000e+00
1684 -3.506e-03 -1.067e-02 -7.561e-03 0.000e+00
1685 5.503e-03 -6.905e-03 4.035e-03 0.000e+00
1686 -7.615e-04 9.792e-03 1.939e-03 0.000e+00
1687 5.016e-03 1.479e-03 1.009e-02 0.000e+00
1688 -6.039e-03 5.589e-03 3.719e-04 0.000e+00
1689 -7.752e-03 7.376e-03 1.130e-02 0.000e+00
1690 4.509e-03 -8.774e-03 -8.181e-03 0.000e+00
1691 3.095e-05 -2.994e-04 5.393e-03 0.000e+00
1692 -2.465e-03 -3.169e-03 -6.121e-03 0.000e+00
1693 1.807e-03 1.111e-02 8.777e-03 -5.858e+01
1694 -8.259e-03 1.389e-03 9.166e-03 0.000e+00
1695 5.530e-03 -9.222e-03 -4.622e-03 0.000e+00
1696 5.946e-03 -6.926e-03 -1.354e-03 0.000e+00
1697 -3.729e-03 -6.857e-03 3.623e-03 0.000e+00
1698 2.412e-03 9.605e-03 2.039e-03 0.000e+00
1699 1.189e-02 4.609e-03 -7.747e-04 0.000e+00
1700 5.566e-03 1.963e-03 6.506e-03 0.000e+00
1701 5.790e-03 3.408e-03 -2.318e-04 0.000e+00
1702 -1.766e-02 -9.368e-03 3.785e-03 0.000e+00
1703 1.036e-02 -7.971e-03 -5.947e-03 0.000e+00
1704 -2.596e-03 1.234e-02 7.858e-03 6.562e+01
1705 -3.311e-03 -5.495e-03 3.518e-04 0.000e+00
1706 2.292e-03 -8.515e-03 5.315e-03 0.000e+00
1707 3.043e-03 -2.292e-04 -6.618e-03 0.000e+00
1708 9.844e-03 -9.436e-03 -9.186e-03 0.000e+00
1709 1.363e-03 -7.221e-06 1.099e-03 0.000e+00
1710 1.811e-03 1.530e-03 -3.217e-04 0.000e+00
1711 -8.757e-03 -8.395e-03 3.579e-03 0.000e+00
1712 6.370e-03 9.283e-03 -6.369e-03 0.000e+00
1713 -1.544e-03 -7.697e-03 2.413e-03 0.000e+00
1714 2.137e-03 -1.389e-03 -3.397e-03 0.000e+00
1715 4.656e-04 -9.668e-03 -1.861e-03 0.000e+00
1716 9.126e-03 1.806e-03 -4.368e-03 0.000e+00
1717 -1.035e-03 -9.977e-03 -6.872e-04 0.000e+00
1718 1.023e-02 7.956e-03 -1.388e-02 0.000e+00
1719 4.839e-03 -2.252e-03 -7.648e-04 0.000e+00
1720 -1.339e-02 -1.056e-02 -3.702e-03 0.000e+00
1721 1.020e-02 -7.208e-03 -8.390e-03 0.000e+00
1722 5.524e-03 4.042e-03 1.114e-03 0.000e+00
1723 -1.788e-02 6.354e-03 -3.853e-03 0.000e+00
1724 -6.799e-03 6.289e-03 1.166e-02 0.000e+00
1725 5.781e-03 -8.898e-03 -7.016e-03 0.000e+00
1726 9.404e-03 -9.917e-03 -7.337e-03 0.000e+00
1727 6.184e-03 1.568e-03 6.359e-03 0.000e+00
1728 -2.579e-04 8.329e-03 -6.177e-03 0.000e+00
1729 2.110e-03 -5.728e-03 -6.161e-03 0.000e+00
1730 1.606e-03 4.966e-03 6.809e-03 0.000e+00
1731 -9.879e-03 -8.256e-03 -1.479e-03 0.000e+00
1732 6.705e-03 7.336e-03 3.574e-03 0.000e+00
1733 8.293e-03 -1.058e-02 -4.560e-03 0.000e+00
1734 -7.592e-03 4.633e-03 -1.371e-03 0.000e+00
1735 4.815e-05 -1.007e-02 -1.531e-03 0.000e+00
1736 2.857e-03 5.051e-03 7.464e-03 0.000e+00
1737 5.944e-03 1.156e-02 -1.147e-02 -5.939e+01
1738 4.913e-04 -7.706e-03 -7.638e-03 0.000e+00
1739 -1.315e-03 -8.520e-03 -5.125e-03 0.000e+00
1740 -7.028e-03 3.327e-03 1.701e-03 0.000e+00
1741 -9.297e-04 -8.990e-04 -6.145e-03 0.000e+00
1742 2.165e-03 5.236e-03 -1.065e-04 0.000e+00
1743 9.314e-03 1.891e-03 -6.756e-03 0.000e+00
1744 8.830e-03 2.731e-03 -4.155e-03 0.000e+00
1745 -1.440e-03 -1.035e-02 -1.853e-04 0.000e+00
1746 -9.020e-03 -1.054e-02 3.132e-03 0.000e+00
1747 7.132e-03 6.095e-04 -4.750e-03 0.000e+00
1748 2.432e-03 -5.616e-03 -4.744e-03 0.000e+00
1749 3.932e-03 -9.183e-03 -2.626e-03 0.000e+00
1750 7.279e-03 3.945e-03 1.323e-04 0.000e+00
1751 1.206e-02 -9.841e-03 2.185e-03 0.000e+00
1752 4.207e-03 1.283e-03 -3.659e-03 0.000e+00
1753 9.592e-03 -1.048e-02 -4.633e-03 0.000e+00
1754 3.564e-03 -1.062e-02 -6.783e-03 0.000e+00
1755 2.167e-02 -5.775e-03 -3.786e-03 0.000e+00
1756 8.166e-03 1.152e-02 -5.122e-03 9.148e-01
1757 -3.449e-03 -8.898e-03 -7.193e-04 0.000e+00
1758 -1.183e-02 1.111e-03 -6.264e-03 0.000e+00
1759 -9.602e-03 6.138e-03 -7.425e-03 0.000e+00
1760 3.274e-03 1.646e-03 -3.270e-03 0.000e+00
1761 -1.101e-03 -8.850e-03 -3.861e-03 0.000e+00
1762 6.468e-03 6.383e-03 -2.589e-03 0.000e+00
1763 -3.107e-03 1.458e-03 8.097e-03 0.000e+00
1764 5.371e-03 -6.498e-03 -7.692e-03 0.000e+00
1765 -6.353e-03 9.870e-04 -1.086e-02 0.000e+00
1766 2.115e-03 -8.496e-03 1.172e-03 0.000e+00
1767 -2.662e-03 -8.421e-03 -1.444e-04 0.000e+00
1768 -1.039e-03 -2.484e-03 -7.737e-04 0.000e+00
1769 1.189e-02 4.179e-03 1.636e-02 0.000e+00
1770 -6.840e-03 4.418e-03 -4.822e-03 0.000e+00
1771 3.517e-03 -9.649e-04 2.530e-03 0.000e+00
1772 1.849e-03 -7.930e-03 9.012e-05 0.000e+00
1773 6.380e-03 -2.727e-04 -3.069e-03 0.000e+00
1774 5.023e-03 3.797e-03 -3.708e-03 0.000e+00
1775 2.744e-03 -7.456e-03 2.215e-05 0.000e+00
1776 2.446e-03 -8.507e-03 1.241e-02 0.000e+00
1777 8.982e-03 -8.053e-03 2.414e-03 0.000e+00
1778 1.188e-02 -1.008e-02 -3.279e-03 0.000e+00
1779 6.409e-03 3.432e-03 -4.667e-03 0.000e+00
1780 3.872e-03 -9.217e-03 1.354e-03 0.000e+00
1781 1.687e-02 4.474e-03 0.000e+00 0.000e+00
1782 2.638e-03 4.065e-03 -5.345e-03 0.000e+00
1783 -5.583e-03 4.658e-03 1.523e-03 0.000e+00
1784 -5.964e-03 -1.039e-02 3.356e-03 0.000e+00
1785 7.877e-03 1.981e-03 -2.986e-03 0.000e+00
1786 7.726e-03 -2.545e-03 -8.899e-04 0.000e+00
1787 -1.898e-03 -3.710e-04 -1.445e-02 0.000e+00
1788 -2.253e-03 1.710e-03 -1.796e-03 0.000e+00
1789 -5.726e-03 3.707e-03 6.249e-04 0.000e+00
1790 8.141e-04 1.169e-02 7.704e-03 -8.453e+01
1791 -2.367e-03 -8.561e-03 9.775e-03 0.000e+00
1792 2.015e-03 3.244e-03 4.049e-03 0.000e+00
1793 -7.654e-04 8.084e-03 -3.369e-03 0.000e+00
1794 -5.450e-03 0.000e+00 3.821e-04 0.000e+00
1795 -1.099e-02 -1.062e-02 1.111e-02 0.000e+00
1796 -4.564e-03 2.116e-03 -6.080e-03 0.000e+00
1797 2.357e-03 1.005e-02 -8.644e-04 0.000e+00
1798 -8.394e-03 3.215e-03 -1.383e-03 0.000e+00
1799 7.481e-03 -3.440e-03 -8.239e-03 0.000e+00
1800 2.460e-03 2.601e-03 -5.253e-03 0.000e+00
1801 -6.989e-03 7.008e-03 -1.204e-02 0.000e+00
1802 1.764e-03 1.891e-03 9.139e-03 0.000e+00
1803 -8.836e-03 3.984e-03 1.178e-02 0.000e+00
1804 -2.977e-03 5.674e-03 -5.619e-03 0.000e+00
1805 3.329e-03 1.699e-04 -6.099e-03 0.000e+00
1806 9.050e-05 -1.061e-02 -6.126e-03 0.000e+00
1807 -1.440e-02 -9.103e-03 -9.174e-03 0.000e+00
1808 9.892e-03 1.225e-02 -2.104e-04 -5.354e+01
1809 2.605e-04 -3.415e-03 1.409e-02 0.000e+00
1810 6.789e-04 9.155e-04 -7.627e-03 0.000e+00
1811 1.400e-02 6.042e-03 -7.312e-03 0.000e+00
1812 -1.430e-03 4.169e-03 9.631e-03 0.000e+00
1813 1.263e-03 -7.619e-03 -4.216e-03 0.000e+00
1814 9.216e-03 1.101e-03 -3.193e-03 0.000e+00
1815 -1.464e-04 -1.034e-02 -1.397e-03 0.000e+00
1816 1.609e-03 7.738e-03 -1.442e-02 0.000e+00
1817 3.422e-03 -7.978e-03 2.176e-03 0.000e+00
1818 1.612e-03 3.387e-03 1.659e-03 0.000e+00
1819 7.059e-03 2.727e-03 -4.453e-03 0.000e+00
1820 8.858e-03 3.711e-03 8.156e-03 0.000e+00
1821 -1.386e-02 -6.291e-03 -3.519e-03 0.000e+00
1822 5.520e-03 1.628e-03 -8.697e-03 0.000e+00
1823 2.620e-03 -7.231e-03 5.371e-04 0.000e+00
1824 9.636e-03 -6.765e-05 1.209e-02 0.000e+00
1825 9.182e-03 -1.075e-02 -6.824e-03 0.000e+00
1826 9.019e-03 -9.003e-03 -2.457e-03 0.000e+00
1827 -2.603e-03 2.222e-03 7.991e-03 0.000e+00
1828 -5.534e-03 3.698e-03 -1.378e-03 0.000e+00
1829 -6.942e-03 5.298e-04 2.101e-03 0.000e+00
1830 1.182e-02 -2.394e-03 -6.819e-03 0.000e+00
1831 -5.055e-03 5.027e-03 -5.493e-04 0.000e+00
1832 3.649e-03 -8.570e-03 -9.525e-04 0.000e+00
1833 -3.226e-03 7.248e-03 -5.833e-04 0.000e+00
1834 -9.826e-03 -7.973e-03 -1.171e-04 0.000e+00
1835 1.648e-04 2.436e-03 -2.465e-03 0.000e+00
1836 6.098e-03 5.446e-03 5.984e-04 0.000e+00
1837 6.478e-03 2.798e-03 -1.877e-03 0.000e+00
1838 6.011e-03 1.460e-03 -1.258e-03 0.000e+00
1839 2.317e-03 -8.728e-03 7.851e-03 0.000e+00
1840 -1.514e-02 4.838e-03 6.475e-03 0.000e+00
1841 6.521e-03 3.943e-03 1.248e-02 0.000e+00
1842 -2.793e-04 6.034e-03 -6.618e-03 0.000e+00
1843 -2.850e-03 -8.917e-03 3.951e-03 0.000e+00
1844 -7.284e-04 -9.328e-03 3.111e-03 0.000e+00
1845 6.945e-03 -7.963e-03 -8.230e-05 0.000e+00
1846 2.558e-03 9.785e-03 -2.330e-03 0.000e+00
1847 4.774e-03 -1.006e-02 1.299e-03 0.000e+00
1848 1.143e-02 1.194e-02 -5.461e-03 6.575e+01
1849 -3.777e-03 5.178e-04 2.679e-03 0.000e+00
1850 -1.465e-03 6.334e-03 -1.993e-03 0.000e+00
1851 5.070e-03 -7.513e-03 1.380e-02 0.000e+00
1852 5.216e-03 -6.758e-03 2.963e-03 0.000e+00
1853 -2.558e-03 1.183e-04 1.399e-03 0.000e+00
1854 -2.523e-03 -8.785e-04 1.320e-03 0.000e+00
1855 -2.966e-03 2.260e-03 -7.685e-04 0.000e+00
1856 7.754e-03 -1.056e-02 3.724e-03 0.000e+00
1857 8.644e-04 -1.234e-03 3.216e-03 0.000e+00
1858 -1.064e-03 6.315e-03 1.458e-03 0.000e+00
1859 8.273e-03 -9.986e-03 -8.532e-04 0.000e+00
1860 5.517e-03 8.125e-03 5.377e-03 0.000e+00
1861 -4.138e-04 -9.306e-03 -5.294e-03 0.000e+00
1862 -3.974e-03 -9.642e-03 4.571e-03 0.000e+00
1863 -1.405e-02 -1.034e-02 5.854e-03 0.000e+00
1864 7.915e-03 -3.499e-04 -2.143e-03 0.000e+00
1865 5.178e-03 -2.799e-03 9.371e-03 0.000e+00
1866 -6.127e-03 5.196e-03 -2.841e-03 0.000e+00
1867 2.438e-03 -8.027e-03 1.742e-04 0.000e+00
1868 -3.078e-03 4.831e-03 5.658e-03 0.000e+00
1869 -1.218e-02 -2.728e-03 -9.977e-03 0.000e+00
1870 -1.084e-02 -7.741e-03 -6.126e-03 0.000e+00
1871 1.065e-02 -8.674e-03 5.831e-04 0.000e+00
1872 6.509e-03 2.909e-03 1.573e-03 0.000e+00
1873 6.533e-03 -6.051e-03 -9.449e-03 0.000e+00
1874 3.675e-03 -8.400e-04 -2.426e-03 0.000e+00
1875 1.057e-02 -1.047e-02 8.267e-04 0.000e+00
1876 6.329e-03 -9.188e-03 -7.925e-03 0.000e+00
1877 1.074e-02 1.840e-04 9.838e-03 0.000e+00
1878 -3.626e-03 -6.528e-03 -4.184e-03 0.000e+00
1879 8.078e-03 3.719e-03 -9.107e-03 0.000e+00
1880 -6.989e-03 -5.823e-03 -1.412e-03 0.000e+00
1881 -1.157e-02 -5.221e-03 5.712e-03 0.000e+00
1882 -1.092e-02 -6.932e-04 -3.328e-03 0.000e+00
1883 1.053e-02 -8.560e-03 -9.862e-04 0.000e+00
1884 -3.316e-03 -1.067e-02 9.774e-03 0.000e+00
1885 1.790e-03 1.218e-03 -6.547e-03 0.000e+00
1886 2.774e-03 3.357e-03 -2.585e-03 0.000e+00
1887 -4.311e-05 -1.974e-03 -1.158e-03 0.000e+00
1888 9.704e-03 -1.964e-03 1.009e-02 0.000e+00
1889 6.653e-03 -9.820e-03 1.778e-02 0.000e+00
1890 4.198e-03 -9.546e-03 9.694e-03 0.000e+00
1891 -6.578e-04 6.530e-03 -1.117e-03 0.000e+00
1892 3.460e-03 2.585e-03 8.960e-03 0.000e+00
1893 1.964e-02 4.184e-03 -7.208e-03 0.000e+00
1894 8.010e-03 1.752e-02 -7.474e-03 -4.863e+01
1895 2.285e-04 -1.032e-02 -8.753e-03 0.000e+00
1896 -5.853e-03 -7.019e-03 6.221e-03 0.000e+00
1897 9.839e-04 9.998e-03 1.528e-02 0.000e+00
1898 -2.378e-03 1.613e-03 4.641e-03 0.000e+00
1899 1.619e-02 -1.060e-02 1.231e-02 0.000e+00
1900 -8.624e-04 3.927e-03 1.090e-03 0.000e+00
1901 -2.057e-03 -7.201e-03 1.661e-03 0.000e+00
1902 3.889e-03 2.902e-03 2.997e-03 0.000e+00
1903 1.583e-04 -1.048e-02 3.787e-03 0.000e+00
1904 -1.344e-03 -6.617e-03 1.596e-03 0.000e+00
1905 -2.601e-03 5.283e-03 5.684e-03 0.000e+00
1906 4.667e-03 5.917e-03 -1.333e-03 0.000e+00
1907 -7.424e-03 7.479e-03 -4.148e-03 0.000e+00
1908 5.751e-03 6.165e-03 2.243e-03 0.000e+00
1909 -5.061e-03 -9.101e-03 1.269e-03 0.000e+00
1910 -2.251e-03 5.620e-03 1.698e-04 0.000e+00
1911 -2.371e-03 7.851e-03 -8.182e-03 0.000e+00
1912 -7.170e-03 -6.859e-03 -1.869e-03 0.000e+00
1913 5.412e-03 -3.023e-04 6.611e-03 0.000e+00
1914 -3.190e-03 1.623e-03 2.211e-03 0.000e+00
1915 -1.393e-05 4.119e-03 -3.515e-03 0.000e+00
1916 -1.636e-03 -9.729e-03 -9.155e-03 0.000e+00
1917 7.339e-03 3.365e-03 2.264e-04 0.000e+00
1918 -4.588e-03 -3.367e-03 -1.621e-03 0.000e+00
1919 9.961e-03 5.055e-03 5.834e-03 0.000e+00
1920 7.682e-04 -3.619e-04 -2.190e-03 0.000e+00
1921 -7.871e-03 5.682e-03 5.941e-03 0.000e+00
1922 5.937e-03 6.071e-03 2.272e-03 0.000e+00
1923 -5.443e-04 9.055e-03 -5.500e-03 0.000e+00
1924 -1.880e-03 -9.419e-03 -6.890e-03 0.000e+00
1925 1.433e-02 2.468e-03 2.078e-02 0.000e+00
1926 1.960e-03 -1.421e-03 9.806e-04 0.000e+00
1927 -2.659e-03 7.602e-03 1.536e-03 0.000e+00
1928 -2.809e-03 2.306e-03 4.615e-03 0.000e+00
1929 -5.017e-03 -3.291e-04 3.540e-03 0.000e+00
1930 5.766e-03 -5.325e-04 -3.762e-03 0.000e+00
1931 6.370e-03 -1.466e-03 3.998e-03 0.000e+00
1932 -8.582e-04 -7.456e-03 -4.105e-04 0.000e+00
1933 6.078e-03 5.032e-03 1.126e-02 0.000e+00
1934 2.967e-04 9.113e-03 5.086e-03 0.000e+00
1935 9.663e-03 1.884e-03 -4.352e-03 0.000e+00
1936 1.285e-02 5.402e-04 2.001e-04 0.000e+00
1937 8.505e-03 -8.075e-03 2.454e-04 0.000e+00
1938 1.764e-03 -1.034e-02 6.030e-03 0.000e+00
1939 -7.832e-03 3.535e-03 1.140e-03 0.000e+00
1940 -1.210e-03 5.550e-03 7.270e-03 0.000e+00
1941 -1.383e-03 6.176e-03 6.652e-03 0.000e+00
1942 -1.007e-03 4.979e-03 -3.203e-03 0.000e+00
1943 2.452e-04 -7.651e-03 1.306e-03 0.000e+00
1944 8.991e-03 -1.008e-02 8.948e-04 0.000e+00
1945 8.069e-03 -7.893e-03 -5.677e-03 0.000e+00
1946 4.607e-03 6.377e-03 -2.003e-02 0.000e+00
1947 -3.620e-03 -6.631e-03 -3.967e-03 0.000e+00
1948 -1.548e-02 -8.993e-03 1.338e-03 0.000e+00
1949 -1.686e-03 -8.428e-03 -1.725e-02 0.000e+00
1950 -4.663e-03 4.297e-03 -5.349e-03 0.000e+00
1951 -2.917e-03 3.118e-03 9.300e-03 0.000e+00
1952 1.036e-02 6.532e-03 8.709e-03 0.000e+00
1953 -2.184e-03 5.007e-03 3.313e-03 0.000e+00
1954 1.332e-03 9.269e-03 9.770e-03 0.000e+00
1955 8.008e-03 -8.382e-03 4.482e-03 0.000e+00
1956 -6.466e-03 -7.738e-03 -9.346e-03 0.000e+00
1957 4.774e-03 -1.062e-02 2.828e-03 0.000e+00
1958 8.489e-03 -8.686e-03 2.204e-03 0.000e+00
1959 2.658e-03 -9.326e-03 2.527e-03 0.000e+00
1960 6.447e-03 -6.362e-03 -1.336e-02 0.000e+00
1961 -2.596e-03 1.044e-03 -4.346e-03 0.000e+00
1962 -1.085e-02 5.289e-03 -5.812e-03 0.000e+00
1963 4.229e-03 8.054e-03 2.637e-03 0.000e+00
1964 -1.548e-03 1.143e-03 7.510e-03 0.000e+00
1965 -2.141e-03 1.059e-02 5.321e-03 -8.071e+01
1966 2.828e-03 1.248e-03 -9.002e-03 0.000e+00
1967 -9.342e-03 5.213e-03 5.154e-03 0.000e+00
1968 -1.910e-03 6.343e-03 1.849e-03 0.000e+00
1969 -2.106e-03 -1.011e-02 3.105e-04 0.000e+00
1970 3.348e-03 9.229e-03 -1.483e-03 0.000e+00
1971 8.596e-04 4.027e-03 8.226e-03 0.000e+00
1972 7.593e-03 -2.019e-03 7.896e-03 0.000e+00
1973 -4.472e-03 -1.048e-02 -1.075e-02 0.000e+00
1974 7.945e-03 4.602e-04 -9.979e-04 0.000e+00
1975 -2.821e-03 1.891e-04 -2.183e-03 0.000e+00
1976 -6.790e-03 -6.038e-03 3.576e-03 0.000e+00
1977 1.147e-02 -7.720e-03 -4.209e-03 0.000e+00
1978 -7.547e-04 4.675e-03 1.145e-02 0.000e+00
1979 5.589e-04 6.175e-03 -7.566e-03 0.000e+00
1980 1.272e-02 -1.044e-02 9.403e-05 0.000e+00
1981 6.088e-03 -8.799e-03 -1.689e-02 0.000e+00
1982 -1.418e-03 -1.208e-03 -4.654e-03 0.000e+00
1983 1.596e-02 1.479e-02 -3.941e-03 -5.721e+01
1984 7.016e-03 -8.420e-03 -4.029e-03 0.000e+00
1985 3.459e-03 8.442e-03 -6.249e-03 0.000e+00
1986 -4.204e-03 -7.034e-03 -5.778e-03 0.000e+00
1987 4.420e-03 7.739e-03 3.053e-03 0.000e+00
1988 -7.274e-03 -5.937e-03 5.544e-04 0.000e+00
1989 2.616e-03 1.033e-02 1.416e-02 0.000e+00
1990 5.289e-04 -1.107e-04 2.443e-03 0.000e+00
1991 8.268e-04 -1.057e-02 2.469e-03 0.000e+00
1992 -1.178e-02 9.169e-03 2.784e-03 0.000e+00
1993 -9.602e-03 -7.328e-03 1.896e-03 0.000e+00
1994 7.991e-03 -8.939e-03 7.642e-03 0.000e+00
1995 -1.067e-04 2.745e-03 -6.096e-03 0.000e+00
1996 6.993e-03 -9.960e-03 3.841e-03 0.000e+00
1997 1.108e-02 -1.872e-03 -1.857e-03 0.000e+00
1998 2.554e-03 -2.010e-03 1.589e-03 0.000e+00
1999 3.001e-04 9.276e-03 6.572e-03 0.000e+00
2000 -1.655e-03 3.539e-04 -7.296e-03 0.000e+00
2001 -4.718e-03 1.446e-03 -3.316e-04 0.000e+00
2002 -1.352e-02 -7.668e-03 -1.669e-02 0.000e+00
2003 -4.997e-03 -7.592e-03 3.467e-04 0.000e+00
2004 -8.195e-04 8.373e-03 8.211e-03 0.000e+00
2005 6.637e-04 -9.524e-03 1.301e-02 0.000e+00
2006 5.284e-05 4.832e-03 1.500e-03 0.000e+00
2007 2.168e-03 -8.518e-03 3.556e-03 0.000e+00
2008 1.633e-03 -6.751e-03 9.880e-03 0.000e+00
2009 -1.026e-03 -7.623e-03 2.842e-03 0.000e+00
2010 6.396e-03 3.689e-03 -5.700e-03 0.000e+00
2011 3.707e-04 2.082e-03 -3.507e-04 0.000e+00
2012 -6.882e-03 -5.661e-03 1.002e-02 0.000e+00
2013 1.205e-02 -1.294e-03 -5.422e-03 0.000e+00
2014 6.945e-03 2.254e-03 8.916e-04 0.000e+00
2015 -6.742e-03 3.351e-03 3.758e-03 0.000e+00
2016 -4.828e-03 -1.037e-02 -9.194e-03 0.000e+00
2017 -7.021e-03 -2.776e-04 -1.201e-02 0.000e+00
2018 -7.738e-03 6.933e-04 6.358e-03 0.000e+00
2019 1.058e-02 1.342e-03 -9.672e-04 0.000e+00
2020 -2.706e-03 -3.628e-03 1.727e-02 0.000e+00
2021 5.700e-04 8.352e-04 3.882e-03 0.000e+00
2022 1.575e-03 -8.205e-03 -7.021e-03 0.000e+00
2023 1.505e-02 1.943e-03 -1.307e-03 0.000e+00
2024 1.118e-02 3.242e-03 -8.095e-03 0.000e+00
2025 6.462e-03 -1.813e-03 -5.617e-03 0.000e+00
2026 -4.709e-03 6.463e-03 -4.047e-03 0.000e+00
2027 -1.303e-03 -1.066e-02 -7.313e-03 0.000e+00
2028 -7.665e-03 8.352e-03 4.366e-03 0.000e+00
2029 9.902e-03 -3.821e-03 -9.556e-03 0.000e+00
2030 1.122e-02 2.472e-03 5.510e-03 0.000e+00
2031 -9.635e-03 -2.895e-03 -4.965e-03 0.000e+00
2032 4.233e-03 -9.529e-03 4.089e-03 0.000e+00
2033 -7.507e-03 -5.115e-05 -2.863e-03 0.000e+00
2034 -8.202e-04 3.396e-03 -1.027e-04 0.000e+00
2035 -1.067e-03 -9.690e-03 -4.233e-04 0.000e+00
2036 4.148e-03 -6.001e-03 4.417e-03 0.000e+00
2037 5.295e-03 6.744e-04 1.374e-02 0.000e+00
2038 4.456e-04 1.405e-03 1.019e-02 0.000e+00
2039 1.836e-04 3.087e-03 -9.127e-03 0.000e+00
2040 -1.565e-03 4.791e-03 -1.875e-03 0.000e+00
2041 8.850e-04 -8.869e-03 8.646e-03 0.000e+00
2042 -2.330e-03 1.338e-02 -1.909e-03 -2.159e+01
2043 -1.022e-02 -9.903e-03 -3.824e-03 0.000e+00
2044 2.867e-03 -7.928e-03 1.194e-02 0.000e+00
2045 1.415e-02 2.504e-03 -2.944e-03 0.000e+00
2046 4.469e-03 5.196e-03 7.458e-03 0.000e+00
2047 -1.099e-02 -4.784e-03 1.097e-03 0.000e+00
