Bin I L V PA
0 2.900e-02 -2.662e-02 -2.682e-02 0.000e+00
1 -1.325e-02 -1.270e-02 9.830e-03 0.000e+00
2 6.622e-03 4.438e-03 -1.254e-02 0.000e+00
3 -2.687e-02 -1.165e-02 -4.036e-02 0.000e+00
4 -1.280e-02 -1.823e-02 6.907e-03 0.000e+00
5 2.850e-02 -1.895e-02 -8.491e-03 0.000e+00
6 8.062e-03 9.575e-04 6.249e-03 0.000e+00
7 -2.368e-02 -2.069e-02 1.304e-02 0.000e+00
8 1.045e-02 1.007e-02 -5.945e-03 0.000e+00
9 -4.985e-03 -1.419e-02 9.546e-03 0.000e+00
10 1.261e-03 5.926e-03 -6.040e-03 0.000e+00
11 1.259e-02 -2.083e-02 2.335e-02 0.000e+00
12 5.896e-04 1.605e-02 1.921e-02 0.000e+00
13 -3.106e-03 -2.668e-02 -4.895e-03 0.000e+00
14 -1.380e-02 -1.696e-02 3.322e-02 0.000e+00
15 -7.305e-03 -1.699e-02 -1.743e-02 0.000e+00
16 -3.517e-02 -1.977e-02 2.208e-03 0.000e+00
17 2.256e-02 2.732e-02 -1.537e-03 0.000e+00
18 -8.600e-03 5.764e-03 1.453e-02 0.000e+00
19 -1.734e-02 6.957e-03 1.211e-03 0.000e+00
20 -1.505e-02 -1.249e-03 1.910e-02 0.000e+00
21 8.289e-03 2.397e-02 1.973e-02 0.000e+00
22 -1.966e-03 -2.525e-02 -1.514e-02 0.000e+00
23 4.478e-03 2.797e-02 2.949e-02 0.000e+00
24 4.308e-03 1.444e-02 -2.120e-03 0.000e+00
25 1.582e-02 2.375e-02 -2.034e-02 0.000e+00
26 -1.966e-02 -1.866e-02 2.267e-02 0.000e+00
27 -1.848e-02 -1.486e-02 -4.484e-02 0.000e+00
28 -2.812e-02 -2.191e-02 -2.332e-02 0.000e+00
29 1.860e-02 2.140e-02 2.957e-02 0.000e+00
30 1.130e-02 -2.318e-02 1.997e-02 0.000e+00
31 -1.437e-02 1.920e-02 -2.461e-02 0.000e+00
32 -1.188e-02 9.452e-03 -1.527e-02 0.000e+00
33 -1.065e-03 1.415e-02 -1.023e-02 0.000e+00
34 -2.656e-02 3.258e-02 3.768e-02 -1.986e+01
35 1.248e-02 5.866e-02 5.992e-05 7.651e+00
36 3.660e-02 1.178e-02 -3.429e-03 0.000e+00
37 4.196e-02 -2.212e-02 -1.601e-02 0.000e+00
38 -2.645e-02 -2.740e-03 -1.837e-02 0.000e+00
39 -1.857e-03 6.629e-03 -2.993e-02 0.000e+00
40 -1.096e-02 1.033e-02 1.290e-02 0.000e+00
41 2.675e-03 2.396e-02 2.700e-02 0.000e+00
42 2.492e-02 2.958e-02 1.191e-02 5.427e+01
43 1.496e-02 -1.664e-03 2.521e-02 0.000e+00
44 -3.623e-02 -2.680e-02 -5.993e-03 0.000e+00
45 3.886e-02 -4.182e-03 2.315e-02 0.000e+00
46 -4.424e-02 -2.259e-02 -4.299e-04 0.000e+00
47 1.882e-02 -2.776e-02 8.646e-04 0.000e+00
48 -9.078e-03 -1.355e-02 3.675e-02 0.000e+00
49 1.551e-02 -2.803e-02 -1.210e-02 0.000e+00
50 2.372e-03 -2.231e-02 1.728e-02 0.000e+00
51 1.550e-02 5.129e-03 -1.399e-02 0.000e+00
52 -1.116e-02 1.724e-02 -1.078e-02 0.000e+00
53 2.745e-02 -2.343e-02 1.845e-03 0.000e+00
54 -3.533e-03 -2.172e-02 -1.388e-02 0.000e+00
55 2.800e-02 -1.923e-02 -1.142e-02 0.000e+00
56 -4.327e-02 1.199e-02 -1.054e-02 0.000e+00
57 -1.951e-02 -2.197e-02 -1.010e-02 0.000e+00
58 -3.098e-02 -2.411e-02 -4.549e-02 0.000e+00
59 -1.083e-02 1.550e-02 -7.147e-04 0.000e+00
60 -6.740e-03 1.731e-02 -3.589e-03 0.000e+00
61 -3.453e-03 -7.270e-05 7.265e-03 0.000e+00
62 -1.331e-02 -2.589e-02 1.257e-02 0.000e+00
63 1.127e-04 2.900e-02 -2.637e-02 0.000e+00
64 1.550e-02 2.762e-02 1.634e-02 0.000e+00
65 -6.090e-03 4.384e-03 -2.147e-02 0.000e+00
66 2.311e-03 1.955e-02 2.419e-02 0.000e+00
67 -2.627e-02 -2.468e-02 -1.205e-02 0.000e+00
68 6.049e-02 4.448e-03 3.792e-04 0.000e+00
69 1.492e-02 -2.438e-02 -5.749e-03 0.000e+00
70 1.050e-02 -2.728e-02 -5.278e-03 0.000e+00
71 4.307e-02 -1.411e-02 -2.535e-02 0.000e+00
72 2.548e-02 1.050e-02 5.956e-03 0.000e+00
73 3.886e-02 -2.641e-02 -2.450e-02 0.000e+00
74 -1.058e-02 -1.862e-02 -8.240e-03 0.000e+00
75 3.572e-02 -2.804e-02 -3.066e-02 0.000e+00
76 -2.510e-02 -2.382e-02 -1.190e-02 0.000e+00
77 -1.969e-02 -1.868e-02 3.931e-03 0.000e+00
78 5.056e-03 -1.578e-02 4.298e-02 0.000e+00
79 -8.048e-03 -2.824e-02 -2.119e-02 0.000e+00
80 2.680e-02 1.923e-02 1.157e-02 0.000e+00
81 -2.555e-02 -1.921e-02 3.742e-03 0.000e+00
82 1.467e-02 -2.790e-02 -1.577e-03 0.000e+00
83 1.476e-02 2.273e-02 -1.528e-02 0.000e+00
84 -3.555e-02 -4.491e-03 -1.447e-02 0.000e+00
85 -7.748e-03 -2.768e-02 -3.666e-03 0.000e+00
86 -2.162e-02 2.516e-03 -9.343e-03 0.000e+00
87 -2.349e-03 -1.831e-02 -5.991e-03 0.000e+00
88 -2.071e-02 1.538e-02 -1.867e-02 0.000e+00
89 -6.845e-03 7.677e-03 7.057e-03 0.000e+00
90 1.632e-02 1.702e-02 -4.857e-05 0.000e+00
91 -4.523e-03 -2.797e-02 1.275e-02 0.000e+00
92 1.277e-02 1.643e-04 -6.796e-03 0.000e+00
93 5.678e-03 3.036e-02 2.353e-02 -6.631e+01
94 1.183e-02 -2.278e-02 -2.670e-02 0.000e+00
95 -6.747e-03 -2.193e-02 1.705e-02 0.000e+00
96 3.614e-02 4.751e-03 -1.884e-02 0.000e+00
97 5.673e-03 -1.756e-02 1.236e-02 0.000e+00
98 -5.305e-03 -1.924e-02 5.101e-03 0.000e+00
99 -3.450e-03 8.572e-04 2.598e-03 0.000e+00
100 1.323e-02 -3.575e-03 -3.710e-02 0.000e+00
101 1.172e-02 1.200e-03 -5.394e-03 0.000e+00
102 -1.737e-02 3.424e-03 7.554e-03 0.000e+00
103 2.325e-03 2.134e-02 4.126e-03 0.000e+00
104 -2.676e-02 6.157e-03 -1.202e-02 0.000e+00
105 7.195e-03 -2.301e-02 -2.895e-02 0.000e+00
106 -1.048e-03 -2.445e-02 4.838e-03 0.000e+00
107 2.360e-02 4.725e-03 -4.197e-02 0.000e+00
108 -2.168e-02 2.751e-02 1.252e-02 0.000e+00
109 8.006e-03 -2.669e-02 2.538e-02 0.000e+00
110 -1.228e-02 1.723e-02 -1.106e-02 0.000e+00
111 -1.230e-02 2.136e-02 -1.226e-02 0.000e+00
112 2.040e-02 -3.676e-03 1.230e-02 0.000e+00
113 -1.400e-02 2.101e-02 3.025e-02 0.000e+00
114 1.043e-02 -2.781e-02 6.031e-03 0.000e+00
115 -6.201e-03 1.086e-02 -1.377e-02 0.000e+00
116 3.085e-02 1.527e-02 -1.091e-02 0.000e+00
117 7.837e-04 9.897e-03 -2.236e-02 0.000e+00
118 2.892e-02 1.334e-02 3.482e-02 0.000e+00
119 5.853e-03 1.822e-02 -2.928e-02 0.000e+00
120 3.837e-03 4.535e-02 -9.273e-03 2.862e+01
121 1.581e-02 3.280e-02 1.149e-02 2.685e+01
122 1.938e-02 1.813e-02 -1.665e-03 0.000e+00
123 3.199e-03 -2.370e-02 1.157e-02 0.000e+00
124 -2.653e-02 5.346e-03 -1.783e-02 0.000e+00
125 1.037e-02 7.425e-03 7.257e-03 0.000e+00
126 -9.639e-03 2.974e-02 1.423e-02 4.626e+01
127 -4.474e-02 -2.583e-02 -4.075e-03 0.000e+00
128 -1.865e-02 -2.461e-02 1.975e-02 0.000e+00
129 3.644e-02 1.635e-02 -3.054e-03 0.000e+00
130 -2.284e-02 2.681e-03 -9.186e-05 0.000e+00
131 -1.635e-02 -2.532e-02 -6.557e-03 0.000e+00
132 -7.325e-03 -2.545e-02 1.467e-02 0.000e+00
133 1.743e-02 -2.278e-02 -8.734e-03 0.000e+00
134 1.962e-02 -2.169e-02 -2.201e-02 0.000e+00
135 1.109e-03 1.224e-02 2.124e-03 0.000e+00
136 -2.373e-02 -2.536e-02 -6.122e-04 0.000e+00
137 4.912e-03 3.153e-03 -6.677e-03 0.000e+00
138 -6.227e-03 -3.762e-03 -2.027e-02 0.000e+00
139 -4.330e-03 1.636e-02 1.056e-02 0.000e+00
140 1.094e-02 2.037e-02 6.767e-03 0.000e+00
141 -2.043e-02 2.132e-02 -9.433e-05 0.000e+00
142 -1.343e-02 2.317e-02 -2.370e-05 0.000e+00
143 -3.949e-03 -2.413e-02 -5.263e-03 0.000e+00
144 6.856e-03 -2.279e-02 -2.973e-02 0.000e+00
145 -1.676e-02 -1.389e-02 2.093e-02 0.000e+00
146 -4.556e-03 -2.197e-02 -1.034e-02 0.000e+00
147 1.374e-03 -2.425e-02 -2.482e-02 0.000e+00
148 -2.674e-02 -2.296e-02 -3.543e-02 0.000e+00
149 1.492e-02 2.421e-03 8.576e-03 0.000e+00
150 -3.025e-02 1.352e-02 -2.208e-03 0.000e+00
151 1.510e-02 -1.978e-02 2.129e-02 0.000e+00
152 -7.850e-03 1.766e-02 -1.064e-02 0.000e+00
153 -3.028e-02 2.234e-03 -4.336e-03 0.000e+00
154 1.277e-03 8.048e-03 1.015e-02 0.000e+00
155 -2.292e-02 -2.820e-02 2.588e-02 0.000e+00
156 -2.678e-02 -1.814e-02 1.001e-02 0.000e+00
157 1.414e-02 3.337e-03 2.134e-03 0.000e+00
158 1.220e-02 2.295e-02 5.618e-03 0.000e+00
159 -2.448e-02 -2.679e-02 1.035e-02 0.000e+00
160 3.498e-02 4.066e-03 1.533e-02 0.000e+00
161 -2.404e-02 3.423e-02 1.028e-02 3.453e+01
162 2.420e-03 -1.493e-03 6.688e-03 0.000e+00
163 -2.518e-02 -1.993e-02 -1.183e-02 0.000e+00
164 3.817e-03 9.787e-03 2.686e-02 0.000e+00
165 -1.690e-03 -1.548e-02 -1.679e-03 0.000e+00
166 3.174e-02 -1.371e-02 -1.863e-02 0.000e+00
167 -3.587e-04 -2.269e-02 -2.776e-04 0.000e+00
168 -3.095e-02 1.959e-02 -1.208e-02 0.000e+00
169 -1.492e-02 2.937e-02 1.318e-02 0.000e+00
170 9.230e-03 -1.425e-02 1.688e-02 0.000e+00
171 -2.671e-02 -2.818e-02 4.191e-03 0.000e+00
172 2.543e-02 -2.392e-02 5.004e-03 0.000e+00
173 -2.476e-02 3.124e-02 8.426e-03 -1.928e+01
174 -1.518e-02 -1.584e-02 2.609e-03 0.000e+00
175 4.266e-03 -2.524e-02 -9.057e-03 0.000e+00
176 4.049e-03 4.470e-02 -2.391e-03 6.564e+01
177 -1.341e-02 -2.258e-02 -2.566e-02 0.000e+00
178 -1.048e-02 -2.346e-02 -4.375e-02 0.000e+00
179 7.569e-03 1.377e-02 -2.340e-02 0.000e+00
180 -2.648e-02 2.144e-03 -1.562e-02 0.000e+00
181 -1.269e-02 -2.792e-02 -2.285e-02 0.000e+00
182 -3.299e-02 -8.109e-03 4.609e-03 0.000e+00
183 1.318e-02 7.270e-05 1.505e-02 0.000e+00
184 5.553e-03 1.675e-02 1.724e-02 0.000e+00
185 4.419e-03 -2.560e-02 9.119e-03 0.000e+00
186 4.605e-02 7.301e-03 5.008e-04 0.000e+00
187 7.845e-03 -2.133e-02 -1.399e-02 0.000e+00
188 -1.743e-02 -7.602e-03 2.647e-02 0.000e+00
189 -1.593e-02 -2.784e-02 1.190e-02 0.000e+00
190 -7.548e-03 -6.981e-03 5.207e-03 0.000e+00
191 -4.587e-02 -1.511e-02 3.193e-02 0.000e+00
192 -3.154e-05 1.395e-02 1.325e-02 0.000e+00
193 9.123e-03 -2.819e-02 -9.939e-03 0.000e+00
194 6.072e-03 -3.396e-03 -1.316e-03 0.000e+00
195 -2.790e-02 1.366e-02 3.034e-02 0.000e+00
196 -4.762e-03 -1.711e-02 9.137e-03 0.000e+00
197 5.797e-03 4.315e-03 4.108e-03 0.000e+00
198 1.793e-02 -2.772e-02 1.715e-03 0.000e+00
199 1.968e-03 1.182e-02 6.363e-03 0.000e+00
200 5.784e-03 -2.783e-02 2.120e-02 0.000e+00
201 4.309e-02 -1.469e-02 6.976e-03 0.000e+00
202 -2.380e-02 -2.796e-02 -1.515e-02 0.000e+00
203 -4.083e-03 -2.596e-02 -7.129e-03 0.000e+00
204 -2.315e-02 1.194e-02 -4.652e-02 0.000e+00
205 1.317e-02 1.567e-02 2.545e-02 0.000e+00
206 4.418e-03 -2.290e-02 -1.117e-02 0.000e+00
207 -2.139e-02 3.533e-02 2.450e-02 3.544e+01
208 -7.648e-03 4.270e-02 -1.222e-02 -1.976e+01
209 -2.504e-02 -9.951e-04 -1.235e-02 0.000e+00
210 -1.577e-02 -2.516e-02 -4.899e-03 0.000e+00
211 -1.785e-02 -2.165e-02 1.574e-02 0.000e+00
212 -2.764e-02 2.201e-02 1.074e-02 0.000e+00
213 5.541e-03 -1.760e-02 2.094e-02 0.000e+00
214 1.966e-03 -2.318e-02 1.564e-02 0.000e+00
215 -1.194e-02 -2.182e-02 8.077e-03 0.000e+00
216 -3.446e-02 -2.737e-02 -8.717e-04 0.000e+00
217 -1.828e-03 -1.886e-02 -8.725e-03 0.000e+00
218 2.683e-02 9.419e-03 2.150e-02 0.000e+00
219 -5.644e-03 3.614e-03 9.502e-04 0.000e+00
220 3.179e-03 -6.050e-03 3.038e-02 0.000e+00
221 -1.159e-02 2.567e-03 1.177e-02 0.000e+00
222 2.728e-03 -2.295e-02 -2.983e-02 0.000e+00
223 -2.310e-02 1.643e-02 6.221e-03 0.000e+00
224 -1.509e-02 7.046e-03 1.743e-02 0.000e+00
225 -1.304e-02 -2.413e-02 1.918e-02 0.000e+00
226 1.009e-02 -2.260e-02 9.011e-03 0.000e+00
227 -1.893e-03 -2.753e-02 -4.046e-02 0.000e+00
228 -7.534e-03 -1.116e-03 3.988e-03 0.000e+00
229 -2.408e-02 -2.566e-02 4.469e-02 0.000e+00
230 -4.222e-03 8.008e-03 3.313e-03 0.000e+00
231 -8.003e-03 -1.476e-02 -1.505e-02 0.000e+00
232 -5.707e-03 -1.380e-02 9.312e-03 0.000e+00
233 8.641e-03 1.442e-02 -5.259e-03 0.000e+00
234 -2.479e-02 9.369e-03 1.536e-03 0.000e+00
235 7.544e-03 1.263e-02 -5.177e-03 0.000e+00
236 1.429e-02 -2.766e-02 -6.726e-03 0.000e+00
237 -1.407e-02 -2.751e-02 -3.753e-02 0.000e+00
238 -5.826e-04 2.007e-02 -1.613e-02 0.000e+00
239 6.372e-03 -6.181e-03 2.285e-03 0.000e+00
240 9.000e-03 1.425e-02 2.915e-02 0.000e+00
241 -3.949e-03 1.883e-02 -1.908e-02 0.000e+00
242 1.377e-02 2.055e-02 1.383e-02 0.000e+00
243 -6.225e-03 9.453e-03 -2.231e-02 0.000e+00
244 -1.327e-02 -2.797e-02 -7.379e-03 0.000e+00
245 -1.239e-02 -2.773e-02 -1.266e-02 0.000e+00
246 -1.702e-02 8.080e-03 2.251e-02 0.000e+00
247 -3.822e-04 8.144e-03 -1.564e-02 0.000e+00
248 3.306e-02 6.991e-04 -1.099e-02 0.000e+00
249 -2.114e-02 -2.584e-02 -7.253e-03 0.000e+00
250 -9.518e-03 -2.679e-02 1.123e-03 0.000e+00
251 -1.780e-02 -3.726e-03 1.072e-02 0.000e+00
252 -3.610e-04 9.583e-03 -8.007e-03 0.000e+00
253 -2.076e-02 1.170e-02 -2.937e-02 0.000e+00
254 -5.023e-03 1.310e-02 9.627e-03 0.000e+00
255 -1.573e-02 -1.547e-02 1.269e-02 0.000e+00
256 -5.446e-02 -2.676e-02 -1.570e-02 0.000e+00
257 -2.848e-02 1.009e-02 9.542e-03 0.000e+00
258 3.291e-02 -2.734e-02 -2.059e-02 0.000e+00
259 2.077e-02 -1.977e-02 6.691e-03 0.000e+00
260 -4.249e-03 -2.674e-02 6.354e-03 0.000e+00
261 -9.166e-03 -2.100e-02 2.318e-02 0.000e+00
262 -1.912e-02 -2.339e-02 -1.284e-02 0.000e+00
263 -4.441e-03 8.887e-03 -2.242e-02 0.000e+00
264 8.329e-03 5.954e-03 2.384e-04 0.000e+00
265 1.316e-02 -2.746e-02 1.582e-02 0.000e+00
266 1.302e-02 3.649e-03 -2.491e-02 0.000e+00
267 -3.946e-02 -2.695e-02 2.295e-02 0.000e+00
268 2.991e-02 5.411e-03 7.921e-03 0.000e+00
269 7.813e-03 4.125e-03 -1.014e-02 0.000e+00
270 3.853e-02 9.514e-03 -2.184e-02 0.000e+00
271 -1.047e-03 1.701e-02 -1.361e-02 0.000e+00
272 6.644e-03 -2.343e-02 -1.125e-02 0.000e+00
273 -1.784e-02 9.986e-03 -3.234e-02 0.000e+00
274 3.844e-03 8.841e-03 -1.460e-02 0.000e+00
275 -4.412e-03 1.362e-02 1.172e-02 0.000e+00
276 -7.658e-03 9.869e-03 8.693e-03 0.000e+00
277 -1.101e-02 -2.260e-02 5.801e-03 0.000e+00
278 2.126e-02 2.973e-03 2.641e-03 0.000e+00
279 3.508e-03 -2.015e-02 1.496e-02 0.000e+00
280 1.294e-02 2.961e-02 -3.804e-03 -3.530e+01
281 -1.192e-02 7.072e-03 3.861e-03 0.000e+00
282 -1.763e-02 -2.593e-02 2.072e-02 0.000e+00
283 1.464e-03 -2.635e-02 -1.407e-02 0.000e+00
284 1.336e-02 1.903e-02 1.975e-02 0.000e+00
285 -3.014e-02 -1.957e-03 -7.314e-03 0.000e+00
286 1.971e-02 2.780e-02 8.424e-04 0.000e+00
287 -2.380e-02 2.844e-02 -7.170e-05 0.000e+00
288 2.901e-03 -2.759e-02 1.165e-02 0.000e+00
289 1.300e-02 3.577e-02 4.113e-03 5.199e+01
290 -1.938e-02 1.677e-02 -2.302e-02 0.000e+00
291 -1.040e-02 2.558e-02 -1.072e-02 0.000e+00
292 -2.525e-04 -1.166e-03 -2.334e-02 0.000e+00
293 1.815e-02 2.975e-02 -1.845e-02 -3.941e+01
294 -1.584e-02 4.098e-02 -2.020e-02 5.334e+01
295 -1.966e-02 2.674e-02 -1.128e-02 0.000e+00
296 -1.652e-02 1.500e-02 2.168e-02 0.000e+00
297 -4.131e-02 1.044e-02 -6.770e-03 0.000e+00
298 2.495e-02 -2.026e-02 -2.399e-02 0.000e+00
299 -1.014e-02 4.378e-02 1.517e-02 5.422e+01
300 -1.623e-02 5.399e-03 -1.308e-02 0.000e+00
301 6.231e-03 3.450e-03 -8.980e-03 0.000e+00
302 7.129e-03 -4.161e-03 3.277e-03 0.000e+00
303 1.192e-02 2.574e-02 1.696e-03 0.000e+00
304 9.747e-04 2.005e-02 -9.145e-03 0.000e+00
305 6.350e-03 -1.275e-03 8.673e-03 0.000e+00
306 1.146e-02 4.050e-02 -3.517e-03 -6.859e+01
307 -4.492e-02 -2.223e-02 -2.635e-02 0.000e+00
308 -1.344e-03 -2.625e-02 -8.802e-03 0.000e+00
309 -1.198e-02 -2.668e-02 -2.146e-02 0.000e+00
310 1.556e-02 4.482e-02 1.732e-03 -6.814e+01
311 -7.127e-03 -2.030e-02 -1.139e-02 0.000e+00
312 -1.542e-02 -2.422e-02 9.254e-03 0.000e+00
313 -1.566e-02 3.267e-02 1.151e-02 -3.250e+01
314 2.777e-03 2.031e-02 2.492e-02 0.000e+00
315 1.889e-02 -2.058e-02 2.510e-03 0.000e+00
316 -8.996e-03 4.953e-02 2.132e-02 -7.234e+01
317 1.091e-02 -2.496e-02 7.854e-03 0.000e+00
318 -2.837e-04 -2.444e-02 -9.032e-03 0.000e+00
319 5.636e-03 -2.536e-02 -1.149e-02 0.000e+00
320 2.972e-02 -2.722e-02 -1.269e-03 0.000e+00
321 -8.886e-03 2.441e-02 -1.349e-02 0.000e+00
322 9.856e-03 2.503e-02 -1.096e-02 0.000e+00
323 3.046e-02 2.486e-02 -1.759e-02 0.000e+00
324 1.580e-02 -5.880e-03 6.857e-03 0.000e+00
325 2.428e-02 7.809e-03 3.516e-03 0.000e+00
326 -2.825e-02 -1.957e-02 1.716e-03 0.000e+00
327 1.022e-03 7.328e-03 3.156e-02 0.000e+00
328 -5.776e-04 1.519e-02 4.537e-03 0.000e+00
329 -1.850e-02 -1.388e-02 -1.352e-02 0.000e+00
330 -3.023e-02 7.756e-03 -2.326e-03 0.000e+00
331 -6.143e-03 -1.925e-02 -5.622e-03 0.000e+00
332 -5.876e-03 -4.785e-03 2.072e-02 0.000e+00
333 -2.864e-02 -2.067e-02 1.701e-02 0.000e+00
334 3.242e-03 -2.155e-02 1.587e-02 0.000e+00
335 2.586e-02 -2.365e-02 -4.336e-03 0.000e+00
336 2.208e-02 -6.080e-04 -1.172e-02 0.000e+00
337 -2.595e-02 -2.662e-02 1.072e-02 0.000e+00
338 -8.482e-03 1.022e-02 -1.945e-02 0.000e+00
339 2.512e-03 3.190e-02 -5.808e-04 2.250e+01
340 6.521e-03 -1.792e-02 2.910e-03 0.000e+00
341 -2.137e-02 8.471e-03 9.256e-03 0.000e+00
342 -1.880e-02 -2.591e-02 1.010e-02 0.000e+00
343 -4.765e-03 1.285e-02 -1.179e-02 0.000e+00
344 3.564e-03 -2.479e-02 -1.441e-02 0.000e+00
345 3.298e-02 2.183e-02 -1.222e-02 0.000e+00
346 2.095e-02 -2.512e-02 6.488e-03 0.000e+00
347 -2.629e-02 2.804e-02 2.012e-02 0.000e+00
348 1.080e-02 -2.330e-02 1.014e-02 0.000e+00
349 2.262e-03 2.401e-02 1.235e-02 0.000e+00
350 -1.493e-02 3.129e-02 -1.967e-02 -4.330e+01
351 3.101e-03 1.127e-02 2.743e-03 0.000e+00
352 5.362e-03 -2.787e-02 -2.709e-03 0.000e+00
353 -2.618e-02 3.912e-02 1.045e-02 -9.164e+01
354 2.249e-02 -2.274e-02 3.083e-02 0.000e+00
355 -2.735e-03 -2.289e-02 1.222e-03 0.000e+00
356 -8.923e-03 6.822e-03 -1.776e-02 0.000e+00
357 2.268e-02 1.144e-02 -3.159e-03 0.000e+00
358 1.811e-02 -1.877e-03 1.251e-03 0.000e+00
359 -4.072e-03 2.894e-02 1.289e-02 0.000e+00
360 -1.928e-02 4.844e-03 -1.114e-02 0.000e+00
361 4.932e-03 -2.051e-02 -1.756e-02 0.000e+00
362 6.619e-02 6.277e-03 3.828e-03 0.000e+00
363 1.576e-02 2.593e-02 -1.791e-03 0.000e+00
364 2.937e-02 -2.157e-02 -1.944e-02 0.000e+00
365 4.745e-03 -2.434e-02 1.910e-02 0.000e+00
366 -4.295e-03 -2.310e-02 -9.666e-03 0.000e+00
367 -2.424e-03 -2.591e-02 -5.568e-03 0.000e+00
368 3.956e-02 -2.686e-02 2.402e-02 0.000e+00
369 -1.172e-02 -2.251e-02 7.347e-03 0.000e+00
370 1.340e-03 -2.487e-02 9.699e-03 0.000e+00
371 3.660e-02 1.542e-02 -5.650e-04 0.000e+00
372 8.009e-03 1.751e-03 1.412e-02 0.000e+00
373 4.661e-03 1.538e-02 1.710e-02 0.000e+00
374 1.580e-02 -4.551e-03 7.735e-03 0.000e+00
375 -5.632e-03 2.334e-02 2.577e-02 0.000e+00
376 1.654e-02 2.178e-02 4.259e-03 0.000e+00
377 5.228e-02 -2.509e-02 -4.483e-03 0.000e+00
378 -1.073e-02 -2.789e-02 3.648e-02 0.000e+00
379 1.483e-02 -2.577e-02 3.430e-02 0.000e+00
380 -1.648e-02 -2.034e-02 4.680e-02 0.000e+00
381 3.034e-02 2.328e-03 1.147e-02 0.000e+00
382 -3.233e-03 -2.274e-02 -2.364e-03 0.000e+00
383 1.718e-02 -5.195e-03 -1.263e-02 0.000e+00
384 2.263e-02 -2.320e-02 -2.068e-04 0.000e+00
385 2.737e-03 8.092e-03 1.519e-05 0.000e+00
386 1.451e-03 -2.233e-02 -4.411e-02 0.000e+00
387 2.487e-03 2.623e-02 1.293e-03 0.000e+00
388 3.154e-05 1.249e-02 4.034e-03 0.000e+00
389 -3.111e-03 4.037e-02 1.195e-02 -4.280e+01
390 1.929e-03 -2.397e-02 3.852e-02 0.000e+00
391 6.389e-03 -5.317e-04 2.084e-02 0.000e+00
392 -6.378e-03 7.698e-03 -1.183e-02 0.000e+00
393 1.598e-03 5.275e-03 1.288e-02 0.000e+00
394 -5.293e-03 1.898e-02 -2.053e-02 0.000e+00
395 2.045e-02 -2.469e-02 -4.836e-02 0.000e+00
396 2.515e-02 2.489e-03 -9.038e-03 0.000e+00
397 1.982e-02 -1.975e-02 -6.450e-04 0.000e+00
398 -9.234e-03 5.110e-03 -1.501e-02 0.000e+00
399 2.095e-02 4.555e-02 -1.313e-03 6.847e+01
400 2.486e-02 4.647e-03 -1.928e-03 0.000e+00
401 8.002e-03 -1.591e-02 9.428e-03 0.000e+00
402 -2.235e-02 2.257e-02 -2.445e-02 0.000e+00
403 1.879e-03 9.848e-03 1.410e-02 0.000e+00
404 -2.672e-02 -3.460e-03 2.317e-02 0.000e+00
405 -2.179e-03 8.822e-03 -2.977e-02 0.000e+00
406 4.873e-03 3.118e-02 2.354e-02 -9.458e+01
407 1.327e-02 -2.396e-02 3.067e-03 0.000e+00
408 7.208e-03 -2.798e-02 1.123e-03 0.000e+00
409 8.802e-03 -2.360e-02 2.132e-03 0.000e+00
410 1.443e-02 1.200e-02 -6.686e-03 0.000e+00
411 -2.348e-02 -4.156e-03 -6.860e-03 0.000e+00
412 6.317e-03 -2.536e-02 -1.369e-02 0.000e+00
413 2.481e-02 2.169e-02 -2.442e-02 0.000e+00
414 -3.639e-02 1.893e-02 1.537e-02 0.000e+00
415 -4.192e-02 -1.406e-02 -4.787e-03 0.000e+00
416 -4.411e-03 1.812e-02 3.536e-02 0.000e+00
417 8.263e-03 2.608e-02 -2.201e-02 0.000e+00
418 7.292e-03 -1.581e-02 -1.387e-02 0.000e+00
419 -2.195e-02 -2.628e-02 -1.396e-02 0.000e+00
420 1.885e-02 3.685e-03 -2.557e-02 0.000e+00
421 3.841e-02 -2.061e-02 8.183e-03 0.000e+00
422 -1.252e-02 -1.342e-02 -8.568e-03 0.000e+00
423 3.604e-02 5.633e-03 -1.940e-03 0.000e+00
424 2.661e-02 6.500e-03 -3.341e-03 0.000e+00
425 6.306e-03 8.388e-03 -1.228e-02 0.000e+00
426 9.173e-03 1.355e-02 1.122e-02 0.000e+00
427 2.062e-03 -1.687e-02 -5.417e-03 0.000e+00
428 2.399e-02 2.898e-02 -8.957e-03 0.000e+00
429 -2.911e-03 -2.397e-02 -4.029e-02 0.000e+00
430 4.111e-02 1.111e-02 -1.397e-02 0.000e+00
431 1.625e-02 6.458e-03 -7.578e-03 0.000e+00
432 1.719e-02 -2.546e-02 1.034e-02 0.000e+00
433 3.796e-03 1.730e-02 3.548e-03 0.000e+00
434 2.250e-02 -2.691e-02 -4.472e-03 0.000e+00
435 -3.479e-03 3.175e-02 4.966e-03 -2.224e+01
436 5.371e-03 9.797e-04 -4.755e-03 0.000e+00
437 1.950e-02 9.746e-04 -1.516e-02 0.000e+00
438 -9.869e-03 1.555e-02 -1.825e-02 0.000e+00
439 -2.421e-02 -2.600e-02 6.903e-03 0.000e+00
440 -5.669e-03 -6.910e-03 -2.678e-02 0.000e+00
441 7.892e-03 -2.226e-03 2.898e-03 0.000e+00
442 1.187e-02 2.003e-02 -2.725e-02 0.000e+00
443 -1.152e-03 -2.590e-02 -3.524e-02 0.000e+00
444 8.535e-03 1.756e-02 2.654e-03 0.000e+00
445 2.047e-02 -2.582e-02 -9.496e-03 0.000e+00
446 -1.261e-02 -2.761e-02 1.278e-03 0.000e+00
447 -2.710e-02 9.549e-03 1.093e-02 0.000e+00
448 1.314e-02 -2.637e-02 -1.173e-02 0.000e+00
449 3.188e-03 -2.163e-02 3.083e-02 0.000e+00
450 1.705e-02 7.524e-03 1.547e-02 0.000e+00
451 -2.789e-02 -2.437e-02 1.527e-02 0.000e+00
452 3.093e-03 1.274e-02 2.095e-02 0.000e+00
453 -1.061e-02 1.038e-02 -6.766e-03 0.000e+00
454 7.761e-03 -2.785e-02 3.303e-02 0.000e+00
455 -2.621e-03 -2.605e-02 -6.215e-03 0.000e+00
456 -3.662e-03 -2.693e-02 -1.631e-02 0.000e+00
457 9.367e-03 2.778e-02 -2.094e-02 0.000e+00
458 4.348e-03 5.306e-02 8.836e-03 -5.406e+01
459 1.525e-02 -2.764e-02 -6.187e-03 0.000e+00
460 1.187e-02 2.064e-02 -3.469e-02 0.000e+00
461 2.167e-02 2.871e-03 -7.151e-03 0.000e+00
462 2.790e-02 2.634e-02 -1.693e-02 0.000e+00
463 7.199e-05 2.421e-02 -1.875e-02 0.000e+00
464 7.370e-03 4.758e-03 -2.445e-02 0.000e+00
465 1.665e-02 5.019e-03 2.703e-03 0.000e+00
466 3.058e-02 5.787e-02 1.614e-02 6.732e+01
467 -2.322e-02 1.801e-02 2.503e-03 0.000e+00
468 2.920e-02 -1.468e-02 1.924e-02 0.000e+00
469 3.206e-02 -2.573e-02 4.492e-03 0.000e+00
470 -1.608e-02 -3.166e-03 8.160e-04 0.000e+00
471 2.112e-02 -2.070e-02 2.446e-02 0.000e+00
472 -1.346e-02 1.280e-03 -1.779e-03 0.000e+00
473 1.089e-02 9.812e-03 1.192e-02 0.000e+00
474 -1.062e-02 -2.749e-02 -2.681e-02 0.000e+00
475 -1.129e-02 -2.589e-02 2.088e-02 0.000e+00
476 -2.115e-02 6.167e-03 -7.835e-04 0.000e+00
477 2.332e-02 1.993e-02 3.909e-03 0.000e+00
478 2.633e-02 -2.544e-02 2.683e-03 0.000e+00
479 -1.527e-02 -2.094e-02 -3.709e-02 0.000e+00
480 1.308e-02 -2.642e-02 -2.150e-02 0.000e+00
481 5.425e-02 -2.571e-02 -1.608e-02 0.000e+00
482 2.081e-02 -2.514e-02 -1.015e-02 0.000e+00
483 1.092e-03 3.520e-02 5.022e-03 1.317e+01
484 1.273e-02 -1.684e-02 4.210e-02 0.000e+00
485 6.781e-02 1.618e-02 -1.858e-02 0.000e+00
486 6.077e-02 5.338e-02 1.111e-02 -7.994e+01
487 6.521e-02 -4.114e-03 1.777e-02 0.000e+00
488 8.384e-02 1.899e-02 6.043e-03 0.000e+00
489 7.696e-02 4.096e-02 5.107e-03 -4.810e+01
490 6.318e-02 3.034e-02 -2.404e-02 -4.038e+01
491 1.095e-01 5.595e-03 -6.884e-02 0.000e+00
492 1.404e-01 6.113e-02 -5.035e-02 -4.671e+01
493 1.274e-01 6.892e-02 -2.164e-02 -4.284e+01
494 1.315e-01 5.312e-02 3.035e-03 -4.602e+01
495 1.146e-01 7.271e-02 -4.101e-02 -3.049e+01
496 1.725e-01 9.111e-02 -6.933e-03 -2.843e+01
497 1.294e-01 8.397e-02 -3.934e-02 -3.062e+01
498 2.088e-01 5.882e-02 -7.257e-02 -2.008e+01
499 2.011e-01 4.926e-02 -5.498e-02 -3.022e+01
500 2.575e-01 4.842e-02 -2.451e-02 -2.696e+01
501 3.405e-01 1.058e-01 -5.455e-02 -1.123e+01
502 4.366e-01 9.681e-02 2.191e-02 -4.924e+00
503 5.945e-01 1.354e-01 5.184e-02 -1.891e+01
504 8.023e-01 1.599e-01 1.119e-02 -2.345e+01
505 9.412e-01 2.463e-01 2.396e-02 -2.272e+01
506 1.000e+00 2.739e-01 -2.417e-02 -2.092e+01
507 9.378e-01 3.073e-01 -8.279e-02 -2.130e+01
508 7.760e-01 2.382e-01 -1.325e-01 -2.136e+01
509 6.172e-01 1.553e-01 -1.324e-01 -2.070e+01
510 5.168e-01 1.428e-01 -6.280e-02 -3.511e+01
511 4.507e-01 8.082e-02 -8.945e-02 -3.638e+01
512 4.157e-01 9.296e-02 -6.186e-02 -5.544e+01
513 3.871e-01 1.887e-02 -2.939e-02 0.000e+00
514 3.899e-01 -1.163e-02 1.565e-02 0.000e+00
515 3.116e-01 8.666e-02 5.297e-04 3.487e+01
516 2.350e-01 8.504e-02 -4.272e-03 4.379e+01
517 1.485e-01 4.761e-02 5.061e-03 4.961e+01
518 7.419e-02 3.861e-02 9.692e-03 3.929e+01
519 6.749e-02 5.165e-02 2.381e-03 3.642e+01
520 3.886e-02 -2.539e-02 2.284e-02 0.000e+00
521 4.243e-02 3.383e-02 6.789e-03 3.833e+01
522 5.140e-02 -2.679e-02 -2.152e-03 0.000e+00
523 2.000e-02 2.219e-02 2.623e-02 0.000e+00
524 1.597e-02 -2.673e-02 4.456e-03 0.000e+00
525 1.297e-02 7.343e-03 -3.716e-02 0.000e+00
526 -1.643e-02 1.760e-02 2.022e-02 0.000e+00
527 4.859e-04 7.797e-03 -2.094e-02 0.000e+00
528 1.950e-02 1.609e-02 2.461e-02 0.000e+00
529 1.848e-02 -1.884e-02 -3.185e-02 0.000e+00
530 1.935e-02 3.022e-02 -6.672e-04 -2.125e+01
531 3.902e-02 2.664e-02 1.549e-02 0.000e+00
532 -3.914e-02 3.337e-02 1.084e-02 1.832e+01
533 2.137e-02 1.731e-02 4.402e-03 0.000e+00
534 -2.649e-02 -2.533e-02 -2.412e-02 0.000e+00
535 -1.488e-02 -2.785e-02 5.275e-03 0.000e+00
536 3.335e-02 1.549e-02 -2.345e-02 0.000e+00
537 2.452e-03 -2.757e-02 3.575e-02 0.000e+00
538 -2.956e-03 -2.814e-02 -3.692e-02 0.000e+00
539 -6.047e-03 2.463e-02 -2.479e-02 0.000e+00
540 1.485e-02 -1.876e-02 1.884e-02 0.000e+00
541 1.871e-02 9.619e-04 -1.477e-02 0.000e+00
542 -3.253e-02 -1.356e-02 2.457e-02 0.000e+00
543 -1.011e-02 3.537e-02 -1.650e-02 3.016e+01
544 8.457e-03 3.825e-02 -7.454e-03 3.643e+01
545 -1.673e-02 -2.722e-02 1.216e-02 0.000e+00
546 1.058e-02 -2.705e-02 -7.143e-03 0.000e+00
547 6.431e-03 -2.140e-02 3.358e-02 0.000e+00
548 2.680e-02 1.026e-02 1.865e-02 0.000e+00
549 -1.067e-02 -2.618e-02 -9.121e-03 0.000e+00
550 -1.130e-02 1.261e-02 2.707e-03 0.000e+00
551 1.656e-02 2.201e-02 -5.098e-02 0.000e+00
552 -1.336e-02 -2.127e-02 3.072e-02 0.000e+00
553 -1.860e-02 1.695e-02 2.450e-02 0.000e+00
554 2.757e-03 6.051e-03 -1.271e-02 0.000e+00
555 8.365e-03 6.902e-03 -2.453e-03 0.000e+00
556 9.045e-03 -2.779e-02 1.810e-02 0.000e+00
557 -2.180e-02 1.431e-02 7.124e-03 0.000e+00
558 -2.285e-02 -2.139e-02 4.358e-02 0.000e+00
559 -2.627e-03 -1.875e-02 3.944e-02 0.000e+00
560 2.179e-03 -1.865e-02 2.366e-02 0.000e+00
561 -1.117e-02 -2.021e-02 -1.818e-02 0.000e+00
562 1.009e-03 1.664e-02 -9.548e-04 0.000e+00
563 8.856e-03 -1.690e-02 -1.867e-02 0.000e+00
564 8.886e-03 4.871e-03 -3.424e-02 0.000e+00
565 4.214e-02 -2.417e-02 -1.529e-03 0.000e+00
566 -7.180e-03 -2.546e-02 -1.769e-02 0.000e+00
567 -3.113e-02 -2.669e-02 -8.743e-03 0.000e+00
568 9.419e-03 -1.545e-02 -3.270e-03 0.000e+00
569 -1.137e-02 8.364e-03 1.676e-02 0.000e+00
570 1.427e-02 1.005e-02 3.642e-02 0.000e+00
571 -4.112e-03 -2.377e-03 2.550e-03 0.000e+00
572 2.257e-02 2.011e-02 -3.294e-02 0.000e+00
573 -1.752e-02 -2.209e-02 -3.121e-02 0.000e+00
574 2.234e-02 2.018e-02 -3.886e-03 0.000e+00
575 -8.726e-03 2.192e-02 -9.999e-03 0.000e+00
576 5.165e-03 -2.804e-02 -2.211e-02 0.000e+00
577 6.745e-03 -1.762e-02 -1.765e-02 0.000e+00
578 1.322e-03 1.053e-02 4.030e-02 0.000e+00
579 -6.333e-03 5.828e-03 6.995e-03 0.000e+00
580 3.658e-02 -2.065e-02 2.876e-02 0.000e+00
581 1.598e-03 1.027e-02 7.046e-04 0.000e+00
582 9.268e-03 -5.287e-03 4.898e-03 0.000e+00
583 -1.080e-02 -2.004e-02 2.357e-03 0.000e+00
584 -2.264e-02 1.439e-02 1.970e-02 0.000e+00
585 -3.028e-02 1.774e-04 -6.976e-04 0.000e+00
586 3.191e-02 2.819e-02 -3.233e-02 0.000e+00
587 -1.494e-02 7.052e-03 7.561e-03 0.000e+00
588 1.998e-02 1.168e-02 -2.911e-02 0.000e+00
589 -3.079e-03 3.531e-02 -1.459e-02 -3.698e+01
590 -1.238e-02 -1.751e-02 2.747e-02 0.000e+00
591 1.984e-02 3.668e-02 -2.356e-03 -3.865e+00
592 -7.219e-03 -2.210e-02 1.424e-03 0.000e+00
593 -4.246e-03 1.239e-02 8.877e-03 0.000e+00
594 9.741e-03 -2.188e-02 -1.996e-03 0.000e+00
595 1.661e-02 1.826e-02 1.061e-02 0.000e+00
596 -3.538e-04 -2.148e-02 3.001e-02 0.000e+00
597 -1.732e-02 -2.063e-02 -2.367e-02 0.000e+00
598 5.052e-03 -1.944e-02 -3.348e-02 0.000e+00
599 8.994e-03 1.821e-02 -4.839e-03 0.000e+00
600 -2.211e-02 -2.809e-02 1.395e-02 0.000e+00
601 -1.493e-02 -2.390e-02 1.066e-02 0.000e+00
602 -2.398e-02 -2.273e-02 -1.082e-02 0.000e+00
603 -2.854e-02 2.936e-02 -4.965e-03 0.000e+00
604 -8.674e-04 1.545e-02 -7.363e-03 0.000e+00
605 1.047e-02 8.934e-03 5.738e-03 0.000e+00
606 -4.999e-03 2.586e-02 1.135e-02 0.000e+00
607 2.508e-02 -7.086e-03 -3.817e-03 0.000e+00
608 3.084e-02 1.977e-02 -1.289e-02 0.000e+00
609 1.462e-02 -2.769e-02 1.887e-02 0.000e+00
610 5.908e-03 -2.804e-02 1.326e-02 0.000e+00
611 -2.276e-03 -1.836e-02 -1.691e-02 0.000e+00
612 -1.429e-02 2.791e-02 -1.170e-03 0.000e+00
613 -7.726e-03 -2.816e-02 -1.050e-04 0.000e+00
614 -1.436e-02 -2.664e-02 -4.776e-03 0.000e+00
615 3.244e-03 -1.655e-02 -1.585e-02 0.000e+00
616 9.798e-03 -1.475e-02 -8.349e-04 0.000e+00
617 2.300e-02 -2.606e-02 1.398e-02 0.000e+00
618 -2.569e-02 -2.752e-02 -1.405e-02 0.000e+00
619 1.093e-02 2.245e-02 2.223e-03 0.000e+00
620 -1.070e-02 -4.423e-03 -1.127e-02 0.000e+00
621 -1.788e-02 7.115e-03 2.383e-03 0.000e+00
622 -1.379e-02 -2.629e-02 -2.221e-03 0.000e+00
623 -1.373e-02 2.928e-02 1.734e-02 0.000e+00
624 -2.363e-02 -2.600e-02 -2.208e-02 0.000e+00
625 -3.926e-03 -2.763e-02 3.502e-02 0.000e+00
626 1.069e-02 2.617e-02 5.929e-03 0.000e+00
627 -2.341e-02 -2.803e-02 7.768e-03 0.000e+00
628 -8.456e-03 1.981e-02 -1.191e-02 0.000e+00
629 1.483e-03 1.194e-02 3.062e-02 0.000e+00
630 1.174e-02 8.269e-03 -9.279e-03 0.000e+00
631 1.481e-02 -2.360e-02 2.276e-03 0.000e+00
632 1.334e-02 -2.670e-02 5.369e-03 0.000e+00
633 -1.302e-03 -2.588e-02 2.160e-02 0.000e+00
634 3.717e-02 -1.833e-02 1.722e-02 0.000e+00
635 4.229e-03 -1.709e-02 -2.327e-02 0.000e+00
636 2.289e-02 1.126e-02 -2.863e-04 0.000e+00
637 -1.485e-02 6.546e-03 2.360e-02 0.000e+00
638 -7.214e-03 -1.814e-02 4.983e-03 0.000e+00
639 -1.328e-02 -2.383e-02 3.470e-02 0.000e+00
640 4.098e-02 9.952e-03 -1.222e-02 0.000e+00
641 -2.362e-02 3.000e-03 -1.034e-02 0.000e+00
642 -1.897e-04 -2.623e-02 -2.755e-02 0.000e+00
643 1.954e-02 1.937e-02 9.196e-03 0.000e+00
644 -8.050e-03 -1.631e-02 1.299e-02 0.000e+00
645 -2.168e-02 2.701e-02 4.183e-03 0.000e+00
646 7.993e-03 6.659e-04 -2.962e-02 0.000e+00
647 2.720e-03 4.876e-02 -1.549e-02 -5.506e+01
648 1.368e-02 -2.769e-02 2.131e-02 0.000e+00
649 -2.231e-03 4.639e-03 2.331e-03 0.000e+00
650 -2.140e-02 2.459e-02 1.334e-02 0.000e+00
651 1.110e-02 1.932e-02 -3.872e-03 0.000e+00
652 -3.504e-02 2.187e-02 -5.304e-03 0.000e+00
653 8.470e-03 1.894e-02 -2.340e-02 0.000e+00
654 1.093e-02 -2.373e-02 2.259e-02 0.000e+00
655 -4.923e-02 2.153e-02 -4.090e-02 0.000e+00
656 -4.745e-02 -1.508e-03 1.810e-02 0.000e+00
657 2.194e-02 1.764e-02 -5.824e-03 0.000e+00
658 -3.600e-03 -2.713e-02 -3.062e-04 0.000e+00
659 1.662e-02 -1.597e-02 3.077e-02 0.000e+00
660 6.968e-03 -2.091e-02 1.486e-02 0.000e+00
661 1.279e-02 -1.982e-02 1.518e-02 0.000e+00
662 -2.304e-02 -1.912e-02 -3.704e-02 0.000e+00
663 -2.685e-02 1.944e-02 -2.215e-02 0.000e+00
664 -1.758e-03 -2.650e-02 -2.483e-02 0.000e+00
665 4.606e-03 1.390e-02 -3.429e-02 0.000e+00
666 5.656e-03 -1.748e-02 1.875e-02 0.000e+00
667 1.395e-02 -2.319e-02 -2.068e-02 0.000e+00
668 -1.313e-02 -2.371e-02 -2.275e-02 0.000e+00
669 5.376e-03 2.150e-02 -3.133e-03 0.000e+00
670 -2.768e-02 -1.782e-02 -6.677e-03 0.000e+00
671 -4.645e-03 1.425e-03 -4.215e-04 0.000e+00
672 3.325e-03 -2.548e-02 5.689e-03 0.000e+00
673 -2.726e-02 3.265e-02 2.354e-02 -5.339e+01
674 2.663e-02 -1.373e-02 -1.264e-02 0.000e+00
675 5.240e-03 7.840e-03 -2.334e-02 0.000e+00
676 -3.705e-03 -2.742e-02 2.247e-02 0.000e+00
677 3.496e-02 -2.384e-02 3.699e-03 0.000e+00
678 2.358e-02 9.713e-03 -4.778e-03 0.000e+00
679 -2.015e-02 8.652e-03 -1.399e-02 0.000e+00
680 -2.954e-02 1.329e-02 -9.117e-03 0.000e+00
681 7.211e-03 1.292e-03 6.542e-03 0.000e+00
682 1.007e-02 -2.436e-02 -1.606e-02 0.000e+00
683 9.878e-03 2.343e-02 -3.073e-03 0.000e+00
684 4.646e-03 -2.375e-02 2.110e-02 0.000e+00
685 1.406e-02 1.400e-02 2.389e-04 0.000e+00
686 2.938e-04 -2.256e-02 -4.874e-03 0.000e+00
687 -1.516e-02 5.354e-03 -3.140e-02 0.000e+00
688 -3.484e-03 -5.467e-03 2.370e-02 0.000e+00
689 3.444e-02 3.197e-03 -2.313e-02 0.000e+00
690 -8.416e-03 2.227e-02 -7.078e-03 0.000e+00
691 -2.394e-02 -2.761e-02 -3.434e-02 0.000e+00
692 1.345e-02 -1.897e-02 -9.373e-03 0.000e+00
693 -1.198e-02 -2.693e-02 1.776e-02 0.000e+00
694 2.413e-02 1.478e-02 -9.253e-03 0.000e+00
695 1.331e-03 -2.689e-02 -3.610e-02 0.000e+00
696 2.902e-03 8.256e-05 -9.836e-04 0.000e+00
697 -2.350e-02 1.024e-02 -2.365e-02 0.000e+00
698 -1.264e-02 -4.181e-03 -5.438e-03 0.000e+00
699 -1.024e-02 1.132e-02 -4.672e-03 0.000e+00
700 2.023e-02 -2.374e-02 -5.474e-04 0.000e+00
701 3.488e-02 2.839e-03 -8.822e-03 0.000e+00
702 -2.933e-02 4.578e-02 1.522e-02 -8.513e+01
703 -3.116e-02 -2.022e-02 -3.026e-03 0.000e+00
704 2.811e-02 -2.192e-02 -4.639e-04 0.000e+00
705 3.610e-03 -2.703e-02 -3.280e-02 0.000e+00
706 -4.241e-03 8.491e-03 -6.159e-03 0.000e+00
707 3.301e-03 2.557e-02 2.839e-02 0.000e+00
708 -3.520e-03 -2.722e-02 1.242e-03 0.000e+00
709 3.195e-02 4.995e-03 2.737e-02 0.000e+00
710 -3.950e-03 -1.486e-02 2.321e-03 0.000e+00
711 -2.460e-03 1.754e-02 -1.735e-02 0.000e+00
712 7.092e-03 1.281e-02 -3.379e-03 0.000e+00
713 -4.032e-02 -8.775e-04 1.726e-02 0.000e+00
714 -1.951e-03 -2.001e-02 -1.519e-05 0.000e+00
715 -1.088e-02 1.976e-02 1.455e-02 0.000e+00
716 -2.268e-02 2.383e-02 3.724e-02 0.000e+00
717 6.754e-03 7.611e-03 -3.655e-03 0.000e+00
718 -9.367e-03 1.153e-02 8.271e-03 0.000e+00
719 -9.077e-03 -7.418e-04 1.472e-02 0.000e+00
720 -5.028e-03 3.081e-02 -1.801e-02 -9.799e+01
721 3.253e-02 2.218e-02 -6.017e-03 0.000e+00
722 6.442e-03 4.458e-02 1.951e-02 -3.586e+01
723 3.106e-02 1.578e-02 3.068e-02 0.000e+00
724 3.431e-02 3.291e-02 8.799e-03 4.609e+01
725 -1.641e-02 3.732e-03 1.105e-02 0.000e+00
726 1.434e-02 -1.786e-02 -2.021e-02 0.000e+00
727 1.835e-03 -2.730e-02 1.981e-02 0.000e+00
728 2.647e-02 1.411e-02 -1.093e-02 0.000e+00
729 -8.924e-03 6.506e-03 2.183e-02 0.000e+00
730 2.153e-03 -8.010e-03 -1.278e-02 0.000e+00
731 -5.899e-03 -2.757e-02 -3.088e-02 0.000e+00
732 -8.079e-03 -2.104e-02 3.888e-02 0.000e+00
733 1.366e-02 1.207e-02 -5.596e-03 0.000e+00
734 4.276e-02 1.477e-02 1.014e-02 0.000e+00
735 1.733e-02 -2.499e-02 -3.142e-04 0.000e+00
736 -2.046e-03 -1.939e-02 -8.088e-03 0.000e+00
737 -8.315e-03 -2.636e-02 3.510e-02 0.000e+00
738 7.301e-04 -2.019e-02 4.638e-02 0.000e+00
739 -1.700e-02 2.473e-02 7.160e-04 0.000e+00
740 4.222e-03 4.249e-03 6.410e-03 0.000e+00
741 -1.144e-03 2.789e-02 2.430e-02 0.000e+00
742 2.976e-02 -2.706e-02 2.335e-03 0.000e+00
743 3.955e-03 -2.162e-02 2.450e-02 0.000e+00
744 -7.702e-03 -1.276e-02 -3.859e-02 0.000e+00
745 1.898e-02 3.160e-02 3.027e-02 -1.012e+02
746 -8.537e-03 -2.526e-02 -7.096e-03 0.000e+00
747 -1.465e-02 1.103e-02 -3.089e-02 0.000e+00
748 1.530e-02 -2.712e-02 4.237e-03 0.000e+00
749 2.165e-02 -2.452e-02 -2.624e-02 0.000e+00
750 -2.211e-02 1.159e-02 -7.623e-03 0.000e+00
751 1.066e-02 4.144e-04 -1.788e-02 0.000e+00
752 1.626e-02 -2.732e-02 -3.483e-02 0.000e+00
753 -3.937e-03 -2.174e-02 1.710e-02 0.000e+00
754 1.521e-02 4.060e-03 1.247e-02 0.000e+00
755 2.950e-02 -5.338e-03 2.583e-02 0.000e+00
756 2.222e-03 3.297e-02 -1.284e-02 -3.116e+01
757 7.557e-03 -1.399e-02 4.915e-02 0.000e+00
758 1.105e-02 1.297e-02 1.279e-02 0.000e+00
759 1.546e-02 -1.435e-04 -3.305e-03 0.000e+00
760 1.683e-02 -2.563e-02 3.520e-02 0.000e+00
761 1.900e-02 1.990e-02 3.398e-02 0.000e+00
762 4.472e-02 -1.993e-02 -2.027e-02 0.000e+00
763 -1.886e-03 -6.360e-03 2.338e-02 0.000e+00
764 2.266e-02 1.423e-02 -1.236e-02 0.000e+00
765 -9.014e-03 -2.731e-02 3.327e-03 0.000e+00
766 4.948e-04 -2.385e-02 -1.026e-02 0.000e+00
767 7.893e-03 1.136e-02 1.809e-02 0.000e+00
768 1.463e-02 -1.167e-03 7.166e-03 0.000e+00
769 1.681e-02 2.227e-02 9.898e-03 0.000e+00
770 -2.931e-02 1.813e-02 -1.904e-03 0.000e+00
771 1.864e-02 -1.512e-02 -2.654e-03 0.000e+00
772 2.150e-02 3.045e-03 8.935e-03 0.000e+00
773 2.015e-02 -2.464e-02 1.435e-02 0.000e+00
774 8.841e-03 -2.553e-02 -1.498e-02 0.000e+00
775 -2.474e-03 -2.554e-03 7.777e-03 0.000e+00
776 1.468e-02 -2.674e-02 -2.440e-02 0.000e+00
777 1.773e-02 -1.945e-02 -1.374e-02 0.000e+00
778 3.297e-02 -4.434e-04 1.773e-02 0.000e+00
779 3.942e-02 4.246e-03 9.175e-03 0.000e+00
780 -8.467e-03 3.058e-02 -2.239e-02 4.565e+01
781 -2.409e-02 2.492e-02 2.659e-02 0.000e+00
782 -9.215e-03 -2.578e-02 -1.355e-03 0.000e+00
783 1.710e-03 1.348e-02 1.507e-02 0.000e+00
784 -2.496e-03 -1.852e-02 -1.355e-02 0.000e+00
785 3.128e-02 1.039e-03 1.623e-02 0.000e+00
786 1.069e-02 -2.265e-02 -4.645e-03 0.000e+00
787 -3.646e-03 9.051e-03 4.473e-03 0.000e+00
788 7.902e-03 2.899e-03 7.143e-03 0.000e+00
789 7.692e-04 1.016e-02 -4.783e-03 0.000e+00
790 2.391e-02 -4.790e-03 -3.524e-03 0.000e+00
791 -1.754e-02 5.502e-03 1.105e-02 0.000e+00
792 2.403e-02 -2.323e-02 1.842e-02 0.000e+00
793 -1.221e-02 -2.709e-02 7.824e-03 0.000e+00
794 -2.127e-02 3.516e-03 7.649e-03 0.000e+00
795 1.186e-02 -2.388e-02 1.523e-02 0.000e+00
796 -3.986e-03 -1.345e-02 2.565e-03 0.000e+00
797 -7.187e-04 -2.333e-02 -2.940e-02 0.000e+00
798 2.911e-02 -1.975e-02 1.001e-02 0.000e+00
799 5.484e-03 9.396e-03 -1.089e-03 0.000e+00
800 2.661e-02 6.531e-03 -2.038e-04 0.000e+00
801 -4.972e-03 1.519e-02 -6.436e-03 0.000e+00
802 -3.032e-03 -2.209e-02 1.726e-02 0.000e+00
803 1.375e-02 5.133e-04 1.467e-03 0.000e+00
804 3.163e-02 -2.006e-02 1.586e-02 0.000e+00
805 1.108e-02 1.349e-02 -9.750e-03 0.000e+00
806 -3.873e-03 -2.448e-02 2.328e-02 0.000e+00
807 -7.782e-03 7.687e-03 -5.680e-03 0.000e+00
808 8.287e-03 3.305e-02 1.404e-03 6.454e+01
809 -2.340e-02 6.941e-03 1.619e-02 0.000e+00
810 -7.384e-03 1.171e-02 1.549e-02 0.000e+00
811 -7.286e-03 -2.267e-02 1.190e-02 0.000e+00
812 1.083e-02 -2.815e-02 5.342e-04 0.000e+00
813 3.900e-02 8.087e-03 4.916e-03 0.000e+00
814 1.088e-02 1.584e-02 -2.819e-02 0.000e+00
815 2.848e-03 2.556e-02 -7.375e-03 0.000e+00
816 -2.814e-03 -2.564e-02 -4.417e-02 0.000e+00
817 -2.268e-02 -7.563e-04 9.735e-04 0.000e+00
818 1.064e-02 1.153e-02 -4.151e-02 0.000e+00
819 2.022e-02 -2.112e-02 4.832e-02 0.000e+00
820 -1.241e-02 2.845e-03 1.027e-02 0.000e+00
821 2.950e-02 -2.676e-02 8.975e-04 0.000e+00
822 -3.408e-03 -2.127e-02 -4.395e-03 0.000e+00
823 2.259e-02 6.637e-03 -2.741e-02 0.000e+00
824 8.262e-05 8.840e-03 2.884e-02 0.000e+00
825 1.173e-02 2.221e-02 1.416e-02 0.000e+00
826 2.084e-03 2.432e-03 3.383e-03 0.000e+00
827 -3.559e-03 6.874e-03 -4.561e-02 0.000e+00
828 -1.846e-02 8.900e-03 -3.556e-02 0.000e+00
829 -2.002e-02 -2.118e-02 -1.692e-02 0.000e+00
830 -1.512e-02 1.166e-02 -1.777e-02 0.000e+00
831 1.173e-02 -2.123e-02 -8.953e-03 0.000e+00
832 -3.574e-02 8.588e-03 3.484e-03 0.000e+00
833 -1.809e-02 1.976e-03 -1.491e-02 0.000e+00
834 1.248e-02 1.524e-02 1.741e-02 0.000e+00
835 1.995e-02 -2.167e-02 2.639e-02 0.000e+00
836 -6.334e-03 -2.296e-02 5.124e-03 0.000e+00
837 1.152e-03 -2.051e-02 1.632e-02 0.000e+00
838 -3.955e-03 3.487e-02 3.248e-02 2.452e+01
839 8.977e-03 -2.439e-02 -1.743e-02 0.000e+00
840 1.181e-02 -1.537e-03 1.473e-02 0.000e+00
841 -5.703e-03 5.094e-03 -7.233e-03 0.000e+00
842 2.113e-02 -2.564e-02 7.061e-03 0.000e+00
843 2.981e-02 3.109e-02 2.619e-02 7.011e+01
844 -1.440e-02 9.258e-03 -3.287e-02 0.000e+00
845 1.596e-02 1.223e-02 -1.167e-02 0.000e+00
846 2.351e-03 -2.739e-02 -1.907e-02 0.000e+00
847 -7.128e-03 2.706e-02 -4.611e-02 0.000e+00
848 2.218e-02 2.538e-03 1.997e-02 0.000e+00
849 7.694e-03 6.966e-03 -1.495e-03 0.000e+00
850 3.155e-03 4.220e-03 -1.610e-02 0.000e+00
851 4.970e-03 1.926e-02 -7.130e-04 0.000e+00
852 6.370e-03 1.468e-02 -5.753e-03 0.000e+00
853 1.063e-03 2.398e-02 2.307e-02 0.000e+00
854 -1.746e-02 -1.600e-02 -6.819e-03 0.000e+00
855 1.275e-02 -2.574e-02 9.791e-03 0.000e+00
856 1.938e-03 1.916e-02 1.658e-02 0.000e+00
857 3.943e-02 -2.775e-02 -6.325e-04 0.000e+00
858 -1.767e-02 1.269e-02 -3.014e-02 0.000e+00
859 -5.924e-04 -2.093e-02 3.259e-03 0.000e+00
860 8.309e-04 -2.361e-02 1.025e-02 0.000e+00
861 -9.510e-03 -2.097e-02 3.184e-02 0.000e+00
862 -2.268e-02 3.423e-02 2.283e-02 4.669e+01
863 -1.886e-02 -2.814e-02 -1.102e-02 0.000e+00
864 1.380e-02 -2.218e-02 2.590e-02 0.000e+00
865 -1.305e-02 -4.808e-03 7.552e-03 0.000e+00
866 -1.102e-02 3.382e-03 1.982e-02 0.000e+00
867 2.989e-03 2.174e-02 1.380e-02 0.000e+00
868 -1.748e-02 -1.765e-02 -6.461e-04 0.000e+00
869 -3.486e-02 1.514e-02 -1.442e-02 0.000e+00
870 9.523e-03 4.746e-03 -6.828e-02 0.000e+00
871 -1.344e-02 -2.418e-02 -4.451e-03 0.000e+00
872 -1.880e-02 -1.442e-02 -3.170e-02 0.000e+00
873 -3.935e-02 -7.943e-03 2.602e-02 0.000e+00
874 -1.127e-03 2.527e-02 1.926e-02 0.000e+00
875 -7.909e-03 1.248e-02 8.938e-03 0.000e+00
876 -1.531e-03 1.236e-02 -3.312e-03 0.000e+00
877 -3.347e-02 -2.396e-02 2.097e-02 0.000e+00
878 -3.306e-02 7.147e-03 4.680e-02 0.000e+00
879 1.248e-02 2.832e-03 -1.029e-02 0.000e+00
880 -4.342e-03 -2.403e-02 -1.198e-02 0.000e+00
881 1.207e-02 -1.184e-02 -1.797e-02 0.000e+00
882 1.638e-02 5.968e-03 1.604e-02 0.000e+00
883 -1.017e-03 1.101e-02 6.460e-03 0.000e+00
884 1.087e-02 2.261e-02 -1.403e-02 0.000e+00
885 -8.709e-03 1.922e-02 -3.553e-03 0.000e+00
886 7.779e-03 1.149e-02 -5.224e-03 0.000e+00
887 6.091e-03 1.618e-02 1.260e-02 0.000e+00
888 7.626e-03 3.640e-02 2.369e-03 6.925e+01
889 -1.353e-02 6.701e-03 -1.176e-02 0.000e+00
890 -1.018e-02 4.754e-02 -4.062e-02 7.379e+00
891 -1.881e-02 -2.668e-02 -2.220e-02 0.000e+00
892 3.074e-02 -1.814e-02 5.468e-03 0.000e+00
893 -7.137e-03 4.632e-03 5.165e-03 0.000e+00
894 -4.392e-03 1.664e-02 1.371e-02 0.000e+00
895 -2.635e-02 1.689e-02 2.801e-02 0.000e+00
896 -5.839e-03 -2.314e-02 2.424e-03 0.000e+00
897 3.422e-03 3.846e-03 1.086e-02 0.000e+00
898 1.295e-02 1.179e-02 4.348e-02 0.000e+00
899 2.350e-03 -2.597e-02 2.332e-02 0.000e+00
900 -7.499e-03 -2.817e-02 5.466e-03 0.000e+00
901 -1.865e-02 -2.639e-02 -4.986e-02 0.000e+00
902 2.191e-03 -1.626e-02 -4.978e-04 0.000e+00
903 -9.866e-03 -2.733e-02 2.321e-02 0.000e+00
904 4.514e-03 2.862e-02 1.056e-02 0.000e+00
905 -3.988e-02 1.373e-02 -1.707e-02 0.000e+00
906 8.696e-03 -2.591e-02 -9.721e-03 0.000e+00
907 -3.124e-02 1.047e-02 -2.222e-02 0.000e+00
908 -9.300e-03 -1.296e-02 1.560e-02 0.000e+00
909 -1.541e-02 -2.186e-02 3.379e-02 0.000e+00
910 -5.237e-03 6.479e-03 -1.325e-03 0.000e+00
911 -1.222e-02 1.334e-02 2.041e-02 0.000e+00
912 -2.385e-02 -2.156e-02 -2.285e-02 0.000e+00
913 -5.604e-03 3.477e-02 1.396e-02 9.732e-01
914 -1.501e-02 1.785e-02 -3.244e-02 0.000e+00
915 -1.384e-02 1.300e-03 5.249e-03 0.000e+00
916 9.889e-03 1.268e-02 -7.979e-03 0.000e+00
917 -1.507e-02 3.796e-03 4.570e-03 0.000e+00
918 -4.305e-02 -2.356e-02 -3.369e-03 0.000e+00
919 -3.713e-02 8.121e-03 1.968e-02 0.000e+00
920 -3.669e-02 -1.968e-02 -1.332e-02 0.000e+00
921 4.748e-04 -2.823e-02 1.129e-02 0.000e+00
922 2.105e-02 9.073e-03 3.944e-04 0.000e+00
923 -2.447e-02 5.380e-03 8.921e-03 0.000e+00
924 1.411e-02 -2.677e-02 3.858e-03 0.000e+00
925 -2.107e-02 1.598e-02 9.506e-03 0.000e+00
926 7.583e-03 -2.476e-02 1.364e-02 0.000e+00
927 -5.014e-03 2.746e-02 3.005e-02 0.000e+00
928 -2.400e-02 -6.425e-03 4.043e-02 0.000e+00
929 -7.920e-03 2.158e-02 5.639e-02 0.000e+00
930 3.347e-03 -1.571e-02 9.417e-03 0.000e+00
931 3.170e-02 -2.402e-02 -4.202e-02 0.000e+00
932 -1.637e-03 5.445e-03 -1.039e-02 0.000e+00
933 2.208e-03 3.017e-02 1.476e-02 -2.399e+01
934 2.438e-02 -2.752e-02 -2.284e-02 0.000e+00
935 -2.976e-02 -2.666e-02 1.226e-02 0.000e+00
936 1.321e-03 -2.548e-02 -5.490e-03 0.000e+00
937 -4.401e-02 -2.618e-02 1.825e-02 0.000e+00
938 -2.587e-02 2.305e-02 -2.649e-03 0.000e+00
939 -7.518e-03 -2.716e-02 1.160e-02 0.000e+00
940 1.424e-02 2.461e-02 -3.570e-02 0.000e+00
941 -1.976e-02 -2.699e-02 2.751e-02 0.000e+00
942 -2.334e-02 -1.893e-02 1.003e-02 0.000e+00
943 -3.005e-02 5.193e-03 1.153e-02 0.000e+00
944 -2.608e-02 3.850e-03 8.654e-03 0.000e+00
945 -1.375e-02 2.130e-02 -1.915e-02 0.000e+00
946 -1.321e-02 -2.410e-02 -1.836e-02 0.000e+00
947 1.349e-02 2.043e-02 -3.551e-03 0.000e+00
948 -1.440e-02 8.629e-03 1.175e-02 0.000e+00
949 4.110e-02 2.401e-02 -2.144e-02 0.000e+00
950 6.000e-03 2.598e-02 -1.538e-02 0.000e+00
951 9.566e-03 1.051e-02 -1.064e-02 0.000e+00
952 -3.797e-02 -3.632e-03 -7.757e-03 0.000e+00
953 -3.352e-02 -2.585e-02 1.048e-02 0.000e+00
954 1.829e-02 -1.270e-02 1.120e-02 0.000e+00
955 -2.965e-02 1.412e-02 1.973e-02 0.000e+00
956 -6.853e-03 2.037e-02 -1.968e-02 0.000e+00
957 -2.184e-03 1.402e-02 -2.363e-02 0.000e+00
958 1.255e-02 2.780e-03 -1.443e-02 0.000e+00
959 8.679e-03 -2.233e-02 -2.000e-02 0.000e+00
960 -5.014e-04 -2.554e-02 3.022e-02 0.000e+00
961 6.924e-03 2.375e-02 -1.262e-03 0.000e+00
962 -1.351e-02 1.622e-02 -7.110e-03 0.000e+00
963 1.529e-02 6.921e-03 2.239e-02 0.000e+00
964 1.676e-02 -6.810e-03 3.004e-02 0.000e+00
965 1.704e-02 4.878e-03 -1.784e-02 0.000e+00
966 -2.447e-02 -2.671e-02 -2.513e-02 0.000e+00
967 4.555e-03 3.393e-02 1.771e-02 3.696e+01
968 -5.336e-04 -2.532e-02 3.154e-03 0.000e+00
969 9.692e-03 -1.392e-02 -4.319e-03 0.000e+00
970 1.103e-02 1.595e-02 -2.349e-03 0.000e+00
971 4.186e-03 -4.881e-03 -3.041e-02 0.000e+00
972 1.040e-02 -2.640e-02 -4.805e-04 0.000e+00
973 -1.350e-02 -2.809e-02 -7.985e-03 0.000e+00
974 -1.656e-02 1.754e-02 1.982e-02 0.000e+00
975 1.006e-02 -1.110e-02 -8.891e-03 0.000e+00
976 -3.872e-02 -2.258e-02 -1.455e-02 0.000e+00
977 1.658e-02 -2.605e-02 -3.364e-02 0.000e+00
978 -3.310e-02 7.422e-03 1.884e-02 0.000e+00
979 -3.420e-02 -2.792e-02 1.216e-02 0.000e+00
980 1.483e-02 -1.849e-02 -1.779e-02 0.000e+00
981 -2.025e-02 2.937e-02 -2.589e-02 0.000e+00
982 1.277e-02 -2.083e-02 1.295e-02 0.000e+00
983 -3.666e-02 -2.659e-02 -2.971e-02 0.000e+00
984 -1.361e-02 1.484e-02 2.924e-02 0.000e+00
985 1.506e-02 -5.749e-03 2.421e-02 0.000e+00
986 -1.733e-02 -2.434e-02 2.295e-02 0.000e+00
987 -6.524e-03 -2.248e-03 2.186e-02 0.000e+00
988 1.247e-02 9.233e-03 -2.144e-02 0.000e+00
989 8.702e-03 -2.089e-02 -5.413e-03 0.000e+00
990 -4.757e-02 1.311e-02 1.900e-02 0.000e+00
991 -1.932e-02 3.766e-03 -4.700e-02 0.000e+00
992 -3.500e-02 -3.057e-03 1.288e-02 0.000e+00
993 2.596e-03 5.634e-03 -2.084e-02 0.000e+00
994 2.878e-02 1.532e-02 -2.081e-02 0.000e+00
995 -1.732e-02 1.187e-03 -2.226e-02 0.000e+00
996 2.394e-03 -2.777e-02 -2.726e-02 0.000e+00
997 1.921e-02 3.814e-02 -3.369e-02 -1.357e+01
998 1.664e-03 1.812e-02 -2.094e-02 0.000e+00
999 1.668e-02 1.596e-02 2.301e-02 0.000e+00
1000 -3.513e-02 -2.194e-02 1.854e-03 0.000e+00
1001 1.799e-03 -2.827e-02 8.143e-03 0.000e+00
1002 1.176e-02 -2.562e-02 1.364e-02 0.000e+00
1003 3.054e-02 -1.703e-02 1.329e-02 0.000e+00
1004 -1.121e-02 -2.428e-02 -2.630e-02 0.000e+00
1005 1.321e-02 1.844e-02 -3.136e-02 0.000e+00
1006 -3.840e-02 -1.644e-03 -3.762e-03 0.000e+00
1007 -3.803e-02 4.524e-03 3.215e-03 0.000e+00
1008 3.751e-03 -1.507e-02 2.240e-02 0.000e+00
1009 -1.141e-02 2.952e-02 -2.753e-02 -1.043e+02
1010 -6.068e-03 -2.495e-02 -8.424e-03 0.000e+00
1011 7.458e-04 2.769e-03 -1.340e-02 0.000e+00
1012 -2.885e-02 3.442e-02 5.356e-03 2.017e+01
1013 1.746e-02 -2.414e-02 2.216e-03 0.000e+00
1014 2.334e-02 -2.674e-02 -2.413e-02 0.000e+00
1015 1.229e-02 1.874e-02 -1.379e-02 0.000e+00
1016 9.322e-03 -1.948e-02 -2.093e-02 0.000e+00
1017 2.572e-02 4.395e-02 -3.434e-02 -1.758e+01
1018 2.272e-03 -2.795e-02 -1.393e-02 0.000e+00
1019 -1.561e-03 -4.993e-03 3.003e-03 0.000e+00
1020 -1.826e-03 -2.532e-02 -4.157e-02 0.000e+00
1021 2.494e-03 1.774e-03 1.823e-02 0.000e+00
1022 4.356e-03 -2.724e-02 -1.230e-02 0.000e+00
1023 -2.206e-02 -2.557e-02 -1.999e-02 0.000e+00
