Bin I L V PA
0 -5.032e-04 -6.786e-03 1.029e-03 0.000e+00
1 8.652e-03 -4.972e-03 -5.858e-04 0.000e+00
2 3.715e-03 5.488e-03 -9.435e-05 0.000e+00
3 3.304e-03 5.423e-03 5.878e-03 0.000e+00
4 -8.692e-03 9.480e-03 5.756e-03 -7.822e+01
5 -7.491e-03 -6.551e-03 -4.139e-03 0.000e+00
6 -8.062e-03 -1.207e-04 1.059e-03 0.000e+00
7 -4.772e-03 1.110e-03 3.625e-03 0.000e+00
8 -1.123e-04 -8.576e-03 -1.125e-04 0.000e+00
9 -7.168e-03 -7.686e-03 1.522e-04 0.000e+00
10 1.759e-03 3.765e-03 4.370e-03 0.000e+00
11 1.127e-02 6.993e-03 -1.089e-02 0.000e+00
12 -4.272e-03 1.385e-03 -1.223e-02 0.000e+00
13 2.809e-04 -7.224e-03 -4.884e-03 0.000e+00
14 -3.411e-03 3.079e-03 -3.115e-04 0.000e+00
15 6.359e-03 -7.802e-03 6.412e-04 0.000e+00
16 2.575e-03 -5.911e-03 -8.678e-03 0.000e+00
17 -1.440e-04 4.608e-03 4.406e-03 0.000e+00
18 -7.970e-03 -8.725e-03 1.459e-03 0.000e+00
19 -6.344e-03 -2.305e-03 -5.399e-03 0.000e+00
20 -1.259e-02 -8.408e-03 3.092e-03 0.000e+00
21 3.052e-03 8.653e-03 -9.717e-03 0.000e+00
22 2.664e-03 2.174e-03 5.214e-03 0.000e+00
23 4.559e-03 -6.315e-03 4.781e-03 0.000e+00
24 -6.164e-03 -7.514e-03 1.020e-02 0.000e+00
25 -4.238e-03 5.546e-03 -9.454e-04 0.000e+00
26 -2.994e-03 3.958e-03 1.039e-03 0.000e+00
27 1.184e-02 7.133e-03 3.873e-03 0.000e+00
28 -1.321e-03 -4.471e-03 6.136e-03 0.000e+00
29 -3.375e-03 1.207e-04 3.684e-03 0.000e+00
30 6.742e-03 -8.892e-03 7.580e-03 0.000e+00
31 -3.504e-03 3.327e-04 -2.895e-04 0.000e+00
32 2.371e-03 5.540e-03 2.579e-03 0.000e+00
33 -1.406e-02 -8.543e-03 1.027e-02 0.000e+00
34 4.372e-03 8.076e-04 8.072e-03 0.000e+00
35 -8.111e-03 4.238e-03 6.270e-03 0.000e+00
36 7.666e-03 7.874e-03 1.348e-02 0.000e+00
37 -6.170e-03 -8.324e-03 -3.570e-03 0.000e+00
38 -1.246e-02 2.044e-03 -7.516e-03 0.000e+00
39 5.620e-03 -1.990e-03 4.415e-05 0.000e+00
40 -9.616e-03 -7.390e-03 3.577e-03 0.000e+00
41 3.643e-03 -3.663e-03 2.650e-03 0.000e+00
42 4.869e-03 -8.864e-03 9.193e-03 0.000e+00
43 4.533e-03 1.383e-03 -1.089e-04 0.000e+00
44 -7.261e-03 6.089e-03 -8.058e-03 0.000e+00
45 5.323e-03 -7.792e-03 -7.779e-03 0.000e+00
46 1.381e-02 -5.576e-03 -9.178e-03 0.000e+00
47 -5.440e-03 -3.103e-04 5.077e-04 0.000e+00
48 -6.933e-03 3.348e-03 -6.577e-03 0.000e+00
49 4.124e-04 5.634e-03 7.302e-03 0.000e+00
50 1.289e-02 4.966e-03 -6.097e-04 0.000e+00
51 -6.427e-03 -8.562e-03 -6.353e-03 0.000e+00
52 -4.078e-03 5.366e-03 -1.482e-04 0.000e+00
53 6.817e-03 -7.307e-03 8.534e-03 0.000e+00
54 -4.601e-03 3.510e-03 6.982e-03 0.000e+00
55 1.115e-02 -7.729e-03 -8.263e-03 0.000e+00
56 -9.078e-04 3.938e-03 -7.087e-03 0.000e+00
57 9.088e-04 -1.649e-03 8.879e-03 0.000e+00
58 1.067e-02 -8.172e-03 -4.032e-03 0.000e+00
59 2.495e-04 -8.687e-03 6.408e-03 0.000e+00
60 7.553e-03 -5.567e-03 2.834e-03 0.000e+00
61 5.832e-03 1.802e-03 -2.834e-04 0.000e+00
62 3.125e-03 -6.663e-03 -4.236e-03 0.000e+00
63 4.074e-03 1.860e-03 -1.359e-03 0.000e+00
64 1.857e-03 3.610e-03 5.252e-04 0.000e+00
65 4.088e-03 -7.632e-03 6.797e-03 0.000e+00
66 5.788e-03 1.716e-03 1.394e-02 0.000e+00
67 1.342e-02 -8.056e-03 4.709e-04 0.000e+00
68 1.592e-02 9.628e-03 8.668e-03 5.265e+01
69 1.568e-02 -5.659e-03 -3.921e-03 0.000e+00
70 2.067e-02 -8.799e-03 5.461e-03 0.000e+00
71 1.432e-02 -6.855e-03 4.509e-03 0.000e+00
72 1.454e-02 1.142e-03 1.053e-02 0.000e+00
73 1.157e-02 5.551e-03 5.269e-03 0.000e+00
74 3.129e-02 2.812e-03 -6.023e-03 0.000e+00
75 2.635e-02 -1.881e-04 1.060e-03 0.000e+00
76 1.607e-02 1.346e-02 2.140e-03 3.581e+01
77 3.664e-02 1.763e-02 7.393e-03 2.370e+01
78 3.453e-02 6.367e-03 7.522e-03 0.000e+00
79 3.903e-02 1.653e-02 -5.752e-03 3.026e+01
80 4.509e-02 1.812e-02 6.981e-03 2.646e+01
81 4.828e-02 2.299e-02 1.623e-03 2.285e+01
82 5.429e-02 2.946e-02 -5.182e-03 3.321e+01
83 7.174e-02 3.097e-02 -6.430e-03 3.517e+01
84 6.749e-02 3.747e-02 9.836e-04 4.041e+01
85 7.067e-02 3.730e-02 6.798e-03 4.938e+01
86 9.051e-02 4.084e-02 -4.436e-03 3.946e+01
87 9.767e-02 4.269e-02 2.918e-03 4.424e+01
88 1.078e-01 6.621e-02 -5.411e-03 3.983e+01
89 1.246e-01 7.387e-02 -8.011e-04 4.293e+01
90 1.401e-01 7.140e-02 5.916e-03 3.980e+01
91 1.507e-01 7.787e-02 -6.690e-04 4.367e+01
92 1.639e-01 9.060e-02 -8.594e-03 4.317e+01
93 1.789e-01 1.057e-01 1.156e-02 4.408e+01
94 2.334e-01 1.113e-01 -4.527e-03 4.379e+01
95 2.477e-01 1.336e-01 -1.770e-03 4.688e+01
96 2.854e-01 1.609e-01 -7.505e-03 4.894e+01
97 3.378e-01 1.944e-01 -5.551e-03 4.936e+01
98 3.902e-01 2.427e-01 -8.010e-03 5.076e+01
99 4.449e-01 2.760e-01 -9.894e-03 5.119e+01
100 4.654e-01 2.670e-01 -3.013e-03 5.249e+01
101 4.280e-01 2.274e-01 -1.332e-02 5.428e+01
102 4.242e-01 1.814e-01 -8.213e-03 5.445e+01
103 4.514e-01 1.687e-01 1.108e-03 5.538e+01
104 5.278e-01 1.739e-01 -6.586e-04 5.741e+01
105 6.117e-01 1.644e-01 -1.639e-02 5.999e+01
106 6.498e-01 1.068e-01 -9.670e-03 5.932e+01
107 6.572e-01 3.637e-02 -5.127e-03 5.499e+01
108 6.584e-01 3.197e-02 -1.731e-02 -1.326e+01
109 6.593e-01 1.064e-01 -1.333e-02 -1.803e+01
110 6.483e-01 1.604e-01 -9.812e-03 -1.751e+01
111 6.517e-01 2.102e-01 -7.493e-03 -1.520e+01
112 6.708e-01 2.409e-01 -3.020e-03 -1.417e+01
113 6.943e-01 2.687e-01 -6.828e-03 -1.181e+01
114 7.150e-01 3.058e-01 -7.980e-03 -1.004e+01
115 7.394e-01 3.209e-01 -1.601e-02 -8.279e+00
116 7.757e-01 3.352e-01 -1.745e-02 -6.586e+00
117 8.134e-01 3.597e-01 -1.894e-02 -3.545e+00
118 8.515e-01 3.609e-01 -1.666e-02 -1.696e+00
119 9.043e-01 3.908e-01 -1.635e-02 -1.434e-01
120 9.542e-01 4.082e-01 -2.145e-02 1.732e+00
121 9.916e-01 4.354e-01 -5.870e-03 3.748e+00
122 1.000e+00 4.358e-01 1.969e-03 4.568e+00
123 9.416e-01 3.812e-01 1.063e-02 6.219e+00
124 8.363e-01 2.853e-01 2.015e-02 7.264e+00
125 7.456e-01 1.907e-01 9.693e-05 9.276e+00
126 6.527e-01 1.310e-01 -1.520e-02 1.368e+01
127 5.907e-01 9.185e-02 -1.983e-02 1.500e+01
128 5.476e-01 6.184e-02 -2.471e-02 1.602e+01
129 5.057e-01 2.708e-02 -1.232e-02 1.947e+01
130 4.614e-01 1.444e-02 -1.946e-02 1.894e+01
131 4.343e-01 1.676e-02 -1.251e-02 1.234e+01
132 3.999e-01 1.347e-02 -1.008e-02 1.016e+01
133 3.548e-01 7.546e-03 -9.338e-03 0.000e+00
134 3.323e-01 5.726e-04 -1.386e-02 0.000e+00
135 2.805e-01 -8.437e-03 -2.103e-02 0.000e+00
136 2.532e-01 -7.785e-03 -2.781e-03 0.000e+00
137 2.319e-01 -5.327e-03 2.164e-03 0.000e+00
138 1.728e-01 2.272e-02 -1.422e-02 -7.542e+01
139 1.450e-01 1.044e-03 -1.347e-03 0.000e+00
140 1.139e-01 1.081e-02 -7.900e-03 -5.341e+01
141 8.794e-02 1.935e-02 -3.877e-03 -7.839e+01
142 6.626e-02 1.322e-02 9.743e-03 -5.330e+01
143 5.471e-02 7.829e-03 -9.526e-04 0.000e+00
144 4.928e-02 -5.926e-04 1.373e-03 0.000e+00
145 4.297e-02 1.124e-02 -4.452e-03 -6.188e+01
146 4.704e-02 6.744e-03 1.963e-03 0.000e+00
147 4.473e-02 2.145e-02 4.734e-03 -6.769e+01
148 4.122e-02 1.849e-02 -6.377e-04 -5.372e+01
149 3.431e-02 2.557e-02 -3.457e-03 -7.048e+01
150 3.607e-02 1.537e-02 7.866e-03 -5.466e+01
151 1.749e-02 1.315e-02 -1.803e-03 -6.432e+01
152 2.761e-02 1.475e-02 -1.085e-03 -5.668e+01
153 1.083e-02 8.292e-03 3.251e-03 0.000e+00
154 1.315e-02 7.121e-03 -9.271e-04 0.000e+00
155 8.918e-03 -7.666e-03 -7.102e-03 0.000e+00
156 1.467e-02 6.198e-03 5.460e-03 0.000e+00
157 6.851e-03 5.817e-04 -1.204e-03 0.000e+00
158 1.662e-02 3.136e-03 -1.404e-03 0.000e+00
159 6.193e-03 7.936e-03 -8.348e-03 0.000e+00
160 -1.491e-03 7.109e-03 -9.920e-04 0.000e+00
161 -2.869e-03 -8.860e-03 4.440e-04 0.000e+00
162 5.356e-03 2.836e-03 1.582e-02 0.000e+00
163 4.052e-03 4.463e-03 4.764e-03 0.000e+00
164 6.553e-03 -8.265e-03 3.394e-03 0.000e+00
165 2.834e-03 4.301e-03 -2.268e-03 0.000e+00
166 -2.614e-03 5.907e-04 -5.664e-03 0.000e+00
167 9.910e-03 -6.692e-03 -3.355e-03 0.000e+00
168 5.718e-03 1.065e-02 -3.183e-03 -1.835e+01
169 4.039e-03 -7.648e-04 -1.705e-03 0.000e+00
170 4.895e-04 8.711e-03 1.280e-03 0.000e+00
171 -5.338e-03 7.996e-03 2.035e-03 0.000e+00
172 -5.241e-04 -7.587e-03 6.180e-03 0.000e+00
173 1.115e-02 4.169e-03 2.345e-03 0.000e+00
174 7.719e-03 -8.348e-03 1.102e-02 0.000e+00
175 4.109e-03 -8.740e-03 -6.285e-03 0.000e+00
176 -4.468e-03 -7.082e-03 -3.474e-03 0.000e+00
177 -2.712e-03 -7.473e-03 -9.913e-04 0.000e+00
178 -4.183e-03 -7.330e-03 -6.208e-03 0.000e+00
179 3.491e-03 6.274e-03 1.247e-03 0.000e+00
180 -3.714e-03 -2.050e-03 -7.745e-04 0.000e+00
181 -2.791e-03 8.278e-03 7.175e-03 0.000e+00
182 -2.589e-03 -5.749e-03 3.482e-03 0.000e+00
183 9.518e-03 -4.976e-03 8.904e-03 0.000e+00
184 8.995e-03 -8.884e-03 1.916e-03 0.000e+00
185 2.997e-03 -8.786e-03 -1.556e-03 0.000e+00
186 2.935e-03 -4.409e-03 -1.107e-03 0.000e+00
187 9.949e-03 2.660e-04 -1.261e-02 0.000e+00
188 -2.618e-03 9.776e-03 -5.242e-03 7.053e+01
189 -4.437e-03 -5.192e-03 6.476e-03 0.000e+00
190 -6.378e-04 1.186e-02 -3.077e-03 -3.886e+00
191 5.156e-03 -7.656e-03 6.422e-03 0.000e+00
192 1.528e-02 -8.329e-03 -8.698e-04 0.000e+00
193 -2.852e-04 -8.899e-03 3.613e-04 0.000e+00
194 -7.085e-03 -8.589e-03 4.110e-03 0.000e+00
195 -6.617e-03 -7.807e-03 -4.442e-03 0.000e+00
196 -3.921e-03 7.696e-03 1.057e-02 0.000e+00
197 -6.379e-03 7.021e-03 1.049e-02 0.000e+00
198 3.745e-03 8.542e-03 2.018e-03 0.000e+00
199 -4.068e-03 -8.877e-03 -6.177e-04 0.000e+00
200 4.110e-03 -8.513e-03 -1.257e-03 0.000e+00
201 8.056e-03 7.039e-03 -1.144e-03 0.000e+00
202 -1.398e-03 -8.454e-03 1.166e-02 0.000e+00
203 -4.940e-03 3.913e-04 3.556e-03 0.000e+00
204 -1.913e-03 -6.380e-03 -5.061e-03 0.000e+00
205 6.194e-03 4.955e-03 7.539e-03 0.000e+00
206 -1.701e-03 6.733e-03 -3.397e-03 0.000e+00
207 -4.756e-03 9.252e-03 9.319e-04 0.000e+00
208 3.083e-03 4.270e-03 5.314e-03 0.000e+00
209 3.190e-03 -8.440e-03 -6.214e-03 0.000e+00
210 8.719e-03 1.818e-03 -5.964e-03 0.000e+00
211 -3.816e-04 5.820e-03 -2.877e-03 0.000e+00
212 2.950e-03 8.614e-03 4.444e-03 0.000e+00
213 -2.464e-03 4.240e-03 5.213e-03 0.000e+00
214 -9.392e-03 4.501e-03 -4.469e-03 0.000e+00
215 -3.898e-03 1.041e-02 -1.525e-03 -5.970e+01
216 -1.755e-03 5.835e-03 -4.349e-03 0.000e+00
217 -1.709e-03 -7.577e-03 -4.672e-03 0.000e+00
218 -1.369e-03 -4.642e-03 6.100e-04 0.000e+00
219 -1.424e-03 -6.235e-03 -4.325e-03 0.000e+00
220 -1.716e-04 7.498e-03 5.349e-03 0.000e+00
221 5.248e-03 -2.065e-03 -1.094e-02 0.000e+00
222 -4.264e-03 -8.512e-03 -5.183e-04 0.000e+00
223 -5.601e-03 -5.125e-03 2.151e-04 0.000e+00
224 -4.962e-03 -6.488e-03 -2.039e-03 0.000e+00
225 1.473e-03 9.736e-03 -1.112e-02 5.419e+01
226 -5.273e-03 -6.501e-03 5.989e-03 0.000e+00
227 3.366e-03 -8.509e-03 2.297e-03 0.000e+00
228 8.491e-04 2.018e-03 -2.912e-04 0.000e+00
229 -4.980e-03 -8.528e-03 2.238e-03 0.000e+00
230 1.701e-04 6.209e-03 -6.587e-03 0.000e+00
231 -8.413e-03 4.909e-03 -1.419e-02 0.000e+00
232 1.123e-04 6.574e-04 1.490e-03 0.000e+00
233 -1.269e-03 -5.655e-03 -2.820e-03 0.000e+00
234 3.961e-03 -8.370e-03 -4.415e-05 0.000e+00
235 -4.813e-04 -6.932e-03 -4.900e-03 0.000e+00
236 5.574e-04 4.500e-03 5.338e-03 0.000e+00
237 3.998e-03 -7.482e-03 4.412e-03 0.000e+00
238 -1.020e-02 1.517e-03 -1.150e-03 0.000e+00
239 -8.499e-03 -8.561e-03 -1.021e-02 0.000e+00
240 7.099e-03 -3.739e-04 -3.116e-03 0.000e+00
241 1.130e-02 -5.784e-03 -5.472e-03 0.000e+00
242 -2.864e-03 1.121e-03 2.846e-03 0.000e+00
243 2.305e-03 -7.877e-03 4.777e-03 0.000e+00
244 6.256e-03 3.008e-03 -4.506e-03 0.000e+00
245 4.003e-03 1.520e-03 3.505e-04 0.000e+00
246 -2.439e-03 1.205e-02 -3.272e-03 -1.501e+01
247 6.587e-03 5.704e-03 -7.837e-03 0.000e+00
248 7.216e-04 -8.457e-03 1.045e-02 0.000e+00
249 4.229e-03 4.867e-03 5.494e-03 0.000e+00
250 -2.041e-03 1.041e-03 8.930e-04 0.000e+00
251 -9.680e-03 5.933e-03 -4.048e-03 0.000e+00
252 -1.225e-02 1.463e-03 -8.761e-04 0.000e+00
253 -2.003e-03 -4.979e-03 -8.365e-04 0.000e+00
254 5.581e-03 1.083e-02 -3.860e-03 -5.959e+01
255 -8.287e-03 1.914e-03 7.175e-03 0.000e+00
