Bin I L V PA
0 1.864e-02 1.351e-02 -1.934e-03 0.000e+00
1 3.320e-02 -2.948e-02 -4.181e-03 0.000e+00
2 -1.729e-02 1.961e-02 1.158e-02 0.000e+00
3 5.956e-03 -2.170e-03 -1.420e-02 0.000e+00
4 -2.365e-02 1.146e-02 1.165e-02 0.000e+00
5 -2.689e-02 -1.618e-02 7.491e-03 0.000e+00
6 -1.583e-02 -2.963e-02 -2.789e-02 0.000e+00
7 -5.322e-03 2.171e-02 -8.478e-03 0.000e+00
8 3.222e-03 1.966e-02 -8.471e-03 0.000e+00
9 -1.227e-02 1.466e-02 1.281e-02 0.000e+00
10 -3.321e-03 1.779e-02 -1.770e-02 0.000e+00
11 3.834e-03 3.465e-02 3.020e-02 -3.729e+01
12 -1.563e-02 5.283e-03 1.162e-02 0.000e+00
13 2.525e-02 1.581e-02 1.986e-02 0.000e+00
14 2.992e-02 1.989e-02 9.708e-03 0.000e+00
15 -1.060e-02 -2.774e-02 6.838e-03 0.000e+00
16 5.263e-03 8.602e-04 1.355e-02 0.000e+00
17 -1.459e-02 -2.676e-02 -1.714e-02 0.000e+00
18 5.300e-03 -2.909e-02 5.479e-03 0.000e+00
19 -1.625e-03 -1.461e-02 -7.630e-03 0.000e+00
20 3.943e-02 -7.532e-03 2.205e-02 0.000e+00
21 -9.174e-03 -2.636e-02 -2.016e-02 0.000e+00
22 -2.129e-02 -1.887e-03 -2.788e-02 0.000e+00
23 -2.608e-03 -2.168e-02 -4.475e-03 0.000e+00
24 1.612e-02 -8.034e-03 -5.155e-03 0.000e+00
25 -3.210e-02 2.130e-03 1.300e-02 0.000e+00
26 3.151e-02 -1.042e-04 2.436e-02 0.000e+00
27 1.026e-02 9.464e-03 3.529e-02 0.000e+00
28 6.336e-03 -2.807e-02 -1.442e-02 0.000e+00
29 -1.667e-03 1.716e-02 -4.822e-02 0.000e+00
30 -5.966e-03 1.029e-02 9.517e-03 0.000e+00
31 4.011e-02 1.645e-02 -2.322e-02 0.000e+00
32 -1.806e-02 -2.872e-02 -4.473e-03 0.000e+00
33 6.121e-03 -2.934e-02 -1.289e-02 0.000e+00
34 -1.051e-02 2.200e-03 3.924e-03 0.000e+00
35 -3.035e-02 -2.380e-02 -1.117e-02 0.000e+00
36 2.404e-02 -2.020e-02 -6.064e-03 0.000e+00
37 -1.550e-02 -1.985e-02 -6.253e-03 0.000e+00
38 1.460e-02 1.316e-02 4.861e-03 0.000e+00
39 -2.015e-02 9.120e-04 3.855e-02 0.000e+00
40 9.364e-03 -4.700e-03 -7.264e-03 0.000e+00
41 2.214e-02 -2.909e-02 4.452e-02 0.000e+00
42 -1.744e-02 1.418e-02 -3.460e-03 0.000e+00
43 -1.552e-02 3.868e-02 -2.098e-02 -7.127e+01
44 -7.959e-03 6.927e-03 -2.963e-03 0.000e+00
45 1.381e-02 -1.949e-02 4.017e-03 0.000e+00
46 -1.225e-02 -2.608e-02 -5.771e-03 0.000e+00
47 -2.084e-03 -2.255e-02 4.998e-04 0.000e+00
48 -1.980e-02 -2.481e-02 -2.772e-02 0.000e+00
49 -8.593e-03 5.593e-03 -2.011e-02 0.000e+00
50 -3.640e-03 -2.529e-02 9.301e-04 0.000e+00
51 1.253e-02 -2.745e-02 -4.114e-02 0.000e+00
52 -2.735e-02 3.467e-02 4.559e-02 5.641e+01
53 -6.895e-03 5.299e-04 -2.976e-03 0.000e+00
54 2.992e-02 1.237e-02 -1.136e-02 0.000e+00
55 4.424e-03 1.038e-02 2.945e-02 0.000e+00
56 2.231e-03 5.778e-03 -1.485e-02 0.000e+00
57 1.720e-02 3.474e-02 6.251e-04 8.388e+00
58 -1.588e-05 -2.386e-02 2.179e-02 0.000e+00
59 1.849e-02 2.251e-02 2.528e-02 0.000e+00
60 -1.709e-02 1.307e-02 -7.405e-03 0.000e+00
61 4.000e-03 -2.957e-02 1.570e-02 0.000e+00
62 8.873e-03 -2.875e-02 4.957e-03 0.000e+00
63 1.840e-02 7.679e-03 1.904e-02 0.000e+00
64 1.377e-03 1.687e-02 -1.270e-03 0.000e+00
65 -2.908e-02 -2.476e-02 1.045e-02 0.000e+00
66 2.255e-02 -2.986e-02 -2.344e-02 0.000e+00
67 -2.280e-02 2.954e-02 1.686e-02 0.000e+00
68 -1.505e-02 1.392e-02 -1.023e-02 0.000e+00
69 -2.792e-03 -1.485e-02 7.710e-03 0.000e+00
70 4.391e-03 -2.322e-02 -2.335e-03 0.000e+00
71 7.536e-03 1.435e-02 -7.067e-03 0.000e+00
72 2.583e-02 -2.305e-02 1.178e-02 0.000e+00
73 5.221e-03 4.632e-03 1.610e-02 0.000e+00
74 -1.159e-02 -2.964e-04 -3.197e-02 0.000e+00
75 1.216e-02 1.515e-02 1.933e-02 0.000e+00
76 1.211e-02 1.102e-02 2.308e-02 0.000e+00
77 9.049e-03 -2.581e-02 -4.069e-02 0.000e+00
78 2.426e-03 -2.960e-02 -1.591e-02 0.000e+00
79 -2.707e-02 2.619e-02 5.744e-03 0.000e+00
80 -1.860e-02 -2.535e-02 -7.196e-03 0.000e+00
81 9.963e-03 1.398e-02 1.239e-02 0.000e+00
82 2.192e-02 -2.955e-02 1.099e-05 0.000e+00
83 -2.238e-02 3.034e-03 2.631e-02 0.000e+00
84 -1.918e-02 1.869e-02 -7.871e-03 0.000e+00
85 -7.708e-03 -2.169e-02 -1.726e-02 0.000e+00
86 1.551e-02 -1.575e-02 -7.856e-04 0.000e+00
87 -1.951e-02 -2.092e-02 -2.993e-03 0.000e+00
88 -2.399e-02 5.594e-03 1.171e-02 0.000e+00
89 -3.518e-02 -1.805e-02 3.405e-03 0.000e+00
90 4.163e-03 1.954e-02 -2.546e-02 0.000e+00
91 -2.897e-02 -6.517e-04 -1.612e-02 0.000e+00
92 6.088e-04 2.671e-02 -2.735e-04 0.000e+00
93 2.280e-04 -2.726e-02 6.857e-03 0.000e+00
94 -2.299e-03 4.668e-03 4.348e-02 0.000e+00
95 1.808e-02 1.141e-02 -1.601e-03 0.000e+00
96 1.952e-02 -5.117e-03 5.645e-03 0.000e+00
97 2.262e-02 2.237e-02 8.997e-03 0.000e+00
98 9.622e-03 -2.010e-02 -4.494e-04 0.000e+00
99 -1.139e-02 2.522e-02 -2.769e-02 0.000e+00
100 -2.377e-03 1.226e-02 -2.606e-02 0.000e+00
101 -1.225e-03 6.016e-03 -1.676e-03 0.000e+00
102 -3.259e-03 -2.091e-02 8.758e-03 0.000e+00
103 2.233e-02 -2.595e-02 -1.384e-02 0.000e+00
104 7.274e-03 -2.393e-02 1.572e-02 0.000e+00
105 -2.477e-04 -2.994e-02 7.407e-03 0.000e+00
106 -1.135e-02 -1.438e-02 -1.108e-02 0.000e+00
107 -2.807e-04 -2.329e-02 -2.166e-02 0.000e+00
108 6.764e-03 1.915e-02 4.369e-04 0.000e+00
109 1.560e-02 -1.865e-02 -1.888e-02 0.000e+00
110 2.929e-03 -2.914e-02 9.653e-03 0.000e+00
111 5.238e-03 -2.945e-02 3.153e-02 0.000e+00
112 2.287e-02 -5.933e-04 -1.565e-02 0.000e+00
113 1.579e-03 6.420e-03 -7.651e-03 0.000e+00
114 2.276e-02 -2.552e-02 1.217e-02 0.000e+00
115 -1.304e-02 9.322e-03 1.418e-02 0.000e+00
116 -1.174e-02 -2.839e-02 8.376e-03 0.000e+00
117 2.882e-02 4.614e-03 3.851e-02 0.000e+00
118 5.295e-03 -1.972e-02 -1.218e-02 0.000e+00
119 -1.558e-02 -1.816e-02 2.074e-03 0.000e+00
120 -9.351e-03 -2.266e-02 -1.625e-02 0.000e+00
121 -1.481e-02 -2.872e-02 -2.930e-02 0.000e+00
122 -1.095e-02 -2.510e-02 1.932e-02 0.000e+00
123 2.176e-02 -1.417e-02 -3.048e-02 0.000e+00
124 2.199e-02 -2.647e-02 -2.005e-02 0.000e+00
125 1.919e-03 -1.712e-02 1.644e-02 0.000e+00
126 -2.795e-02 1.493e-02 2.605e-03 0.000e+00
127 -1.496e-02 -2.996e-02 5.117e-03 0.000e+00
128 4.101e-02 2.292e-02 1.896e-02 0.000e+00
129 -4.884e-03 1.530e-02 -5.088e-03 0.000e+00
130 3.524e-02 1.881e-02 2.013e-02 0.000e+00
131 2.511e-03 -1.911e-02 1.556e-02 0.000e+00
132 1.005e-02 -2.953e-02 2.389e-02 0.000e+00
133 -9.927e-04 1.476e-02 -4.463e-03 0.000e+00
134 -1.512e-02 -2.483e-02 -1.852e-02 0.000e+00
135 -1.733e-02 3.196e-02 -3.626e-02 -8.085e+01
136 1.920e-03 2.331e-03 2.274e-02 0.000e+00
137 -5.098e-02 1.760e-02 3.889e-03 0.000e+00
138 -5.341e-03 1.006e-02 -1.839e-02 0.000e+00
139 1.653e-02 9.907e-03 7.722e-04 0.000e+00
140 1.190e-03 -2.756e-03 -4.808e-03 0.000e+00
141 -3.775e-02 1.466e-02 -2.009e-02 0.000e+00
142 -2.081e-02 -2.685e-02 3.073e-02 0.000e+00
143 3.354e-02 2.587e-02 2.266e-03 0.000e+00
144 5.238e-03 9.320e-03 -3.118e-03 0.000e+00
145 1.412e-02 -2.503e-02 -6.927e-03 0.000e+00
146 -2.603e-02 -5.151e-03 1.428e-02 0.000e+00
147 -6.208e-03 2.382e-02 -5.870e-02 0.000e+00
148 -4.100e-02 -2.289e-02 -2.997e-03 0.000e+00
149 3.436e-02 -2.752e-02 1.269e-02 0.000e+00
150 8.853e-05 -2.571e-02 1.316e-02 0.000e+00
151 6.348e-03 7.723e-03 1.941e-03 0.000e+00
152 -9.057e-03 4.089e-02 8.451e-04 -5.949e+01
153 1.562e-03 1.949e-02 8.090e-03 0.000e+00
154 -1.981e-02 4.177e-02 -1.861e-02 -4.702e+01
155 3.105e-02 -2.646e-02 -2.521e-02 0.000e+00
156 -1.421e-02 -2.359e-03 -1.398e-02 0.000e+00
157 2.487e-02 1.420e-02 -7.181e-03 0.000e+00
158 2.111e-02 2.777e-02 3.645e-04 0.000e+00
159 6.063e-03 -1.627e-02 -1.721e-02 0.000e+00
160 -2.178e-02 1.202e-02 8.841e-03 0.000e+00
161 -1.980e-02 -2.450e-02 -2.156e-02 0.000e+00
162 6.043e-03 -2.412e-02 -1.241e-02 0.000e+00
163 3.372e-02 -2.140e-02 -1.606e-02 0.000e+00
164 2.451e-02 -4.713e-03 7.599e-03 0.000e+00
165 1.801e-02 1.622e-03 -1.114e-02 0.000e+00
166 -2.005e-02 7.555e-03 -1.229e-02 0.000e+00
167 1.326e-02 1.666e-02 1.158e-02 0.000e+00
168 2.172e-02 -3.114e-03 8.562e-03 0.000e+00
169 -3.782e-02 -7.130e-03 -2.468e-02 0.000e+00
170 -3.373e-02 -1.750e-02 7.650e-03 0.000e+00
171 2.911e-02 9.223e-03 -4.349e-03 0.000e+00
172 -1.313e-02 1.398e-02 1.659e-02 0.000e+00
173 -1.555e-03 -2.062e-02 3.113e-03 0.000e+00
174 1.155e-03 7.294e-03 1.775e-02 0.000e+00
175 -3.963e-02 -2.768e-02 3.194e-02 0.000e+00
176 -1.966e-03 -1.534e-03 5.828e-03 0.000e+00
177 -2.986e-02 -2.462e-02 3.123e-03 0.000e+00
178 -2.270e-02 -2.089e-02 1.462e-02 0.000e+00
179 -3.206e-02 -2.605e-02 -9.485e-03 0.000e+00
180 -2.641e-02 9.068e-03 2.184e-02 0.000e+00
181 3.696e-02 -1.778e-02 2.217e-03 0.000e+00
182 1.242e-02 1.330e-02 4.029e-02 0.000e+00
183 4.559e-02 -2.071e-02 9.347e-04 0.000e+00
184 6.018e-03 2.181e-02 1.438e-02 0.000e+00
185 3.416e-03 6.296e-03 -7.539e-03 0.000e+00
186 1.826e-02 3.332e-02 3.811e-03 3.443e+01
187 -1.186e-02 -2.015e-02 -2.385e-04 0.000e+00
188 -1.967e-02 3.178e-03 2.580e-02 0.000e+00
189 -2.110e-02 4.140e-02 1.389e-03 3.094e+01
190 -5.251e-03 -2.468e-02 -6.561e-03 0.000e+00
191 -5.798e-03 -2.093e-02 -1.491e-02 0.000e+00
192 -4.261e-03 2.401e-02 1.583e-02 0.000e+00
193 -3.300e-03 1.014e-02 1.876e-02 0.000e+00
194 2.778e-02 -2.863e-02 -6.390e-04 0.000e+00
195 -1.988e-02 -2.390e-02 2.638e-02 0.000e+00
196 -8.883e-03 9.883e-03 -1.209e-02 0.000e+00
197 9.993e-03 -1.041e-04 5.485e-04 0.000e+00
198 8.825e-04 -7.150e-03 5.890e-03 0.000e+00
199 -4.913e-03 -2.521e-02 1.730e-04 0.000e+00
200 -4.345e-03 -2.776e-02 -6.606e-03 0.000e+00
201 6.140e-03 1.335e-02 5.151e-03 0.000e+00
202 2.274e-02 -2.967e-02 -7.289e-05 0.000e+00
203 -4.075e-03 -2.996e-03 -4.785e-03 0.000e+00
204 -3.097e-03 -2.866e-02 1.430e-02 0.000e+00
205 -1.354e-02 -2.898e-02 -1.408e-02 0.000e+00
206 -2.519e-02 3.677e-02 -5.346e-02 -8.396e+01
207 1.289e-02 -2.393e-02 -2.393e-02 0.000e+00
208 -1.176e-02 -2.707e-02 -4.665e-03 0.000e+00
209 -2.262e-02 -2.696e-02 8.399e-03 0.000e+00
210 1.007e-02 2.150e-02 -4.672e-03 0.000e+00
211 2.700e-03 -2.099e-02 -6.379e-03 0.000e+00
212 4.673e-03 -2.138e-02 2.009e-03 0.000e+00
213 1.526e-02 1.566e-02 3.878e-02 0.000e+00
214 1.596e-02 -2.160e-02 -1.148e-02 0.000e+00
215 1.158e-02 2.838e-03 -7.244e-03 0.000e+00
216 2.696e-02 1.095e-02 2.993e-02 0.000e+00
217 -1.755e-02 1.481e-02 2.075e-05 0.000e+00
218 1.387e-02 1.453e-02 -5.192e-02 0.000e+00
219 -3.312e-02 1.525e-02 -4.537e-03 0.000e+00
220 1.001e-02 2.236e-02 -4.113e-03 0.000e+00
221 -9.858e-03 -2.839e-02 1.410e-02 0.000e+00
222 -7.199e-03 -2.156e-02 -3.332e-02 0.000e+00
223 -1.243e-02 -3.530e-03 4.957e-03 0.000e+00
224 4.728e-02 4.900e-02 2.164e-02 -9.159e+01
225 1.514e-02 -7.517e-04 -1.153e-02 0.000e+00
226 1.916e-02 -6.891e-03 -4.917e-02 0.000e+00
227 5.056e-03 3.318e-03 -1.641e-02 0.000e+00
228 6.034e-03 -2.784e-02 -2.051e-02 0.000e+00
229 -2.092e-03 -3.539e-03 -3.283e-03 0.000e+00
230 -5.910e-03 1.457e-02 2.159e-02 0.000e+00
231 1.531e-02 -2.142e-02 -9.643e-03 0.000e+00
232 4.069e-02 -2.029e-05 7.984e-03 0.000e+00
233 -2.739e-03 1.059e-02 8.715e-04 0.000e+00
234 -2.789e-02 3.193e-02 -1.848e-02 1.946e+01
235 4.793e-03 -7.529e-03 1.620e-03 0.000e+00
236 1.744e-02 4.177e-03 1.985e-02 0.000e+00
237 2.802e-03 -2.721e-02 -6.735e-04 0.000e+00
238 1.735e-02 1.261e-02 1.679e-02 0.000e+00
239 1.019e-02 -2.978e-02 -4.564e-03 0.000e+00
240 -1.220e-03 -1.822e-02 -7.823e-03 0.000e+00
241 2.772e-02 -2.772e-02 1.659e-02 0.000e+00
242 3.668e-02 -1.475e-02 -1.851e-02 0.000e+00
243 4.779e-03 -2.358e-02 2.917e-02 0.000e+00
244 1.931e-02 -1.846e-02 2.780e-03 0.000e+00
245 -2.344e-02 4.570e-03 1.321e-02 0.000e+00
246 -1.522e-03 -1.993e-02 4.913e-03 0.000e+00
247 -2.984e-02 -2.993e-02 3.275e-02 0.000e+00
248 4.436e-03 -2.246e-02 2.879e-02 0.000e+00
249 -2.541e-03 -2.355e-02 -5.466e-03 0.000e+00
250 -1.449e-03 -2.996e-02 3.625e-03 0.000e+00
251 4.615e-02 4.669e-03 -2.766e-02 0.000e+00
252 8.987e-03 2.064e-02 -1.566e-02 0.000e+00
253 1.070e-02 -2.551e-02 -1.206e-02 0.000e+00
254 -1.421e-02 -2.404e-02 3.649e-03 0.000e+00
255 1.101e-02 1.079e-02 6.778e-03 0.000e+00
256 2.491e-03 1.911e-02 -1.036e-02 0.000e+00
257 -1.916e-02 2.655e-02 -1.651e-02 0.000e+00
258 2.171e-02 6.018e-03 -7.158e-03 0.000e+00
259 7.044e-03 -2.137e-02 1.342e-02 0.000e+00
260 3.247e-04 -2.459e-02 -3.888e-03 0.000e+00
261 2.336e-04 4.830e-02 1.129e-03 -8.991e+01
262 -2.114e-02 -2.684e-02 -2.191e-02 0.000e+00
263 -6.537e-03 -2.064e-02 -1.217e-02 0.000e+00
264 -2.076e-02 2.000e-02 3.839e-03 0.000e+00
265 -2.010e-02 -2.954e-02 1.318e-02 0.000e+00
266 -9.504e-03 -2.398e-02 3.242e-02 0.000e+00
267 -5.263e-02 3.507e-02 2.097e-02 1.718e+01
268 -4.981e-02 -2.377e-02 -1.597e-03 0.000e+00
269 -7.366e-03 -1.958e-02 -2.881e-02 0.000e+00
270 -3.278e-02 1.214e-02 -1.158e-02 0.000e+00
271 1.166e-02 9.899e-03 2.573e-03 0.000e+00
272 -2.712e-02 1.292e-02 -1.276e-02 0.000e+00
273 -2.366e-02 8.527e-04 2.462e-02 0.000e+00
274 -4.254e-02 3.979e-03 1.465e-02 0.000e+00
275 1.259e-02 -2.717e-02 1.703e-02 0.000e+00
276 4.115e-02 1.888e-02 4.390e-02 0.000e+00
277 1.513e-02 4.369e-02 -3.713e-03 5.854e+01
278 -1.519e-02 1.084e-02 -1.820e-02 0.000e+00
279 2.019e-02 -2.857e-02 -9.268e-03 0.000e+00
280 -1.182e-02 1.407e-02 -1.630e-02 0.000e+00
281 -9.027e-03 6.714e-03 -2.970e-02 0.000e+00
282 -1.161e-02 1.228e-02 -7.781e-03 0.000e+00
283 -5.546e-03 2.979e-02 1.318e-02 -4.738e+01
284 -3.181e-02 5.689e-03 -3.852e-02 0.000e+00
285 -1.103e-02 -2.338e-02 1.394e-02 0.000e+00
286 -2.886e-02 -2.819e-02 2.867e-03 0.000e+00
287 -1.492e-02 -2.996e-02 8.999e-04 0.000e+00
288 -1.746e-02 -3.902e-03 1.015e-02 0.000e+00
289 -2.677e-02 1.358e-02 1.012e-02 0.000e+00
290 -6.975e-03 -2.261e-02 -1.873e-02 0.000e+00
291 6.268e-03 -2.168e-02 1.019e-02 0.000e+00
292 9.190e-04 -2.988e-02 -5.622e-03 0.000e+00
293 2.765e-02 -2.842e-02 4.542e-02 0.000e+00
294 1.594e-02 -7.390e-03 -2.236e-02 0.000e+00
295 -7.858e-03 -1.698e-02 2.068e-02 0.000e+00
296 -4.114e-02 4.697e-03 9.918e-03 0.000e+00
297 3.194e-02 -2.367e-02 -2.356e-02 0.000e+00
298 9.640e-04 6.793e-03 5.140e-03 0.000e+00
299 2.268e-02 1.004e-02 9.746e-03 0.000e+00
300 2.864e-02 5.155e-02 4.751e-02 -4.936e+01
301 2.033e-03 -2.514e-02 3.083e-02 0.000e+00
302 -4.054e-03 -1.727e-02 1.035e-02 0.000e+00
303 9.705e-03 7.462e-03 -1.494e-02 0.000e+00
304 -3.096e-03 5.531e-03 -5.778e-03 0.000e+00
305 -4.223e-03 1.967e-02 1.899e-02 0.000e+00
306 1.146e-02 -1.485e-02 1.385e-02 0.000e+00
307 2.036e-03 -2.984e-02 -4.246e-03 0.000e+00
308 2.330e-05 -2.591e-02 -1.320e-02 0.000e+00
309 1.879e-02 -6.934e-03 -3.879e-02 0.000e+00
310 -1.741e-02 -7.888e-04 -3.208e-02 0.000e+00
311 -9.711e-03 -2.174e-02 -2.094e-02 0.000e+00
312 1.052e-02 1.205e-02 -1.940e-02 0.000e+00
313 8.992e-03 2.370e-02 3.755e-02 0.000e+00
314 -3.771e-03 1.739e-02 -7.995e-03 0.000e+00
315 4.995e-03 -2.025e-02 7.307e-03 0.000e+00
316 1.517e-02 -2.676e-02 1.153e-02 0.000e+00
317 -8.831e-03 1.200e-02 -1.813e-02 0.000e+00
318 1.086e-02 -2.976e-02 -1.737e-02 0.000e+00
319 4.169e-02 8.601e-03 2.759e-03 0.000e+00
320 1.688e-02 -1.869e-02 -5.806e-03 0.000e+00
321 -8.497e-03 1.498e-02 5.445e-03 0.000e+00
322 8.873e-03 -2.713e-02 3.805e-02 0.000e+00
323 2.483e-02 -1.646e-02 -1.029e-02 0.000e+00
324 8.127e-03 -2.794e-02 -3.405e-03 0.000e+00
325 1.124e-03 -2.937e-02 1.149e-02 0.000e+00
326 1.818e-02 -1.575e-03 -1.631e-02 0.000e+00
327 -1.134e-02 -2.757e-02 2.009e-02 0.000e+00
328 -1.222e-02 1.597e-02 -5.159e-03 0.000e+00
329 -2.714e-02 -2.635e-03 -3.686e-02 0.000e+00
330 9.369e-03 -2.176e-02 1.724e-02 0.000e+00
331 1.976e-02 1.174e-02 -8.970e-03 0.000e+00
332 3.514e-02 2.063e-02 -8.704e-03 0.000e+00
333 -7.060e-03 1.140e-02 1.190e-02 0.000e+00
334 1.258e-02 1.220e-03 -6.073e-03 0.000e+00
335 -1.225e-03 -2.765e-02 -2.351e-02 0.000e+00
336 -1.059e-02 2.510e-02 4.293e-02 0.000e+00
337 -2.762e-02 2.240e-03 -5.176e-03 0.000e+00
338 -1.659e-02 1.509e-02 -5.235e-03 0.000e+00
339 1.010e-02 -1.520e-02 -1.211e-02 0.000e+00
340 2.360e-02 3.947e-02 -6.680e-03 -4.361e+01
341 1.641e-02 -2.918e-02 -8.169e-03 0.000e+00
342 -7.808e-03 -2.254e-02 -1.212e-03 0.000e+00
343 2.392e-02 -2.041e-02 3.707e-02 0.000e+00
344 -2.444e-02 1.972e-03 1.763e-02 0.000e+00
345 2.369e-02 -2.511e-02 2.372e-02 0.000e+00
346 1.553e-03 -2.877e-02 2.954e-02 0.000e+00
347 -1.059e-02 -2.420e-02 2.667e-02 0.000e+00
348 -1.567e-02 3.840e-04 1.005e-02 0.000e+00
349 3.120e-02 6.855e-03 -7.904e-03 0.000e+00
350 -3.323e-04 -9.293e-04 -1.697e-02 0.000e+00
351 9.922e-04 -2.347e-02 1.101e-02 0.000e+00
352 -4.109e-03 4.144e-02 2.060e-02 3.637e+01
353 -2.025e-02 2.340e-02 -3.026e-02 0.000e+00
354 1.190e-02 -2.196e-02 -7.942e-03 0.000e+00
355 -2.887e-02 -2.283e-02 2.946e-03 0.000e+00
356 3.213e-03 -2.926e-02 1.119e-02 0.000e+00
357 3.904e-02 3.438e-02 -2.181e-02 7.362e+01
358 -1.657e-02 -2.748e-03 -5.120e-03 0.000e+00
359 1.122e-02 -2.171e-02 -5.007e-03 0.000e+00
360 4.766e-02 3.824e-02 9.591e-04 -7.656e+01
361 3.287e-02 -2.586e-02 -2.771e-02 0.000e+00
362 -4.413e-03 -1.902e-02 1.538e-02 0.000e+00
363 2.851e-02 -5.436e-03 -3.731e-02 0.000e+00
364 -3.085e-02 1.561e-02 2.360e-02 0.000e+00
365 1.005e-02 -2.912e-02 -2.036e-02 0.000e+00
366 -2.745e-02 2.253e-03 8.325e-03 0.000e+00
367 -1.770e-02 7.033e-03 2.268e-02 0.000e+00
368 1.315e-02 8.639e-03 -8.932e-03 0.000e+00
369 -8.736e-03 3.122e-02 -2.803e-02 8.953e+00
370 -2.826e-02 -2.120e-02 -2.587e-02 0.000e+00
371 1.611e-02 -2.101e-02 -2.591e-04 0.000e+00
372 2.040e-02 -7.335e-03 5.931e-03 0.000e+00
373 -1.978e-02 2.132e-02 -1.525e-02 0.000e+00
374 -1.549e-02 -2.828e-02 5.586e-04 0.000e+00
375 -2.316e-02 -2.710e-04 -8.216e-03 0.000e+00
376 7.276e-03 -2.958e-02 -6.274e-03 0.000e+00
377 1.937e-02 2.333e-02 1.962e-02 0.000e+00
378 -1.229e-02 -2.755e-02 1.092e-02 0.000e+00
379 -1.863e-02 1.425e-02 2.965e-02 0.000e+00
380 -6.392e-03 -2.617e-02 -1.840e-02 0.000e+00
381 1.719e-02 4.209e-03 1.134e-03 0.000e+00
382 7.668e-03 -2.655e-02 -7.996e-03 0.000e+00
383 -4.101e-04 3.005e-03 -3.109e-02 0.000e+00
384 5.562e-03 -4.846e-03 -1.323e-02 0.000e+00
385 -2.233e-02 7.088e-03 -1.099e-05 0.000e+00
386 4.083e-02 2.330e-02 -7.035e-03 0.000e+00
387 7.931e-03 -2.320e-02 3.726e-03 0.000e+00
388 -1.355e-03 -2.652e-02 4.013e-03 0.000e+00
389 -4.998e-03 5.320e-03 -1.123e-02 0.000e+00
390 3.417e-03 -2.785e-02 2.274e-03 0.000e+00
391 -3.762e-02 1.810e-03 3.234e-04 0.000e+00
392 -6.090e-03 -2.734e-02 3.271e-02 0.000e+00
393 -1.090e-02 1.393e-02 2.950e-04 0.000e+00
394 -1.094e-02 -2.416e-04 -1.140e-02 0.000e+00
395 -6.087e-03 3.664e-03 -3.940e-02 0.000e+00
396 -5.153e-02 1.130e-02 -9.820e-03 0.000e+00
397 -3.263e-03 7.767e-03 -1.406e-02 0.000e+00
398 -1.655e-02 1.318e-02 2.891e-02 0.000e+00
399 -2.494e-03 -2.663e-02 3.274e-04 0.000e+00
400 7.186e-03 -6.584e-03 1.126e-02 0.000e+00
401 -1.005e-02 -1.030e-02 -1.930e-03 0.000e+00
402 -3.656e-03 -2.978e-02 6.721e-03 0.000e+00
403 -7.959e-03 -1.758e-02 -2.174e-02 0.000e+00
404 -4.981e-02 -6.202e-03 2.696e-02 0.000e+00
405 1.659e-02 -2.916e-02 6.446e-03 0.000e+00
406 -1.023e-02 -2.919e-02 -1.718e-02 0.000e+00
407 -2.750e-02 -1.530e-02 2.845e-02 0.000e+00
408 -1.409e-02 1.340e-02 -3.504e-02 0.000e+00
409 6.585e-03 1.737e-02 -5.402e-04 0.000e+00
410 7.139e-03 -8.192e-03 -6.786e-04 0.000e+00
411 1.392e-03 -2.856e-02 -1.862e-02 0.000e+00
412 -1.280e-02 -2.964e-02 4.764e-02 0.000e+00
413 1.927e-02 2.431e-03 -3.660e-03 0.000e+00
414 -2.760e-03 -1.225e-03 -1.697e-03 0.000e+00
415 -8.397e-03 -4.838e-03 1.115e-02 0.000e+00
416 1.383e-02 3.968e-03 3.093e-03 0.000e+00
417 5.255e-04 -2.871e-02 7.067e-03 0.000e+00
418 1.663e-02 4.098e-02 2.314e-02 -1.022e+02
419 -6.398e-03 -2.899e-02 7.363e-03 0.000e+00
420 -6.204e-03 1.006e-02 1.153e-02 0.000e+00
421 -8.969e-03 -2.712e-02 -3.467e-02 0.000e+00
422 -1.245e-02 6.445e-03 1.384e-02 0.000e+00
423 -7.817e-03 3.293e-02 7.550e-03 -6.003e+01
424 1.823e-02 -2.962e-02 -2.785e-02 0.000e+00
425 1.718e-03 -2.652e-02 3.213e-02 0.000e+00
426 -2.921e-04 3.062e-02 -1.584e-02 5.710e+00
427 1.912e-02 -1.896e-02 4.130e-03 0.000e+00
428 9.422e-03 7.884e-03 8.653e-03 0.000e+00
429 -1.447e-02 -2.401e-02 1.331e-02 0.000e+00
430 -2.216e-02 3.176e-02 4.553e-03 -8.983e+01
431 2.046e-02 6.234e-03 1.724e-02 0.000e+00
432 -2.815e-02 -2.821e-02 2.799e-02 0.000e+00
433 4.606e-03 -2.441e-02 -1.921e-02 0.000e+00
434 1.917e-02 -2.809e-02 -2.362e-03 0.000e+00
435 3.535e-02 -2.872e-02 -3.276e-02 0.000e+00
436 3.182e-02 8.355e-03 7.139e-03 0.000e+00
437 4.325e-03 -2.063e-02 2.708e-02 0.000e+00
438 -2.829e-03 -5.250e-03 -3.603e-03 0.000e+00
439 1.565e-02 1.373e-02 1.600e-02 0.000e+00
440 -1.976e-03 3.414e-02 -7.024e-03 -5.679e+01
441 -1.073e-02 -1.999e-02 -8.748e-03 0.000e+00
442 3.315e-03 -2.652e-02 1.022e-02 0.000e+00
443 2.671e-03 -2.599e-02 -1.035e-02 0.000e+00
444 2.481e-02 -2.308e-02 -9.950e-04 0.000e+00
445 -3.109e-02 1.767e-02 2.784e-02 0.000e+00
446 2.441e-02 1.814e-02 -1.978e-02 0.000e+00
447 -4.892e-03 3.101e-02 -8.974e-03 1.679e+01
448 -5.394e-03 5.187e-03 1.952e-02 0.000e+00
449 1.541e-02 4.503e-02 -2.418e-03 3.957e+01
450 4.451e-02 -2.935e-04 3.991e-02 0.000e+00
451 6.403e-02 -4.655e-04 -4.432e-02 0.000e+00
452 1.147e-01 -2.475e-02 1.169e-02 0.000e+00
453 2.108e-01 4.741e-02 -2.049e-02 -1.023e+02
454 4.761e-01 1.160e-01 -6.409e-02 -9.722e+01
455 7.481e-01 1.221e-01 -4.572e-02 7.625e+01
456 9.412e-01 1.646e-01 -8.837e-04 -9.299e+01
457 1.000e+00 1.649e-01 6.068e-03 7.405e+01
458 9.313e-01 1.255e-01 2.393e-03 6.835e+01
459 9.891e-01 2.275e-01 5.459e-02 -7.043e+01
460 9.671e-01 3.496e-01 3.716e-02 -6.257e+01
461 7.248e-01 3.398e-01 6.446e-03 -6.612e+01
462 4.899e-01 1.929e-01 2.977e-02 -7.071e+01
463 3.300e-01 1.040e-01 6.091e-03 -7.032e+01
464 1.593e-01 4.169e-02 2.491e-02 -8.303e+01
465 7.461e-02 -1.366e-03 3.483e-02 0.000e+00
466 1.770e-02 1.032e-02 -7.649e-03 0.000e+00
467 -3.900e-03 4.384e-03 -6.751e-03 0.000e+00
468 4.719e-02 -2.536e-02 -2.137e-02 0.000e+00
469 -3.190e-03 3.081e-05 1.044e-02 0.000e+00
470 1.084e-02 -3.859e-03 8.660e-03 0.000e+00
471 -7.617e-03 -2.465e-02 2.747e-02 0.000e+00
472 -1.478e-03 -6.116e-03 2.249e-02 0.000e+00
473 1.856e-02 -2.359e-02 -1.217e-02 0.000e+00
474 1.180e-02 -2.437e-03 1.264e-03 0.000e+00
475 -6.722e-03 -2.981e-02 1.357e-04 0.000e+00
476 -1.023e-02 9.933e-03 -4.326e-03 0.000e+00
477 1.169e-02 1.649e-03 -3.873e-03 0.000e+00
478 -1.356e-03 -1.786e-02 1.258e-02 0.000e+00
479 2.743e-02 1.914e-03 -2.292e-02 0.000e+00
480 2.636e-02 -2.404e-02 -4.796e-03 0.000e+00
481 8.530e-03 1.683e-02 -2.263e-02 0.000e+00
482 2.476e-02 1.776e-02 -1.046e-02 0.000e+00
483 3.483e-02 2.694e-02 2.032e-02 0.000e+00
484 -3.041e-03 1.814e-02 3.261e-03 0.000e+00
485 5.532e-02 6.064e-03 6.460e-03 0.000e+00
486 1.526e-02 1.842e-02 -2.802e-02 0.000e+00
487 1.858e-03 -2.173e-02 -7.772e-03 0.000e+00
488 -1.345e-03 6.215e-02 -2.696e-02 9.702e+00
489 -1.293e-03 -7.875e-03 -9.198e-03 0.000e+00
490 -2.523e-03 3.755e-02 3.505e-02 -3.849e+01
491 -8.439e-03 -5.352e-03 -2.158e-02 0.000e+00
492 8.265e-03 -2.067e-02 -1.466e-02 0.000e+00
493 -8.515e-03 2.468e-02 -9.502e-03 0.000e+00
494 9.901e-03 -1.648e-02 -9.766e-03 0.000e+00
495 -1.919e-02 -2.876e-02 -9.120e-03 0.000e+00
496 1.662e-02 -1.427e-03 5.475e-03 0.000e+00
497 3.403e-03 -2.359e-02 -2.877e-02 0.000e+00
498 3.210e-03 1.112e-02 2.974e-03 0.000e+00
499 -2.193e-02 -2.300e-02 -1.048e-03 0.000e+00
500 -1.680e-02 3.360e-03 -2.287e-02 0.000e+00
501 -4.988e-03 6.406e-03 1.216e-02 0.000e+00
502 7.146e-03 -2.931e-02 -8.989e-04 0.000e+00
503 1.904e-02 2.746e-02 -8.843e-03 0.000e+00
504 -2.434e-03 -1.797e-02 7.471e-03 0.000e+00
505 -1.787e-02 -2.874e-02 2.388e-02 0.000e+00
506 4.322e-02 2.591e-03 -1.355e-02 0.000e+00
507 -4.365e-03 -2.730e-02 -6.617e-03 0.000e+00
508 -1.179e-02 -2.769e-02 -1.751e-02 0.000e+00
509 -2.355e-03 1.807e-02 -2.692e-02 0.000e+00
510 -1.407e-02 2.663e-03 5.137e-02 0.000e+00
511 -3.459e-02 -2.508e-02 -9.916e-03 0.000e+00
512 -2.555e-02 1.927e-02 -8.482e-03 0.000e+00
513 1.941e-04 -2.017e-02 7.274e-03 0.000e+00
514 -1.149e-02 -2.996e-02 1.509e-03 0.000e+00
515 -1.720e-03 -2.286e-02 -2.947e-02 0.000e+00
516 1.129e-02 2.455e-02 2.830e-03 0.000e+00
517 -1.086e-02 1.012e-02 -1.406e-02 0.000e+00
518 -5.765e-03 2.244e-02 9.778e-03 0.000e+00
519 -1.054e-02 8.471e-03 -5.338e-03 0.000e+00
520 -2.943e-03 -2.724e-02 -1.386e-03 0.000e+00
521 -2.746e-02 2.734e-02 4.217e-02 0.000e+00
522 1.755e-02 1.012e-02 -9.141e-03 0.000e+00
523 -1.146e-02 -2.912e-02 2.029e-02 0.000e+00
524 -4.437e-02 3.395e-02 2.634e-02 7.084e-01
525 -1.045e-02 8.825e-03 1.578e-02 0.000e+00
526 1.714e-03 -2.475e-02 -2.630e-02 0.000e+00
527 -1.990e-02 1.137e-02 -1.498e-03 0.000e+00
528 -1.770e-02 8.011e-03 -2.438e-02 0.000e+00
529 8.301e-03 1.157e-03 3.725e-02 0.000e+00
530 -8.782e-04 4.029e-03 3.392e-02 0.000e+00
531 -3.149e-02 2.011e-02 1.869e-02 0.000e+00
532 7.107e-04 -2.570e-02 -3.183e-03 0.000e+00
533 1.135e-02 1.238e-02 -5.853e-03 0.000e+00
534 -2.122e-02 -2.935e-02 -1.091e-02 0.000e+00
535 -2.661e-02 1.426e-02 2.722e-03 0.000e+00
536 -3.841e-02 2.265e-02 1.817e-02 0.000e+00
537 -6.624e-04 -4.139e-03 -1.070e-02 0.000e+00
538 1.190e-02 -1.767e-03 2.102e-02 0.000e+00
539 -4.149e-02 1.371e-02 1.163e-03 0.000e+00
540 -1.327e-02 1.258e-02 -2.433e-03 0.000e+00
541 -3.821e-02 2.810e-03 -3.129e-02 0.000e+00
542 -9.851e-03 3.182e-02 3.400e-03 1.962e+01
543 1.032e-02 2.300e-02 1.014e-02 0.000e+00
544 -3.161e-02 2.885e-03 -1.583e-02 0.000e+00
545 3.789e-02 -2.745e-02 9.972e-03 0.000e+00
546 1.141e-02 1.233e-02 -5.867e-03 0.000e+00
547 1.679e-02 6.349e-03 -7.219e-03 0.000e+00
548 -3.139e-02 -2.240e-02 6.712e-03 0.000e+00
549 1.209e-03 1.076e-03 -5.908e-03 0.000e+00
550 -1.652e-03 -2.210e-03 3.998e-03 0.000e+00
551 -3.598e-03 2.469e-02 1.413e-02 0.000e+00
552 4.948e-02 2.320e-02 1.044e-02 0.000e+00
553 -3.923e-04 -2.739e-02 -1.306e-02 0.000e+00
554 2.184e-02 2.469e-02 -7.004e-03 0.000e+00
555 4.949e-03 -2.220e-02 1.052e-02 0.000e+00
556 4.192e-02 2.644e-02 1.466e-02 0.000e+00
557 1.317e-02 6.037e-03 -1.006e-02 0.000e+00
558 -2.353e-02 1.100e-02 5.014e-03 0.000e+00
559 1.834e-02 -2.731e-02 -1.095e-02 0.000e+00
560 6.652e-03 1.236e-02 1.499e-02 0.000e+00
561 -1.465e-03 6.984e-03 -2.626e-02 0.000e+00
562 -1.187e-02 1.599e-02 -1.863e-02 0.000e+00
563 1.582e-02 4.717e-02 7.118e-03 4.864e+01
564 2.816e-02 -2.678e-02 4.191e-03 0.000e+00
565 4.514e-03 2.705e-03 1.909e-02 0.000e+00
566 3.134e-02 -2.186e-02 -8.958e-03 0.000e+00
567 -1.537e-02 -2.637e-03 2.246e-02 0.000e+00
568 3.727e-03 3.273e-02 8.607e-03 3.334e+01
569 -1.528e-02 -2.625e-02 3.034e-02 0.000e+00
570 3.267e-02 -3.496e-03 -3.612e-03 0.000e+00
571 2.555e-03 1.289e-02 -1.014e-02 0.000e+00
572 -1.642e-03 8.131e-03 -3.340e-03 0.000e+00
573 7.673e-04 4.970e-03 1.453e-02 0.000e+00
574 -6.712e-03 8.143e-03 -4.764e-02 0.000e+00
575 1.524e-02 -2.302e-02 -3.480e-02 0.000e+00
576 -1.459e-02 5.213e-03 -6.377e-03 0.000e+00
577 -3.281e-02 3.342e-02 1.514e-02 -6.627e+01
578 1.175e-02 1.973e-02 1.332e-03 0.000e+00
579 -1.334e-03 -1.772e-02 -3.993e-04 0.000e+00
580 5.362e-03 -2.789e-02 -4.592e-02 0.000e+00
581 -5.709e-05 8.064e-03 1.525e-02 0.000e+00
582 -1.267e-02 1.339e-03 8.710e-03 0.000e+00
583 3.182e-03 -2.438e-02 3.162e-02 0.000e+00
584 9.806e-03 2.838e-03 9.452e-03 0.000e+00
585 1.361e-02 -1.531e-02 -1.360e-02 0.000e+00
586 -5.624e-03 -2.424e-02 2.002e-02 0.000e+00
587 4.111e-02 2.771e-02 2.767e-03 0.000e+00
588 -1.269e-02 6.859e-03 -8.026e-03 0.000e+00
589 4.578e-02 -2.132e-03 -1.332e-02 0.000e+00
590 -1.567e-02 -2.911e-02 2.540e-02 0.000e+00
591 1.763e-02 1.825e-02 1.234e-02 0.000e+00
592 1.935e-02 7.308e-03 1.293e-02 0.000e+00
593 1.104e-02 3.335e-02 3.253e-02 -1.612e+01
594 -2.001e-02 -2.686e-02 1.317e-02 0.000e+00
595 1.752e-02 -3.706e-03 1.804e-02 0.000e+00
596 3.367e-02 1.409e-02 -8.148e-03 0.000e+00
597 -1.974e-03 -2.856e-02 -4.179e-04 0.000e+00
598 3.036e-02 -2.896e-02 -5.189e-03 0.000e+00
599 2.926e-02 2.800e-02 -1.300e-02 0.000e+00
600 -7.867e-03 1.514e-02 -9.091e-03 0.000e+00
601 1.708e-02 -1.880e-02 -5.856e-03 0.000e+00
602 7.208e-03 3.842e-03 1.120e-02 0.000e+00
603 1.886e-02 3.263e-02 -1.360e-02 -2.314e+01
604 1.119e-02 -2.638e-02 3.963e-04 0.000e+00
605 2.574e-02 7.205e-03 -2.224e-02 0.000e+00
606 5.919e-03 -2.155e-02 -3.454e-03 0.000e+00
607 -2.244e-02 -2.039e-02 -1.800e-02 0.000e+00
608 -1.703e-02 -1.768e-02 -6.662e-03 0.000e+00
609 -2.533e-02 1.476e-02 -4.674e-02 0.000e+00
610 5.265e-03 4.613e-03 9.105e-03 0.000e+00
611 3.175e-04 -2.593e-02 2.051e-02 0.000e+00
612 -8.243e-03 9.558e-03 3.507e-02 0.000e+00
613 -1.362e-02 6.906e-03 -4.563e-03 0.000e+00
614 -1.339e-02 3.709e-04 -8.972e-03 0.000e+00
615 -2.045e-02 -2.809e-02 1.042e-02 0.000e+00
616 -1.316e-02 7.169e-03 -3.329e-03 0.000e+00
617 -3.850e-03 3.417e-02 -9.772e-03 -4.088e+01
618 -1.600e-02 -2.521e-02 1.931e-03 0.000e+00
619 -3.635e-02 -8.283e-04 4.856e-04 0.000e+00
620 -5.943e-03 -1.320e-03 -4.043e-03 0.000e+00
621 4.611e-03 -2.987e-02 -1.740e-02 0.000e+00
622 1.868e-02 -2.915e-02 2.634e-02 0.000e+00
623 -1.218e-02 1.167e-02 1.500e-03 0.000e+00
624 4.851e-03 -2.807e-02 5.308e-03 0.000e+00
625 -1.340e-02 -2.822e-02 -1.289e-03 0.000e+00
626 -2.285e-02 8.513e-03 -5.978e-03 0.000e+00
627 -1.066e-03 1.170e-02 -1.892e-02 0.000e+00
628 4.572e-03 1.706e-02 8.947e-03 0.000e+00
629 -2.306e-02 2.516e-03 1.797e-02 0.000e+00
630 -3.857e-04 -4.060e-03 -1.197e-03 0.000e+00
631 -2.097e-02 -2.609e-02 1.568e-02 0.000e+00
632 -1.848e-02 1.743e-02 -2.083e-02 0.000e+00
633 9.870e-03 1.997e-02 3.016e-02 0.000e+00
634 1.917e-03 -1.501e-02 1.120e-02 0.000e+00
635 7.543e-03 6.234e-03 2.049e-03 0.000e+00
636 3.963e-03 3.313e-02 7.110e-03 -9.051e+01
637 -8.110e-03 -2.425e-02 1.732e-03 0.000e+00
638 -5.995e-04 -2.387e-02 -1.620e-02 0.000e+00
639 -1.358e-02 -4.417e-03 -1.573e-02 0.000e+00
640 -3.145e-02 -2.783e-02 -2.708e-02 0.000e+00
641 -9.169e-03 -2.548e-02 4.108e-03 0.000e+00
642 -5.998e-02 2.830e-02 -1.841e-02 0.000e+00
643 -1.802e-02 3.362e-02 1.101e-02 1.011e+01
644 -3.587e-02 -2.119e-02 -2.483e-03 0.000e+00
645 4.770e-03 -2.167e-02 -3.339e-03 0.000e+00
646 -1.411e-02 -2.224e-02 7.046e-03 0.000e+00
647 1.827e-02 2.150e-02 2.855e-02 0.000e+00
648 -1.362e-02 -2.329e-02 3.305e-03 0.000e+00
649 -5.890e-04 1.529e-03 -4.248e-02 0.000e+00
650 4.057e-02 -2.790e-02 -2.657e-03 0.000e+00
651 1.902e-02 -2.325e-02 1.606e-03 0.000e+00
652 -1.971e-02 -5.340e-03 -3.156e-03 0.000e+00
653 2.152e-02 5.262e-03 -2.906e-02 0.000e+00
654 -1.893e-03 1.328e-02 -1.598e-03 0.000e+00
655 -6.672e-03 1.641e-02 9.055e-03 0.000e+00
656 1.816e-03 9.917e-03 -2.735e-03 0.000e+00
657 9.210e-04 2.240e-03 -7.280e-03 0.000e+00
658 -1.023e-02 1.423e-02 2.509e-03 0.000e+00
659 8.098e-03 3.687e-02 -5.038e-03 -1.532e+01
660 1.557e-02 1.825e-02 6.514e-03 0.000e+00
661 2.738e-02 1.339e-03 6.140e-03 0.000e+00
662 -1.819e-04 -2.571e-02 -1.883e-02 0.000e+00
663 -3.337e-04 1.051e-02 3.925e-03 0.000e+00
664 -3.122e-02 -1.446e-02 1.753e-02 0.000e+00
665 2.059e-02 1.609e-02 2.988e-03 0.000e+00
666 2.262e-02 -2.876e-03 4.513e-02 0.000e+00
667 -1.295e-02 -1.646e-02 -5.488e-03 0.000e+00
668 1.103e-02 9.428e-03 -1.774e-02 0.000e+00
669 -1.598e-02 -2.971e-02 -4.213e-02 0.000e+00
670 2.044e-02 4.932e-02 1.697e-02 2.415e+01
671 5.600e-03 7.612e-03 1.272e-02 0.000e+00
672 2.493e-02 1.288e-02 -7.442e-03 0.000e+00
673 -7.402e-03 2.630e-02 6.702e-03 0.000e+00
674 -2.691e-03 -2.941e-02 -2.302e-02 0.000e+00
675 -2.234e-02 -1.686e-02 2.755e-02 0.000e+00
676 1.129e-02 1.236e-02 -5.974e-03 0.000e+00
677 -4.719e-02 -2.785e-02 -1.366e-02 0.000e+00
678 -2.568e-02 5.038e-03 2.439e-02 0.000e+00
679 -1.057e-02 1.207e-02 1.875e-02 0.000e+00
680 3.405e-02 9.572e-03 -3.102e-04 0.000e+00
681 1.828e-02 1.246e-02 -4.090e-03 0.000e+00
682 1.491e-02 1.298e-03 -1.509e-02 0.000e+00
683 -2.670e-02 -2.949e-02 -2.936e-03 0.000e+00
684 -3.171e-02 6.380e-03 6.556e-03 0.000e+00
685 1.294e-02 2.336e-02 3.697e-03 0.000e+00
686 -3.021e-02 2.751e-02 1.452e-02 0.000e+00
687 1.252e-02 -1.572e-03 2.056e-02 0.000e+00
688 1.123e-02 -1.176e-02 -5.717e-03 0.000e+00
689 1.184e-02 -2.550e-02 -4.084e-02 0.000e+00
690 -7.672e-03 -2.798e-02 -2.592e-02 0.000e+00
691 1.380e-02 -2.326e-02 3.034e-02 0.000e+00
692 1.849e-02 -2.150e-02 2.309e-03 0.000e+00
693 -4.345e-02 1.743e-03 -1.105e-02 0.000e+00
694 1.953e-02 1.356e-02 -1.074e-03 0.000e+00
695 9.526e-03 1.846e-03 3.384e-02 0.000e+00
696 2.097e-02 -1.684e-02 9.185e-03 0.000e+00
697 -7.559e-04 2.954e-02 -2.779e-02 0.000e+00
698 -6.849e-03 1.801e-02 -3.094e-03 0.000e+00
699 1.955e-03 2.770e-02 -1.076e-02 0.000e+00
700 1.229e-02 1.155e-02 4.465e-02 0.000e+00
701 2.138e-02 9.017e-03 2.595e-02 0.000e+00
702 4.048e-02 -8.780e-03 1.353e-02 0.000e+00
703 1.893e-02 -1.429e-02 -9.305e-03 0.000e+00
704 2.871e-03 1.386e-02 6.051e-02 0.000e+00
705 -4.070e-03 3.566e-03 -4.344e-03 0.000e+00
706 -1.437e-03 -1.786e-02 -7.149e-04 0.000e+00
707 8.134e-03 3.843e-02 9.937e-03 4.349e+01
708 8.350e-03 -1.250e-03 3.008e-02 0.000e+00
709 -2.319e-03 1.406e-02 -2.139e-02 0.000e+00
710 1.962e-02 3.476e-03 -5.120e-03 0.000e+00
711 -1.907e-02 1.659e-02 -8.092e-03 0.000e+00
712 -1.423e-03 2.859e-03 4.591e-02 0.000e+00
713 -7.455e-03 5.324e-03 -4.745e-02 0.000e+00
714 6.084e-03 -1.592e-02 1.193e-02 0.000e+00
715 9.136e-03 1.744e-03 1.983e-02 0.000e+00
716 -2.128e-02 -2.787e-02 -3.578e-02 0.000e+00
717 1.673e-02 -2.822e-02 1.685e-02 0.000e+00
718 -1.445e-02 -1.903e-02 4.623e-03 0.000e+00
719 -2.599e-02 1.665e-03 -4.240e-02 0.000e+00
720 -7.391e-03 -1.458e-02 4.531e-02 0.000e+00
721 5.122e-03 2.535e-02 -2.102e-02 0.000e+00
722 3.649e-02 1.681e-02 3.320e-03 0.000e+00
723 -2.285e-02 1.892e-02 -1.838e-02 0.000e+00
724 -1.224e-02 -2.697e-02 1.969e-02 0.000e+00
725 8.983e-03 1.614e-02 -3.465e-02 0.000e+00
726 -3.768e-02 5.807e-03 -1.369e-02 0.000e+00
727 -8.247e-03 -2.849e-02 2.876e-02 0.000e+00
728 -1.282e-02 2.960e-03 2.650e-02 0.000e+00
729 7.949e-03 2.394e-02 7.668e-03 0.000e+00
730 1.155e-02 -2.529e-02 -9.610e-03 0.000e+00
731 4.259e-03 9.724e-03 5.159e-03 0.000e+00
732 -5.301e-05 -9.774e-04 -2.109e-02 0.000e+00
733 1.762e-02 -1.226e-02 -1.271e-02 0.000e+00
734 5.466e-03 -2.909e-02 2.378e-02 0.000e+00
735 -7.619e-03 1.166e-02 -8.598e-03 0.000e+00
736 -2.176e-02 -2.146e-02 1.699e-02 0.000e+00
737 2.890e-02 -8.613e-03 -1.418e-02 0.000e+00
738 -2.952e-02 2.782e-03 1.119e-02 0.000e+00
739 -7.437e-03 2.686e-02 6.665e-02 0.000e+00
740 1.640e-03 -2.806e-02 -1.857e-03 0.000e+00
741 -1.119e-02 -1.737e-02 1.403e-03 0.000e+00
742 1.310e-02 -1.847e-02 2.457e-02 0.000e+00
743 1.798e-02 2.047e-02 -1.125e-02 0.000e+00
744 2.190e-02 2.578e-03 -7.714e-03 0.000e+00
745 -1.123e-03 -1.524e-02 -5.332e-03 0.000e+00
746 1.174e-02 3.814e-02 -2.904e-02 -2.234e+01
747 2.673e-02 5.534e-03 -1.171e-02 0.000e+00
748 -2.757e-02 1.075e-02 1.103e-02 0.000e+00
749 -5.581e-03 4.392e-03 5.152e-03 0.000e+00
750 1.956e-03 -2.155e-02 -7.888e-03 0.000e+00
751 1.367e-02 7.711e-03 1.233e-02 0.000e+00
752 2.814e-02 4.565e-03 -9.068e-03 0.000e+00
753 2.456e-02 1.270e-02 -1.270e-02 0.000e+00
754 -8.881e-04 -2.342e-02 -1.501e-02 0.000e+00
755 -2.320e-02 -2.335e-02 2.273e-03 0.000e+00
756 1.902e-02 1.355e-03 -8.679e-03 0.000e+00
757 -2.428e-02 -2.810e-02 -1.141e-02 0.000e+00
758 1.211e-02 -2.895e-02 -1.410e-02 0.000e+00
759 -1.570e-02 3.640e-03 3.070e-03 0.000e+00
760 -1.862e-02 -2.706e-02 2.848e-02 0.000e+00
761 -9.475e-03 6.237e-03 1.062e-02 0.000e+00
762 -1.961e-02 4.042e-02 -2.433e-02 2.466e+01
763 4.833e-03 3.129e-03 2.449e-02 0.000e+00
764 -3.457e-02 1.180e-02 -2.080e-02 0.000e+00
765 -3.163e-02 -1.258e-03 1.087e-02 0.000e+00
766 3.318e-03 -1.768e-02 -1.300e-02 0.000e+00
767 -5.097e-02 -5.028e-03 1.484e-02 0.000e+00
768 -1.409e-02 -2.842e-02 3.850e-02 0.000e+00
769 1.241e-02 -2.782e-02 -2.873e-02 0.000e+00
770 -1.208e-02 3.874e-03 -6.257e-03 0.000e+00
771 -5.804e-03 1.098e-02 -1.852e-02 0.000e+00
772 4.710e-03 -2.664e-02 2.873e-02 0.000e+00
773 -2.428e-02 3.215e-02 -1.707e-02 1.255e+01
774 1.159e-02 1.938e-02 3.698e-02 0.000e+00
775 7.982e-03 1.391e-02 6.651e-04 0.000e+00
776 4.532e-03 -2.728e-02 -2.340e-02 0.000e+00
777 6.035e-03 2.406e-02 -1.635e-02 0.000e+00
778 -1.450e-02 -2.950e-02 -5.664e-03 0.000e+00
779 -7.856e-04 -3.568e-03 1.955e-03 0.000e+00
780 -1.431e-02 2.070e-02 -1.075e-02 0.000e+00
781 1.625e-02 2.185e-02 -7.931e-03 0.000e+00
782 -2.159e-02 1.279e-02 2.996e-03 0.000e+00
783 8.848e-03 3.689e-02 2.652e-03 6.699e+01
784 2.133e-02 2.792e-02 6.665e-03 0.000e+00
785 -1.508e-02 -2.224e-02 -2.428e-02 0.000e+00
786 4.736e-03 -2.906e-02 2.799e-02 0.000e+00
787 1.795e-02 -2.705e-02 3.107e-02 0.000e+00
788 5.769e-03 -1.033e-03 3.231e-02 0.000e+00
789 -9.141e-03 4.009e-02 4.964e-03 -7.386e+01
790 1.753e-03 5.204e-03 1.090e-02 0.000e+00
791 3.300e-02 2.029e-05 2.905e-03 0.000e+00
792 3.211e-02 1.298e-02 -8.956e-03 0.000e+00
793 2.733e-02 -1.530e-04 -2.547e-02 0.000e+00
794 2.046e-02 1.497e-02 1.219e-02 0.000e+00
795 -1.682e-02 -2.926e-02 2.047e-02 0.000e+00
796 -6.643e-03 4.425e-03 -8.322e-03 0.000e+00
797 9.913e-03 -2.553e-02 8.500e-03 0.000e+00
798 -3.448e-02 1.784e-02 1.141e-02 0.000e+00
799 3.674e-03 2.048e-02 -4.237e-02 0.000e+00
800 6.085e-03 -2.842e-02 1.462e-02 0.000e+00
801 2.114e-03 1.646e-02 -2.257e-02 0.000e+00
802 1.652e-02 2.124e-02 1.578e-02 0.000e+00
803 3.112e-02 -2.426e-02 -2.726e-02 0.000e+00
804 3.528e-02 -2.075e-02 1.356e-02 0.000e+00
805 -2.134e-02 9.646e-03 -2.293e-02 0.000e+00
806 -3.372e-02 -2.889e-02 -1.595e-02 0.000e+00
807 -2.088e-03 -2.662e-02 -8.180e-03 0.000e+00
808 8.927e-03 -1.727e-03 -1.518e-03 0.000e+00
809 8.694e-03 2.422e-02 2.252e-03 0.000e+00
810 -2.560e-03 2.565e-02 -1.199e-02 0.000e+00
811 -4.691e-02 -2.809e-02 2.652e-02 0.000e+00
812 2.389e-02 3.374e-03 -1.387e-02 0.000e+00
813 6.006e-03 9.346e-03 3.083e-02 0.000e+00
814 -1.508e-02 -4.872e-03 1.843e-02 0.000e+00
815 -1.430e-02 1.730e-02 -4.781e-03 0.000e+00
816 4.316e-02 2.274e-03 1.014e-02 0.000e+00
817 -1.006e-02 1.737e-02 9.188e-03 0.000e+00
818 2.947e-02 -2.163e-02 7.332e-03 0.000e+00
819 1.234e-02 -2.398e-02 1.171e-02 0.000e+00
820 1.538e-02 -1.381e-03 -1.307e-02 0.000e+00
821 -1.214e-02 9.500e-03 -1.962e-02 0.000e+00
822 1.351e-02 -1.917e-02 1.837e-02 0.000e+00
823 1.709e-02 -1.254e-02 7.869e-03 0.000e+00
824 2.190e-02 1.253e-03 1.563e-02 0.000e+00
825 5.317e-03 2.350e-02 1.035e-02 0.000e+00
826 -2.416e-02 -2.405e-02 3.919e-04 0.000e+00
827 -5.458e-02 -1.499e-02 7.664e-03 0.000e+00
828 2.274e-02 4.035e-03 -1.406e-02 0.000e+00
829 2.309e-02 8.768e-03 5.710e-03 0.000e+00
830 -2.193e-03 -2.768e-02 2.347e-02 0.000e+00
831 2.164e-03 1.779e-02 -1.301e-02 0.000e+00
832 -5.180e-03 1.663e-02 -3.648e-02 0.000e+00
833 -9.901e-03 2.259e-02 3.847e-03 0.000e+00
834 -3.958e-02 -7.194e-04 1.895e-02 0.000e+00
835 -1.469e-02 -2.658e-02 1.613e-03 0.000e+00
836 2.158e-02 -1.881e-02 -1.888e-02 0.000e+00
837 -7.034e-03 -2.087e-02 -1.689e-03 0.000e+00
838 -1.216e-02 7.410e-03 -1.668e-03 0.000e+00
839 -3.828e-03 2.076e-02 -5.936e-03 0.000e+00
840 -2.717e-02 -2.902e-02 -2.491e-03 0.000e+00
841 -1.026e-02 8.240e-03 -3.083e-02 0.000e+00
842 1.168e-03 -1.436e-02 -6.188e-03 0.000e+00
843 -2.766e-02 -2.407e-03 1.014e-02 0.000e+00
844 9.457e-03 1.458e-02 -1.473e-02 0.000e+00
845 -1.686e-02 -2.972e-02 -2.425e-02 0.000e+00
846 -2.546e-03 1.734e-03 5.357e-03 0.000e+00
847 -3.288e-02 -1.619e-02 1.400e-03 0.000e+00
848 -3.801e-02 1.300e-02 2.069e-02 0.000e+00
849 8.102e-04 2.495e-02 5.770e-03 0.000e+00
850 1.134e-02 9.950e-03 -1.013e-02 0.000e+00
851 4.354e-02 1.141e-02 -1.276e-02 0.000e+00
852 -2.384e-03 1.124e-02 3.157e-02 0.000e+00
853 -1.670e-02 -2.697e-02 -9.610e-03 0.000e+00
854 1.045e-02 5.202e-03 8.210e-04 0.000e+00
855 -4.928e-03 1.505e-02 -1.026e-02 0.000e+00
856 1.008e-02 -2.458e-02 1.626e-02 0.000e+00
857 -2.073e-02 7.048e-03 1.497e-02 0.000e+00
858 1.447e-02 1.372e-03 -1.531e-03 0.000e+00
859 5.905e-03 1.183e-02 2.586e-04 0.000e+00
860 1.147e-02 1.641e-02 2.281e-02 0.000e+00
861 2.749e-02 2.246e-02 3.456e-02 0.000e+00
862 -1.227e-02 4.448e-03 -1.895e-02 0.000e+00
863 9.365e-03 -2.489e-02 -1.401e-02 0.000e+00
864 4.324e-02 2.782e-02 -1.380e-02 0.000e+00
865 1.061e-02 -2.365e-03 -1.034e-02 0.000e+00
866 -9.351e-03 -2.376e-02 2.867e-03 0.000e+00
867 5.699e-03 2.431e-02 1.070e-02 0.000e+00
868 -3.992e-02 -1.480e-02 -1.108e-02 0.000e+00
869 2.593e-02 -2.952e-02 1.125e-02 0.000e+00
870 -1.071e-02 4.673e-04 -2.406e-03 0.000e+00
871 1.558e-02 -4.937e-03 1.523e-02 0.000e+00
872 -1.527e-02 -2.490e-02 -2.777e-02 0.000e+00
873 2.493e-02 -2.957e-02 2.371e-02 0.000e+00
874 -4.526e-03 -2.417e-02 -2.826e-02 0.000e+00
875 9.988e-03 2.851e-02 -8.543e-03 0.000e+00
876 1.401e-02 -2.642e-02 -7.364e-03 0.000e+00
877 3.291e-02 -1.869e-02 3.035e-02 0.000e+00
878 -1.628e-02 -2.911e-02 -1.459e-02 0.000e+00
879 3.559e-03 4.357e-03 3.674e-02 0.000e+00
880 1.901e-03 -2.088e-02 -1.376e-02 0.000e+00
881 1.825e-02 -1.669e-03 8.801e-03 0.000e+00
882 -2.088e-02 -2.942e-02 1.776e-02 0.000e+00
883 6.172e-03 1.887e-02 -1.134e-02 0.000e+00
884 -4.642e-02 -2.486e-02 -8.260e-03 0.000e+00
885 2.783e-02 1.065e-02 -1.763e-02 0.000e+00
886 -5.926e-04 2.463e-02 6.087e-03 0.000e+00
887 2.109e-02 2.444e-02 -1.826e-02 0.000e+00
888 4.085e-04 1.124e-02 -9.142e-03 0.000e+00
889 -2.196e-02 -2.935e-02 4.800e-03 0.000e+00
890 -3.415e-03 -2.456e-02 1.887e-02 0.000e+00
891 -1.851e-02 -2.931e-02 1.492e-02 0.000e+00
892 -3.824e-02 -1.944e-02 -1.824e-02 0.000e+00
893 -3.684e-02 9.455e-03 5.216e-03 0.000e+00
894 1.396e-02 1.793e-02 5.879e-03 0.000e+00
895 1.442e-02 5.462e-03 1.104e-02 0.000e+00
896 1.686e-02 6.662e-03 -1.586e-03 0.000e+00
897 3.000e-03 2.119e-02 -1.769e-03 0.000e+00
898 5.770e-03 -2.244e-02 7.758e-03 0.000e+00
899 -1.044e-02 1.306e-02 1.066e-02 0.000e+00
900 -3.209e-02 -2.154e-02 -2.531e-02 0.000e+00
901 3.051e-02 -2.654e-02 -1.711e-02 0.000e+00
902 3.052e-02 -2.586e-02 6.550e-03 0.000e+00
903 -3.863e-03 1.748e-03 -7.452e-03 0.000e+00
904 -1.212e-02 -2.791e-02 2.937e-04 0.000e+00
905 3.681e-03 -2.807e-02 -2.266e-02 0.000e+00
906 -1.898e-02 -2.575e-02 7.273e-03 0.000e+00
907 -2.535e-02 1.025e-02 -7.859e-03 0.000e+00
908 1.798e-02 1.826e-02 -1.475e-02 0.000e+00
909 1.478e-02 -2.717e-02 -6.096e-04 0.000e+00
910 4.491e-03 -3.377e-03 1.180e-02 0.000e+00
911 -1.883e-03 5.831e-03 1.192e-02 0.000e+00
912 1.327e-02 -8.268e-03 -2.112e-02 0.000e+00
913 -8.608e-03 -2.877e-02 4.446e-03 0.000e+00
914 1.420e-02 1.870e-02 5.161e-03 0.000e+00
915 -1.907e-02 4.495e-02 3.095e-02 -1.276e+00
916 -1.551e-03 1.818e-02 3.562e-03 0.000e+00
917 -2.983e-02 1.696e-03 -5.150e-03 0.000e+00
918 -1.829e-03 -2.801e-02 -1.761e-02 0.000e+00
919 1.612e-04 1.485e-02 2.318e-02 0.000e+00
920 -1.347e-02 -1.715e-02 -2.574e-02 0.000e+00
921 -1.358e-02 -2.150e-02 -1.549e-04 0.000e+00
922 1.514e-02 -4.343e-04 3.862e-02 0.000e+00
923 3.724e-03 -2.661e-02 9.344e-03 0.000e+00
924 1.504e-02 -2.062e-02 -5.561e-03 0.000e+00
925 1.940e-02 -2.250e-02 1.190e-02 0.000e+00
926 -2.189e-02 -3.073e-03 -1.350e-03 0.000e+00
927 -1.063e-03 2.879e-02 -5.837e-02 0.000e+00
928 3.015e-02 -2.460e-02 2.272e-02 0.000e+00
929 -2.049e-02 2.917e-02 -2.276e-02 0.000e+00
930 1.456e-02 -2.291e-02 2.606e-02 0.000e+00
931 -9.783e-03 7.214e-03 1.308e-02 0.000e+00
932 -5.582e-03 2.615e-02 -2.509e-03 0.000e+00
933 6.240e-03 2.534e-02 -1.305e-02 0.000e+00
934 1.050e-02 -2.795e-02 -2.081e-02 0.000e+00
935 -1.024e-02 2.862e-02 -6.002e-03 0.000e+00
936 1.532e-02 1.080e-02 9.665e-03 0.000e+00
937 1.010e-02 1.385e-02 -1.391e-02 0.000e+00
938 2.350e-02 1.218e-02 1.410e-02 0.000e+00
939 1.276e-02 8.795e-03 -9.101e-03 0.000e+00
940 1.249e-02 -2.646e-02 -1.639e-02 0.000e+00
941 -5.270e-03 -2.711e-02 2.313e-02 0.000e+00
942 2.541e-03 -2.441e-02 3.292e-03 0.000e+00
943 -1.495e-02 2.634e-02 7.635e-03 0.000e+00
944 -3.065e-02 -2.814e-02 3.842e-02 0.000e+00
945 6.719e-03 6.591e-03 -1.116e-02 0.000e+00
946 -2.243e-02 -2.612e-02 6.941e-04 0.000e+00
947 3.624e-03 1.843e-03 -3.862e-02 0.000e+00
948 -1.081e-03 -2.901e-02 5.244e-03 0.000e+00
949 8.335e-03 2.110e-02 5.387e-03 0.000e+00
950 3.511e-03 -2.780e-02 -2.319e-02 0.000e+00
951 8.283e-04 7.874e-03 -3.190e-02 0.000e+00
952 -4.267e-03 1.759e-02 -3.310e-02 0.000e+00
953 4.325e-03 -2.996e-02 1.658e-02 0.000e+00
954 -1.215e-02 -2.312e-02 -4.499e-03 0.000e+00
955 -5.096e-03 -2.194e-02 9.090e-03 0.000e+00
956 1.823e-02 -2.871e-02 1.003e-02 0.000e+00
957 1.938e-02 1.391e-02 -5.593e-04 0.000e+00
958 -1.225e-02 6.132e-03 2.892e-02 0.000e+00
959 1.693e-02 2.116e-02 -9.972e-03 0.000e+00
960 -9.501e-03 -2.480e-02 -4.941e-04 0.000e+00
961 -3.261e-02 -5.541e-05 -1.820e-02 0.000e+00
962 -6.858e-04 2.306e-02 1.728e-02 0.000e+00
963 -3.409e-03 -1.863e-04 1.996e-02 0.000e+00
964 1.492e-02 6.743e-03 -1.168e-02 0.000e+00
965 -2.869e-02 -5.065e-03 3.856e-03 0.000e+00
966 8.205e-04 -8.097e-03 4.802e-03 0.000e+00
967 -9.702e-03 8.655e-03 -2.811e-03 0.000e+00
968 -3.297e-03 -2.509e-02 -2.717e-03 0.000e+00
969 1.927e-02 -2.526e-02 -1.194e-02 0.000e+00
970 -1.541e-03 -1.466e-02 1.271e-02 0.000e+00
971 1.588e-05 7.649e-03 7.455e-03 0.000e+00
972 3.353e-02 -4.018e-03 6.263e-03 0.000e+00
973 4.801e-03 -2.709e-02 1.701e-02 0.000e+00
974 4.317e-03 -3.497e-03 -2.052e-02 0.000e+00
975 3.375e-03 2.601e-02 -2.131e-02 0.000e+00
976 -8.903e-03 -2.289e-02 1.075e-02 0.000e+00
977 -2.495e-02 -2.781e-02 -1.730e-02 0.000e+00
978 -3.253e-02 1.938e-02 -3.110e-02 0.000e+00
979 -1.817e-02 1.045e-02 8.069e-03 0.000e+00
980 1.434e-03 -1.771e-02 1.155e-04 0.000e+00
981 -1.185e-02 1.762e-02 1.720e-02 0.000e+00
982 3.137e-02 1.116e-02 1.613e-02 0.000e+00
983 2.239e-02 -2.305e-03 1.305e-02 0.000e+00
984 -2.655e-03 1.231e-02 1.114e-02 0.000e+00
985 1.556e-02 -1.471e-02 -6.075e-03 0.000e+00
986 -3.858e-03 3.499e-02 2.287e-02 7.325e+00
987 2.281e-02 -2.681e-02 -7.700e-03 0.000e+00
988 -1.608e-02 -2.453e-03 3.196e-02 0.000e+00
989 1.866e-02 1.194e-02 -2.002e-02 0.000e+00
990 -5.755e-03 1.448e-02 -1.236e-02 0.000e+00
991 -3.064e-02 1.021e-02 -1.448e-03 0.000e+00
992 -8.355e-03 1.031e-02 -2.483e-03 0.000e+00
993 -1.636e-02 9.474e-03 6.126e-03 0.000e+00
994 9.207e-03 2.080e-02 -5.584e-03 0.000e+00
995 1.180e-02 -2.949e-02 3.298e-02 0.000e+00
996 1.902e-02 1.442e-02 -8.857e-03 0.000e+00
997 1.069e-02 3.338e-02 -2.574e-02 7.041e+01
998 -1.021e-02 -2.560e-02 1.309e-02 0.000e+00
999 4.025e-02 1.402e-03 1.637e-02 0.000e+00
1000 1.123e-02 4.041e-03 -1.950e-02 0.000e+00
1001 -1.116e-02 1.178e-02 -2.652e-02 0.000e+00
1002 1.276e-02 1.759e-02 -1.741e-02 0.000e+00
1003 -7.519e-03 -1.867e-04 9.102e-03 0.000e+00
1004 -2.947e-02 1.115e-02 -1.323e-02 0.000e+00
1005 -9.456e-03 -1.705e-02 -4.124e-03 0.000e+00
1006 -1.400e-03 7.633e-03 1.844e-02 0.000e+00
1007 5.909e-03 -2.726e-02 2.463e-03 0.000e+00
1008 -1.507e-03 -6.519e-03 -4.570e-03 0.000e+00
1009 -5.194e-02 2.227e-03 -3.304e-03 0.000e+00
1010 8.083e-05 1.912e-03 -2.130e-03 0.000e+00
1011 1.397e-02 3.021e-02 8.303e-04 -3.878e+01
1012 -9.664e-03 2.616e-02 -2.603e-03 0.000e+00
1013 2.464e-03 1.691e-02 2.341e-02 0.000e+00
1014 3.452e-02 -1.931e-02 1.933e-02 0.000e+00
1015 -1.280e-02 1.288e-02 5.463e-03 0.000e+00
1016 -1.228e-02 -2.312e-02 6.225e-03 0.000e+00
1017 -7.238e-04 2.042e-02 -4.130e-02 0.000e+00
1018 1.154e-02 1.277e-02 4.622e-02 0.000e+00
1019 4.785e-04 -2.628e-02 -2.937e-02 0.000e+00
1020 1.959e-02 -2.399e-02 3.117e-03 0.000e+00
1021 2.471e-02 1.994e-02 -2.931e-03 0.000e+00
1022 -1.447e-02 -1.372e-02 -1.655e-02 0.000e+00
1023 -2.017e-02 3.452e-03 1.464e-02 0.000e+00
