Bin I L V PA
0 -6.044e-02 -7.338e-02 -8.393e-02 0.000e+00
1 -7.569e-02 -1.609e-02 4.147e-02 0.000e+00
2 5.003e-02 -8.120e-02 7.004e-02 0.000e+00
3 -3.895e-02 -6.226e-02 2.778e-02 0.000e+00
4 7.613e-02 -7.947e-02 1.131e-02 0.000e+00
5 3.505e-02 -7.984e-02 -8.402e-02 0.000e+00
6 1.485e-02 5.396e-02 6.614e-02 0.000e+00
7 3.216e-02 -6.219e-02 4.020e-02 0.000e+00
8 8.948e-02 6.128e-02 -2.004e-02 0.000e+00
9 -2.522e-02 -7.802e-02 -6.278e-02 0.000e+00
10 -1.984e-02 -7.716e-02 -2.932e-02 0.000e+00
11 6.533e-02 2.606e-02 8.100e-02 0.000e+00
12 -1.435e-01 -2.339e-02 -4.287e-02 0.000e+00
13 -6.794e-02 -5.864e-02 9.620e-03 0.000e+00
14 4.060e-02 6.676e-02 6.472e-02 0.000e+00
15 3.322e-02 -8.098e-02 -4.203e-03 0.000e+00
16 8.643e-02 6.757e-02 8.952e-03 0.000e+00
17 2.104e-02 1.567e-01 -7.614e-02 2.621e+01
18 3.944e-02 4.113e-02 -9.603e-02 0.000e+00
19 -3.116e-02 3.624e-02 -1.731e-02 0.000e+00
20 -8.921e-02 -7.378e-02 5.291e-02 0.000e+00
21 -8.445e-02 -7.038e-02 -6.708e-03 0.000e+00
22 2.737e-02 -3.397e-02 -1.000e-01 0.000e+00
23 -2.420e-02 -5.706e-02 -1.179e-02 0.000e+00
24 -4.210e-04 7.159e-02 1.305e-02 0.000e+00
25 5.200e-02 1.181e-02 1.120e-01 0.000e+00
26 -5.049e-02 -6.083e-02 3.381e-02 0.000e+00
27 4.756e-03 2.501e-02 -4.440e-02 0.000e+00
28 7.652e-02 1.290e-02 -5.331e-02 0.000e+00
29 3.909e-02 -8.176e-02 -1.397e-02 0.000e+00
30 1.833e-03 6.857e-02 1.176e-01 0.000e+00
31 -5.597e-02 9.562e-03 -3.422e-02 0.000e+00
32 -6.222e-02 6.391e-03 -6.789e-02 0.000e+00
33 2.727e-02 6.211e-02 6.474e-02 0.000e+00
34 -6.333e-02 1.485e-02 5.541e-02 0.000e+00
35 -1.073e-01 -6.333e-02 -2.616e-02 0.000e+00
36 6.145e-03 -6.086e-02 2.309e-02 0.000e+00
37 -6.536e-02 -8.173e-02 5.751e-02 0.000e+00
38 6.772e-02 -4.559e-02 1.603e-02 0.000e+00
39 -1.578e-02 1.003e-01 -2.989e-02 -5.123e+01
40 5.526e-02 2.088e-02 5.328e-02 0.000e+00
41 -5.370e-02 -7.828e-02 6.571e-03 0.000e+00
42 -4.403e-02 -3.715e-06 -4.884e-02 0.000e+00
43 -6.463e-02 1.242e-02 8.987e-02 0.000e+00
44 2.485e-02 -1.517e-02 -7.982e-03 0.000e+00
45 5.651e-02 6.264e-02 8.923e-02 0.000e+00
46 4.106e-02 -7.291e-02 -1.766e-01 0.000e+00
47 1.087e-02 -8.032e-02 9.935e-02 0.000e+00
48 8.843e-02 -7.882e-02 1.015e-02 0.000e+00
49 1.375e-01 8.974e-02 -1.066e-01 2.778e+01
50 -5.014e-02 -8.058e-02 -1.056e-01 0.000e+00
51 9.036e-04 2.869e-02 2.314e-02 0.000e+00
52 1.595e-02 -3.588e-02 -2.703e-02 0.000e+00
53 -4.587e-02 -7.988e-02 -3.987e-02 0.000e+00
54 4.366e-02 2.208e-02 -1.020e-01 0.000e+00
55 4.083e-02 8.339e-02 -1.662e-03 0.000e+00
56 1.392e-02 3.221e-02 -3.219e-02 0.000e+00
57 -1.230e-01 4.486e-02 -4.862e-02 0.000e+00
58 1.276e-02 -2.074e-02 -2.104e-02 0.000e+00
59 -5.211e-02 -4.996e-02 6.267e-02 0.000e+00
60 -3.837e-02 9.596e-02 3.782e-03 -3.709e+00
61 4.800e-02 -7.742e-02 -3.710e-02 0.000e+00
62 -1.767e-02 -4.093e-02 2.508e-02 0.000e+00
63 2.111e-02 1.269e-01 6.519e-02 -1.105e+01
64 9.413e-02 -4.679e-02 -7.804e-02 0.000e+00
65 4.603e-02 -7.718e-02 -1.298e-02 0.000e+00
66 2.715e-02 -5.270e-03 4.546e-02 0.000e+00
67 -1.519e-02 -5.878e-02 2.353e-02 0.000e+00
68 1.600e-02 -5.226e-06 7.552e-03 0.000e+00
69 3.222e-02 -6.559e-02 -2.992e-02 0.000e+00
70 -8.090e-02 -6.765e-02 -3.074e-02 0.000e+00
71 -5.790e-02 5.273e-02 3.092e-02 0.000e+00
72 -1.926e-03 -5.944e-02 2.474e-02 0.000e+00
73 -3.843e-02 -7.034e-02 -2.292e-02 0.000e+00
74 6.221e-02 -5.183e-02 4.979e-02 0.000e+00
75 -5.740e-02 -5.418e-02 7.473e-02 0.000e+00
76 3.553e-02 -7.324e-02 2.033e-02 0.000e+00
77 -7.111e-02 1.583e-02 9.408e-02 0.000e+00
78 6.961e-02 8.749e-03 -1.039e-01 0.000e+00
79 -1.610e-02 2.716e-02 -6.940e-02 0.000e+00
80 1.129e-02 8.031e-02 1.636e-01 0.000e+00
81 2.056e-02 -6.708e-02 6.204e-03 0.000e+00
82 -1.566e-03 -5.610e-03 -4.481e-02 0.000e+00
83 -2.918e-03 -9.670e-03 -5.959e-02 0.000e+00
84 -7.190e-02 2.332e-02 -2.006e-02 0.000e+00
85 -5.572e-03 3.007e-02 -9.478e-02 0.000e+00
86 -1.048e-02 3.280e-02 6.515e-02 0.000e+00
87 -8.057e-02 -5.691e-02 1.163e-01 0.000e+00
88 3.906e-02 -6.013e-02 -3.816e-02 0.000e+00
89 -2.368e-02 4.901e-02 7.648e-02 0.000e+00
90 2.011e-03 -5.724e-02 -3.837e-02 0.000e+00
91 -3.996e-02 -8.095e-02 -9.046e-03 0.000e+00
92 4.065e-03 -3.158e-03 -4.133e-02 0.000e+00
93 1.035e-02 -8.156e-02 3.244e-02 0.000e+00
94 -1.714e-02 -5.571e-02 -7.357e-03 0.000e+00
95 -8.899e-02 -5.860e-02 4.894e-02 0.000e+00
96 -7.218e-02 -6.366e-02 1.670e-02 0.000e+00
97 -7.252e-03 -5.861e-02 -6.368e-03 0.000e+00
98 8.782e-02 7.828e-02 4.730e-02 0.000e+00
99 9.041e-02 1.587e-02 5.305e-02 0.000e+00
100 1.712e-02 5.804e-02 1.376e-02 0.000e+00
101 -4.659e-02 -4.680e-02 1.399e-02 0.000e+00
102 1.288e-01 -7.607e-02 -5.234e-02 0.000e+00
103 -4.926e-02 -4.591e-02 -5.918e-02 0.000e+00
104 4.207e-02 -7.317e-02 9.010e-03 0.000e+00
105 4.784e-02 -7.913e-02 7.258e-02 0.000e+00
106 7.271e-02 3.363e-02 -9.646e-03 0.000e+00
107 -9.342e-02 -1.762e-02 4.313e-02 0.000e+00
108 -4.425e-02 -4.346e-02 -3.920e-02 0.000e+00
109 1.046e-02 -3.841e-02 8.197e-03 0.000e+00
110 -2.010e-02 5.681e-02 -2.655e-02 0.000e+00
111 5.256e-02 3.004e-02 -6.697e-02 0.000e+00
112 -4.794e-02 5.403e-02 1.012e-01 0.000e+00
113 -1.113e-02 -7.853e-02 1.861e-02 0.000e+00
114 2.044e-02 6.156e-02 6.454e-03 0.000e+00
115 6.953e-02 -6.006e-02 -1.064e-01 0.000e+00
116 6.642e-02 -7.584e-03 3.035e-02 0.000e+00
117 3.236e-02 6.470e-02 5.530e-02 0.000e+00
118 -3.415e-02 -7.817e-03 -1.802e-02 0.000e+00
119 -5.471e-02 -7.778e-02 2.101e-02 0.000e+00
120 4.319e-02 5.058e-02 -6.510e-02 0.000e+00
121 6.106e-03 -4.842e-02 7.599e-02 0.000e+00
122 -7.077e-02 2.932e-02 -2.905e-02 0.000e+00
123 -5.420e-02 -3.646e-02 -2.964e-02 0.000e+00
124 4.225e-02 7.104e-02 -2.157e-03 0.000e+00
125 1.492e-02 4.479e-02 -1.023e-01 0.000e+00
126 7.198e-02 -4.859e-02 8.134e-03 0.000e+00
127 -8.112e-02 -7.585e-02 -2.876e-02 0.000e+00
128 5.519e-02 -7.660e-02 1.578e-02 0.000e+00
129 8.532e-02 -8.042e-02 -7.924e-03 0.000e+00
130 2.370e-03 -6.905e-02 -6.337e-02 0.000e+00
131 5.939e-04 -1.964e-02 1.057e-01 0.000e+00
132 -1.373e-01 -4.525e-02 2.284e-02 0.000e+00
133 -1.834e-02 -4.919e-02 -2.731e-02 0.000e+00
134 1.345e-01 4.224e-02 4.453e-02 0.000e+00
135 -5.098e-02 9.877e-02 1.494e-02 5.390e+01
136 -4.580e-02 -6.568e-02 2.690e-02 0.000e+00
137 -3.128e-02 -7.903e-02 -9.083e-02 0.000e+00
138 5.339e-02 1.006e-01 -3.542e-03 6.182e+01
139 2.497e-02 5.831e-02 5.841e-02 0.000e+00
140 -9.597e-02 3.513e-02 -3.385e-03 0.000e+00
141 -6.856e-02 -3.780e-02 5.358e-02 0.000e+00
142 3.873e-02 -3.836e-02 -1.632e-03 0.000e+00
143 -3.148e-02 -6.568e-02 -3.839e-02 0.000e+00
144 -7.132e-02 2.455e-02 -8.950e-02 0.000e+00
145 -4.310e-02 -6.875e-02 1.723e-02 0.000e+00
146 9.664e-03 -5.663e-02 5.643e-02 0.000e+00
147 -7.493e-02 -6.343e-02 6.924e-02 0.000e+00
148 -5.525e-02 -4.465e-03 -4.352e-02 0.000e+00
149 4.965e-02 -6.006e-02 4.402e-03 0.000e+00
150 -1.225e-01 7.243e-02 1.323e-03 0.000e+00
151 -4.306e-02 9.213e-02 -6.783e-02 -2.682e+01
152 -8.050e-03 1.677e-02 3.826e-02 0.000e+00
153 -1.102e-02 6.504e-02 8.085e-02 0.000e+00
154 1.234e-02 -7.277e-02 -6.283e-02 0.000e+00
155 -1.744e-02 3.676e-02 -5.865e-02 0.000e+00
156 6.711e-02 2.336e-02 6.467e-02 0.000e+00
157 3.904e-02 -1.937e-02 -2.381e-02 0.000e+00
158 -4.704e-03 9.015e-03 -2.279e-02 0.000e+00
159 6.736e-02 6.220e-02 6.069e-02 0.000e+00
160 5.388e-02 2.489e-02 3.657e-02 0.000e+00
161 -1.852e-02 -2.415e-03 4.161e-03 0.000e+00
162 -4.425e-02 1.225e-02 -7.642e-03 0.000e+00
163 2.818e-02 -6.521e-02 2.073e-03 0.000e+00
164 2.426e-02 8.254e-02 -2.912e-03 0.000e+00
165 3.739e-02 -7.756e-02 5.116e-02 0.000e+00
166 2.424e-02 2.643e-02 6.270e-03 0.000e+00
167 2.232e-02 4.916e-02 -1.643e-02 0.000e+00
168 8.502e-03 -6.695e-02 -4.760e-02 0.000e+00
169 1.933e-02 3.723e-02 -5.338e-02 0.000e+00
170 -6.861e-03 -7.787e-02 1.131e-02 0.000e+00
171 -3.158e-02 1.576e-02 2.008e-02 0.000e+00
172 -1.129e-02 4.551e-02 -2.756e-02 0.000e+00
173 8.269e-02 -8.180e-02 7.829e-02 0.000e+00
174 -3.387e-02 4.563e-02 -6.145e-03 0.000e+00
175 5.180e-02 6.005e-02 -8.333e-02 0.000e+00
176 -7.946e-03 6.605e-02 1.016e-01 0.000e+00
177 -7.347e-02 7.776e-02 8.409e-03 0.000e+00
178 4.751e-03 7.876e-02 4.232e-02 0.000e+00
179 -2.803e-02 8.278e-02 -4.602e-02 0.000e+00
180 -4.057e-03 4.320e-02 -7.310e-03 0.000e+00
181 3.256e-02 -4.709e-02 -7.713e-02 0.000e+00
182 7.250e-02 8.386e-02 9.985e-02 0.000e+00
183 1.479e-02 -8.083e-02 -5.284e-03 0.000e+00
184 -7.118e-02 -4.631e-03 4.868e-02 0.000e+00
185 -7.433e-02 2.455e-02 -3.728e-03 0.000e+00
186 2.982e-02 -7.839e-02 2.822e-02 0.000e+00
187 2.390e-02 -8.106e-02 4.995e-03 0.000e+00
188 -2.278e-02 -1.549e-02 -5.107e-02 0.000e+00
189 7.083e-03 -6.174e-02 -6.142e-02 0.000e+00
190 4.724e-02 -7.270e-02 1.714e-02 0.000e+00
191 -7.724e-03 1.357e-02 -3.515e-02 0.000e+00
192 -5.054e-02 6.131e-02 -2.945e-02 0.000e+00
193 4.750e-02 8.186e-03 -2.429e-02 0.000e+00
194 1.705e-02 5.774e-02 -1.523e-02 0.000e+00
195 3.979e-02 4.882e-02 -2.568e-02 0.000e+00
196 -4.543e-02 4.589e-02 -4.796e-02 0.000e+00
197 8.306e-02 -5.420e-02 -3.730e-02 0.000e+00
198 2.896e-02 2.048e-02 -2.169e-03 0.000e+00
199 -5.500e-02 -7.873e-02 5.715e-02 0.000e+00
200 3.558e-03 -4.170e-02 -5.898e-02 0.000e+00
201 -3.741e-02 1.042e-01 -1.882e-02 7.412e+01
202 1.140e-01 3.528e-02 -5.740e-02 0.000e+00
203 3.342e-03 -5.797e-02 4.671e-02 0.000e+00
204 -4.298e-02 8.465e-02 2.049e-02 5.556e+01
205 2.235e-02 -7.308e-02 -2.210e-03 0.000e+00
206 7.601e-02 2.656e-02 3.353e-02 0.000e+00
207 2.712e-02 5.094e-02 -7.959e-02 0.000e+00
208 5.671e-03 1.386e-01 4.692e-02 9.925e+00
209 4.936e-02 9.907e-02 2.358e-02 -2.819e+01
210 -2.827e-02 -6.111e-02 8.192e-02 0.000e+00
211 4.536e-02 -7.866e-02 1.082e-01 0.000e+00
212 4.295e-02 2.834e-02 -1.479e-02 0.000e+00
213 -1.008e-01 -6.507e-02 6.234e-02 0.000e+00
214 -8.413e-02 -3.168e-03 -5.503e-02 0.000e+00
215 7.899e-03 -5.121e-02 -1.126e-02 0.000e+00
216 8.916e-02 -7.970e-03 2.214e-02 0.000e+00
217 8.308e-02 4.191e-03 2.154e-02 0.000e+00
218 -7.046e-02 -7.086e-02 -3.403e-02 0.000e+00
219 -2.221e-02 -6.619e-02 -1.166e-01 0.000e+00
220 -6.783e-02 1.043e-02 1.343e-02 0.000e+00
221 -1.173e-01 -1.137e-02 -3.282e-02 0.000e+00
222 2.592e-02 2.525e-02 -3.949e-02 0.000e+00
223 -8.036e-02 3.528e-02 -8.101e-04 0.000e+00
224 2.601e-02 -1.063e-02 -2.701e-02 0.000e+00
225 7.997e-03 -7.892e-02 -7.301e-02 0.000e+00
226 3.076e-02 -7.954e-02 -2.506e-02 0.000e+00
227 8.149e-02 -1.159e-02 1.128e-02 0.000e+00
228 -1.182e-01 -6.318e-02 9.145e-02 0.000e+00
229 2.732e-02 7.711e-02 -7.139e-02 0.000e+00
230 1.534e-01 2.318e-03 1.038e-02 0.000e+00
231 -4.527e-02 -9.547e-03 -1.216e-02 0.000e+00
232 3.818e-02 -5.045e-02 3.696e-02 0.000e+00
233 -1.024e-02 7.846e-02 1.182e-01 0.000e+00
234 6.986e-02 6.736e-02 -2.595e-02 0.000e+00
235 -4.022e-02 -7.821e-02 -2.402e-02 0.000e+00
236 5.921e-02 1.736e-02 9.334e-02 0.000e+00
237 2.510e-02 7.729e-02 -3.091e-02 0.000e+00
238 -7.022e-02 -6.978e-02 -9.730e-03 0.000e+00
239 -1.075e-01 7.928e-02 -1.289e-02 0.000e+00
240 2.048e-02 3.321e-02 8.847e-02 0.000e+00
241 1.650e-02 2.013e-02 3.438e-02 0.000e+00
242 -4.435e-02 -6.387e-02 5.194e-02 0.000e+00
243 -3.954e-02 -5.420e-02 2.575e-02 0.000e+00
244 -1.159e-01 -7.447e-02 -7.893e-04 0.000e+00
245 -7.398e-02 2.740e-03 1.064e-02 0.000e+00
246 -9.951e-03 3.946e-02 -3.619e-03 0.000e+00
247 -1.228e-01 6.125e-02 4.218e-02 0.000e+00
248 -5.578e-02 -5.946e-02 5.695e-02 0.000e+00
249 -1.333e-01 -7.883e-02 -1.457e-02 0.000e+00
250 7.228e-02 3.987e-02 -9.047e-03 0.000e+00
251 -1.252e-02 -5.915e-02 -9.412e-03 0.000e+00
252 -5.613e-03 -5.649e-02 4.221e-02 0.000e+00
253 -1.723e-02 -5.348e-02 6.600e-02 0.000e+00
254 2.643e-03 -7.510e-02 5.321e-02 0.000e+00
255 2.891e-02 -7.879e-02 7.539e-03 0.000e+00
256 -4.652e-02 4.901e-02 -4.235e-02 0.000e+00
257 6.341e-02 -4.395e-02 1.601e-03 0.000e+00
258 -1.651e-02 -1.204e-02 5.351e-02 0.000e+00
259 6.069e-02 -1.743e-02 -9.353e-03 0.000e+00
260 -3.556e-02 -5.664e-02 -2.681e-02 0.000e+00
261 -1.905e-04 -4.108e-03 5.913e-02 0.000e+00
262 -4.881e-02 -4.263e-03 -7.019e-02 0.000e+00
263 7.506e-02 -7.010e-02 -1.997e-02 0.000e+00
264 5.716e-02 9.728e-02 -2.175e-02 -4.015e+00
265 -4.454e-02 8.784e-03 4.046e-02 0.000e+00
266 -2.573e-02 3.318e-02 -5.476e-02 0.000e+00
267 1.236e-02 2.871e-02 5.344e-02 0.000e+00
268 -3.978e-02 5.788e-03 9.957e-02 0.000e+00
269 -4.193e-02 4.897e-02 -2.835e-02 0.000e+00
270 4.896e-02 3.027e-02 2.155e-02 0.000e+00
271 5.166e-02 -7.590e-02 -4.981e-02 0.000e+00
272 -8.670e-02 2.169e-02 -7.832e-02 0.000e+00
273 4.755e-02 -7.716e-02 -9.544e-02 0.000e+00
274 -3.926e-02 1.884e-02 1.904e-02 0.000e+00
275 2.952e-02 -4.399e-02 1.023e-02 0.000e+00
276 -2.366e-02 5.533e-02 -4.194e-03 0.000e+00
277 -1.373e-02 -5.058e-02 1.596e-02 0.000e+00
278 3.105e-02 -7.876e-02 -7.662e-02 0.000e+00
279 5.310e-02 4.663e-02 -4.336e-03 0.000e+00
280 4.350e-02 -6.375e-02 -1.283e-01 0.000e+00
281 -4.788e-02 -1.844e-02 1.041e-02 0.000e+00
282 4.174e-02 -5.063e-02 -3.701e-02 0.000e+00
283 -7.107e-02 -7.434e-02 1.184e-02 0.000e+00
284 3.194e-02 1.346e-02 3.201e-02 0.000e+00
285 4.268e-02 3.988e-02 -5.546e-02 0.000e+00
286 -3.765e-02 3.180e-02 -8.209e-03 0.000e+00
287 -1.441e-02 2.362e-02 2.831e-02 0.000e+00
288 -3.207e-02 -5.222e-03 -9.785e-02 0.000e+00
289 -8.108e-02 9.449e-02 6.660e-02 -6.024e+01
290 4.550e-02 -7.096e-02 -5.068e-02 0.000e+00
291 1.503e-02 7.690e-02 -7.643e-02 0.000e+00
292 -1.247e-02 5.385e-02 -5.558e-02 0.000e+00
293 -2.512e-02 8.834e-02 5.311e-02 2.497e+01
294 -2.215e-02 -3.933e-02 2.955e-02 0.000e+00
295 6.195e-02 3.638e-02 -1.069e-01 0.000e+00
296 3.946e-02 6.465e-02 -7.017e-02 0.000e+00
297 7.035e-02 -5.811e-02 -1.328e-02 0.000e+00
298 5.400e-02 5.293e-02 -4.171e-03 0.000e+00
299 -6.630e-04 1.589e-02 6.430e-02 0.000e+00
300 3.096e-02 3.740e-02 -3.471e-03 0.000e+00
301 1.164e-01 -1.129e-02 5.434e-02 0.000e+00
302 -1.583e-02 8.117e-03 4.775e-02 0.000e+00
303 -1.447e-01 -7.342e-02 -1.550e-02 0.000e+00
304 1.007e-02 5.323e-02 1.220e-02 0.000e+00
305 8.208e-02 -5.984e-02 5.406e-02 0.000e+00
306 1.558e-01 7.331e-02 2.383e-02 0.000e+00
307 7.313e-02 3.164e-02 2.170e-02 0.000e+00
308 -3.711e-02 5.094e-02 -2.072e-02 0.000e+00
309 7.674e-02 3.381e-02 5.201e-02 0.000e+00
310 -2.359e-02 -4.934e-02 -5.479e-03 0.000e+00
311 -4.587e-02 -5.619e-02 -4.804e-02 0.000e+00
312 2.373e-02 -4.436e-02 4.527e-02 0.000e+00
313 1.084e-02 -8.110e-02 -2.590e-02 0.000e+00
314 6.031e-02 -7.543e-02 -1.111e-02 0.000e+00
315 1.285e-02 1.148e-01 -4.329e-02 4.716e+01
316 2.852e-02 2.836e-02 2.544e-02 0.000e+00
317 -5.340e-02 -8.050e-02 6.137e-03 0.000e+00
318 -4.852e-02 7.911e-02 2.568e-02 0.000e+00
319 8.168e-03 -7.193e-02 -1.594e-02 0.000e+00
320 2.188e-02 -5.127e-02 -3.229e-02 0.000e+00
321 1.788e-02 -4.230e-02 6.621e-03 0.000e+00
322 -6.181e-02 -7.957e-02 5.896e-02 0.000e+00
323 -5.819e-02 4.055e-02 1.070e-01 0.000e+00
324 -3.289e-02 6.127e-02 9.171e-02 0.000e+00
325 1.130e-01 -6.060e-02 1.159e-01 0.000e+00
326 3.938e-02 9.284e-03 2.425e-02 0.000e+00
327 -4.944e-02 -6.578e-02 -1.934e-02 0.000e+00
328 -8.024e-02 2.406e-02 2.656e-02 0.000e+00
329 -4.027e-02 -5.452e-02 -4.675e-02 0.000e+00
330 -6.851e-02 2.577e-02 5.001e-03 0.000e+00
331 -3.587e-03 3.359e-02 3.843e-02 0.000e+00
332 1.130e-01 5.402e-02 -9.984e-03 0.000e+00
333 -2.568e-02 -1.399e-02 -6.551e-02 0.000e+00
334 4.363e-02 3.538e-02 -4.458e-03 0.000e+00
335 -6.606e-02 -9.072e-03 3.529e-02 0.000e+00
336 5.477e-02 -1.134e-02 -4.080e-03 0.000e+00
337 7.108e-02 8.407e-02 -8.637e-02 0.000e+00
338 4.598e-02 -6.547e-02 -1.728e-03 0.000e+00
339 -1.285e-02 8.331e-03 -4.179e-02 0.000e+00
340 9.884e-02 -7.918e-02 -3.941e-02 0.000e+00
341 9.040e-02 3.040e-02 5.217e-02 0.000e+00
342 -1.074e-01 -5.784e-02 -4.952e-02 0.000e+00
343 -4.639e-02 -6.346e-02 -3.695e-02 0.000e+00
344 -4.499e-02 5.039e-02 -8.406e-02 0.000e+00
345 4.078e-02 7.601e-02 5.651e-02 0.000e+00
346 4.616e-02 4.921e-03 -1.135e-02 0.000e+00
347 -3.434e-02 -6.291e-02 -2.369e-02 0.000e+00
348 4.869e-02 -7.042e-02 -3.191e-02 0.000e+00
349 4.501e-02 4.614e-02 5.040e-02 0.000e+00
350 -9.956e-02 -1.426e-02 -4.982e-03 0.000e+00
351 -4.896e-03 2.111e-02 -6.551e-02 0.000e+00
352 -1.229e-01 -4.925e-02 5.236e-02 0.000e+00
353 -1.812e-02 -4.548e-02 1.471e-03 0.000e+00
354 -6.523e-02 -7.655e-02 -1.925e-02 0.000e+00
355 4.500e-02 6.279e-03 5.136e-02 0.000e+00
356 -2.979e-03 1.287e-01 8.797e-02 5.629e+01
357 -7.787e-02 8.970e-02 1.239e-02 8.663e-01
358 5.282e-02 2.907e-02 2.959e-03 0.000e+00
359 -4.940e-02 -5.215e-02 6.983e-02 0.000e+00
360 -1.030e-03 9.940e-02 -2.263e-02 -9.510e+01
361 -6.098e-02 1.780e-02 -4.599e-02 0.000e+00
362 3.179e-02 -7.322e-02 1.723e-02 0.000e+00
363 -8.071e-02 2.916e-02 2.376e-02 0.000e+00
364 -3.187e-02 7.189e-02 -5.379e-02 0.000e+00
365 3.162e-02 -2.060e-02 -3.279e-04 0.000e+00
366 7.221e-03 4.457e-02 3.024e-02 0.000e+00
367 4.555e-02 -6.601e-02 -2.411e-02 0.000e+00
368 -2.565e-02 3.566e-02 5.457e-02 0.000e+00
369 -4.878e-02 1.443e-01 6.241e-02 -2.597e+01
370 -2.885e-03 -5.078e-02 -7.883e-02 0.000e+00
371 -3.824e-02 -6.456e-02 -4.480e-02 0.000e+00
372 7.766e-03 -7.281e-02 2.038e-02 0.000e+00
373 -4.802e-04 2.821e-02 4.052e-02 0.000e+00
374 -3.383e-02 -2.433e-02 -2.531e-02 0.000e+00
375 5.376e-02 -8.047e-02 3.926e-02 0.000e+00
376 -4.252e-02 -5.808e-02 -1.942e-02 0.000e+00
377 -9.134e-02 -7.182e-02 -1.641e-02 0.000e+00
378 -2.583e-02 -4.924e-02 4.581e-02 0.000e+00
379 -6.353e-02 -7.833e-02 -9.442e-03 0.000e+00
380 2.535e-02 -4.558e-02 3.730e-02 0.000e+00
381 -6.059e-02 1.066e-02 -5.939e-03 0.000e+00
382 -7.224e-02 -7.069e-03 -3.216e-02 0.000e+00
383 -5.381e-02 1.986e-02 6.701e-02 0.000e+00
384 -1.181e-02 -5.343e-02 1.260e-02 0.000e+00
385 4.024e-02 3.442e-02 1.543e-03 0.000e+00
386 3.778e-03 3.109e-02 3.434e-03 0.000e+00
387 -5.300e-02 3.843e-02 2.817e-02 0.000e+00
388 -4.776e-03 1.814e-02 -3.345e-02 0.000e+00
389 3.470e-02 8.375e-02 1.155e-03 0.000e+00
390 1.227e-01 2.774e-02 -1.127e-02 0.000e+00
391 -8.262e-02 -5.594e-02 1.617e-02 0.000e+00
392 6.079e-02 5.221e-03 -6.619e-02 0.000e+00
393 -1.370e-02 1.933e-01 6.750e-03 -4.014e+01
394 -2.263e-03 3.976e-02 6.107e-02 0.000e+00
395 5.381e-02 -7.778e-02 -2.250e-02 0.000e+00
396 6.089e-02 -6.867e-02 -8.017e-02 0.000e+00
397 -1.104e-02 6.848e-02 2.815e-03 0.000e+00
398 5.003e-02 2.084e-02 -3.538e-02 0.000e+00
399 -8.013e-02 -7.600e-02 2.002e-02 0.000e+00
400 1.084e-02 -5.859e-03 1.153e-01 0.000e+00
401 -1.550e-02 -5.428e-02 -5.465e-02 0.000e+00
402 -7.775e-02 -6.009e-02 -4.597e-02 0.000e+00
403 5.284e-02 -5.174e-02 -3.907e-02 0.000e+00
404 1.655e-01 9.776e-02 -9.686e-02 -9.055e+01
405 7.422e-02 -5.154e-02 -5.780e-02 0.000e+00
406 1.768e-01 -6.988e-02 -4.387e-02 0.000e+00
407 2.406e-01 -1.295e-02 1.465e-02 0.000e+00
408 2.233e-01 3.769e-02 -3.016e-02 0.000e+00
409 2.827e-01 -8.028e-02 1.423e-02 0.000e+00
410 4.198e-01 4.483e-03 -1.090e-01 0.000e+00
411 6.510e-01 1.567e-01 -4.900e-02 -9.607e+01
412 8.242e-01 2.073e-01 1.303e-01 -8.481e+01
413 7.757e-01 2.762e-01 -1.032e-01 -7.806e+01
414 7.685e-01 4.157e-01 1.331e-01 -7.126e+01
415 8.144e-01 3.642e-01 3.571e-02 -6.933e+01
416 7.052e-01 3.636e-01 4.007e-02 -6.562e+01
417 6.648e-01 3.984e-01 3.545e-02 -5.367e+01
418 6.684e-01 3.330e-01 4.808e-02 -5.586e+01
419 7.432e-01 2.984e-01 -9.096e-02 -4.357e+01
420 7.889e-01 4.619e-01 2.320e-02 -3.854e+01
421 1.000e+00 4.421e-01 -3.088e-02 -3.602e+01
422 8.888e-01 2.658e-01 -6.023e-02 -3.561e+01
423 8.640e-01 2.424e-01 3.030e-02 -2.124e+01
424 7.226e-01 1.161e-01 1.368e-02 -3.945e+01
425 3.004e-01 -7.518e-02 -7.065e-04 0.000e+00
426 2.825e-01 1.007e-01 1.630e-03 -2.928e+01
427 1.532e-01 -7.817e-02 9.169e-03 0.000e+00
428 1.810e-01 5.560e-02 1.231e-02 0.000e+00
429 5.586e-02 3.062e-02 5.142e-03 0.000e+00
430 -5.362e-03 -4.768e-02 1.685e-02 0.000e+00
431 -2.722e-02 1.176e-01 -8.720e-02 -7.117e+01
432 2.706e-02 7.412e-03 -1.260e-01 0.000e+00
433 -1.372e-02 -7.101e-02 -2.413e-02 0.000e+00
434 4.302e-02 8.476e-02 3.535e-02 3.672e+01
435 -1.048e-02 2.758e-02 3.836e-02 0.000e+00
436 3.289e-02 6.901e-02 -3.510e-02 0.000e+00
437 -2.035e-02 -1.105e-02 -2.521e-02 0.000e+00
438 2.065e-02 -5.105e-02 2.455e-02 0.000e+00
439 1.237e-01 1.405e-02 -3.114e-03 0.000e+00
440 6.219e-02 -7.205e-02 -9.535e-02 0.000e+00
441 6.000e-02 4.106e-02 -1.177e-02 0.000e+00
442 -2.839e-03 4.580e-02 1.423e-02 0.000e+00
443 3.191e-02 -4.723e-04 -3.035e-02 0.000e+00
444 -8.941e-02 -5.284e-02 2.420e-02 0.000e+00
445 -3.620e-02 8.302e-02 6.590e-02 0.000e+00
446 4.514e-02 -6.217e-02 1.266e-02 0.000e+00
447 5.583e-02 -6.878e-02 1.050e-02 0.000e+00
448 1.270e-01 -5.726e-02 1.188e-01 0.000e+00
449 -4.177e-03 8.934e-03 -5.684e-03 0.000e+00
450 3.736e-02 -5.897e-03 5.137e-02 0.000e+00
451 5.489e-02 -7.364e-02 1.103e-02 0.000e+00
452 -7.057e-03 5.243e-02 1.128e-02 0.000e+00
453 -3.887e-02 -7.375e-02 1.503e-02 0.000e+00
454 3.251e-02 -7.812e-02 5.638e-02 0.000e+00
455 -7.741e-03 -7.087e-02 -2.288e-02 0.000e+00
456 7.405e-02 1.649e-02 -2.228e-02 0.000e+00
457 6.040e-02 6.023e-02 -1.288e-02 0.000e+00
458 7.849e-02 -8.142e-02 3.170e-02 0.000e+00
459 4.123e-02 3.375e-02 -5.915e-02 0.000e+00
460 -2.408e-02 -6.715e-02 5.940e-02 0.000e+00
461 -9.799e-03 -7.886e-02 -3.603e-02 0.000e+00
462 2.470e-02 -4.675e-02 -4.385e-02 0.000e+00
463 -3.450e-02 2.309e-02 7.004e-02 0.000e+00
464 -2.736e-02 -5.289e-03 -6.151e-02 0.000e+00
465 6.615e-02 -7.376e-02 -2.237e-02 0.000e+00
466 -5.229e-03 6.838e-02 4.986e-02 0.000e+00
467 9.921e-02 5.954e-03 1.563e-02 0.000e+00
468 2.791e-02 -6.679e-02 5.109e-02 0.000e+00
469 -7.922e-03 1.065e-02 -2.925e-02 0.000e+00
470 -1.524e-01 -7.557e-02 6.144e-02 0.000e+00
471 1.744e-01 9.649e-02 6.724e-02 -7.802e+01
472 -6.302e-02 -4.088e-02 -1.191e-02 0.000e+00
473 4.255e-02 7.947e-02 -2.336e-02 0.000e+00
474 1.722e-02 -8.121e-02 -1.330e-03 0.000e+00
475 1.145e-02 7.814e-03 9.076e-02 0.000e+00
476 -1.460e-02 5.705e-02 6.391e-02 0.000e+00
477 3.551e-03 -6.257e-02 -3.862e-03 0.000e+00
478 -8.375e-03 -2.023e-02 3.415e-02 0.000e+00
479 1.570e-02 2.462e-02 -2.969e-02 0.000e+00
480 -8.141e-02 8.239e-02 4.375e-02 0.000e+00
481 -5.776e-02 2.036e-02 -4.505e-02 0.000e+00
482 -6.675e-02 -4.974e-02 -6.976e-02 0.000e+00
483 -5.955e-02 -7.665e-02 -7.006e-02 0.000e+00
484 6.365e-02 -6.668e-02 4.410e-02 0.000e+00
485 -1.060e-02 3.284e-02 1.937e-02 0.000e+00
486 -2.691e-02 3.839e-02 -3.832e-02 0.000e+00
487 -7.924e-02 7.473e-02 4.256e-02 0.000e+00
488 -1.035e-01 3.519e-02 -4.671e-02 0.000e+00
489 -4.029e-02 -7.036e-02 -1.632e-02 0.000e+00
490 -4.291e-03 -5.585e-02 -5.828e-02 0.000e+00
491 -3.891e-03 -6.735e-02 -5.425e-02 0.000e+00
492 -4.407e-02 -7.329e-02 2.454e-02 0.000e+00
493 -7.025e-03 -1.829e-02 -8.838e-03 0.000e+00
494 1.011e-02 -6.951e-02 -4.479e-02 0.000e+00
495 -1.759e-02 9.021e-02 -6.872e-02 -8.355e+01
496 7.188e-02 4.752e-03 -2.882e-02 0.000e+00
497 -3.017e-02 -1.509e-02 -4.937e-02 0.000e+00
498 -4.694e-02 3.352e-02 3.965e-02 0.000e+00
499 3.275e-03 -4.144e-02 1.255e-02 0.000e+00
500 -6.569e-02 -3.839e-02 -1.816e-02 0.000e+00
501 9.884e-02 -7.165e-02 1.795e-02 0.000e+00
502 8.495e-04 -7.865e-02 8.200e-03 0.000e+00
503 -1.139e-02 1.094e-01 7.572e-02 2.808e+00
504 2.968e-02 -1.529e-02 1.975e-02 0.000e+00
505 -3.432e-02 -5.680e-02 2.939e-03 0.000e+00
506 -8.093e-02 2.587e-02 -3.400e-02 0.000e+00
507 -5.875e-02 -7.278e-02 -1.912e-02 0.000e+00
508 1.145e-02 -5.034e-02 -9.116e-03 0.000e+00
509 -7.301e-02 1.768e-02 -7.729e-02 0.000e+00
510 -8.725e-02 1.005e-02 -7.139e-02 0.000e+00
511 -8.343e-02 -7.911e-02 -2.787e-02 0.000e+00
512 2.625e-02 -6.487e-02 7.103e-02 0.000e+00
513 -8.366e-03 -1.639e-02 1.117e-01 0.000e+00
514 -4.308e-02 3.677e-02 5.944e-02 0.000e+00
515 -1.228e-02 -6.953e-02 6.212e-03 0.000e+00
516 -8.496e-03 7.039e-02 1.830e-02 0.000e+00
517 -6.620e-02 -7.346e-02 1.520e-02 0.000e+00
518 -1.368e-02 4.151e-02 -1.815e-02 0.000e+00
519 1.992e-02 1.952e-03 6.283e-03 0.000e+00
520 -1.141e-01 1.961e-02 5.377e-02 0.000e+00
521 3.027e-02 2.509e-02 4.425e-02 0.000e+00
522 3.454e-02 2.565e-02 2.194e-02 0.000e+00
523 5.406e-02 -6.665e-02 -4.254e-03 0.000e+00
524 -7.430e-02 5.806e-02 -6.100e-02 0.000e+00
525 -9.618e-02 1.471e-02 2.688e-02 0.000e+00
526 2.955e-02 4.426e-03 -1.109e-02 0.000e+00
527 -2.464e-02 -5.251e-02 3.866e-03 0.000e+00
528 1.174e-01 -6.392e-02 -1.133e-02 0.000e+00
529 -6.038e-02 2.873e-02 -2.818e-03 0.000e+00
530 3.976e-02 -2.323e-02 2.845e-02 0.000e+00
531 -2.073e-03 -7.633e-02 4.607e-02 0.000e+00
532 1.440e-02 -7.255e-02 -4.454e-02 0.000e+00
533 -6.316e-02 4.064e-02 -3.527e-02 0.000e+00
534 9.109e-02 -8.182e-02 -5.248e-02 0.000e+00
535 6.247e-03 -7.833e-02 4.114e-02 0.000e+00
536 1.127e-01 5.480e-03 -6.027e-03 0.000e+00
537 -4.863e-02 -7.394e-02 -1.419e-02 0.000e+00
538 1.788e-02 -7.914e-02 7.311e-04 0.000e+00
539 2.888e-02 -8.083e-02 5.450e-02 0.000e+00
540 5.525e-02 -7.268e-02 -1.143e-01 0.000e+00
541 8.070e-02 5.214e-02 6.471e-02 0.000e+00
542 4.384e-02 -5.672e-02 -2.340e-02 0.000e+00
543 5.495e-02 6.146e-03 -2.948e-02 0.000e+00
544 1.521e-02 4.346e-02 -5.202e-02 0.000e+00
545 -1.952e-02 2.450e-02 -2.107e-02 0.000e+00
546 -3.161e-02 -8.003e-02 1.312e-01 0.000e+00
547 3.407e-02 4.153e-02 -1.106e-02 0.000e+00
548 -5.269e-02 -5.575e-02 9.621e-02 0.000e+00
549 -3.186e-02 -7.685e-02 2.089e-03 0.000e+00
550 -1.390e-02 3.871e-02 -5.838e-03 0.000e+00
551 4.306e-02 2.653e-02 -1.450e-02 0.000e+00
552 -5.889e-03 -1.154e-02 -6.908e-02 0.000e+00
553 -4.603e-02 6.902e-02 -6.984e-02 0.000e+00
554 4.730e-03 -4.352e-02 2.647e-02 0.000e+00
555 -6.639e-02 5.241e-02 5.805e-03 0.000e+00
556 3.272e-03 3.813e-02 -2.323e-03 0.000e+00
557 4.150e-02 -5.157e-02 1.058e-01 0.000e+00
558 1.649e-02 -5.965e-02 3.114e-02 0.000e+00
559 1.576e-02 7.455e-02 1.088e-02 0.000e+00
560 -3.488e-03 3.581e-02 -5.262e-02 0.000e+00
561 -2.051e-02 5.777e-02 -4.116e-02 0.000e+00
562 8.708e-03 -7.645e-02 -7.849e-02 0.000e+00
563 3.388e-02 -5.345e-02 1.053e-02 0.000e+00
564 2.409e-02 3.547e-02 8.881e-02 0.000e+00
565 6.629e-02 -8.178e-02 -1.362e-02 0.000e+00
566 6.515e-02 4.877e-02 -6.703e-02 0.000e+00
567 -1.593e-02 -5.409e-02 3.805e-03 0.000e+00
568 6.233e-02 9.272e-03 1.902e-02 0.000e+00
569 5.523e-02 1.721e-02 -2.302e-02 0.000e+00
570 5.209e-02 1.991e-02 4.457e-02 0.000e+00
571 5.279e-02 -8.176e-02 -7.846e-02 0.000e+00
572 2.046e-02 4.706e-02 -3.829e-02 0.000e+00
573 -1.684e-02 -7.861e-02 1.814e-02 0.000e+00
574 -6.181e-04 8.720e-02 7.421e-02 6.251e+01
575 1.545e-02 1.972e-02 2.102e-03 0.000e+00
576 4.492e-02 -5.127e-03 5.444e-02 0.000e+00
577 9.413e-03 2.971e-03 -3.917e-02 0.000e+00
578 4.033e-02 -5.679e-02 1.413e-02 0.000e+00
579 -4.888e-02 8.744e-04 5.633e-03 0.000e+00
580 4.517e-02 2.190e-02 -1.646e-02 0.000e+00
581 5.638e-03 -8.644e-03 5.222e-02 0.000e+00
582 7.182e-02 5.934e-02 1.907e-02 0.000e+00
583 -5.633e-02 4.631e-02 8.583e-03 0.000e+00
584 9.034e-03 3.670e-03 -1.363e-03 0.000e+00
585 -1.265e-01 -5.378e-02 2.985e-02 0.000e+00
586 4.671e-02 -5.465e-02 9.973e-02 0.000e+00
587 -4.792e-02 5.562e-02 9.683e-03 0.000e+00
588 4.277e-03 3.054e-02 5.611e-03 0.000e+00
589 -1.028e-02 2.440e-02 -5.874e-02 0.000e+00
590 2.759e-02 -6.422e-02 -5.186e-03 0.000e+00
591 -1.939e-02 1.108e-01 -1.044e-01 -5.040e+01
592 -7.827e-03 1.148e-01 -1.368e-02 -7.647e+01
593 -1.243e-02 1.872e-02 -1.075e-02 0.000e+00
594 1.100e-02 -6.488e-02 3.467e-04 0.000e+00
595 -3.172e-02 3.715e-06 2.428e-03 0.000e+00
596 -8.465e-02 -5.070e-02 -2.589e-02 0.000e+00
597 5.098e-02 1.211e-02 -9.034e-03 0.000e+00
598 1.069e-01 -8.163e-02 1.641e-02 0.000e+00
599 -4.984e-02 5.379e-02 4.216e-02 0.000e+00
600 -3.390e-02 -6.351e-02 -2.502e-02 0.000e+00
601 6.093e-03 -7.997e-02 -9.186e-03 0.000e+00
602 3.586e-02 7.946e-02 -1.590e-02 0.000e+00
603 -3.296e-02 -8.080e-02 -3.070e-02 0.000e+00
604 3.694e-02 7.980e-02 1.127e-02 0.000e+00
605 -4.117e-02 -8.872e-03 -5.062e-02 0.000e+00
606 4.329e-02 5.429e-02 -3.274e-02 0.000e+00
607 6.578e-02 -5.583e-02 -1.007e-02 0.000e+00
608 9.355e-03 -4.709e-02 -1.153e-01 0.000e+00
609 2.511e-02 5.060e-02 3.216e-03 0.000e+00
610 -4.843e-02 9.808e-03 7.996e-03 0.000e+00
611 -8.631e-03 5.756e-02 6.095e-03 0.000e+00
612 6.899e-02 -8.019e-02 8.832e-02 0.000e+00
613 -9.686e-03 -6.532e-02 1.078e-01 0.000e+00
614 4.636e-02 5.076e-02 9.081e-03 0.000e+00
615 -7.378e-02 -6.891e-02 -9.412e-02 0.000e+00
616 -1.695e-01 7.081e-02 1.881e-02 0.000e+00
617 -5.467e-02 2.246e-02 1.792e-02 0.000e+00
618 -2.499e-02 2.737e-02 1.824e-02 0.000e+00
619 -3.454e-03 2.283e-02 -4.882e-02 0.000e+00
620 -8.886e-02 -7.956e-02 4.186e-02 0.000e+00
621 6.334e-04 -6.900e-02 5.634e-02 0.000e+00
622 -5.104e-02 4.946e-02 3.840e-02 0.000e+00
623 -7.348e-02 9.211e-02 5.817e-02 1.950e+01
624 -6.044e-02 -5.935e-02 3.317e-02 0.000e+00
625 -5.188e-02 2.260e-02 -6.764e-02 0.000e+00
626 -2.194e-02 7.953e-02 4.738e-02 0.000e+00
627 -1.911e-02 -5.806e-02 -3.752e-02 0.000e+00
628 4.351e-02 1.590e-02 -1.936e-02 0.000e+00
629 3.643e-02 1.586e-02 -3.512e-02 0.000e+00
630 1.355e-02 -8.061e-02 -3.801e-03 0.000e+00
631 -3.547e-02 -4.549e-02 1.691e-02 0.000e+00
632 7.598e-02 -6.817e-02 4.358e-02 0.000e+00
633 -7.991e-05 6.126e-02 3.402e-03 0.000e+00
634 4.826e-02 6.977e-02 5.009e-02 0.000e+00
635 -2.486e-02 5.498e-02 1.936e-02 0.000e+00
636 -6.252e-02 -3.967e-02 5.372e-02 0.000e+00
637 -2.741e-02 -6.845e-02 3.151e-02 0.000e+00
638 -5.250e-02 4.910e-03 -2.011e-02 0.000e+00
639 3.505e-04 4.310e-03 -7.683e-02 0.000e+00
640 1.492e-03 -5.000e-02 -4.037e-02 0.000e+00
641 -8.133e-03 2.812e-02 -3.993e-02 0.000e+00
642 -1.454e-01 8.689e-03 -5.010e-02 0.000e+00
643 -3.747e-02 -6.696e-02 -6.189e-02 0.000e+00
644 -6.231e-02 -7.379e-02 6.581e-02 0.000e+00
645 7.903e-04 -6.944e-02 6.223e-02 0.000e+00
646 -4.703e-02 4.161e-02 4.049e-02 0.000e+00
647 -1.075e-02 3.219e-03 -1.556e-02 0.000e+00
648 -2.548e-02 5.430e-02 -6.984e-02 0.000e+00
649 -7.722e-02 -6.412e-02 1.263e-01 0.000e+00
650 -3.088e-02 1.037e-01 -1.980e-02 2.609e+01
651 -8.525e-02 -6.158e-02 -8.413e-02 0.000e+00
652 -9.718e-03 -8.105e-02 -3.903e-02 0.000e+00
653 1.158e-02 -7.954e-02 -7.251e-02 0.000e+00
654 -1.199e-02 5.672e-02 1.662e-02 0.000e+00
655 5.501e-02 -7.028e-02 -7.305e-02 0.000e+00
656 7.422e-03 6.004e-02 4.887e-02 0.000e+00
657 -8.880e-03 1.225e-02 -2.260e-03 0.000e+00
658 5.350e-02 -7.201e-02 7.247e-02 0.000e+00
659 3.300e-02 -7.743e-02 -3.526e-02 0.000e+00
660 -2.554e-02 -7.041e-02 3.468e-02 0.000e+00
661 6.315e-02 6.216e-02 -6.717e-02 0.000e+00
662 -2.368e-02 2.003e-02 -7.844e-03 0.000e+00
663 6.125e-03 3.704e-02 5.346e-02 0.000e+00
664 1.812e-02 -5.010e-02 7.699e-02 0.000e+00
665 -1.205e-01 -7.846e-02 3.590e-03 0.000e+00
666 -3.674e-03 7.915e-04 -8.931e-02 0.000e+00
667 5.659e-02 -7.958e-02 -1.614e-02 0.000e+00
668 -3.330e-02 1.084e-01 1.504e-02 -8.907e+01
669 2.216e-02 -5.967e-02 3.989e-02 0.000e+00
670 -1.959e-02 4.980e-03 -1.854e-02 0.000e+00
671 6.891e-02 -4.451e-02 6.926e-02 0.000e+00
672 -1.106e-02 -7.843e-02 -4.848e-03 0.000e+00
673 1.972e-02 -7.755e-02 2.604e-02 0.000e+00
674 3.071e-02 5.288e-03 3.337e-02 0.000e+00
675 3.798e-02 5.310e-02 -2.828e-02 0.000e+00
676 1.211e-02 -7.992e-02 -6.255e-03 0.000e+00
677 4.288e-02 -6.191e-03 -3.436e-03 0.000e+00
678 -5.736e-04 -7.907e-02 -2.095e-02 0.000e+00
679 -6.322e-03 7.678e-02 6.224e-02 0.000e+00
680 1.024e-01 -6.917e-02 8.633e-02 0.000e+00
681 8.911e-02 -5.689e-02 4.317e-02 0.000e+00
682 8.722e-02 -6.418e-02 -7.939e-02 0.000e+00
683 1.642e-02 -5.608e-02 1.266e-01 0.000e+00
684 -3.476e-02 -6.781e-02 1.951e-02 0.000e+00
685 -3.354e-02 -5.178e-02 -4.748e-02 0.000e+00
686 5.684e-03 3.117e-03 -6.724e-02 0.000e+00
687 4.472e-02 -8.028e-02 -1.857e-02 0.000e+00
688 7.560e-02 -5.340e-02 -5.548e-02 0.000e+00
689 1.101e-01 -8.026e-02 -9.267e-02 0.000e+00
690 4.887e-02 -6.686e-02 4.533e-02 0.000e+00
691 6.638e-02 -1.258e-03 8.506e-02 0.000e+00
692 8.902e-02 2.775e-02 -6.138e-02 0.000e+00
693 -1.450e-02 1.057e-01 9.508e-03 -6.964e+01
694 2.275e-02 -4.846e-03 -3.749e-02 0.000e+00
695 -1.049e-02 1.261e-01 -3.918e-02 4.272e+00
696 -6.859e-03 -7.549e-02 3.496e-02 0.000e+00
697 1.001e-01 2.037e-02 -2.497e-02 0.000e+00
698 -5.255e-03 -3.181e-04 -3.719e-02 0.000e+00
699 -4.189e-02 3.260e-02 1.538e-01 0.000e+00
700 8.401e-03 2.114e-02 1.604e-02 0.000e+00
701 -2.447e-02 -7.795e-03 -9.885e-02 0.000e+00
702 -8.384e-02 8.472e-03 3.444e-02 0.000e+00
703 -8.705e-03 1.562e-02 9.216e-02 0.000e+00
704 1.628e-02 5.651e-02 5.674e-02 0.000e+00
705 1.238e-03 2.519e-02 -2.074e-02 0.000e+00
706 1.183e-02 -6.096e-02 -1.005e-01 0.000e+00
707 -1.370e-02 3.797e-02 -1.656e-02 0.000e+00
708 -3.066e-02 2.215e-02 8.934e-02 0.000e+00
709 5.967e-02 -4.454e-02 2.966e-02 0.000e+00
710 -3.390e-02 2.042e-02 -2.293e-02 0.000e+00
711 2.889e-02 -5.324e-02 2.269e-02 0.000e+00
712 -9.059e-02 -4.927e-02 -3.015e-03 0.000e+00
713 1.283e-01 3.090e-02 7.478e-02 0.000e+00
714 1.312e-02 6.456e-02 -5.292e-02 0.000e+00
715 -2.839e-02 -6.548e-02 4.519e-02 0.000e+00
716 -1.100e-01 -3.779e-02 -6.050e-02 0.000e+00
717 -9.616e-02 -4.867e-02 -4.040e-02 0.000e+00
718 -3.134e-02 -8.656e-03 8.127e-02 0.000e+00
719 4.402e-02 4.355e-02 2.800e-03 0.000e+00
720 1.636e-02 9.152e-02 1.504e-02 5.290e+01
721 2.161e-02 -7.940e-02 -5.817e-02 0.000e+00
722 -4.732e-02 1.553e-02 6.940e-02 0.000e+00
723 1.842e-03 5.695e-02 6.913e-02 0.000e+00
724 -1.486e-01 2.831e-02 -4.974e-02 0.000e+00
725 -1.002e-01 1.400e-02 3.192e-02 0.000e+00
726 -1.187e-02 1.507e-02 -6.828e-02 0.000e+00
727 -5.227e-02 -5.359e-02 3.298e-03 0.000e+00
728 5.153e-02 -4.834e-02 -5.120e-02 0.000e+00
729 2.210e-02 3.841e-02 -6.307e-02 0.000e+00
730 -8.380e-02 -9.279e-04 -8.964e-02 0.000e+00
731 1.454e-03 -6.899e-02 2.893e-02 0.000e+00
732 -7.193e-02 8.114e-02 3.434e-02 0.000e+00
733 -3.785e-02 8.031e-02 1.158e-02 0.000e+00
734 6.857e-02 -6.927e-02 9.629e-03 0.000e+00
735 7.156e-02 7.607e-02 -1.740e-02 0.000e+00
736 5.380e-02 -1.596e-02 3.360e-02 0.000e+00
737 -4.175e-02 -9.092e-05 -3.996e-02 0.000e+00
738 -1.726e-02 -6.929e-02 8.010e-02 0.000e+00
739 1.372e-02 3.277e-02 6.655e-02 0.000e+00
740 -1.098e-04 4.106e-02 6.338e-02 0.000e+00
741 5.388e-02 -6.926e-02 -9.764e-03 0.000e+00
742 -2.858e-02 1.165e-01 -7.952e-02 6.757e+01
743 -4.602e-02 2.336e-02 3.549e-02 0.000e+00
744 1.533e-02 2.966e-02 -7.320e-02 0.000e+00
745 -4.761e-03 8.613e-03 -8.412e-03 0.000e+00
746 -4.752e-02 2.085e-03 3.145e-02 0.000e+00
747 -2.832e-03 2.678e-02 7.384e-02 0.000e+00
748 -8.587e-02 3.765e-02 4.586e-02 0.000e+00
749 3.560e-03 5.909e-02 -9.406e-02 0.000e+00
750 9.390e-02 8.632e-03 -4.314e-03 0.000e+00
751 -1.705e-02 3.966e-02 -7.950e-02 0.000e+00
752 -9.646e-02 -4.194e-02 3.405e-02 0.000e+00
753 4.214e-02 4.084e-02 -2.219e-02 0.000e+00
754 4.250e-02 -7.339e-02 7.787e-02 0.000e+00
755 1.988e-02 1.723e-02 -1.022e-01 0.000e+00
756 -8.653e-04 1.552e-02 -8.293e-02 0.000e+00
757 2.211e-03 1.486e-02 -1.211e-02 0.000e+00
758 2.645e-02 3.321e-02 8.802e-02 0.000e+00
759 4.751e-03 3.345e-02 6.304e-03 0.000e+00
760 1.847e-03 -5.367e-02 -9.351e-03 0.000e+00
761 -6.078e-02 -7.369e-02 -9.400e-02 0.000e+00
762 -2.013e-04 -7.975e-02 -4.700e-02 0.000e+00
763 7.991e-05 4.469e-02 3.026e-02 0.000e+00
764 -1.156e-01 -6.856e-03 -2.161e-02 0.000e+00
765 4.999e-02 4.084e-02 7.768e-02 0.000e+00
766 -1.506e-02 6.291e-02 -8.404e-03 0.000e+00
767 -8.738e-03 -6.322e-02 -2.184e-02 0.000e+00
768 3.647e-02 4.567e-02 1.954e-02 0.000e+00
769 -1.266e-02 -9.358e-03 2.569e-02 0.000e+00
770 -1.577e-02 1.359e-01 3.289e-02 6.689e+01
771 -2.661e-02 -5.909e-02 2.789e-02 0.000e+00
772 -6.168e-02 1.086e-01 7.215e-02 1.012e+01
773 1.953e-02 -6.208e-02 -3.415e-02 0.000e+00
774 1.915e-03 8.478e-02 5.332e-02 4.502e+01
775 3.197e-02 3.220e-02 -8.804e-03 0.000e+00
776 -1.804e-01 3.607e-02 -3.421e-02 0.000e+00
777 4.527e-03 -4.563e-02 9.001e-02 0.000e+00
778 -1.046e-01 -7.687e-02 -1.501e-02 0.000e+00
779 -9.296e-03 -7.032e-02 -3.360e-03 0.000e+00
780 1.533e-02 2.571e-03 -3.111e-02 0.000e+00
781 6.044e-02 7.534e-02 -3.391e-02 0.000e+00
782 1.085e-01 -6.450e-02 -4.477e-02 0.000e+00
783 6.504e-02 3.652e-02 -1.560e-02 0.000e+00
784 1.074e-03 -5.776e-02 6.829e-02 0.000e+00
785 -2.301e-02 1.042e-01 4.972e-02 1.013e+01
786 -4.524e-02 -5.947e-02 3.226e-02 0.000e+00
787 3.583e-03 7.649e-02 2.229e-02 0.000e+00
788 -1.280e-02 -6.725e-02 -1.866e-02 0.000e+00
789 8.707e-02 -7.104e-02 7.265e-04 0.000e+00
790 1.676e-02 3.574e-03 8.709e-03 0.000e+00
791 6.224e-02 -3.308e-03 -8.703e-03 0.000e+00
792 1.297e-02 6.915e-02 -7.517e-03 0.000e+00
793 1.906e-02 -3.244e-02 -5.895e-02 0.000e+00
794 -3.310e-02 5.274e-02 4.663e-02 0.000e+00
795 -9.139e-02 -7.741e-02 -1.136e-02 0.000e+00
796 1.539e-02 8.749e-02 1.964e-02 5.507e+01
797 1.547e-02 7.045e-02 -1.407e-01 0.000e+00
798 3.288e-03 2.644e-02 -6.251e-03 0.000e+00
799 9.249e-03 -5.654e-02 4.927e-02 0.000e+00
800 7.312e-02 1.788e-02 -5.565e-02 0.000e+00
801 2.454e-02 -6.922e-02 4.165e-02 0.000e+00
802 -6.855e-02 -7.794e-02 4.869e-02 0.000e+00
803 -6.661e-02 -4.361e-02 7.762e-02 0.000e+00
804 -3.104e-02 -5.370e-02 -1.146e-02 0.000e+00
805 1.050e-01 -4.314e-02 3.055e-02 0.000e+00
806 8.455e-02 1.908e-02 7.015e-02 0.000e+00
807 2.131e-02 2.557e-02 -8.415e-03 0.000e+00
808 -5.969e-02 -6.431e-02 -1.226e-02 0.000e+00
809 7.131e-03 -5.013e-02 5.933e-03 0.000e+00
810 1.562e-02 1.339e-02 2.350e-02 0.000e+00
811 1.045e-01 1.873e-02 3.383e-02 0.000e+00
812 -9.148e-02 -6.583e-02 -8.198e-02 0.000e+00
813 -1.162e-02 -7.897e-02 4.900e-02 0.000e+00
814 7.736e-02 -1.563e-02 -2.331e-02 0.000e+00
815 2.347e-02 7.749e-02 4.096e-02 0.000e+00
816 -2.230e-02 3.490e-02 -5.341e-02 0.000e+00
817 -1.040e-01 1.214e-01 4.806e-03 -1.867e+01
818 5.108e-03 6.270e-02 4.109e-02 0.000e+00
819 2.835e-02 4.564e-02 8.990e-02 0.000e+00
820 -4.883e-02 1.512e-02 -5.724e-02 0.000e+00
821 2.275e-02 1.697e-02 -5.784e-02 0.000e+00
822 3.257e-02 -4.726e-02 2.476e-02 0.000e+00
823 -2.966e-02 -8.138e-03 -6.613e-02 0.000e+00
824 -3.899e-02 1.356e-02 -2.520e-02 0.000e+00
825 -2.207e-02 -7.772e-02 -1.732e-03 0.000e+00
826 -2.262e-03 -7.489e-02 -4.550e-02 0.000e+00
827 -6.262e-02 3.157e-02 -9.178e-02 0.000e+00
828 7.706e-02 -4.924e-02 -8.045e-02 0.000e+00
829 4.155e-02 -7.839e-02 -1.930e-03 0.000e+00
830 9.717e-02 -1.077e-02 -3.671e-02 0.000e+00
831 3.832e-02 9.799e-02 5.470e-02 -5.431e+00
832 -1.121e-02 3.101e-02 -2.556e-02 0.000e+00
833 -2.749e-02 1.771e-02 -3.122e-02 0.000e+00
834 -7.522e-02 -5.320e-02 -5.048e-03 0.000e+00
835 -6.535e-02 6.110e-02 7.105e-02 0.000e+00
836 -1.151e-01 -7.771e-02 -3.184e-02 0.000e+00
837 3.705e-02 -8.007e-02 -2.385e-02 0.000e+00
838 8.151e-02 5.302e-02 2.925e-02 0.000e+00
839 4.822e-02 -8.116e-02 1.590e-02 0.000e+00
840 -6.968e-02 6.095e-02 8.184e-02 0.000e+00
841 -2.717e-02 4.402e-02 -1.114e-02 0.000e+00
842 -8.091e-02 2.382e-02 4.210e-02 0.000e+00
843 -3.568e-02 -7.951e-02 -5.830e-02 0.000e+00
844 -2.008e-02 3.902e-02 -1.081e-01 0.000e+00
845 4.944e-02 -6.815e-02 4.274e-02 0.000e+00
846 3.288e-02 3.527e-02 6.481e-02 0.000e+00
847 -9.361e-03 -6.437e-02 4.474e-02 0.000e+00
848 -1.156e-02 -4.949e-02 -3.336e-02 0.000e+00
849 1.875e-01 -7.626e-02 -5.954e-02 0.000e+00
850 -6.185e-02 3.104e-02 5.844e-02 0.000e+00
851 -8.282e-03 -7.981e-02 4.927e-02 0.000e+00
852 -2.542e-02 -6.823e-02 2.413e-02 0.000e+00
853 2.261e-02 -5.999e-02 -5.813e-02 0.000e+00
854 3.746e-02 1.021e-01 8.676e-02 -7.011e+01
855 -1.837e-02 1.208e-01 -2.799e-02 5.261e+01
856 -3.753e-02 -6.527e-02 -7.664e-04 0.000e+00
857 -4.570e-02 7.537e-02 -2.059e-02 0.000e+00
858 2.224e-02 1.344e-02 -7.862e-02 0.000e+00
859 -3.626e-02 1.677e-02 5.276e-02 0.000e+00
860 -8.728e-02 1.422e-02 1.004e-01 0.000e+00
861 1.921e-02 6.835e-02 1.798e-03 0.000e+00
862 7.321e-03 -7.939e-02 -3.550e-02 0.000e+00
863 4.708e-02 -7.594e-02 -5.514e-02 0.000e+00
864 2.063e-02 7.427e-02 -6.480e-02 0.000e+00
865 -1.054e-02 3.764e-02 7.249e-02 0.000e+00
866 6.243e-02 -6.314e-02 -2.871e-02 0.000e+00
867 -6.344e-03 9.899e-02 -5.874e-03 -1.661e+01
868 1.659e-02 4.659e-02 2.224e-02 0.000e+00
869 -2.208e-02 -5.463e-02 5.129e-02 0.000e+00
870 3.278e-02 -4.217e-02 -5.569e-02 0.000e+00
871 -9.845e-03 -8.128e-02 3.063e-02 0.000e+00
872 3.241e-02 2.186e-02 4.299e-02 0.000e+00
873 -5.261e-02 -6.757e-02 -2.291e-02 0.000e+00
874 -2.170e-02 3.707e-02 7.293e-02 0.000e+00
875 5.327e-02 1.116e-02 -1.983e-02 0.000e+00
876 5.926e-02 -7.689e-02 1.926e-02 0.000e+00
877 8.383e-04 -7.698e-02 -2.059e-02 0.000e+00
878 -4.334e-03 -7.420e-02 1.957e-02 0.000e+00
879 -4.241e-02 -7.963e-02 6.944e-04 0.000e+00
880 4.767e-02 -3.936e-02 4.048e-02 0.000e+00
881 2.478e-02 5.373e-02 -8.024e-02 0.000e+00
882 3.631e-02 1.107e-01 2.300e-02 6.278e+01
883 1.363e-01 2.713e-02 9.026e-02 0.000e+00
884 -4.320e-03 -5.929e-02 3.630e-02 0.000e+00
885 4.249e-02 -7.608e-02 3.441e-02 0.000e+00
886 -2.831e-02 -5.790e-02 -1.358e-02 0.000e+00
887 -5.952e-02 3.587e-02 5.235e-02 0.000e+00
888 -1.364e-02 9.412e-02 -2.187e-02 4.356e+01
889 4.955e-02 -1.495e-02 -4.391e-02 0.000e+00
890 8.308e-02 -7.100e-02 -1.131e-01 0.000e+00
891 -8.145e-02 -4.521e-02 6.598e-02 0.000e+00
892 3.884e-03 9.102e-02 -4.084e-02 -7.624e+01
893 -6.524e-02 -6.694e-02 -2.410e-02 0.000e+00
894 1.127e-02 -6.912e-02 3.446e-02 0.000e+00
895 -6.035e-02 -7.268e-02 -1.525e-02 0.000e+00
896 -1.287e-01 -8.178e-02 -2.738e-04 0.000e+00
897 3.757e-02 6.781e-02 4.011e-02 0.000e+00
898 1.904e-02 -7.451e-02 -1.178e-01 0.000e+00
899 -3.985e-02 3.377e-02 -6.618e-02 0.000e+00
900 -7.255e-02 4.120e-02 4.250e-02 0.000e+00
901 -3.253e-03 6.308e-03 -6.838e-02 0.000e+00
902 2.394e-02 -7.926e-02 1.595e-02 0.000e+00
903 -7.940e-02 -6.646e-02 -3.670e-02 0.000e+00
904 -2.079e-02 6.540e-02 2.586e-02 0.000e+00
905 4.417e-02 -5.528e-02 7.936e-02 0.000e+00
906 -3.435e-02 3.767e-02 2.738e-04 0.000e+00
907 -8.358e-03 1.429e-03 2.044e-03 0.000e+00
908 1.757e-02 8.584e-03 -9.889e-02 0.000e+00
909 2.187e-02 7.183e-02 2.113e-02 0.000e+00
910 4.367e-02 5.022e-02 -6.917e-03 0.000e+00
911 7.507e-03 1.453e-02 2.405e-02 0.000e+00
912 1.680e-02 3.280e-03 -4.306e-02 0.000e+00
913 -3.891e-03 8.373e-02 5.125e-03 0.000e+00
914 8.912e-02 7.765e-02 7.198e-02 0.000e+00
915 -8.424e-02 2.715e-02 -2.786e-02 0.000e+00
916 -1.610e-02 -7.261e-02 6.140e-02 0.000e+00
917 1.651e-02 -4.779e-02 -7.791e-02 0.000e+00
918 5.000e-02 7.471e-03 2.474e-02 0.000e+00
919 -7.362e-02 -4.421e-02 -1.768e-02 0.000e+00
920 -5.290e-03 8.746e-02 -7.503e-03 5.244e+01
921 -1.440e-02 1.760e-02 -6.132e-02 0.000e+00
922 4.389e-02 -4.344e-02 1.933e-02 0.000e+00
923 -3.557e-02 -7.954e-02 5.536e-02 0.000e+00
924 -5.693e-02 2.771e-02 1.695e-02 0.000e+00
925 -2.811e-03 -6.263e-02 -8.012e-03 0.000e+00
926 9.344e-02 -5.188e-02 1.069e-01 0.000e+00
927 6.843e-02 9.503e-02 1.160e-01 7.048e+01
928 1.801e-03 -7.318e-02 -7.690e-02 0.000e+00
929 4.049e-02 8.111e-02 1.081e-01 0.000e+00
930 3.285e-02 -4.345e-02 -4.471e-02 0.000e+00
931 4.839e-02 8.081e-02 -1.862e-02 0.000e+00
932 5.706e-02 -2.024e-03 6.662e-02 0.000e+00
933 -1.164e-02 -7.630e-02 -2.423e-02 0.000e+00
934 3.938e-02 1.034e-01 4.006e-02 2.896e+01
935 -5.469e-02 4.308e-03 1.109e-02 0.000e+00
936 1.595e-02 8.881e-03 -1.436e-01 0.000e+00
937 -1.104e-01 6.945e-03 1.207e-02 0.000e+00
938 1.015e-02 -7.030e-02 1.901e-02 0.000e+00
939 5.762e-02 7.979e-03 -2.549e-02 0.000e+00
940 -1.060e-01 2.133e-02 4.991e-02 0.000e+00
941 6.904e-02 -7.838e-02 -1.023e-01 0.000e+00
942 -8.260e-02 -8.139e-02 3.270e-02 0.000e+00
943 -1.814e-02 -7.742e-02 -1.047e-02 0.000e+00
944 -4.774e-02 4.819e-02 5.282e-03 0.000e+00
945 1.620e-02 4.102e-03 -7.811e-02 0.000e+00
946 6.955e-02 -6.160e-02 -3.595e-02 0.000e+00
947 -5.519e-02 -8.181e-02 1.794e-02 0.000e+00
948 4.982e-02 -8.070e-02 1.569e-02 0.000e+00
949 -1.095e-01 8.772e-03 -8.838e-02 0.000e+00
950 2.478e-04 8.974e-02 -5.988e-02 -8.944e+01
951 8.067e-04 4.085e-04 2.916e-02 0.000e+00
952 -7.357e-02 2.159e-02 6.983e-02 0.000e+00
953 -4.520e-02 6.264e-02 -2.677e-02 0.000e+00
954 -2.870e-02 6.737e-02 1.341e-02 0.000e+00
955 3.710e-02 -7.470e-02 6.735e-02 0.000e+00
956 7.714e-02 8.034e-03 1.099e-02 0.000e+00
957 -6.586e-02 1.082e-02 -2.106e-02 0.000e+00
958 5.672e-03 -6.042e-02 4.931e-02 0.000e+00
959 9.824e-02 1.979e-02 -1.702e-02 0.000e+00
960 -6.695e-02 -8.117e-02 -2.031e-03 0.000e+00
961 -2.212e-02 -6.296e-02 -2.596e-02 0.000e+00
962 7.071e-02 3.228e-02 -5.640e-03 0.000e+00
963 -1.298e-02 -6.091e-03 3.226e-02 0.000e+00
964 -3.718e-02 -7.860e-02 1.339e-02 0.000e+00
965 1.521e-02 -6.701e-03 7.225e-02 0.000e+00
966 3.580e-02 -8.089e-02 -2.225e-02 0.000e+00
967 3.342e-02 -6.633e-02 -6.643e-02 0.000e+00
968 -1.527e-02 -5.502e-02 1.103e-01 0.000e+00
969 -2.398e-02 3.666e-02 -3.021e-03 0.000e+00
970 -1.460e-02 1.856e-02 -8.695e-02 0.000e+00
971 -4.335e-02 3.915e-02 6.156e-02 0.000e+00
972 -2.241e-03 3.041e-02 3.250e-02 0.000e+00
973 -2.076e-03 1.236e-03 -2.614e-02 0.000e+00
974 -2.910e-02 1.232e-01 2.031e-03 3.902e+01
975 4.598e-03 5.468e-02 7.322e-02 0.000e+00
976 9.941e-03 2.662e-02 -1.310e-02 0.000e+00
977 9.650e-02 -3.317e-03 -7.438e-02 0.000e+00
978 2.257e-02 -7.043e-02 -9.136e-02 0.000e+00
979 4.047e-02 1.292e-02 5.048e-02 0.000e+00
980 6.022e-02 -6.015e-02 4.839e-02 0.000e+00
981 -1.106e-02 3.946e-02 4.590e-02 0.000e+00
982 1.865e-02 4.545e-02 3.431e-03 0.000e+00
983 6.175e-03 -6.437e-02 1.508e-02 0.000e+00
984 4.875e-02 2.158e-02 -7.830e-02 0.000e+00
985 -2.643e-02 3.822e-02 3.807e-02 0.000e+00
986 -7.105e-02 -5.107e-03 4.718e-02 0.000e+00
987 -6.724e-02 -7.736e-02 -1.476e-02 0.000e+00
988 7.392e-02 1.801e-02 -5.526e-02 0.000e+00
989 -7.777e-02 9.562e-02 -6.509e-02 -5.055e+01
990 -1.466e-02 -7.887e-02 5.136e-02 0.000e+00
991 -2.006e-02 -5.574e-02 -6.741e-02 0.000e+00
992 -1.992e-02 -4.751e-02 -3.000e-02 0.000e+00
993 1.015e-01 3.421e-03 3.462e-02 0.000e+00
994 -3.464e-02 -3.727e-02 4.647e-03 0.000e+00
995 -2.995e-02 7.980e-02 -9.109e-02 0.000e+00
996 -7.772e-02 2.433e-02 -4.963e-03 0.000e+00
997 1.674e-02 -8.055e-02 1.982e-02 0.000e+00
998 3.020e-02 -7.356e-02 1.155e-02 0.000e+00
999 -7.542e-02 4.087e-02 2.349e-02 0.000e+00
1000 4.597e-02 -7.368e-02 4.633e-02 0.000e+00
1001 7.447e-02 3.047e-02 6.592e-02 0.000e+00
1002 -3.954e-02 1.985e-02 -2.243e-02 0.000e+00
1003 -7.417e-02 4.962e-02 -3.260e-02 0.000e+00
1004 -3.583e-02 -7.053e-02 2.943e-02 0.000e+00
1005 1.016e-02 6.317e-02 5.603e-02 0.000e+00
1006 3.271e-04 -7.833e-02 -5.525e-02 0.000e+00
1007 1.372e-02 3.472e-02 5.574e-03 0.000e+00
1008 5.574e-02 3.400e-02 -4.631e-02 0.000e+00
1009 6.299e-02 3.359e-02 5.098e-02 0.000e+00
1010 -2.666e-02 1.060e-02 -4.740e-03 0.000e+00
1011 6.262e-02 4.773e-02 9.363e-04 0.000e+00
1012 -1.949e-03 -6.890e-02 5.980e-02 0.000e+00
1013 -2.158e-02 -1.299e-02 1.792e-02 0.000e+00
1014 4.701e-02 3.172e-02 2.017e-02 0.000e+00
1015 -1.141e-01 4.201e-02 -4.230e-02 0.000e+00
1016 1.962e-02 5.634e-03 -5.124e-02 0.000e+00
1017 3.240e-03 3.447e-02 8.288e-02 0.000e+00
1018 -4.276e-02 9.403e-02 -8.439e-02 -7.382e+01
1019 -5.280e-02 -7.510e-02 -3.419e-02 0.000e+00
1020 5.113e-02 2.273e-02 -6.087e-02 0.000e+00
1021 4.072e-02 8.312e-03 5.304e-02 0.000e+00
1022 2.433e-02 -8.131e-02 3.447e-02 0.000e+00
1023 -3.972e-02 -1.487e-03 8.655e-03 0.000e+00
