Bin I L V PA
0 2.925e-03 -4.337e-03 1.120e-03 0.000e+00
1 -1.315e-03 -3.592e-03 3.833e-03 0.000e+00
2 -1.067e-03 3.211e-03 8.635e-04 0.000e+00
3 -1.626e-03 4.903e-04 2.877e-03 0.000e+00
4 5.614e-04 -3.142e-03 7.584e-05 0.000e+00
5 1.084e-02 -3.315e-03 -3.369e-03 0.000e+00
6 -2.187e-03 4.632e-03 5.689e-03 0.000e+00
7 1.136e-02 -3.063e-03 6.625e-04 0.000e+00
8 2.216e-03 4.812e-03 -4.528e-03 0.000e+00
9 -4.105e-04 -4.117e-03 -2.293e-03 0.000e+00
10 1.791e-03 -5.243e-03 1.334e-04 0.000e+00
11 1.683e-03 1.736e-03 2.581e-03 0.000e+00
12 5.734e-03 -4.879e-03 1.419e-03 0.000e+00
13 -1.462e-04 -3.403e-03 5.204e-03 0.000e+00
14 2.127e-03 -4.310e-03 -8.088e-04 0.000e+00
15 4.140e-03 9.479e-03 2.214e-03 1.626e+01
16 1.762e-03 9.424e-04 -3.302e-03 0.000e+00
17 1.683e-03 -1.503e-04 -4.216e-03 0.000e+00
18 7.148e-03 -3.592e-03 -6.493e-04 0.000e+00
19 -3.908e-03 -4.141e-04 -3.135e-03 0.000e+00
20 2.575e-03 -4.035e-03 1.568e-03 0.000e+00
21 1.111e-02 7.127e-03 2.209e-03 -3.845e+01
22 8.748e-03 4.103e-03 -2.415e-03 0.000e+00
23 1.324e-03 4.387e-03 -5.703e-03 0.000e+00
24 3.370e-03 2.516e-03 1.233e-04 0.000e+00
25 -1.167e-03 -1.131e-03 1.220e-03 0.000e+00
26 -1.555e-03 2.752e-03 -6.215e-03 0.000e+00
27 -8.185e-04 2.583e-03 4.332e-04 0.000e+00
28 7.884e-04 2.936e-03 3.385e-04 0.000e+00
29 3.195e-03 -4.986e-03 8.717e-03 0.000e+00
30 7.881e-03 1.766e-04 -1.987e-03 0.000e+00
31 1.031e-03 -1.222e-03 3.756e-03 0.000e+00
32 -2.205e-03 4.429e-04 -4.541e-03 0.000e+00
33 1.421e-04 -5.117e-03 -3.817e-04 0.000e+00
34 1.514e-03 3.129e-03 -4.268e-03 0.000e+00
35 3.277e-04 7.816e-04 -1.584e-04 0.000e+00
36 -3.785e-03 2.209e-03 -2.146e-04 0.000e+00
37 1.616e-03 4.174e-03 1.190e-03 0.000e+00
38 4.498e-03 -7.337e-04 -1.213e-03 0.000e+00
39 5.443e-03 -3.921e-03 7.113e-04 0.000e+00
40 -1.091e-03 -5.225e-03 -3.156e-03 0.000e+00
41 1.111e-02 6.577e-03 -4.266e-03 3.072e+01
42 1.190e-03 5.019e-03 3.808e-04 0.000e+00
43 2.089e-03 -4.985e-03 -2.497e-03 0.000e+00
44 5.618e-03 1.255e-03 -2.613e-03 0.000e+00
45 1.464e-03 -5.097e-03 1.162e-03 0.000e+00
46 -7.789e-03 -4.649e-03 -2.266e-03 0.000e+00
47 6.266e-03 7.059e-03 5.317e-03 8.654e+00
48 5.861e-03 6.883e-04 9.206e-04 0.000e+00
49 -8.955e-04 -3.786e-03 1.712e-03 0.000e+00
50 -1.697e-03 4.855e-03 7.092e-03 0.000e+00
51 2.043e-03 1.570e-03 4.092e-03 0.000e+00
52 1.080e-03 -5.293e-03 1.647e-03 0.000e+00
53 3.126e-04 6.325e-03 -4.123e-03 -8.901e-02
54 -6.503e-05 -5.258e-03 -5.101e-03 0.000e+00
55 3.475e-03 4.273e-03 3.077e-03 0.000e+00
56 2.411e-03 5.616e-03 -3.902e-03 -5.627e+01
57 -4.014e-03 3.535e-03 7.237e-04 0.000e+00
58 -1.664e-04 5.573e-04 2.247e-03 0.000e+00
59 1.198e-03 1.037e-02 -3.739e-03 -7.289e+01
60 6.626e-03 -5.277e-03 -4.090e-03 0.000e+00
61 -9.460e-04 4.299e-03 6.615e-03 0.000e+00
62 -4.530e-03 6.179e-03 3.520e-03 7.065e-01
63 -6.718e-04 3.929e-03 -3.177e-03 0.000e+00
64 5.025e-03 2.763e-03 -1.376e-03 0.000e+00
65 2.464e-04 -3.728e-03 6.155e-03 0.000e+00
66 4.100e-03 1.761e-03 -2.746e-03 0.000e+00
67 6.521e-03 8.411e-04 3.622e-03 0.000e+00
68 4.103e-03 6.711e-04 -9.350e-04 0.000e+00
69 1.898e-03 -3.361e-03 1.656e-03 0.000e+00
70 1.717e-03 3.629e-03 -5.838e-03 0.000e+00
71 -2.979e-04 2.686e-04 9.486e-04 0.000e+00
72 1.851e-03 1.019e-02 -3.004e-03 1.746e+01
73 3.448e-03 -3.055e-03 7.041e-03 0.000e+00
74 7.584e-04 -3.213e-03 -1.854e-03 0.000e+00
75 4.960e-03 3.648e-04 -9.663e-04 0.000e+00
76 -1.864e-04 3.931e-03 -1.595e-03 0.000e+00
77 1.472e-03 2.342e-03 3.182e-03 0.000e+00
78 -1.683e-03 -4.371e-03 3.210e-03 0.000e+00
79 4.750e-03 1.139e-03 2.523e-03 0.000e+00
80 2.838e-03 -4.412e-03 -3.490e-03 0.000e+00
81 4.548e-04 3.701e-03 -6.543e-04 0.000e+00
82 3.396e-03 -5.306e-03 -3.359e-03 0.000e+00
83 -3.654e-03 8.656e-04 5.839e-03 0.000e+00
84 4.783e-03 -4.670e-03 -4.338e-03 0.000e+00
85 7.955e-04 2.691e-03 -5.651e-03 0.000e+00
86 5.640e-03 1.069e-03 4.599e-03 0.000e+00
87 -4.197e-04 -4.265e-03 4.141e-03 0.000e+00
88 -7.731e-04 -4.661e-03 -6.241e-04 0.000e+00
89 3.213e-03 -5.313e-03 -2.096e-03 0.000e+00
90 -2.609e-03 -3.519e-04 1.617e-03 0.000e+00
91 8.454e-03 -5.144e-03 8.789e-04 0.000e+00
92 -2.769e-03 2.461e-04 9.389e-05 0.000e+00
93 3.632e-03 9.541e-04 3.203e-03 0.000e+00
94 2.300e-04 8.611e-03 4.047e-03 -3.790e+01
95 4.251e-03 2.861e-03 3.977e-03 0.000e+00
96 2.996e-03 4.770e-03 4.629e-03 0.000e+00
97 3.003e-03 -3.572e-03 -6.864e-03 0.000e+00
98 -6.321e-04 6.425e-03 4.739e-03 1.558e+00
99 -4.790e-03 8.618e-04 1.265e-03 0.000e+00
100 -8.279e-04 -5.901e-04 -3.500e-03 0.000e+00
101 7.621e-04 -4.982e-03 2.556e-03 0.000e+00
102 2.214e-03 -4.906e-03 -8.941e-03 0.000e+00
103 -3.153e-03 -3.774e-03 -3.309e-03 0.000e+00
104 6.323e-04 6.103e-03 -5.316e-03 5.905e+01
105 2.197e-03 -4.992e-03 -1.030e-03 0.000e+00
106 8.083e-03 1.676e-03 -2.751e-03 0.000e+00
107 -1.248e-03 -2.972e-03 2.118e-03 0.000e+00
108 4.511e-03 9.201e-06 2.038e-04 0.000e+00
109 -2.324e-03 2.486e-03 1.429e-03 0.000e+00
110 2.462e-03 -8.927e-05 -2.740e-03 0.000e+00
111 -1.545e-03 1.637e-03 -6.846e-05 0.000e+00
112 2.368e-03 -5.303e-03 -2.650e-04 0.000e+00
113 -2.994e-03 4.229e-03 -3.719e-03 0.000e+00
114 2.913e-03 -4.601e-03 3.881e-03 0.000e+00
115 -6.256e-03 -4.565e-03 1.923e-04 0.000e+00
116 2.677e-03 6.585e-03 2.571e-03 -2.839e+01
117 -1.230e-03 3.957e-03 5.279e-03 0.000e+00
118 2.419e-03 -3.050e-03 8.037e-04 0.000e+00
119 1.799e-03 1.917e-03 5.048e-03 0.000e+00
120 2.354e-03 -4.901e-03 -4.525e-03 0.000e+00
121 5.306e-03 -5.418e-03 2.002e-03 0.000e+00
122 -1.328e-03 -5.122e-03 -5.027e-04 0.000e+00
123 -2.709e-03 -2.830e-03 -2.354e-03 0.000e+00
124 1.762e-03 2.475e-03 -3.394e-04 0.000e+00
125 4.267e-03 -4.560e-03 3.834e-03 0.000e+00
126 5.750e-04 -2.782e-03 -1.986e-03 0.000e+00
127 4.838e-03 6.181e-03 -1.710e-03 7.164e+01
128 1.852e-06 3.265e-03 1.644e-03 0.000e+00
129 -5.597e-03 -1.105e-03 3.389e-03 0.000e+00
130 -2.640e-03 -1.426e-03 -2.272e-04 0.000e+00
131 2.929e-03 7.467e-04 3.196e-03 0.000e+00
132 -7.664e-04 -5.005e-03 5.731e-03 0.000e+00
133 -4.306e-03 -4.697e-03 -4.141e-05 0.000e+00
134 3.927e-03 -5.263e-03 -8.351e-05 0.000e+00
135 3.889e-03 1.345e-03 2.068e-03 0.000e+00
136 -7.490e-04 9.656e-04 -1.712e-03 0.000e+00
137 2.918e-03 2.539e-03 -1.042e-03 0.000e+00
138 2.351e-03 -5.294e-03 -2.049e-03 0.000e+00
139 -1.704e-04 1.993e-03 4.576e-03 0.000e+00
140 -3.531e-03 -4.254e-05 -1.675e-03 0.000e+00
141 3.673e-03 -5.415e-03 3.038e-03 0.000e+00
142 4.226e-03 -1.106e-04 -1.111e-03 0.000e+00
143 4.151e-03 -4.893e-03 -5.292e-04 0.000e+00
144 -2.707e-03 -4.933e-03 7.352e-03 0.000e+00
145 -7.527e-05 -5.031e-03 3.576e-03 0.000e+00
146 4.258e-03 5.071e-03 2.963e-03 0.000e+00
147 -6.654e-03 -4.796e-03 1.520e-03 0.000e+00
148 1.022e-02 -5.243e-03 4.341e-04 0.000e+00
149 2.755e-03 -1.193e-03 3.600e-03 0.000e+00
150 1.300e-03 6.387e-03 1.801e-03 3.797e+01
151 -1.790e-04 5.822e-03 8.498e-04 -1.028e+01
152 2.365e-03 -4.172e-03 5.663e-04 0.000e+00
153 6.400e-03 4.430e-03 -1.439e-03 0.000e+00
154 -3.485e-04 -4.768e-03 3.047e-03 0.000e+00
155 1.796e-03 -3.482e-03 9.875e-04 0.000e+00
156 -6.576e-04 -5.339e-03 -1.163e-03 0.000e+00
157 4.686e-03 -3.823e-03 -3.904e-03 0.000e+00
158 -2.199e-03 4.866e-03 4.163e-03 0.000e+00
159 3.738e-03 -3.130e-03 4.891e-03 0.000e+00
160 9.348e-04 -3.407e-03 -1.164e-03 0.000e+00
161 5.467e-03 -5.120e-03 -8.087e-03 0.000e+00
162 4.808e-03 -5.308e-03 1.076e-04 0.000e+00
163 6.300e-03 -7.679e-05 6.976e-03 0.000e+00
164 3.501e-03 -5.668e-04 2.382e-03 0.000e+00
165 3.985e-03 4.824e-03 4.105e-03 0.000e+00
166 4.790e-03 -5.119e-03 -1.067e-03 0.000e+00
167 4.766e-03 1.018e-03 6.049e-03 0.000e+00
168 -9.632e-04 -1.557e-03 7.853e-03 0.000e+00
169 -4.637e-03 -5.083e-03 2.759e-03 0.000e+00
170 -1.898e-03 -5.175e-03 1.694e-03 0.000e+00
171 -2.262e-03 -4.731e-03 2.501e-03 0.000e+00
172 1.564e-03 -5.300e-03 6.772e-03 0.000e+00
173 4.320e-03 -4.973e-03 3.482e-03 0.000e+00
174 6.047e-03 3.453e-03 -3.108e-03 0.000e+00
175 2.468e-03 -3.665e-03 3.783e-03 0.000e+00
176 2.152e-03 1.477e-03 -2.328e-03 0.000e+00
177 5.594e-04 -4.610e-03 2.697e-03 0.000e+00
178 3.526e-03 -5.242e-03 -3.250e-03 0.000e+00
179 2.794e-03 1.148e-03 -5.904e-03 0.000e+00
180 2.191e-03 1.552e-03 2.543e-03 0.000e+00
181 2.172e-03 -4.543e-03 -5.705e-04 0.000e+00
182 -6.735e-04 -3.369e-03 -4.491e-03 0.000e+00
183 -3.099e-03 6.835e-03 2.538e-03 -7.066e+01
184 -2.499e-03 -4.609e-03 -1.801e-03 0.000e+00
185 5.336e-03 -4.117e-03 4.550e-04 0.000e+00
186 1.308e-03 -3.790e-03 1.503e-03 0.000e+00
187 -1.274e-03 -5.340e-03 3.483e-03 0.000e+00
188 2.120e-03 1.756e-03 -2.463e-03 0.000e+00
189 1.275e-03 -3.362e-03 7.829e-03 0.000e+00
190 5.618e-03 2.369e-03 4.856e-03 0.000e+00
191 2.594e-03 1.622e-03 -2.419e-06 0.000e+00
192 6.455e-03 3.838e-03 -1.179e-03 0.000e+00
193 2.336e-03 1.921e-03 -4.294e-04 0.000e+00
194 -2.618e-03 -1.296e-03 3.317e-03 0.000e+00
195 -1.520e-03 3.408e-04 4.740e-03 0.000e+00
196 3.492e-03 -4.402e-03 -4.295e-03 0.000e+00
197 -2.617e-04 7.676e-04 4.311e-03 0.000e+00
198 -7.183e-05 -4.271e-03 -3.571e-03 0.000e+00
199 -1.020e-03 -5.103e-03 4.189e-03 0.000e+00
200 -2.532e-03 3.178e-04 5.213e-04 0.000e+00
201 -1.548e-03 2.343e-03 4.251e-04 0.000e+00
202 -1.241e-04 1.909e-03 6.283e-04 0.000e+00
203 2.306e-04 5.150e-04 6.696e-03 0.000e+00
204 1.366e-03 1.134e-04 -3.992e-03 0.000e+00
205 3.224e-03 -3.707e-03 -1.613e-03 0.000e+00
206 4.536e-03 2.174e-04 3.887e-03 0.000e+00
207 3.110e-03 -3.144e-05 5.758e-03 0.000e+00
208 1.009e-04 2.146e-03 -8.384e-05 0.000e+00
209 3.040e-03 -4.642e-03 4.058e-03 0.000e+00
210 -7.453e-04 -3.678e-03 3.145e-04 0.000e+00
211 -1.735e-03 -3.644e-03 -1.473e-03 0.000e+00
212 -1.536e-03 -3.418e-03 9.514e-04 0.000e+00
213 5.773e-03 5.046e-03 4.918e-03 0.000e+00
214 6.791e-04 4.687e-03 3.577e-04 0.000e+00
215 3.403e-03 6.580e-05 -1.771e-03 0.000e+00
216 4.512e-03 1.819e-03 -3.475e-03 0.000e+00
217 -4.426e-03 5.383e-03 -7.236e-04 0.000e+00
218 -4.791e-03 2.822e-03 1.653e-03 0.000e+00
219 -4.329e-03 -1.591e-04 2.151e-03 0.000e+00
220 1.366e-03 6.754e-04 -7.037e-03 0.000e+00
221 1.700e-03 -5.077e-03 -3.082e-03 0.000e+00
222 8.962e-03 1.097e-03 -1.452e-03 0.000e+00
223 3.435e-03 1.276e-03 3.773e-03 0.000e+00
224 8.829e-03 -5.267e-03 3.158e-03 0.000e+00
225 4.252e-04 -4.366e-03 -1.478e-03 0.000e+00
226 -3.402e-04 -4.386e-03 -2.232e-03 0.000e+00
227 3.418e-03 -4.549e-03 -3.247e-03 0.000e+00
228 3.576e-03 -5.354e-03 -1.645e-03 0.000e+00
229 2.938e-03 7.671e-03 1.826e-03 -8.866e+01
230 2.618e-03 -3.858e-03 -5.712e-03 0.000e+00
231 -1.609e-03 2.322e-03 -1.252e-03 0.000e+00
232 -7.248e-03 3.820e-03 8.166e-03 0.000e+00
233 1.041e-03 -2.120e-03 5.844e-03 0.000e+00
234 1.143e-03 7.667e-03 -3.267e-05 -9.233e+01
235 2.129e-03 -2.019e-03 3.760e-03 0.000e+00
236 4.683e-03 5.711e-04 3.704e-03 0.000e+00
237 -1.786e-03 -3.922e-03 2.667e-03 0.000e+00
238 1.344e-03 -3.833e-03 2.701e-03 0.000e+00
239 4.688e-03 4.262e-04 6.404e-03 0.000e+00
240 -1.896e-03 6.772e-03 2.645e-03 -9.916e+01
241 3.737e-03 2.750e-03 5.116e-03 0.000e+00
242 -1.615e-03 1.322e-03 3.739e-03 0.000e+00
243 2.077e-03 1.047e-03 1.690e-03 0.000e+00
244 2.172e-03 -4.284e-05 -1.590e-03 0.000e+00
245 -2.060e-03 -3.983e-03 6.294e-04 0.000e+00
246 7.775e-04 1.102e-03 -2.993e-03 0.000e+00
247 1.750e-03 -4.665e-03 -5.300e-03 0.000e+00
248 7.592e-04 -5.273e-03 2.314e-03 0.000e+00
249 4.331e-03 -5.210e-03 -1.305e-03 0.000e+00
250 -1.752e-03 3.110e-03 7.853e-03 0.000e+00
251 1.835e-03 -2.206e-03 1.974e-03 0.000e+00
252 -3.209e-03 -5.055e-03 -8.391e-04 0.000e+00
253 -2.270e-03 4.349e-03 9.319e-03 0.000e+00
254 2.236e-03 -3.817e-03 -9.642e-04 0.000e+00
255 -3.700e-03 -5.043e-03 -2.208e-03 0.000e+00
256 -4.845e-03 -5.412e-03 -2.326e-03 0.000e+00
257 5.404e-03 -4.586e-03 -4.372e-03 0.000e+00
258 3.149e-03 1.212e-03 -1.860e-04 0.000e+00
259 1.416e-03 -3.997e-03 -2.133e-03 0.000e+00
260 -8.219e-04 -2.983e-04 2.820e-03 0.000e+00
261 1.750e-03 -5.190e-03 -2.073e-03 0.000e+00
262 2.027e-03 1.180e-03 -5.530e-03 0.000e+00
263 3.867e-03 -2.773e-03 7.032e-03 0.000e+00
264 -6.394e-04 -1.602e-03 -3.415e-03 0.000e+00
265 -8.977e-04 1.630e-03 -1.279e-03 0.000e+00
266 -8.291e-04 8.895e-04 4.976e-03 0.000e+00
267 -2.234e-03 3.219e-03 3.132e-03 0.000e+00
268 -5.470e-03 -5.359e-03 -2.728e-03 0.000e+00
269 -7.260e-03 -4.924e-03 6.103e-04 0.000e+00
270 2.279e-03 3.274e-03 -3.960e-03 0.000e+00
271 -2.403e-03 -3.397e-03 8.317e-05 0.000e+00
272 -2.642e-03 3.571e-03 -2.381e-03 0.000e+00
273 2.043e-03 6.528e-04 -2.284e-03 0.000e+00
274 -5.185e-03 -4.608e-03 -1.825e-03 0.000e+00
275 2.795e-03 -4.498e-03 4.883e-05 0.000e+00
276 4.900e-03 2.301e-03 -4.105e-04 0.000e+00
277 -5.657e-03 -4.649e-03 5.335e-03 0.000e+00
278 2.912e-03 -3.486e-03 -3.347e-03 0.000e+00
279 2.482e-03 -1.096e-03 -1.278e-03 0.000e+00
280 1.167e-03 -8.341e-04 -4.543e-04 0.000e+00
281 -1.743e-03 1.545e-03 5.877e-04 0.000e+00
282 -1.677e-04 -4.091e-03 -1.435e-03 0.000e+00
283 4.050e-03 -1.659e-03 8.310e-03 0.000e+00
284 -1.965e-03 1.527e-03 1.498e-03 0.000e+00
285 1.877e-03 -5.401e-03 -9.439e-04 0.000e+00
286 -3.454e-03 1.775e-03 -3.166e-03 0.000e+00
287 -3.692e-04 1.787e-03 -4.037e-04 0.000e+00
288 -2.000e-03 -4.760e-03 6.162e-04 0.000e+00
289 -2.779e-05 4.393e-04 -4.910e-03 0.000e+00
290 3.214e-03 2.416e-04 -3.450e-04 0.000e+00
291 -7.453e-03 4.037e-04 6.792e-03 0.000e+00
292 5.118e-03 2.399e-03 6.746e-04 0.000e+00
293 2.407e-03 -2.402e-03 -1.178e-03 0.000e+00
294 -1.259e-03 -4.774e-03 -1.712e-03 0.000e+00
295 -6.800e-03 -5.152e-03 4.350e-03 0.000e+00
296 -3.910e-05 3.046e-03 -6.359e-04 0.000e+00
297 3.044e-03 -3.684e-03 -1.636e-03 0.000e+00
298 -2.668e-04 1.245e-04 -1.692e-03 0.000e+00
299 -2.322e-03 3.124e-06 -3.933e-03 0.000e+00
300 1.915e-03 3.121e-03 1.587e-03 0.000e+00
301 2.300e-04 -3.058e-03 5.133e-03 0.000e+00
302 -2.199e-03 -4.011e-03 1.011e-03 0.000e+00
303 1.815e-03 1.811e-03 6.189e-03 0.000e+00
304 -5.027e-03 3.545e-03 -1.671e-03 0.000e+00
305 1.771e-03 -4.461e-03 1.054e-03 0.000e+00
306 -2.962e-03 1.032e-03 6.899e-03 0.000e+00
307 -5.133e-03 -8.952e-04 -5.316e-03 0.000e+00
308 1.811e-03 -4.454e-03 1.202e-03 0.000e+00
309 -3.998e-03 2.468e-03 -3.266e-03 0.000e+00
310 1.625e-03 -5.078e-03 -5.944e-03 0.000e+00
311 -4.165e-03 -4.129e-03 -1.932e-03 0.000e+00
312 7.904e-03 -3.973e-03 -2.377e-03 0.000e+00
313 2.877e-03 1.939e-03 -2.514e-03 0.000e+00
314 -7.231e-04 -3.512e-03 -1.630e-03 0.000e+00
315 -4.346e-03 -5.386e-03 6.201e-03 0.000e+00
316 -2.774e-03 3.186e-03 -1.482e-03 0.000e+00
317 -9.529e-04 -4.947e-03 -3.644e-03 0.000e+00
318 -2.582e-04 4.667e-04 3.551e-03 0.000e+00
319 -2.971e-03 -8.666e-04 2.120e-03 0.000e+00
320 -2.340e-03 -4.295e-03 -1.085e-03 0.000e+00
321 5.010e-03 3.168e-03 -4.535e-03 0.000e+00
322 -9.623e-05 -6.476e-04 4.107e-03 0.000e+00
323 -4.163e-03 5.850e-04 -2.911e-03 0.000e+00
324 -3.023e-03 -5.205e-03 7.960e-04 0.000e+00
325 -2.580e-03 1.173e-04 1.177e-03 0.000e+00
326 4.920e-04 1.501e-03 5.433e-04 0.000e+00
327 -2.928e-03 2.232e-03 -9.784e-04 0.000e+00
328 2.191e-03 -7.513e-04 -2.259e-03 0.000e+00
329 -1.754e-03 9.344e-04 1.119e-02 0.000e+00
330 -4.731e-03 1.378e-03 5.196e-03 0.000e+00
331 5.771e-03 6.703e-04 4.037e-03 0.000e+00
332 3.191e-03 5.034e-04 2.730e-03 0.000e+00
333 4.884e-03 4.387e-03 -2.281e-03 0.000e+00
334 1.467e-04 -3.974e-03 -5.056e-04 0.000e+00
335 -3.905e-03 1.363e-03 -1.170e-03 0.000e+00
336 -3.075e-03 -4.901e-03 6.863e-03 0.000e+00
337 6.085e-03 2.933e-03 3.338e-03 0.000e+00
338 6.502e-04 -4.234e-03 3.447e-03 0.000e+00
339 4.469e-03 -4.847e-03 -1.454e-03 0.000e+00
340 -2.742e-03 -3.811e-03 2.370e-03 0.000e+00
341 -6.163e-03 4.188e-03 2.283e-04 0.000e+00
342 -2.889e-03 -4.990e-03 3.990e-03 0.000e+00
343 -1.317e-03 1.010e-03 7.488e-03 0.000e+00
344 5.129e-03 2.652e-03 -1.277e-04 0.000e+00
345 2.267e-03 -3.528e-03 -2.300e-03 0.000e+00
346 -1.020e-03 4.810e-03 3.373e-03 0.000e+00
347 -6.412e-03 6.404e-04 -6.546e-03 0.000e+00
348 -8.625e-03 8.824e-04 -5.152e-03 0.000e+00
349 7.972e-04 -2.321e-04 -5.540e-04 0.000e+00
350 -5.801e-03 3.824e-03 6.407e-03 0.000e+00
351 2.222e-04 3.540e-03 2.169e-03 0.000e+00
352 -7.838e-04 1.475e-03 4.999e-03 0.000e+00
353 2.065e-03 -5.291e-03 -2.827e-04 0.000e+00
354 -1.672e-04 2.475e-03 -2.287e-03 0.000e+00
355 -3.436e-03 -4.560e-03 -5.864e-03 0.000e+00
356 2.270e-03 -5.127e-03 1.934e-03 0.000e+00
357 6.404e-03 -5.405e-03 -5.727e-04 0.000e+00
358 2.275e-03 3.610e-03 -4.264e-03 0.000e+00
359 7.902e-03 4.361e-04 5.285e-03 0.000e+00
360 -2.063e-03 -1.493e-03 -4.772e-04 0.000e+00
361 -3.534e-03 -5.375e-03 3.739e-03 0.000e+00
362 -1.892e-03 2.987e-03 -1.276e-03 0.000e+00
363 -5.318e-03 1.122e-03 -1.843e-03 0.000e+00
364 2.717e-03 1.477e-03 -5.158e-04 0.000e+00
365 -4.719e-03 -5.676e-04 3.931e-03 0.000e+00
366 -9.616e-03 1.630e-03 -3.684e-03 0.000e+00
367 -2.156e-03 -3.408e-03 4.120e-04 0.000e+00
368 1.242e-03 -5.016e-03 1.168e-03 0.000e+00
369 -2.109e-03 -5.270e-03 -2.778e-03 0.000e+00
370 -4.895e-03 2.276e-03 2.859e-03 0.000e+00
371 7.541e-03 3.403e-03 5.971e-03 0.000e+00
372 -4.519e-03 -4.429e-03 3.903e-03 0.000e+00
373 4.203e-03 8.933e-04 -8.978e-04 0.000e+00
374 -4.564e-03 6.308e-03 -3.926e-03 -9.757e+01
375 4.954e-04 3.081e-03 8.037e-04 0.000e+00
376 -4.933e-05 1.735e-03 -5.996e-04 0.000e+00
377 -6.340e-04 -4.907e-03 -3.569e-04 0.000e+00
378 7.998e-03 -5.358e-03 -1.148e-03 0.000e+00
379 -7.710e-03 1.845e-03 3.522e-03 0.000e+00
380 -1.390e-03 -2.545e-03 -7.048e-05 0.000e+00
381 -1.227e-03 -1.642e-05 1.320e-03 0.000e+00
382 -7.868e-03 -4.117e-03 7.229e-03 0.000e+00
383 1.078e-03 -3.481e-03 3.921e-04 0.000e+00
384 -2.219e-03 6.361e-03 -2.549e-03 -9.564e+00
385 -4.284e-03 7.322e-03 -5.954e-04 -7.483e+01
386 -2.019e-03 -4.930e-03 -5.132e-03 0.000e+00
387 4.069e-04 3.336e-03 -3.059e-04 0.000e+00
388 1.356e-03 3.853e-03 2.830e-03 0.000e+00
389 3.801e-03 -4.482e-03 -5.172e-04 0.000e+00
390 -9.302e-04 -5.347e-03 3.289e-03 0.000e+00
391 -6.275e-05 3.724e-04 3.227e-03 0.000e+00
392 -8.020e-04 2.879e-03 -7.429e-04 0.000e+00
393 -6.788e-04 -3.903e-03 -5.368e-03 0.000e+00
394 5.379e-04 -6.063e-04 -1.301e-03 0.000e+00
395 4.231e-04 -5.054e-03 8.293e-04 0.000e+00
396 2.571e-04 -4.683e-03 -6.172e-05 0.000e+00
397 7.231e-05 3.056e-03 4.267e-04 0.000e+00
398 3.424e-03 3.519e-03 -1.191e-03 0.000e+00
399 -2.266e-03 -2.886e-03 -1.747e-03 0.000e+00
400 -1.476e-03 2.684e-03 1.429e-03 0.000e+00
401 -2.284e-03 1.238e-03 -8.748e-04 0.000e+00
402 2.372e-03 -3.024e-03 2.106e-03 0.000e+00
403 8.274e-04 -3.470e-03 6.507e-03 0.000e+00
404 6.301e-03 3.370e-04 5.023e-03 0.000e+00
405 -7.740e-04 -3.343e-03 4.046e-03 0.000e+00
406 -4.956e-03 -3.750e-03 -2.858e-03 0.000e+00
407 6.129e-03 1.029e-03 7.332e-03 0.000e+00
408 2.099e-03 -4.725e-03 5.891e-03 0.000e+00
409 -4.569e-03 4.757e-03 -1.327e-03 0.000e+00
410 1.766e-03 5.193e-03 1.033e-03 0.000e+00
411 -5.925e-03 -4.370e-03 -5.664e-03 0.000e+00
412 -1.653e-03 -5.010e-03 -9.412e-03 0.000e+00
413 1.217e-03 -4.330e-03 -7.409e-04 0.000e+00
414 -2.234e-04 -4.882e-03 -6.971e-03 0.000e+00
415 -1.944e-03 -5.219e-03 5.972e-03 0.000e+00
416 -8.886e-03 -2.664e-03 -1.407e-03 0.000e+00
417 -2.816e-03 -5.010e-03 -6.757e-04 0.000e+00
418 -1.703e-03 -5.602e-05 -2.114e-03 0.000e+00
419 -2.329e-03 -3.405e-03 5.416e-03 0.000e+00
420 1.597e-04 2.935e-03 7.004e-03 0.000e+00
421 -3.634e-03 -3.629e-03 3.110e-03 0.000e+00
422 1.345e-03 -4.462e-03 -3.848e-03 0.000e+00
423 -9.698e-03 4.767e-03 4.319e-03 0.000e+00
424 -2.650e-03 3.982e-03 1.509e-03 0.000e+00
425 -1.846e-05 1.055e-03 1.968e-03 0.000e+00
426 -3.383e-03 9.365e-03 9.882e-05 -9.594e+01
427 -6.362e-03 3.234e-03 3.220e-04 0.000e+00
428 -7.370e-03 -5.131e-03 3.036e-03 0.000e+00
429 1.386e-03 4.575e-04 -6.473e-03 0.000e+00
430 2.580e-03 -4.453e-03 1.938e-03 0.000e+00
431 2.034e-03 3.281e-03 3.408e-03 0.000e+00
432 -1.265e-03 9.422e-03 2.448e-03 2.039e+01
433 -2.803e-03 3.535e-03 1.985e-03 0.000e+00
434 -3.290e-03 8.810e-05 -2.290e-04 0.000e+00
435 -5.132e-03 3.209e-03 -3.397e-03 0.000e+00
436 -3.644e-03 -4.013e-03 5.584e-04 0.000e+00
437 4.226e-04 -4.277e-03 1.229e-03 0.000e+00
438 -1.470e-03 1.523e-03 -1.152e-03 0.000e+00
439 -5.593e-03 -4.406e-03 -1.039e-03 0.000e+00
440 1.680e-03 -7.390e-04 -4.033e-03 0.000e+00
441 3.103e-03 3.741e-03 -1.389e-03 0.000e+00
442 -2.755e-03 -3.857e-03 -2.676e-04 0.000e+00
443 -2.735e-03 -5.384e-03 -1.592e-03 0.000e+00
444 -3.095e-03 1.023e-03 6.887e-03 0.000e+00
445 6.168e-04 2.906e-03 5.537e-03 0.000e+00
446 -2.643e-03 -4.699e-03 3.975e-03 0.000e+00
447 -7.896e-04 5.731e-03 -3.792e-04 -6.814e+00
448 3.865e-03 1.294e-03 2.069e-03 0.000e+00
449 -2.440e-03 -4.981e-03 3.507e-03 0.000e+00
450 -2.740e-03 6.009e-03 2.278e-04 4.745e+01
451 3.272e-03 6.231e-03 -1.165e-03 -8.323e+01
452 2.034e-03 -4.249e-03 2.957e-03 0.000e+00
453 -4.227e-03 -3.799e-03 -2.373e-04 0.000e+00
454 5.241e-03 4.517e-03 8.166e-04 0.000e+00
455 -4.717e-03 -4.916e-03 -3.101e-03 0.000e+00
456 1.729e-03 8.834e-04 -3.731e-03 0.000e+00
457 -2.629e-03 1.696e-03 -3.895e-03 0.000e+00
458 -5.509e-03 -4.885e-03 -6.463e-04 0.000e+00
459 -5.163e-03 1.390e-03 1.201e-03 0.000e+00
460 -1.304e-03 -5.179e-03 2.377e-03 0.000e+00
461 -7.909e-03 4.327e-03 1.445e-04 0.000e+00
462 -3.777e-03 -3.577e-03 7.043e-03 0.000e+00
463 -6.099e-03 4.824e-03 6.080e-03 0.000e+00
464 9.412e-04 3.439e-04 -5.696e-03 0.000e+00
465 7.869e-04 2.482e-03 -3.042e-03 0.000e+00
466 2.586e-04 5.749e-03 2.701e-03 -9.118e+01
467 -3.143e-03 4.117e-03 -6.120e-03 0.000e+00
468 -3.630e-03 1.632e-03 -2.679e-03 0.000e+00
469 6.890e-03 3.094e-03 -1.731e-03 0.000e+00
470 -2.566e-04 1.860e-03 -4.125e-03 0.000e+00
471 2.109e-03 -5.135e-03 -4.901e-03 0.000e+00
472 -2.999e-03 -4.758e-03 5.611e-03 0.000e+00
473 -1.818e-03 7.350e-03 3.724e-04 1.206e+01
474 -2.181e-03 -5.353e-03 -5.884e-04 0.000e+00
475 -1.223e-03 5.690e-03 6.421e-03 7.783e+01
476 2.153e-03 2.474e-03 8.179e-03 0.000e+00
477 4.017e-03 2.834e-03 4.790e-03 0.000e+00
478 3.048e-05 2.367e-04 4.262e-03 0.000e+00
479 -2.550e-03 1.763e-03 -2.794e-03 0.000e+00
480 2.300e-03 -5.218e-03 -3.947e-03 0.000e+00
481 8.159e-04 2.343e-03 1.564e-03 0.000e+00
482 -3.930e-04 5.024e-04 -3.794e-03 0.000e+00
483 -6.662e-04 4.588e-03 5.053e-03 0.000e+00
484 1.875e-03 1.804e-03 -1.142e-03 0.000e+00
485 -4.283e-03 3.684e-04 5.502e-04 0.000e+00
486 -6.114e-03 4.153e-03 -4.120e-04 0.000e+00
487 -5.166e-03 2.911e-03 -7.694e-04 0.000e+00
488 -3.540e-03 4.521e-03 6.902e-04 0.000e+00
489 -3.424e-03 -5.562e-04 2.374e-03 0.000e+00
490 8.606e-04 5.006e-03 -6.883e-04 0.000e+00
491 -2.448e-04 1.792e-03 2.612e-03 0.000e+00
492 -6.748e-03 7.176e-03 -2.443e-03 1.523e+01
493 2.753e-03 3.645e-03 -1.058e-04 0.000e+00
494 3.822e-03 4.605e-03 2.150e-03 0.000e+00
495 3.401e-04 1.712e-03 6.533e-03 0.000e+00
496 -1.100e-02 -5.281e-03 2.220e-03 0.000e+00
497 -4.836e-03 1.318e-03 5.074e-03 0.000e+00
498 4.079e-03 -5.041e-03 -6.044e-03 0.000e+00
499 1.374e-03 3.801e-03 8.138e-04 0.000e+00
500 -1.008e-03 3.029e-04 -2.475e-03 0.000e+00
501 -2.121e-03 1.969e-03 5.463e-03 0.000e+00
502 8.251e-04 -4.201e-03 5.387e-03 0.000e+00
503 -3.786e-03 -5.104e-03 -7.312e-04 0.000e+00
504 -4.262e-03 -5.323e-03 -1.081e-03 0.000e+00
505 -4.531e-03 -2.831e-03 -2.097e-04 0.000e+00
506 -2.485e-03 2.607e-03 -5.435e-03 0.000e+00
507 5.901e-03 -6.643e-05 -6.223e-04 0.000e+00
508 -5.705e-03 3.701e-04 2.500e-03 0.000e+00
509 -5.143e-03 9.605e-04 6.254e-03 0.000e+00
510 1.119e-03 9.144e-04 -5.768e-03 0.000e+00
511 3.576e-03 2.897e-03 2.650e-03 0.000e+00
512 2.305e-03 -4.782e-03 1.247e-03 0.000e+00
513 4.129e-04 3.036e-03 8.922e-04 0.000e+00
514 -2.468e-04 -4.495e-03 -2.326e-03 0.000e+00
515 -1.034e-03 4.692e-03 2.616e-03 0.000e+00
516 -4.423e-03 -3.363e-03 -5.269e-03 0.000e+00
517 -2.286e-03 1.538e-03 3.614e-05 0.000e+00
518 -3.280e-03 -4.180e-03 -2.647e-05 0.000e+00
519 2.116e-03 2.960e-03 -4.917e-03 0.000e+00
520 6.162e-04 1.767e-03 -2.310e-03 0.000e+00
521 2.880e-03 -5.326e-03 -6.275e-03 0.000e+00
522 -7.481e-03 -4.707e-03 -4.758e-03 0.000e+00
523 -3.929e-03 -4.753e-03 5.767e-03 0.000e+00
524 -1.634e-03 -4.786e-03 1.142e-03 0.000e+00
525 2.351e-03 7.272e-04 9.795e-04 0.000e+00
526 -5.188e-03 -4.417e-04 1.834e-03 0.000e+00
527 -5.479e-03 -3.694e-03 -1.547e-03 0.000e+00
528 8.734e-04 -5.390e-03 1.145e-03 0.000e+00
529 -3.035e-03 -5.245e-03 3.064e-03 0.000e+00
530 1.055e-03 4.143e-03 6.220e-03 0.000e+00
531 5.957e-05 1.985e-03 2.841e-03 0.000e+00
532 -8.629e-04 -4.503e-03 7.412e-04 0.000e+00
533 -2.557e-03 5.634e-03 -2.857e-03 7.295e+01
534 -3.541e-03 -4.999e-03 1.751e-03 0.000e+00
535 6.545e-03 -7.587e-05 1.802e-03 0.000e+00
536 3.744e-03 -5.372e-03 4.062e-03 0.000e+00
537 6.718e-04 9.993e-04 -1.274e-03 0.000e+00
538 4.684e-03 -4.400e-03 1.595e-05 0.000e+00
539 -1.286e-03 2.592e-03 3.862e-04 0.000e+00
540 -8.293e-03 -2.900e-03 7.354e-03 0.000e+00
541 -3.597e-04 -2.770e-03 4.260e-03 0.000e+00
542 -5.726e-03 3.233e-03 -7.620e-03 0.000e+00
543 -5.298e-03 2.236e-04 6.686e-04 0.000e+00
544 6.935e-04 4.044e-04 -3.793e-03 0.000e+00
545 -6.333e-03 9.178e-04 -2.410e-03 0.000e+00
546 -4.010e-03 -5.393e-03 4.303e-05 0.000e+00
547 -2.417e-03 -4.251e-04 -2.697e-03 0.000e+00
548 -4.017e-03 9.058e-04 4.886e-04 0.000e+00
549 -1.224e-03 5.106e-03 2.106e-03 0.000e+00
550 -6.695e-04 4.063e-03 4.827e-05 0.000e+00
551 2.490e-03 3.938e-03 -3.018e-03 0.000e+00
552 -8.839e-04 2.295e-03 1.065e-03 0.000e+00
553 4.184e-03 -3.758e-03 -1.649e-03 0.000e+00
554 -2.307e-03 -2.829e-03 -5.207e-03 0.000e+00
555 -1.493e-03 3.512e-03 8.420e-04 0.000e+00
556 2.875e-03 -5.230e-03 1.529e-03 0.000e+00
557 5.200e-03 1.299e-03 -1.422e-03 0.000e+00
558 -1.545e-03 3.769e-03 1.792e-03 0.000e+00
559 -4.882e-03 3.162e-03 3.829e-03 0.000e+00
560 -1.421e-04 1.942e-03 -2.327e-03 0.000e+00
561 3.082e-03 2.505e-03 -4.409e-03 0.000e+00
562 -2.510e-03 2.777e-03 4.667e-03 0.000e+00
563 -5.188e-04 -3.260e-03 1.683e-03 0.000e+00
564 7.854e-04 -5.073e-03 4.108e-03 0.000e+00
565 -3.154e-03 -3.830e-03 3.041e-04 0.000e+00
566 -5.850e-04 3.581e-03 1.754e-03 0.000e+00
567 -7.298e-03 4.481e-03 8.590e-03 0.000e+00
568 -4.311e-03 1.428e-03 -7.002e-03 0.000e+00
569 -8.075e-04 -3.045e-04 -2.342e-03 0.000e+00
570 -2.362e-03 -4.712e-03 3.868e-03 0.000e+00
571 -5.208e-03 9.571e-05 4.840e-03 0.000e+00
572 -4.206e-03 6.998e-04 -7.894e-04 0.000e+00
573 -4.329e-03 -5.152e-05 2.536e-03 0.000e+00
574 -2.153e-03 -4.521e-03 9.293e-04 0.000e+00
575 4.397e-03 -1.794e-03 -1.052e-03 0.000e+00
576 -7.621e-04 1.736e-03 5.183e-03 0.000e+00
577 -7.079e-03 2.913e-03 1.348e-04 0.000e+00
578 8.251e-04 2.177e-03 -1.320e-03 0.000e+00
579 -4.590e-03 1.136e-03 9.694e-04 0.000e+00
580 2.189e-03 1.476e-03 -2.137e-03 0.000e+00
581 -2.950e-03 -3.781e-03 -1.043e-03 0.000e+00
582 -1.519e-03 1.706e-03 -9.639e-04 0.000e+00
583 -4.173e-03 -4.663e-03 3.916e-04 0.000e+00
584 -3.280e-04 -4.972e-03 -3.345e-04 0.000e+00
585 -4.557e-03 -5.410e-03 -5.979e-03 0.000e+00
586 5.286e-03 -5.045e-03 3.900e-03 0.000e+00
587 3.643e-04 -4.774e-03 4.657e-03 0.000e+00
588 -1.245e-03 -3.786e-03 -5.995e-04 0.000e+00
589 -2.186e-03 -3.417e-03 -1.087e-03 0.000e+00
590 2.559e-03 -5.407e-03 2.957e-03 0.000e+00
591 1.036e-04 2.865e-03 4.001e-03 0.000e+00
592 -2.816e-03 -4.067e-03 3.022e-03 0.000e+00
593 -7.369e-04 -3.171e-03 -3.865e-03 0.000e+00
594 2.074e-03 -4.901e-03 -2.257e-03 0.000e+00
595 1.843e-03 -5.281e-03 2.397e-03 0.000e+00
596 -8.500e-05 9.146e-03 -1.848e-03 -4.346e+01
597 -9.120e-04 6.504e-03 3.417e-03 1.127e+01
598 -3.286e-03 2.423e-03 5.455e-03 0.000e+00
599 -5.358e-03 -4.811e-03 -1.617e-03 0.000e+00
600 -4.942e-04 -4.487e-03 -5.251e-04 0.000e+00
601 -7.646e-03 1.926e-03 -5.215e-04 0.000e+00
602 -8.597e-03 4.507e-03 -1.581e-03 0.000e+00
603 -3.249e-03 7.326e-04 1.531e-03 0.000e+00
604 -4.293e-03 3.220e-03 5.534e-03 0.000e+00
605 -2.333e-03 -4.967e-03 -4.908e-03 0.000e+00
606 -2.770e-03 3.178e-03 4.413e-04 0.000e+00
607 -3.239e-03 5.354e-03 -2.386e-03 0.000e+00
608 -3.337e-03 3.617e-03 7.144e-04 0.000e+00
609 -8.729e-04 -5.240e-03 -4.017e-03 0.000e+00
610 -2.537e-03 1.742e-03 5.674e-03 0.000e+00
611 1.151e-03 7.753e-04 2.145e-03 0.000e+00
612 -5.189e-03 5.118e-03 2.945e-03 0.000e+00
613 3.770e-03 -5.218e-03 -4.156e-03 0.000e+00
614 5.592e-05 -4.388e-03 -1.539e-03 0.000e+00
615 -9.234e-03 6.828e-04 -3.079e-03 0.000e+00
616 1.954e-04 1.503e-03 4.183e-03 0.000e+00
617 -2.222e-03 6.763e-04 -1.429e-03 0.000e+00
618 -4.689e-03 -5.271e-03 -6.039e-03 0.000e+00
619 -1.392e-04 -3.928e-03 -7.199e-03 0.000e+00
620 -5.147e-03 -5.002e-03 5.541e-03 0.000e+00
621 2.630e-04 -2.141e-03 2.464e-04 0.000e+00
622 5.243e-03 -7.595e-04 5.205e-03 0.000e+00
623 -4.787e-04 5.230e-03 1.581e-03 0.000e+00
624 -3.521e-03 -4.684e-03 1.343e-03 0.000e+00
625 -6.318e-03 6.123e-03 -1.620e-03 4.065e+01
626 5.649e-03 -4.832e-03 -1.770e-03 0.000e+00
627 4.900e-03 -1.080e-03 -3.391e-03 0.000e+00
628 -4.214e-03 2.185e-03 2.375e-03 0.000e+00
629 7.001e-04 1.304e-03 -3.259e-03 0.000e+00
630 -1.975e-03 -1.015e-03 -5.665e-03 0.000e+00
631 2.776e-03 4.415e-03 2.197e-03 0.000e+00
632 3.088e-03 5.740e-04 8.732e-03 0.000e+00
633 2.719e-03 8.435e-04 -1.305e-03 0.000e+00
634 -4.020e-03 4.582e-03 -1.590e-03 0.000e+00
635 -2.072e-04 2.781e-03 -4.061e-04 0.000e+00
636 4.022e-03 5.358e-03 -2.289e-03 0.000e+00
637 -1.403e-03 -2.973e-04 4.405e-03 0.000e+00
638 -1.762e-03 -5.301e-03 -1.468e-03 0.000e+00
639 -2.403e-03 -5.371e-04 2.269e-03 0.000e+00
640 -3.432e-03 2.272e-03 5.983e-03 0.000e+00
641 -6.310e-03 3.144e-03 3.755e-03 0.000e+00
642 -1.132e-03 4.410e-04 -1.365e-03 0.000e+00
643 -6.114e-03 1.068e-03 6.132e-03 0.000e+00
644 -3.935e-04 -5.308e-03 -1.669e-03 0.000e+00
645 -5.582e-03 1.436e-03 5.094e-03 0.000e+00
646 -5.311e-03 -4.361e-03 -2.230e-03 0.000e+00
647 -5.328e-04 -2.725e-03 -2.747e-03 0.000e+00
648 -6.117e-04 -3.879e-03 -1.364e-03 0.000e+00
649 2.635e-03 3.513e-03 5.673e-04 0.000e+00
650 -1.795e-03 -5.395e-03 -4.040e-03 0.000e+00
651 -1.727e-03 -6.129e-04 -1.600e-03 0.000e+00
652 -4.607e-03 -5.015e-03 4.267e-03 0.000e+00
653 -8.828e-04 3.835e-03 1.664e-03 0.000e+00
654 -2.691e-03 1.496e-03 -5.511e-04 0.000e+00
655 -1.021e-03 -4.917e-03 1.524e-04 0.000e+00
656 4.190e-03 -4.765e-03 -1.497e-03 0.000e+00
657 -1.512e-03 -4.354e-03 1.035e-03 0.000e+00
658 -3.378e-03 -1.122e-03 5.179e-04 0.000e+00
659 -1.260e-03 5.909e-03 -2.236e-03 7.074e+01
660 -9.533e-04 -5.158e-03 -8.643e-03 0.000e+00
661 5.305e-04 -5.169e-03 -1.126e-03 0.000e+00
662 -3.391e-03 -4.896e-03 4.304e-03 0.000e+00
663 -1.897e-03 3.878e-03 -1.576e-04 0.000e+00
664 7.482e-03 -4.380e-03 -1.103e-03 0.000e+00
665 5.867e-04 2.258e-03 -2.136e-03 0.000e+00
666 1.318e-04 -4.686e-03 1.054e-02 0.000e+00
667 4.542e-03 -4.984e-03 -5.167e-03 0.000e+00
668 5.402e-03 -4.932e-03 -3.107e-03 0.000e+00
669 2.726e-03 -3.113e-03 2.513e-03 0.000e+00
670 -2.329e-03 3.065e-04 -3.936e-03 0.000e+00
671 2.761e-04 -2.149e-03 -1.406e-03 0.000e+00
672 1.922e-03 -4.684e-03 4.176e-04 0.000e+00
673 7.392e-04 -4.716e-03 8.193e-05 0.000e+00
674 -1.852e-06 5.411e-03 -3.727e-03 0.000e+00
675 1.798e-03 2.666e-04 1.412e-03 0.000e+00
676 -1.514e-03 -3.423e-03 -7.674e-04 0.000e+00
677 -5.184e-03 1.880e-03 2.096e-03 0.000e+00
678 -2.912e-03 -2.918e-03 2.641e-03 0.000e+00
679 -3.324e-03 -5.103e-03 2.602e-03 0.000e+00
680 -1.169e-03 3.710e-04 -4.329e-03 0.000e+00
681 1.157e-03 3.643e-04 3.279e-03 0.000e+00
682 -2.947e-03 -5.395e-03 6.553e-03 0.000e+00
683 -2.408e-03 4.011e-03 -1.204e-03 0.000e+00
684 1.368e-03 -2.870e-03 3.534e-03 0.000e+00
685 -2.444e-03 1.518e-03 -2.201e-03 0.000e+00
686 -1.185e-04 3.391e-04 -6.710e-03 0.000e+00
687 -2.610e-03 -3.291e-03 -2.004e-03 0.000e+00
688 4.940e-04 -1.199e-03 -1.068e-04 0.000e+00
689 2.697e-03 7.996e-04 -1.415e-03 0.000e+00
690 -5.023e-03 -5.347e-03 2.950e-03 0.000e+00
691 -3.106e-03 -4.890e-03 4.892e-03 0.000e+00
692 6.430e-04 -4.824e-03 1.996e-03 0.000e+00
693 -1.162e-03 -4.876e-03 -1.796e-03 0.000e+00
694 2.375e-03 1.347e-03 7.623e-04 0.000e+00
695 -1.762e-03 4.291e-03 -3.899e-03 0.000e+00
696 -4.592e-04 7.231e-04 -8.110e-03 0.000e+00
697 7.298e-04 5.706e-03 1.308e-03 7.511e+01
698 5.146e-03 1.988e-03 1.144e-03 0.000e+00
699 -1.218e-03 -6.492e-04 -1.269e-04 0.000e+00
700 -4.567e-03 6.956e-03 -3.655e-03 7.308e+01
701 -3.325e-03 6.929e-05 4.068e-03 0.000e+00
702 1.326e-03 4.062e-03 1.289e-03 0.000e+00
703 1.580e-04 -5.074e-03 -1.220e-03 0.000e+00
704 3.222e-03 1.455e-03 -4.097e-03 0.000e+00
705 -3.371e-03 7.897e-04 1.191e-03 0.000e+00
706 5.093e-03 2.627e-04 -2.558e-03 0.000e+00
707 5.961e-03 -4.430e-04 5.857e-03 0.000e+00
708 5.031e-03 5.420e-03 -3.575e-03 0.000e+00
709 1.452e-04 3.115e-03 -1.439e-03 0.000e+00
710 -1.672e-03 -4.682e-03 1.031e-03 0.000e+00
711 -1.609e-03 -4.955e-03 -7.311e-04 0.000e+00
712 -1.689e-03 -4.693e-03 -7.524e-04 0.000e+00
713 1.513e-03 3.070e-03 2.477e-04 0.000e+00
714 -3.144e-03 7.117e-03 8.603e-04 4.762e+01
715 1.603e-03 5.276e-03 -4.196e-03 0.000e+00
716 -4.016e-04 7.640e-04 3.428e-05 0.000e+00
717 -1.722e-03 4.389e-04 -4.520e-04 0.000e+00
718 -5.365e-03 -3.376e-03 3.032e-03 0.000e+00
719 -8.481e-03 3.311e-03 1.486e-03 0.000e+00
720 1.706e-03 -4.428e-03 2.920e-03 0.000e+00
721 2.294e-04 2.887e-03 2.012e-03 0.000e+00
722 -2.575e-03 3.162e-03 3.779e-03 0.000e+00
723 -3.487e-03 -5.888e-04 3.653e-03 0.000e+00
724 -8.033e-03 -4.812e-03 3.680e-03 0.000e+00
725 -2.362e-03 -5.263e-03 2.019e-03 0.000e+00
726 2.307e-04 -3.922e-03 2.630e-04 0.000e+00
727 -2.289e-03 3.812e-03 1.747e-03 0.000e+00
728 -4.208e-03 1.926e-03 -5.399e-03 0.000e+00
729 -4.547e-03 5.406e-03 1.379e-03 0.000e+00
730 -9.339e-04 4.267e-03 4.949e-03 0.000e+00
731 -3.495e-04 4.986e-03 -1.896e-03 0.000e+00
732 -4.291e-03 -3.329e-03 -1.418e-03 0.000e+00
733 -4.274e-03 -5.099e-03 3.224e-03 0.000e+00
734 -3.226e-03 8.187e-04 -3.889e-03 0.000e+00
735 9.718e-04 -5.381e-03 -5.610e-03 0.000e+00
736 -3.008e-03 -4.609e-03 3.663e-04 0.000e+00
737 -1.992e-03 -4.931e-03 -2.921e-03 0.000e+00
738 1.506e-03 -5.278e-03 -2.569e-03 0.000e+00
739 -2.240e-03 -4.516e-03 9.331e-05 0.000e+00
740 6.062e-03 3.042e-03 -1.898e-03 0.000e+00
741 4.215e-03 -5.174e-03 -3.120e-03 0.000e+00
742 2.079e-05 -1.627e-04 3.063e-03 0.000e+00
743 -9.093e-04 -3.979e-03 -1.169e-04 0.000e+00
744 2.637e-03 3.399e-03 -5.762e-03 0.000e+00
745 6.861e-03 -5.199e-03 -4.735e-03 0.000e+00
746 -3.927e-03 1.352e-03 1.489e-03 0.000e+00
747 2.739e-03 2.544e-03 1.720e-03 0.000e+00
748 1.898e-03 9.890e-03 -6.090e-04 1.022e+01
749 -7.268e-03 1.477e-03 -2.424e-03 0.000e+00
750 -5.491e-03 1.198e-03 2.484e-03 0.000e+00
751 -3.118e-04 -5.193e-03 2.611e-03 0.000e+00
752 -4.624e-03 1.243e-03 -2.553e-03 0.000e+00
753 -1.746e-03 1.580e-03 -1.727e-03 0.000e+00
754 -2.947e-03 -3.171e-03 1.729e-03 0.000e+00
755 -6.428e-04 2.689e-03 5.815e-04 0.000e+00
756 -3.563e-03 -5.147e-03 8.131e-04 0.000e+00
757 -2.907e-03 4.810e-03 -3.942e-03 0.000e+00
758 -1.639e-03 2.162e-03 -1.963e-03 0.000e+00
759 -1.479e-03 -5.382e-03 9.558e-04 0.000e+00
760 -4.629e-03 -5.084e-03 1.509e-04 0.000e+00
761 1.026e-03 -7.202e-04 -7.502e-03 0.000e+00
762 -3.199e-03 6.835e-03 -1.299e-02 -2.559e+01
763 3.813e-03 -1.978e-04 -5.655e-03 0.000e+00
764 -5.808e-03 6.031e-03 -4.227e-03 6.605e+01
765 2.855e-03 -5.227e-03 -4.451e-03 0.000e+00
766 -7.051e-05 -2.448e-03 -9.516e-04 0.000e+00
767 1.113e-03 1.034e-03 -3.549e-04 0.000e+00
768 -9.772e-04 -9.010e-04 -4.301e-03 0.000e+00
769 -4.212e-03 4.063e-04 1.637e-03 0.000e+00
770 -3.456e-03 2.336e-03 -3.168e-03 0.000e+00
771 5.393e-04 1.671e-03 -1.210e-03 0.000e+00
772 -1.004e-02 6.476e-04 4.277e-04 0.000e+00
773 -6.046e-05 -4.587e-03 9.652e-04 0.000e+00
774 -1.284e-04 -3.846e-03 -3.774e-03 0.000e+00
775 -1.548e-03 -2.164e-03 3.129e-03 0.000e+00
776 -4.570e-03 -4.759e-03 -7.305e-04 0.000e+00
777 -2.540e-04 -5.415e-03 3.545e-04 0.000e+00
778 -2.216e-03 4.225e-04 9.746e-04 0.000e+00
779 -4.099e-03 3.095e-03 2.962e-03 0.000e+00
780 3.472e-04 2.970e-03 6.477e-03 0.000e+00
781 7.159e-04 -5.083e-03 -6.814e-03 0.000e+00
782 4.180e-03 8.317e-03 7.329e-04 1.008e+01
783 -7.193e-04 3.023e-04 3.177e-03 0.000e+00
784 -4.244e-03 4.571e-03 -2.157e-03 0.000e+00
785 -1.690e-03 -1.573e-03 8.023e-04 0.000e+00
786 -1.007e-03 -3.894e-03 3.430e-03 0.000e+00
787 -1.866e-03 -3.195e-03 8.502e-03 0.000e+00
788 -1.815e-03 1.085e-03 -3.938e-03 0.000e+00
789 4.921e-04 -3.476e-03 -4.305e-04 0.000e+00
790 3.253e-03 -3.579e-03 6.855e-03 0.000e+00
791 9.751e-04 7.854e-04 2.514e-03 0.000e+00
792 -4.343e-03 1.066e-03 -3.795e-03 0.000e+00
793 -2.654e-03 -4.492e-03 -2.635e-03 0.000e+00
794 -1.342e-03 -4.858e-03 4.568e-03 0.000e+00
795 -2.360e-03 1.061e-03 -8.772e-04 0.000e+00
796 -2.456e-03 1.025e-03 1.281e-03 0.000e+00
797 -2.151e-03 3.332e-03 2.333e-03 0.000e+00
798 -2.508e-03 2.764e-03 -4.125e-03 0.000e+00
799 3.895e-04 1.646e-03 2.361e-03 0.000e+00
800 -1.947e-04 5.291e-03 -5.697e-03 0.000e+00
801 -4.404e-03 -5.334e-03 -4.734e-03 0.000e+00
802 -2.895e-04 -4.944e-03 6.991e-04 0.000e+00
803 -4.658e-03 1.418e-03 4.015e-03 0.000e+00
804 1.403e-03 3.198e-03 5.628e-03 0.000e+00
805 -1.881e-03 3.601e-03 1.354e-03 0.000e+00
806 3.804e-03 2.275e-03 -5.096e-03 0.000e+00
807 3.223e-03 -5.119e-03 -3.618e-03 0.000e+00
808 -2.693e-03 -5.336e-03 -2.963e-03 0.000e+00
809 -4.517e-03 -5.175e-03 -5.069e-03 0.000e+00
810 -3.295e-03 2.832e-03 -6.406e-04 0.000e+00
811 3.387e-04 -6.530e-04 -2.036e-04 0.000e+00
812 2.457e-05 -1.676e-03 1.451e-03 0.000e+00
813 -7.540e-04 -2.931e-03 -2.164e-03 0.000e+00
814 3.038e-03 -4.748e-03 -5.127e-03 0.000e+00
815 2.681e-03 1.379e-03 -7.790e-04 0.000e+00
816 3.524e-03 -3.216e-03 1.961e-04 0.000e+00
817 -6.912e-04 1.481e-03 -8.120e-03 0.000e+00
818 -8.553e-04 -5.404e-03 -1.995e-04 0.000e+00
819 -5.977e-03 1.921e-03 3.120e-03 0.000e+00
820 7.493e-06 1.757e-03 2.603e-03 0.000e+00
821 1.740e-03 -3.741e-03 -3.264e-03 0.000e+00
822 -6.003e-03 8.105e-03 -3.041e-03 -5.301e+01
823 1.420e-03 3.793e-03 -4.068e-03 0.000e+00
824 -1.043e-03 7.306e-04 1.059e-03 0.000e+00
825 -1.805e-03 2.761e-03 -2.260e-03 0.000e+00
826 -1.356e-04 -4.656e-03 1.805e-03 0.000e+00
827 -5.089e-03 2.710e-03 1.814e-03 0.000e+00
828 2.248e-03 2.058e-03 -1.524e-03 0.000e+00
829 8.820e-04 -4.853e-03 -5.646e-04 0.000e+00
830 -2.005e-04 8.847e-03 2.265e-03 -4.941e+01
831 -4.190e-03 -4.348e-03 -4.408e-03 0.000e+00
832 -4.855e-03 -5.379e-03 -3.879e-03 0.000e+00
833 -7.854e-04 -3.599e-03 -5.381e-03 0.000e+00
834 3.554e-04 -4.243e-03 -5.525e-03 0.000e+00
835 -2.841e-04 8.784e-04 -6.474e-05 0.000e+00
836 -4.449e-04 -9.060e-04 8.839e-03 0.000e+00
837 2.064e-03 7.999e-03 -3.045e-03 2.849e+01
838 1.683e-03 -4.790e-03 1.376e-03 0.000e+00
839 8.422e-04 2.829e-03 3.095e-03 0.000e+00
840 3.140e-03 1.516e-03 1.797e-03 0.000e+00
841 -7.160e-03 -3.878e-03 3.405e-03 0.000e+00
842 -3.202e-03 -5.194e-03 1.623e-03 0.000e+00
843 5.564e-04 -5.009e-03 -3.164e-03 0.000e+00
844 -7.966e-04 -4.967e-03 2.494e-03 0.000e+00
845 4.355e-03 2.443e-03 -5.248e-03 0.000e+00
846 -1.196e-03 3.906e-04 -1.273e-03 0.000e+00
847 1.131e-03 -4.492e-03 1.652e-03 0.000e+00
848 2.490e-03 1.214e-03 1.339e-03 0.000e+00
849 -4.219e-03 -3.104e-03 -2.865e-03 0.000e+00
850 5.267e-03 -5.385e-03 -5.161e-03 0.000e+00
851 6.086e-03 -2.367e-04 4.288e-03 0.000e+00
852 -3.777e-03 -1.002e-03 -4.244e-03 0.000e+00
853 -4.473e-04 3.241e-03 -4.611e-04 0.000e+00
854 8.772e-03 5.437e-03 -1.000e-03 0.000e+00
855 -2.149e-03 2.097e-03 -1.850e-03 0.000e+00
856 -4.977e-03 -1.488e-03 2.658e-03 0.000e+00
857 -1.014e-03 4.770e-04 -1.751e-03 0.000e+00
858 -4.911e-03 -9.118e-04 -5.986e-03 0.000e+00
859 -4.858e-03 -3.431e-03 1.203e-03 0.000e+00
860 -3.783e-03 2.677e-03 2.985e-03 0.000e+00
861 9.188e-05 1.021e-03 -3.203e-04 0.000e+00
862 -5.496e-04 -3.801e-03 7.112e-04 0.000e+00
863 -6.998e-03 -3.879e-03 3.721e-03 0.000e+00
864 -1.093e-03 3.842e-04 3.145e-04 0.000e+00
865 2.336e-03 -5.380e-03 3.793e-04 0.000e+00
866 1.982e-03 -4.224e-03 -5.234e-03 0.000e+00
867 1.637e-03 -5.312e-03 -2.037e-03 0.000e+00
868 -6.155e-04 1.896e-03 1.370e-03 0.000e+00
869 -8.769e-04 2.938e-03 -6.479e-04 0.000e+00
870 1.610e-04 5.095e-04 2.692e-03 0.000e+00
871 6.621e-03 2.094e-03 1.067e-03 0.000e+00
872 -6.877e-03 2.396e-03 1.383e-03 0.000e+00
873 -6.093e-03 -1.122e-04 1.668e-03 0.000e+00
874 -3.768e-03 2.047e-03 2.548e-03 0.000e+00
875 -5.042e-03 -1.161e-04 -5.319e-03 0.000e+00
876 -1.391e-03 -2.303e-03 -2.736e-03 0.000e+00
877 -2.747e-03 -4.256e-03 -3.430e-03 0.000e+00
878 -6.137e-05 -5.127e-03 -6.265e-04 0.000e+00
879 2.946e-03 5.860e-03 1.156e-03 6.120e+01
880 -3.043e-03 3.558e-03 1.167e-03 0.000e+00
881 1.138e-04 9.109e-03 2.274e-04 4.244e+01
882 -8.154e-03 5.917e-03 3.564e-03 5.437e+01
883 6.325e-03 -5.049e-03 -2.989e-03 0.000e+00
884 -2.817e-03 6.154e-04 -2.676e-04 0.000e+00
885 -1.162e-03 1.313e-03 1.289e-03 0.000e+00
886 -3.592e-03 -5.086e-03 2.616e-03 0.000e+00
887 4.396e-03 -4.016e-04 -7.090e-04 0.000e+00
888 9.810e-04 3.144e-03 2.464e-03 0.000e+00
889 5.507e-03 -5.131e-03 2.368e-03 0.000e+00
890 2.262e-03 2.742e-04 9.336e-04 0.000e+00
891 -7.900e-04 -4.804e-03 1.361e-03 0.000e+00
892 2.251e-03 -9.116e-04 2.460e-03 0.000e+00
893 -2.590e-03 -5.139e-03 4.797e-03 0.000e+00
894 -2.155e-03 -3.487e-03 1.924e-03 0.000e+00
895 3.391e-03 -4.455e-03 -2.613e-03 0.000e+00
896 3.982e-04 3.045e-03 -4.071e-03 0.000e+00
897 -5.803e-03 8.881e-04 -8.645e-05 0.000e+00
898 -2.483e-03 4.804e-04 4.484e-04 0.000e+00
899 -5.751e-03 -1.357e-04 -1.117e-03 0.000e+00
900 -1.058e-03 -3.867e-03 3.406e-03 0.000e+00
901 -2.123e-03 1.452e-03 4.148e-03 0.000e+00
902 -3.447e-03 -3.740e-03 -4.423e-03 0.000e+00
903 -1.463e-03 1.890e-03 -8.014e-04 0.000e+00
904 1.616e-03 -3.824e-03 -2.628e-03 0.000e+00
905 -1.943e-03 -2.916e-03 -3.541e-04 0.000e+00
906 -4.788e-03 -2.354e-03 6.172e-03 0.000e+00
907 1.617e-03 -1.834e-03 -3.850e-04 0.000e+00
908 -8.562e-03 -1.671e-04 -9.918e-05 0.000e+00
909 -2.402e-03 6.115e-04 -6.363e-04 0.000e+00
910 -5.265e-03 4.688e-03 8.478e-04 0.000e+00
911 -1.724e-03 -5.151e-03 -4.073e-03 0.000e+00
912 1.523e-03 2.957e-03 -2.857e-03 0.000e+00
913 -3.233e-03 -4.466e-03 -1.681e-03 0.000e+00
914 -5.071e-03 -1.581e-03 1.557e-03 0.000e+00
915 -3.337e-03 -3.044e-03 -3.207e-03 0.000e+00
916 -1.041e-03 8.973e-04 -2.097e-03 0.000e+00
917 4.024e-03 1.012e-03 -3.387e-03 0.000e+00
918 2.401e-03 -1.242e-03 -4.537e-03 0.000e+00
919 -1.522e-03 -3.163e-03 -4.074e-03 0.000e+00
920 1.854e-03 -3.785e-03 2.313e-03 0.000e+00
921 5.097e-03 4.236e-03 -2.333e-03 0.000e+00
922 -1.344e-03 1.313e-03 -5.043e-03 0.000e+00
923 1.740e-03 -5.006e-03 2.950e-03 0.000e+00
924 4.690e-04 3.554e-03 1.397e-03 0.000e+00
925 -1.041e-03 -4.839e-03 -4.056e-03 0.000e+00
926 3.510e-03 3.484e-03 -4.371e-03 0.000e+00
927 -2.626e-04 -3.195e-03 -6.450e-04 0.000e+00
928 3.945e-03 2.493e-03 -3.615e-03 0.000e+00
929 3.183e-03 -3.632e-03 2.938e-03 0.000e+00
930 -2.490e-03 3.019e-03 -4.547e-04 0.000e+00
931 2.997e-03 -1.216e-03 3.759e-04 0.000e+00
932 -1.581e-03 -5.140e-03 -1.610e-03 0.000e+00
933 -1.722e-03 4.543e-03 7.233e-03 0.000e+00
934 5.373e-03 -5.395e-04 1.321e-03 0.000e+00
935 3.370e-03 5.153e-03 1.906e-03 0.000e+00
936 -2.917e-03 2.902e-03 1.342e-03 0.000e+00
937 8.246e-05 -4.605e-03 1.366e-03 0.000e+00
938 3.656e-03 -3.996e-03 1.346e-03 0.000e+00
939 -7.917e-04 -6.289e-04 -4.112e-03 0.000e+00
940 -2.660e-03 -5.090e-03 -1.488e-03 0.000e+00
941 -8.757e-04 -4.225e-03 5.247e-03 0.000e+00
942 -5.305e-03 2.408e-03 2.379e-03 0.000e+00
943 3.538e-03 -4.308e-03 -3.947e-03 0.000e+00
944 1.295e-03 -4.314e-03 -3.245e-03 0.000e+00
945 -5.284e-03 -2.980e-03 -4.336e-03 0.000e+00
946 -6.143e-04 -5.371e-03 -6.464e-03 0.000e+00
947 3.013e-03 2.254e-03 -4.016e-03 0.000e+00
948 4.217e-03 -4.992e-03 -7.461e-04 0.000e+00
949 1.101e-03 2.816e-03 -2.886e-03 0.000e+00
950 3.621e-03 -3.793e-03 4.751e-03 0.000e+00
951 2.182e-03 -5.328e-03 8.779e-04 0.000e+00
952 8.717e-04 -7.807e-05 -1.849e-03 0.000e+00
953 -3.267e-03 -4.679e-04 3.201e-03 0.000e+00
954 5.009e-03 4.449e-03 -2.964e-03 0.000e+00
955 -5.377e-03 -5.147e-03 3.276e-03 0.000e+00
956 1.024e-03 2.192e-03 -3.715e-03 0.000e+00
957 1.721e-03 -4.197e-03 1.690e-03 0.000e+00
958 -4.875e-04 4.988e-03 -9.186e-04 0.000e+00
959 4.628e-03 -4.944e-03 -1.180e-04 0.000e+00
960 -2.664e-03 2.534e-03 2.442e-03 0.000e+00
961 -1.221e-03 6.048e-03 -2.331e-03 -9.450e+01
962 3.530e-03 2.539e-03 -1.370e-03 0.000e+00
963 1.577e-03 4.864e-03 4.379e-03 0.000e+00
964 1.577e-05 -4.730e-03 -3.615e-03 0.000e+00
965 -6.188e-03 -3.238e-03 -1.293e-03 0.000e+00
966 1.127e-03 9.385e-04 -2.766e-03 0.000e+00
967 -2.263e-03 -4.586e-03 4.037e-03 0.000e+00
968 5.306e-04 -3.348e-03 2.056e-03 0.000e+00
969 3.776e-03 -3.075e-03 3.977e-03 0.000e+00
970 -2.056e-04 4.417e-03 1.403e-03 0.000e+00
971 6.779e-04 -4.332e-03 1.712e-04 0.000e+00
972 1.642e-03 -4.584e-04 5.237e-04 0.000e+00
973 6.153e-03 1.668e-03 -1.300e-03 0.000e+00
974 -4.972e-03 3.731e-03 -2.907e-03 0.000e+00
975 -1.257e-04 7.927e-04 -1.147e-03 0.000e+00
976 -4.058e-03 8.073e-03 5.896e-03 2.132e+01
977 -5.009e-04 -5.205e-03 -5.434e-03 0.000e+00
978 -5.461e-03 -3.906e-03 3.519e-03 0.000e+00
979 -2.749e-03 -5.303e-03 -7.882e-04 0.000e+00
980 9.738e-04 1.974e-03 7.713e-04 0.000e+00
981 -3.729e-03 -1.167e-03 2.619e-03 0.000e+00
982 -3.239e-03 -5.359e-03 5.845e-04 0.000e+00
983 -2.103e-03 3.742e-03 2.567e-03 0.000e+00
984 -7.144e-03 -4.603e-03 9.969e-04 0.000e+00
985 4.395e-03 -3.992e-03 -3.549e-03 0.000e+00
986 2.086e-03 -2.687e-03 3.319e-03 0.000e+00
987 1.439e-03 -2.454e-03 -1.591e-04 0.000e+00
988 6.762e-04 4.387e-03 6.484e-03 0.000e+00
989 -5.875e-03 1.171e-03 -6.071e-04 0.000e+00
990 6.888e-04 5.599e-05 -7.684e-03 0.000e+00
991 -1.061e-03 -3.136e-03 1.967e-03 0.000e+00
992 1.850e-03 4.881e-03 1.497e-03 0.000e+00
993 2.360e-03 1.316e-03 4.491e-03 0.000e+00
994 3.450e-03 -4.940e-03 -3.769e-03 0.000e+00
995 -1.148e-03 3.516e-05 1.453e-03 0.000e+00
996 4.250e-03 1.571e-03 -2.810e-03 0.000e+00
997 6.320e-03 -3.568e-03 -3.999e-03 0.000e+00
998 -7.000e-03 9.212e-03 -4.526e-03 -1.941e+01
999 6.322e-03 7.317e-03 -3.234e-04 -7.130e-01
1000 -2.889e-03 2.805e-03 2.619e-03 0.000e+00
1001 5.420e-03 -5.267e-03 -4.041e-03 0.000e+00
1002 -8.452e-04 1.257e-03 4.295e-03 0.000e+00
1003 2.498e-03 4.604e-03 4.933e-04 0.000e+00
1004 -6.435e-04 -4.299e-03 -2.245e-04 0.000e+00
1005 3.016e-03 -8.680e-04 -3.623e-05 0.000e+00
1006 -1.532e-05 -5.324e-03 -5.854e-03 0.000e+00
1007 1.756e-04 -4.523e-03 4.736e-04 0.000e+00
1008 3.819e-04 1.652e-03 2.525e-03 0.000e+00
1009 -1.161e-04 2.158e-03 -1.397e-03 0.000e+00
1010 -6.749e-03 4.367e-03 3.384e-04 0.000e+00
1011 4.742e-03 3.833e-03 8.608e-04 0.000e+00
1012 5.871e-03 2.438e-03 -3.159e-03 0.000e+00
1013 -1.812e-03 2.861e-03 -3.442e-03 0.000e+00
1014 4.884e-03 1.076e-03 -1.451e-03 0.000e+00
1015 -7.698e-05 7.576e-04 3.443e-03 0.000e+00
1016 1.021e-03 3.476e-03 -2.038e-03 0.000e+00
1017 2.991e-03 -2.692e-03 -1.607e-04 0.000e+00
1018 7.977e-04 3.688e-03 -2.490e-04 0.000e+00
1019 1.482e-03 -4.167e-03 6.067e-03 0.000e+00
1020 -2.487e-03 1.448e-03 -8.520e-04 0.000e+00
1021 -2.169e-03 -4.386e-03 1.307e-03 0.000e+00
1022 -7.203e-03 1.317e-03 3.294e-03 0.000e+00
1023 -6.273e-03 2.170e-03 -6.827e-04 0.000e+00
1024 -7.069e-03 3.312e-03 1.013e-04 0.000e+00
1025 1.573e-03 2.533e-03 -2.127e-03 0.000e+00
1026 -1.087e-03 -3.712e-03 4.131e-03 0.000e+00
1027 -3.367e-03 7.374e-03 1.509e-03 1.942e+01
1028 -1.461e-03 -4.797e-03 7.785e-03 0.000e+00
1029 2.563e-03 -4.471e-03 -1.798e-04 0.000e+00
1030 2.160e-03 1.614e-04 3.048e-03 0.000e+00
1031 6.158e-03 4.439e-03 7.350e-03 0.000e+00
1032 2.734e-03 -1.121e-03 7.909e-03 0.000e+00
1033 -1.117e-03 2.232e-03 -2.532e-03 0.000e+00
1034 -3.244e-03 3.085e-03 7.976e-04 0.000e+00
1035 -2.267e-03 1.870e-03 -1.354e-05 0.000e+00
1036 1.771e-03 2.309e-03 -1.101e-03 0.000e+00
1037 -4.044e-03 -9.361e-04 2.306e-04 0.000e+00
1038 4.657e-03 -5.415e-03 -6.241e-03 0.000e+00
1039 7.714e-04 3.721e-03 2.435e-03 0.000e+00
1040 -5.448e-04 -4.088e-04 -5.157e-03 0.000e+00
1041 -3.427e-04 1.475e-03 5.792e-04 0.000e+00
1042 3.960e-03 5.493e-03 3.701e-03 0.000e+00
1043 -2.397e-03 -3.995e-03 -6.784e-03 0.000e+00
1044 1.084e-03 5.334e-03 3.199e-03 0.000e+00
1045 3.322e-03 3.891e-03 1.763e-03 0.000e+00
1046 2.162e-03 6.667e-03 9.469e-04 1.457e+01
1047 -2.436e-04 -3.554e-03 -1.181e-03 0.000e+00
1048 2.245e-03 2.994e-03 3.514e-03 0.000e+00
1049 -1.779e-03 1.470e-03 5.499e-03 0.000e+00
1050 3.832e-04 4.537e-03 -8.715e-04 0.000e+00
1051 1.724e-04 -3.086e-03 9.847e-04 0.000e+00
1052 -3.722e-04 -4.624e-03 1.625e-03 0.000e+00
1053 -5.778e-03 2.953e-03 2.368e-03 0.000e+00
1054 2.677e-03 5.117e-03 2.036e-03 0.000e+00
1055 6.133e-03 -4.999e-03 -3.386e-03 0.000e+00
1056 -3.231e-03 -5.477e-05 2.019e-03 0.000e+00
1057 1.561e-03 2.141e-03 6.579e-04 0.000e+00
1058 -9.867e-03 -3.319e-03 -1.470e-03 0.000e+00
1059 2.407e-03 -1.418e-03 -8.758e-04 0.000e+00
1060 3.666e-03 6.832e-04 -2.517e-03 0.000e+00
1061 2.053e-03 -4.691e-03 -3.951e-04 0.000e+00
1062 -3.526e-03 4.324e-03 2.401e-03 0.000e+00
1063 -4.158e-03 2.936e-03 3.920e-03 0.000e+00
1064 4.211e-03 -4.749e-03 3.568e-03 0.000e+00
1065 -5.938e-03 2.311e-03 1.160e-03 0.000e+00
1066 5.323e-03 3.126e-03 2.178e-03 0.000e+00
1067 9.949e-03 -2.994e-05 -1.349e-03 0.000e+00
1068 3.207e-03 2.816e-03 -1.153e-04 0.000e+00
1069 5.889e-03 -5.412e-03 -6.545e-03 0.000e+00
1070 -1.281e-03 2.143e-03 -3.818e-03 0.000e+00
1071 1.809e-03 1.739e-03 -4.666e-03 0.000e+00
1072 -6.379e-04 2.347e-03 3.799e-03 0.000e+00
1073 -2.153e-03 -2.213e-03 -6.161e-04 0.000e+00
1074 -1.633e-03 -5.367e-03 2.827e-03 0.000e+00
1075 5.856e-03 -3.955e-03 9.826e-03 0.000e+00
1076 2.797e-03 -2.223e-03 -3.573e-03 0.000e+00
1077 5.117e-03 -4.399e-03 8.823e-03 0.000e+00
1078 5.870e-03 2.221e-03 -3.981e-03 0.000e+00
1079 8.546e-03 -5.375e-03 -5.876e-03 0.000e+00
1080 -3.869e-03 -2.862e-03 3.223e-03 0.000e+00
1081 4.456e-03 -4.269e-03 -3.018e-03 0.000e+00
1082 5.231e-03 -2.367e-03 6.021e-03 0.000e+00
1083 -4.322e-03 4.828e-03 -5.516e-05 0.000e+00
1084 3.994e-03 9.461e-04 -1.751e-03 0.000e+00
1085 4.160e-04 -3.023e-03 3.484e-03 0.000e+00
1086 -2.302e-03 -4.701e-03 1.839e-03 0.000e+00
1087 5.837e-04 -4.439e-03 6.560e-04 0.000e+00
1088 -4.245e-03 -3.842e-03 3.437e-03 0.000e+00
1089 -3.184e-03 -4.902e-03 -5.377e-03 0.000e+00
1090 4.170e-03 -4.150e-03 -2.636e-03 0.000e+00
1091 -1.603e-03 2.795e-03 6.030e-04 0.000e+00
1092 -1.028e-03 -3.764e-03 -3.526e-03 0.000e+00
1093 6.732e-03 -4.946e-03 1.407e-03 0.000e+00
1094 6.484e-03 -5.095e-03 2.068e-04 0.000e+00
1095 1.164e-03 1.950e-03 -2.107e-03 0.000e+00
1096 -2.618e-03 8.593e-04 2.300e-03 0.000e+00
1097 2.651e-03 -5.041e-03 -7.420e-03 0.000e+00
1098 -4.415e-03 -4.417e-03 3.075e-03 0.000e+00
1099 2.967e-03 -5.215e-03 6.680e-03 0.000e+00
1100 2.585e-03 5.470e-03 -4.131e-03 0.000e+00
1101 1.284e-03 4.893e-03 1.587e-04 0.000e+00
1102 -5.641e-03 3.795e-04 -2.369e-03 0.000e+00
1103 5.809e-04 -5.187e-03 3.058e-03 0.000e+00
1104 -3.048e-03 2.389e-03 -2.320e-03 0.000e+00
1105 6.499e-03 -5.054e-04 5.646e-04 0.000e+00
1106 -1.072e-03 -5.264e-03 4.130e-04 0.000e+00
1107 -1.020e-02 -5.256e-03 1.935e-03 0.000e+00
1108 3.485e-04 -5.368e-03 3.870e-03 0.000e+00
1109 3.317e-03 -3.802e-04 -2.928e-03 0.000e+00
1110 3.958e-03 2.213e-03 -1.746e-03 0.000e+00
1111 -6.317e-04 2.795e-04 -2.508e-03 0.000e+00
1112 1.876e-03 -1.239e-03 -2.434e-03 0.000e+00
1113 -4.055e-03 2.226e-03 -3.178e-03 0.000e+00
1114 -3.710e-03 1.542e-03 -2.579e-03 0.000e+00
1115 -9.645e-04 9.506e-04 1.006e-03 0.000e+00
1116 9.374e-04 -4.676e-03 -1.776e-03 0.000e+00
1117 6.470e-03 -3.483e-03 -3.151e-03 0.000e+00
1118 -3.328e-04 -4.142e-03 4.257e-04 0.000e+00
1119 4.402e-03 3.017e-03 -5.123e-04 0.000e+00
1120 1.641e-03 -4.330e-03 -2.005e-03 0.000e+00
1121 5.319e-03 -4.477e-03 8.771e-04 0.000e+00
1122 5.475e-03 2.366e-03 -2.538e-03 0.000e+00
1123 -1.902e-03 -5.052e-03 1.691e-03 0.000e+00
1124 2.757e-03 5.377e-03 4.794e-03 0.000e+00
1125 1.418e-03 2.063e-03 -6.986e-05 0.000e+00
1126 -1.946e-04 1.336e-03 -1.309e-03 0.000e+00
1127 4.763e-03 -4.734e-03 -4.454e-03 0.000e+00
1128 -3.579e-03 7.389e-03 -6.422e-04 -3.347e+01
1129 -1.481e-03 -4.156e-03 9.501e-04 0.000e+00
1130 1.036e-03 -3.196e-03 2.639e-03 0.000e+00
1131 6.793e-04 2.416e-03 7.840e-04 0.000e+00
1132 6.876e-03 -3.483e-03 7.407e-04 0.000e+00
1133 6.013e-03 -3.141e-04 -9.780e-03 0.000e+00
1134 3.932e-05 -5.264e-03 -1.716e-03 0.000e+00
1135 3.110e-03 3.029e-03 -1.882e-03 0.000e+00
1136 1.476e-03 1.259e-03 -5.210e-03 0.000e+00
1137 2.097e-03 -4.801e-03 1.958e-03 0.000e+00
1138 -1.428e-03 -4.847e-03 6.496e-04 0.000e+00
1139 -8.228e-04 -4.418e-03 2.999e-03 0.000e+00
1140 5.406e-03 -3.719e-03 -6.018e-03 0.000e+00
1141 6.801e-03 -3.778e-03 -1.158e-03 0.000e+00
1142 1.986e-03 4.082e-04 -2.492e-03 0.000e+00
1143 2.774e-03 -6.445e-04 2.476e-03 0.000e+00
1144 -9.495e-04 -2.677e-03 6.387e-05 0.000e+00
1145 7.234e-03 -4.881e-03 5.345e-04 0.000e+00
1146 2.258e-04 3.913e-03 4.357e-03 0.000e+00
1147 7.659e-03 2.745e-03 -5.443e-03 0.000e+00
1148 2.237e-03 -4.785e-03 -7.845e-03 0.000e+00
1149 7.146e-03 -3.900e-03 -5.411e-03 0.000e+00
1150 3.353e-03 3.194e-03 5.294e-03 0.000e+00
1151 5.275e-04 7.586e-03 -1.334e-03 -2.026e+01
1152 -6.834e-04 -4.597e-03 -4.950e-04 0.000e+00
1153 7.277e-03 -4.634e-03 1.593e-03 0.000e+00
1154 3.656e-03 -5.096e-03 4.038e-03 0.000e+00
1155 -1.239e-03 5.620e-03 -6.612e-04 -2.995e+00
1156 5.228e-03 1.532e-03 1.514e-03 0.000e+00
1157 -1.017e-03 4.569e-03 5.368e-03 0.000e+00
1158 2.126e-03 9.126e-04 -3.549e-03 0.000e+00
1159 8.901e-04 -3.500e-03 -2.130e-03 0.000e+00
1160 -2.020e-03 -2.661e-03 -4.438e-03 0.000e+00
1161 -1.449e-04 4.891e-03 -5.924e-04 0.000e+00
1162 7.229e-03 -5.023e-03 -3.640e-03 0.000e+00
1163 1.367e-03 4.396e-03 -4.512e-03 0.000e+00
1164 -2.903e-03 2.081e-03 -1.797e-03 0.000e+00
1165 -1.906e-03 2.279e-03 4.913e-03 0.000e+00
1166 -9.949e-05 2.822e-03 1.230e-03 0.000e+00
1167 -3.267e-03 4.659e-03 -1.040e-03 0.000e+00
1168 -7.488e-04 -5.042e-03 -1.268e-04 0.000e+00
1169 6.810e-04 -3.417e-03 6.099e-04 0.000e+00
1170 -3.725e-03 3.587e-03 -5.650e-03 0.000e+00
1171 -3.292e-03 -4.359e-03 -2.803e-04 0.000e+00
1172 3.180e-04 -3.579e-04 -1.182e-03 0.000e+00
1173 6.205e-03 4.331e-03 3.433e-04 0.000e+00
1174 -7.490e-04 -4.893e-03 -5.977e-03 0.000e+00
1175 1.409e-03 -3.067e-03 3.203e-03 0.000e+00
1176 1.779e-03 -3.124e-06 4.317e-03 0.000e+00
1177 4.565e-04 -3.120e-03 -4.276e-04 0.000e+00
1178 -3.567e-04 1.887e-03 -1.429e-03 0.000e+00
1179 6.023e-04 -3.683e-03 -6.575e-03 0.000e+00
1180 -6.765e-05 -5.268e-03 -2.626e-03 0.000e+00
1181 3.509e-04 1.879e-03 -1.426e-03 0.000e+00
1182 3.174e-03 4.579e-03 -1.200e-05 0.000e+00
1183 -2.432e-03 3.726e-03 -9.025e-05 0.000e+00
1184 -2.620e-03 -4.847e-03 2.059e-03 0.000e+00
1185 -1.010e-03 4.230e-03 -6.826e-04 0.000e+00
1186 1.040e-03 7.358e-03 -1.727e-03 -3.745e+00
1187 -7.629e-04 3.200e-03 -2.323e-03 0.000e+00
1188 -2.212e-03 -4.911e-03 5.367e-03 0.000e+00
1189 3.591e-03 7.869e-03 -2.823e-03 4.247e+01
1190 -6.817e-04 6.834e-03 1.639e-03 6.066e+01
1191 -1.155e-03 -4.521e-03 2.533e-03 0.000e+00
1192 6.522e-03 -4.406e-03 -8.571e-04 0.000e+00
1193 4.105e-03 -1.218e-03 1.892e-03 0.000e+00
1194 6.356e-03 -4.292e-03 -2.221e-04 0.000e+00
1195 5.666e-03 1.205e-02 4.076e-04 -7.421e+01
1196 -1.828e-03 -4.642e-03 -7.093e-03 0.000e+00
1197 6.714e-03 -3.772e-03 2.525e-03 0.000e+00
1198 -1.720e-03 -3.017e-03 -6.033e-04 0.000e+00
1199 1.082e-04 3.512e-04 5.111e-03 0.000e+00
1200 -1.407e-03 4.054e-04 -2.115e-03 0.000e+00
1201 -4.203e-03 4.944e-03 1.632e-03 0.000e+00
1202 1.577e-03 2.635e-03 -2.130e-03 0.000e+00
1203 4.089e-03 -4.629e-03 -1.183e-03 0.000e+00
1204 5.711e-03 5.791e-03 -3.658e-04 -6.365e+01
1205 3.882e-03 4.174e-03 2.181e-04 0.000e+00
1206 2.160e-03 -4.497e-03 -1.064e-02 0.000e+00
1207 -1.470e-03 1.934e-03 -8.019e-04 0.000e+00
1208 -1.664e-03 -4.477e-03 6.270e-03 0.000e+00
1209 3.342e-03 9.462e-05 -5.308e-03 0.000e+00
1210 2.677e-03 -3.048e-03 -7.861e-04 0.000e+00
1211 4.789e-04 3.054e-03 3.664e-03 0.000e+00
1212 7.258e-04 4.068e-03 5.861e-03 0.000e+00
1213 2.561e-03 -4.661e-03 -3.417e-03 0.000e+00
1214 3.482e-03 4.542e-03 -4.952e-04 0.000e+00
1215 3.257e-03 4.779e-03 8.288e-04 0.000e+00
1216 4.134e-03 1.929e-03 -3.867e-03 0.000e+00
1217 -6.051e-04 -4.413e-03 1.791e-03 0.000e+00
1218 6.126e-03 1.944e-03 3.835e-04 0.000e+00
1219 -2.878e-03 5.725e-03 1.709e-03 5.119e+01
1220 5.644e-04 3.550e-03 3.544e-03 0.000e+00
1221 -2.047e-03 -5.059e-03 -3.763e-03 0.000e+00
1222 9.803e-03 -4.452e-03 2.311e-04 0.000e+00
1223 3.681e-03 -4.366e-03 5.998e-03 0.000e+00
1224 -1.023e-03 -4.766e-03 1.656e-06 0.000e+00
1225 -4.567e-03 -5.034e-03 -2.436e-03 0.000e+00
1226 6.626e-03 -5.110e-03 -4.243e-03 0.000e+00
1227 9.356e-04 -4.519e-03 -4.973e-03 0.000e+00
1228 -3.567e-03 -3.930e-03 3.079e-03 0.000e+00
1229 4.328e-03 -4.334e-03 -4.539e-03 0.000e+00
1230 -6.640e-05 4.521e-03 1.201e-03 0.000e+00
1231 -1.223e-03 -1.243e-03 -1.494e-03 0.000e+00
1232 -8.081e-04 1.078e-02 -4.387e-03 6.670e+01
1233 1.956e-04 -2.999e-04 -4.175e-03 0.000e+00
1234 1.165e-03 5.688e-03 3.569e-03 6.395e+01
1235 -5.045e-04 1.494e-03 -6.135e-04 0.000e+00
1236 -2.581e-03 -4.913e-03 -6.317e-03 0.000e+00
1237 -1.004e-03 4.421e-03 3.395e-03 0.000e+00
1238 1.717e-03 6.688e-03 3.655e-04 2.738e+01
1239 4.653e-03 2.844e-03 -5.742e-04 0.000e+00
1240 6.940e-03 4.014e-03 -8.796e-03 0.000e+00
1241 1.234e-03 5.575e-03 -4.923e-03 0.000e+00
1242 1.250e-03 4.919e-05 -4.961e-03 0.000e+00
1243 3.063e-03 3.523e-03 -3.249e-03 0.000e+00
1244 7.553e-03 5.388e-03 3.439e-03 0.000e+00
1245 3.805e-03 -4.929e-03 -5.544e-03 0.000e+00
1246 5.907e-03 -4.600e-03 3.373e-03 0.000e+00
1247 3.877e-03 8.519e-03 -6.949e-03 6.929e+00
1248 2.359e-03 3.060e-03 -2.186e-04 0.000e+00
1249 3.764e-04 2.130e-03 1.384e-03 0.000e+00
1250 1.812e-03 -2.728e-03 -4.565e-03 0.000e+00
1251 3.004e-04 -4.747e-03 4.105e-03 0.000e+00
1252 7.355e-03 2.135e-03 8.333e-05 0.000e+00
1253 3.188e-03 3.637e-03 4.184e-03 0.000e+00
1254 6.655e-03 2.770e-03 7.598e-03 0.000e+00
1255 3.034e-03 -4.142e-03 -5.597e-03 0.000e+00
1256 7.340e-03 3.389e-03 -1.711e-04 0.000e+00
1257 2.030e-03 4.866e-03 3.799e-03 0.000e+00
1258 2.367e-03 -3.076e-03 -2.318e-03 0.000e+00
1259 5.840e-03 3.432e-03 2.579e-03 0.000e+00
1260 -7.878e-04 5.240e-03 4.831e-03 0.000e+00
1261 2.595e-03 -4.005e-03 -5.549e-03 0.000e+00
1262 5.223e-03 4.759e-03 2.827e-03 0.000e+00
1263 3.093e-03 -5.157e-03 3.704e-03 0.000e+00
1264 7.595e-03 -2.240e-03 -2.694e-04 0.000e+00
1265 -5.446e-04 -3.670e-03 3.076e-03 0.000e+00
1266 3.601e-03 2.651e-04 -2.025e-03 0.000e+00
1267 3.860e-03 -4.098e-03 6.592e-04 0.000e+00
1268 -7.631e-04 3.851e-03 -3.329e-04 0.000e+00
1269 6.301e-03 2.767e-03 2.114e-03 0.000e+00
1270 -1.411e-03 -3.272e-03 8.794e-04 0.000e+00
1271 3.180e-03 -4.442e-03 -1.966e-03 0.000e+00
1272 4.453e-03 3.358e-03 -5.040e-03 0.000e+00
1273 -4.979e-04 -5.208e-03 -2.429e-04 0.000e+00
1274 -2.712e-03 -2.724e-03 -5.418e-03 0.000e+00
1275 -1.376e-03 -5.222e-03 2.066e-03 0.000e+00
1276 -1.025e-03 1.172e-03 1.019e-04 0.000e+00
1277 5.583e-03 3.412e-03 -3.454e-03 0.000e+00
1278 1.609e-03 5.532e-03 1.434e-03 0.000e+00
1279 3.277e-03 -4.271e-03 -4.133e-04 0.000e+00
1280 -9.470e-04 -2.669e-03 9.339e-04 0.000e+00
1281 4.472e-05 -5.252e-03 6.436e-03 0.000e+00
1282 9.092e-03 1.904e-03 7.608e-03 0.000e+00
1283 1.184e-03 5.796e-03 1.642e-04 5.592e+01
1284 1.723e-03 2.212e-03 -4.837e-04 0.000e+00
1285 -5.133e-03 -5.364e-03 6.998e-04 0.000e+00
1286 4.294e-03 -9.348e-04 1.393e-03 0.000e+00
1287 2.484e-03 -5.408e-03 5.032e-03 0.000e+00
1288 -5.589e-03 -5.228e-05 -5.827e-05 0.000e+00
1289 8.712e-03 -3.185e-03 -1.227e-03 0.000e+00
1290 -1.873e-03 -2.914e-04 -2.716e-03 0.000e+00
1291 6.691e-03 2.137e-03 -2.181e-05 0.000e+00
1292 1.464e-03 -4.275e-03 -1.044e-04 0.000e+00
1293 2.359e-03 1.283e-03 -2.381e-04 0.000e+00
1294 -3.928e-03 6.462e-03 1.223e-03 5.984e+01
1295 -2.847e-03 -5.292e-03 -3.236e-03 0.000e+00
1296 -3.980e-04 3.984e-03 3.804e-03 0.000e+00
1297 6.322e-03 -5.300e-03 -5.525e-04 0.000e+00
1298 4.413e-03 -2.911e-03 -9.698e-05 0.000e+00
1299 -3.142e-03 1.049e-03 5.222e-03 0.000e+00
1300 1.804e-03 1.480e-03 7.582e-03 0.000e+00
1301 3.199e-03 -4.461e-03 -3.736e-04 0.000e+00
1302 -6.253e-04 1.147e-03 3.588e-03 0.000e+00
1303 1.910e-03 -4.202e-03 -1.776e-03 0.000e+00
1304 3.319e-03 2.701e-03 -1.145e-03 0.000e+00
1305 -5.219e-04 1.496e-03 -7.378e-06 0.000e+00
1306 2.860e-03 -4.985e-03 1.038e-03 0.000e+00
1307 1.170e-03 2.591e-03 6.369e-04 0.000e+00
1308 2.577e-03 5.331e-03 2.198e-03 0.000e+00
1309 3.998e-03 1.433e-03 1.188e-02 0.000e+00
1310 6.709e-03 5.367e-03 -1.645e-03 0.000e+00
1311 2.245e-03 -5.144e-03 -2.990e-03 0.000e+00
1312 -3.949e-03 -4.131e-03 -5.298e-03 0.000e+00
1313 2.360e-03 -4.881e-03 3.593e-03 0.000e+00
1314 -3.554e-03 -4.506e-03 1.904e-04 0.000e+00
1315 -2.794e-03 -7.551e-04 4.646e-04 0.000e+00
1316 8.067e-06 -4.131e-03 5.033e-03 0.000e+00
1317 -3.151e-04 -4.788e-03 3.181e-03 0.000e+00
1318 2.906e-03 -4.209e-03 2.954e-03 0.000e+00
1319 1.145e-04 -5.120e-03 -5.221e-04 0.000e+00
1320 5.753e-03 -4.463e-03 4.578e-04 0.000e+00
1321 -3.526e-03 -4.776e-03 -2.080e-03 0.000e+00
1322 -1.921e-03 -3.257e-03 1.913e-03 0.000e+00
1323 8.581e-03 -3.138e-03 3.527e-03 0.000e+00
1324 1.201e-03 -5.399e-03 1.351e-03 0.000e+00
1325 -7.662e-04 1.925e-03 1.147e-03 0.000e+00
1326 1.834e-03 1.160e-03 -3.030e-03 0.000e+00
1327 3.274e-03 3.816e-03 3.117e-03 0.000e+00
1328 -1.569e-03 3.124e-03 9.667e-03 0.000e+00
1329 -1.202e-03 2.911e-03 -1.473e-03 0.000e+00
1330 3.412e-03 6.639e-03 -4.953e-03 -7.222e+00
1331 1.903e-03 -3.280e-03 1.823e-03 0.000e+00
1332 3.028e-03 1.288e-03 5.541e-03 0.000e+00
1333 1.914e-03 3.578e-03 5.091e-03 0.000e+00
1334 -5.545e-04 3.906e-04 1.917e-03 0.000e+00
1335 4.939e-03 1.521e-03 -8.217e-03 0.000e+00
1336 3.206e-03 -3.580e-03 -3.926e-03 0.000e+00
1337 -2.897e-03 -3.804e-03 -1.482e-03 0.000e+00
1338 7.174e-03 1.972e-03 1.625e-03 0.000e+00
1339 1.720e-03 1.699e-03 -5.252e-03 0.000e+00
1340 1.552e-03 4.176e-03 6.681e-03 0.000e+00
1341 2.240e-03 -5.149e-03 7.643e-04 0.000e+00
1342 6.322e-04 1.146e-03 -6.462e-03 0.000e+00
1343 -2.186e-03 -3.294e-03 2.978e-03 0.000e+00
1344 9.475e-04 3.633e-03 -1.791e-03 0.000e+00
1345 3.284e-03 5.086e-03 2.581e-03 0.000e+00
1346 5.834e-04 5.615e-04 4.836e-03 0.000e+00
1347 2.869e-03 1.494e-03 3.979e-04 0.000e+00
1348 6.045e-03 6.271e-03 -2.209e-03 4.927e+00
1349 -3.084e-04 7.943e-04 3.167e-03 0.000e+00
1350 -2.345e-03 -5.122e-03 4.572e-03 0.000e+00
1351 2.047e-03 5.212e-03 5.974e-03 0.000e+00
1352 4.769e-03 -3.442e-03 -2.561e-03 0.000e+00
1353 6.146e-04 6.335e-03 2.748e-03 -9.333e+01
1354 3.164e-03 5.915e-03 -3.104e-03 2.777e+01
1355 2.139e-03 -3.147e-03 5.336e-03 0.000e+00
1356 -1.842e-03 3.038e-03 3.423e-04 0.000e+00
1357 -1.832e-03 -3.535e-03 2.783e-03 0.000e+00
1358 -2.903e-03 5.702e-04 8.966e-04 0.000e+00
1359 1.346e-03 -4.224e-03 -2.310e-03 0.000e+00
1360 1.612e-03 -4.805e-03 -4.197e-04 0.000e+00
1361 7.137e-04 -4.265e-03 -9.021e-04 0.000e+00
1362 -4.837e-03 4.446e-03 -2.233e-03 0.000e+00
1363 5.027e-03 -4.777e-03 3.065e-03 0.000e+00
1364 1.375e-03 -3.979e-03 1.699e-03 0.000e+00
1365 2.587e-03 4.117e-03 7.755e-03 0.000e+00
1366 2.320e-03 -4.023e-05 -1.598e-03 0.000e+00
1367 -9.260e-04 -3.316e-03 3.693e-03 0.000e+00
1368 -2.365e-03 2.810e-03 1.955e-03 0.000e+00
1369 4.361e-03 3.039e-04 -4.118e-03 0.000e+00
1370 -4.240e-03 -5.250e-03 3.830e-04 0.000e+00
1371 1.375e-04 2.944e-03 -5.421e-03 0.000e+00
1372 3.119e-03 -5.264e-03 -5.085e-03 0.000e+00
1373 1.725e-04 -4.462e-03 -2.039e-03 0.000e+00
1374 6.087e-03 -4.746e-03 -1.071e-04 0.000e+00
1375 3.404e-03 5.123e-03 -1.809e-03 0.000e+00
1376 4.212e-03 -4.290e-03 1.009e-03 0.000e+00
1377 -2.068e-04 -1.238e-03 -1.362e-05 0.000e+00
1378 2.877e-03 1.368e-03 -1.245e-03 0.000e+00
1379 4.164e-03 2.278e-03 4.362e-04 0.000e+00
1380 5.519e-03 -3.214e-03 -2.685e-03 0.000e+00
1381 4.741e-03 -5.183e-03 -3.879e-03 0.000e+00
1382 2.300e-03 3.472e-03 1.775e-03 0.000e+00
1383 -1.209e-03 3.607e-03 -5.877e-03 0.000e+00
1384 1.686e-04 1.813e-03 -9.019e-04 0.000e+00
1385 8.868e-05 -4.947e-03 1.164e-03 0.000e+00
1386 1.449e-03 -4.604e-03 -4.999e-03 0.000e+00
1387 1.750e-03 2.887e-03 2.577e-03 0.000e+00
1388 6.744e-04 -4.593e-03 -1.110e-03 0.000e+00
1389 4.806e-04 4.642e-03 -1.117e-03 0.000e+00
1390 2.052e-04 3.876e-03 -1.392e-03 0.000e+00
1391 -5.933e-04 1.902e-03 -5.409e-04 0.000e+00
1392 -3.079e-04 1.951e-03 -1.287e-03 0.000e+00
1393 2.491e-03 5.796e-03 1.795e-03 -5.978e+01
1394 -5.142e-03 2.253e-03 -5.428e-05 0.000e+00
1395 6.836e-03 -5.353e-03 -6.158e-03 0.000e+00
1396 3.046e-03 2.507e-03 -1.088e-03 0.000e+00
1397 -8.924e-04 1.532e-03 -1.385e-03 0.000e+00
1398 -1.873e-03 1.362e-03 1.423e-03 0.000e+00
1399 9.855e-03 1.075e-03 2.232e-04 0.000e+00
1400 -2.417e-03 2.014e-03 7.441e-04 0.000e+00
1401 5.291e-03 -5.828e-04 -6.397e-03 0.000e+00
1402 7.885e-04 2.702e-03 3.100e-04 0.000e+00
1403 4.237e-03 -3.344e-03 -5.356e-03 0.000e+00
1404 6.471e-03 4.051e-03 -1.528e-03 0.000e+00
1405 5.278e-03 -7.280e-04 3.196e-03 0.000e+00
1406 -3.808e-03 4.391e-04 -2.455e-03 0.000e+00
1407 7.189e-03 -3.603e-03 4.632e-04 0.000e+00
1408 3.265e-03 -5.228e-03 -5.108e-03 0.000e+00
1409 3.467e-03 1.035e-03 -2.131e-03 0.000e+00
1410 3.800e-03 -3.871e-03 1.230e-03 0.000e+00
1411 -1.063e-03 3.892e-03 -8.443e-04 0.000e+00
1412 1.882e-03 -1.251e-03 -3.919e-03 0.000e+00
1413 7.093e-03 -4.476e-03 -8.324e-04 0.000e+00
1414 3.234e-03 1.392e-04 -2.220e-04 0.000e+00
1415 4.663e-03 1.853e-03 -5.580e-04 0.000e+00
1416 4.681e-03 1.151e-03 2.152e-03 0.000e+00
1417 5.029e-03 2.465e-03 3.805e-03 0.000e+00
1418 -9.465e-04 -3.189e-03 3.064e-03 0.000e+00
1419 4.280e-03 -5.155e-03 4.032e-03 0.000e+00
1420 -1.131e-04 -5.241e-03 -8.956e-04 0.000e+00
1421 -3.106e-03 -3.979e-03 3.926e-03 0.000e+00
1422 -3.931e-03 7.311e-03 -1.274e-03 -1.453e+00
1423 -3.006e-03 -4.873e-03 2.911e-03 0.000e+00
1424 -1.295e-03 1.064e-03 7.958e-04 0.000e+00
1425 1.834e-03 -5.102e-03 4.585e-03 0.000e+00
1426 6.548e-03 -4.649e-03 6.524e-04 0.000e+00
1427 2.186e-03 -3.634e-03 -5.061e-03 0.000e+00
1428 2.706e-03 -5.307e-03 2.233e-03 0.000e+00
1429 3.686e-03 -5.325e-03 -6.881e-04 0.000e+00
1430 5.677e-03 -1.014e-04 -3.219e-03 0.000e+00
1431 8.968e-03 -4.635e-03 -2.669e-03 0.000e+00
1432 5.555e-03 5.511e-03 3.185e-03 0.000e+00
1433 -7.220e-04 -3.849e-03 -1.051e-03 0.000e+00
1434 5.268e-04 -5.345e-03 4.457e-03 0.000e+00
1435 7.508e-03 3.249e-03 -5.671e-04 0.000e+00
1436 3.714e-03 2.783e-04 -3.543e-03 0.000e+00
1437 3.656e-03 -4.524e-03 -5.043e-03 0.000e+00
1438 5.069e-03 1.424e-03 -2.668e-04 0.000e+00
1439 3.023e-04 -4.147e-04 -3.162e-03 0.000e+00
1440 4.834e-03 -4.370e-03 2.009e-03 0.000e+00
1441 -1.072e-03 -4.267e-03 2.878e-03 0.000e+00
1442 -2.613e-03 2.197e-03 6.926e-04 0.000e+00
1443 8.027e-03 2.584e-04 2.185e-03 0.000e+00
1444 1.551e-03 -7.058e-04 -5.366e-03 0.000e+00
1445 2.749e-03 4.169e-04 -3.216e-04 0.000e+00
1446 1.153e-03 -3.672e-03 1.555e-03 0.000e+00
1447 7.664e-03 2.231e-03 -3.132e-03 0.000e+00
1448 3.133e-03 -5.110e-03 3.668e-03 0.000e+00
1449 1.027e-02 -7.717e-04 -3.750e-03 0.000e+00
1450 -1.812e-03 -4.549e-03 -2.694e-03 0.000e+00
1451 4.414e-03 -5.143e-03 4.577e-04 0.000e+00
1452 6.325e-03 -5.310e-03 1.733e-03 0.000e+00
1453 1.358e-04 -1.274e-03 -4.996e-03 0.000e+00
1454 7.809e-03 -3.034e-03 -3.231e-03 0.000e+00
1455 1.402e-03 -4.181e-03 5.256e-05 0.000e+00
1456 -6.238e-03 -5.173e-03 -4.242e-03 0.000e+00
1457 -5.185e-03 -4.328e-03 4.142e-03 0.000e+00
1458 5.119e-03 -4.477e-03 4.968e-03 0.000e+00
1459 2.063e-03 -5.250e-03 3.584e-03 0.000e+00
1460 3.466e-03 8.371e-04 5.661e-04 0.000e+00
1461 2.288e-03 -5.042e-03 4.396e-04 0.000e+00
1462 3.734e-03 2.988e-03 1.754e-03 0.000e+00
1463 1.209e-03 4.896e-03 -3.446e-03 0.000e+00
1464 -4.490e-03 -5.361e-03 5.133e-03 0.000e+00
1465 1.629e-03 1.784e-03 -1.481e-03 0.000e+00
1466 4.031e-03 3.302e-03 -3.754e-04 0.000e+00
1467 1.716e-03 -4.949e-03 -3.118e-03 0.000e+00
1468 1.741e-04 1.093e-03 -1.435e-03 0.000e+00
1469 -1.158e-03 -1.167e-03 1.808e-03 0.000e+00
1470 7.303e-03 -2.858e-03 2.370e-03 0.000e+00
1471 4.669e-03 -2.146e-03 6.748e-03 0.000e+00
1472 -1.759e-03 -4.124e-03 -2.946e-03 0.000e+00
1473 3.486e-03 5.373e-03 -2.279e-04 0.000e+00
1474 -4.567e-03 2.671e-03 1.851e-03 0.000e+00
1475 2.567e-03 -5.413e-03 -2.368e-03 0.000e+00
1476 5.844e-03 -4.665e-03 -5.290e-03 0.000e+00
1477 -5.532e-04 -5.167e-03 2.881e-04 0.000e+00
1478 -1.329e-03 3.959e-03 2.402e-03 0.000e+00
1479 2.057e-03 4.910e-03 -1.508e-04 0.000e+00
1480 1.266e-03 4.401e-03 -2.344e-03 0.000e+00
1481 -2.476e-03 3.867e-03 -4.430e-03 0.000e+00
1482 2.639e-03 -4.374e-03 2.121e-03 0.000e+00
1483 2.063e-03 6.846e-03 3.176e-03 3.241e+01
1484 3.189e-03 3.163e-03 3.306e-03 0.000e+00
1485 -1.511e-03 -4.602e-03 2.728e-03 0.000e+00
1486 1.748e-03 -3.493e-03 -4.230e-04 0.000e+00
1487 2.184e-03 3.405e-03 1.362e-03 0.000e+00
1488 -1.965e-03 9.359e-05 1.698e-03 0.000e+00
1489 -9.971e-04 -3.251e-03 1.606e-03 0.000e+00
1490 -4.504e-03 6.070e-04 2.595e-03 0.000e+00
1491 4.222e-03 5.808e-03 1.841e-03 -7.695e+01
1492 3.462e-03 6.025e-03 1.570e-03 -7.205e+01
1493 -4.765e-03 2.878e-03 2.484e-03 0.000e+00
1494 1.954e-03 -4.717e-03 1.950e-03 0.000e+00
1495 1.327e-03 -1.015e-03 -4.227e-03 0.000e+00
1496 3.531e-03 -4.168e-03 3.778e-03 0.000e+00
1497 -4.846e-03 -2.636e-03 -1.102e-04 0.000e+00
1498 -4.145e-03 4.008e-03 2.545e-03 0.000e+00
1499 2.023e-03 -1.031e-03 -4.174e-03 0.000e+00
1500 -3.102e-03 2.279e-03 -2.999e-04 0.000e+00
1501 -1.342e-03 5.926e-04 4.579e-03 0.000e+00
1502 3.728e-04 -3.485e-03 -3.350e-03 0.000e+00
1503 4.753e-03 -9.317e-04 7.197e-03 0.000e+00
1504 1.010e-02 1.219e-03 -2.451e-03 0.000e+00
1505 4.025e-03 -2.292e-03 1.195e-03 0.000e+00
1506 -7.164e-04 4.551e-03 1.777e-03 0.000e+00
1507 3.574e-04 3.904e-03 3.836e-03 0.000e+00
1508 -7.217e-03 4.156e-04 -2.656e-03 0.000e+00
1509 1.011e-02 2.296e-03 4.690e-04 0.000e+00
1510 -4.294e-03 -4.275e-03 1.147e-03 0.000e+00
1511 -3.504e-03 2.061e-03 -2.348e-03 0.000e+00
1512 4.653e-03 1.138e-03 4.066e-03 0.000e+00
1513 2.883e-03 5.321e-04 -1.710e-03 0.000e+00
1514 2.942e-03 -4.393e-03 -4.452e-03 0.000e+00
1515 -2.924e-04 3.229e-03 3.876e-03 0.000e+00
1516 2.528e-03 5.424e-03 2.759e-03 0.000e+00
1517 -4.581e-04 3.541e-03 -7.168e-03 0.000e+00
1518 1.736e-03 -4.711e-03 -5.518e-03 0.000e+00
1519 -4.007e-03 2.713e-03 2.141e-03 0.000e+00
1520 3.713e-03 -5.332e-03 -4.132e-03 0.000e+00
1521 2.626e-03 1.341e-03 5.645e-03 0.000e+00
1522 -1.314e-03 -5.407e-03 1.524e-03 0.000e+00
1523 -1.141e-03 -4.074e-03 -9.057e-03 0.000e+00
1524 -3.334e-03 -1.483e-04 -1.930e-03 0.000e+00
1525 4.914e-03 -4.829e-03 7.886e-04 0.000e+00
1526 -2.394e-03 -2.990e-03 1.372e-03 0.000e+00
1527 5.755e-03 1.471e-03 5.938e-03 0.000e+00
1528 5.723e-03 -4.112e-03 -5.719e-04 0.000e+00
1529 4.140e-03 -5.387e-03 6.754e-03 0.000e+00
1530 -2.872e-03 -4.764e-03 4.780e-04 0.000e+00
1531 1.394e-03 1.094e-03 1.713e-03 0.000e+00
1532 2.452e-03 2.327e-03 -2.315e-03 0.000e+00
1533 3.763e-03 1.725e-04 -3.075e-04 0.000e+00
1534 5.007e-03 1.999e-03 -1.008e-03 0.000e+00
1535 1.548e-04 -7.797e-04 -2.198e-03 0.000e+00
1536 1.058e-04 3.558e-03 3.544e-03 0.000e+00
1537 9.519e-04 7.687e-04 1.356e-03 0.000e+00
1538 7.357e-04 -3.707e-03 -1.747e-03 0.000e+00
1539 1.958e-03 -4.561e-03 -2.069e-03 0.000e+00
1540 3.559e-03 1.968e-03 -3.989e-03 0.000e+00
1541 2.862e-03 -6.249e-04 4.741e-03 0.000e+00
1542 1.264e-03 -4.762e-03 -1.299e-03 0.000e+00
1543 3.910e-04 -3.407e-03 -7.625e-03 0.000e+00
1544 9.725e-04 2.638e-03 3.099e-04 0.000e+00
1545 -4.550e-03 -5.080e-03 1.901e-03 0.000e+00
1546 5.089e-03 3.890e-03 -5.341e-03 0.000e+00
1547 1.879e-04 2.978e-03 -3.740e-03 0.000e+00
1548 6.351e-03 4.864e-03 -5.383e-03 0.000e+00
1549 -1.119e-05 -3.359e-03 -5.721e-03 0.000e+00
1550 7.574e-04 2.581e-03 1.677e-03 0.000e+00
1551 -5.342e-03 -3.324e-03 7.905e-04 0.000e+00
1552 -7.962e-03 -5.139e-03 2.696e-03 0.000e+00
1553 2.468e-03 -3.247e-03 -1.394e-03 0.000e+00
1554 1.538e-04 3.599e-03 -2.018e-03 0.000e+00
1555 2.892e-03 5.176e-03 -4.581e-03 0.000e+00
1556 1.202e-03 3.370e-03 -2.825e-03 0.000e+00
1557 -2.329e-04 4.287e-03 -1.341e-04 0.000e+00
1558 7.457e-04 -6.364e-04 -1.849e-03 0.000e+00
1559 -1.651e-03 -4.082e-03 -2.902e-03 0.000e+00
1560 5.791e-03 1.114e-03 6.471e-03 0.000e+00
1561 1.191e-03 4.012e-03 -2.439e-03 0.000e+00
1562 6.147e-03 -5.916e-04 3.287e-03 0.000e+00
1563 1.173e-03 5.673e-03 -2.332e-03 5.540e+01
1564 9.747e-03 -3.695e-03 5.266e-03 0.000e+00
1565 -1.443e-03 3.311e-03 6.427e-03 0.000e+00
1566 7.215e-05 2.741e-03 1.437e-03 0.000e+00
1567 3.370e-03 1.335e-03 -1.946e-04 0.000e+00
1568 6.781e-03 4.188e-03 7.033e-03 0.000e+00
1569 -3.933e-04 5.842e-03 -3.228e-03 -1.682e+01
1570 9.130e-04 3.743e-03 -9.264e-05 0.000e+00
1571 -2.564e-03 1.077e-03 -1.345e-03 0.000e+00
1572 7.415e-03 -5.120e-03 -4.195e-04 0.000e+00
1573 6.429e-03 -4.682e-03 2.022e-03 0.000e+00
1574 -1.357e-04 -5.411e-03 6.445e-04 0.000e+00
1575 -5.934e-04 6.267e-03 8.320e-03 7.513e+00
1576 -2.036e-03 -2.665e-03 3.781e-03 0.000e+00
1577 4.746e-03 3.301e-03 -7.683e-04 0.000e+00
1578 7.272e-03 4.466e-04 7.291e-04 0.000e+00
1579 6.776e-03 2.151e-03 -3.800e-03 0.000e+00
1580 3.970e-03 -4.248e-03 -4.932e-03 0.000e+00
1581 3.524e-03 -3.884e-03 -6.066e-03 0.000e+00
1582 4.820e-03 -4.686e-03 2.902e-04 0.000e+00
1583 4.385e-04 6.454e-03 -4.881e-04 -1.229e+01
1584 -5.451e-04 1.457e-03 3.252e-03 0.000e+00
1585 6.495e-03 2.678e-03 -2.146e-03 0.000e+00
1586 1.844e-03 -4.411e-03 1.214e-03 0.000e+00
1587 6.982e-03 -4.532e-03 2.113e-03 0.000e+00
1588 9.090e-03 -4.614e-03 2.982e-04 0.000e+00
1589 7.648e-03 5.238e-03 1.820e-03 0.000e+00
1590 4.471e-03 -2.553e-05 -1.142e-03 0.000e+00
1591 6.205e-03 -5.179e-03 3.968e-03 0.000e+00
1592 5.862e-03 7.311e-03 -3.106e-03 4.111e+01
1593 1.475e-02 -4.486e-03 5.009e-04 0.000e+00
1594 5.953e-03 3.965e-03 4.737e-03 0.000e+00
1595 6.881e-03 -2.757e-05 -8.046e-03 0.000e+00
1596 -8.462e-04 5.197e-03 -4.964e-03 0.000e+00
1597 8.019e-03 3.090e-03 5.834e-03 0.000e+00
1598 9.004e-03 4.421e-03 4.704e-03 0.000e+00
1599 8.150e-03 -3.834e-03 -1.998e-03 0.000e+00
1600 1.147e-02 5.747e-03 -4.807e-03 -8.249e+01
1601 1.449e-02 7.864e-03 -6.726e-04 5.950e+01
1602 1.118e-02 -3.190e-03 -3.660e-03 0.000e+00
1603 1.537e-02 -8.478e-04 -3.923e-03 0.000e+00
1604 2.027e-02 7.408e-03 -3.752e-03 4.657e+01
1605 2.083e-02 6.679e-03 3.649e-04 3.893e+01
1606 2.082e-02 -3.520e-03 2.393e-03 0.000e+00
1607 3.398e-02 1.030e-04 9.072e-04 0.000e+00
1608 3.194e-02 2.556e-04 -2.643e-04 0.000e+00
1609 4.552e-02 5.726e-03 -4.243e-03 6.445e+01
1610 4.785e-02 8.888e-03 -9.521e-04 4.972e+01
1611 5.567e-02 1.207e-02 -6.368e-03 6.572e+01
1612 7.414e-02 4.333e-03 -5.441e-03 0.000e+00
1613 9.396e-02 5.373e-03 -3.692e-03 0.000e+00
1614 1.189e-01 -3.338e-03 -1.303e-02 0.000e+00
1615 1.624e-01 -3.125e-03 -1.547e-02 0.000e+00
1616 2.223e-01 4.908e-03 -1.397e-02 0.000e+00
1617 3.042e-01 2.259e-02 -2.732e-02 -3.229e+01
1618 4.078e-01 3.527e-02 -3.957e-02 -3.450e+01
1619 5.372e-01 3.305e-02 -5.279e-02 -3.189e+01
1620 6.907e-01 1.444e-02 -6.261e-02 -2.877e+01
1621 8.006e-01 2.059e-02 -7.999e-02 4.429e+01
1622 8.957e-01 7.027e-02 -9.724e-02 5.050e+01
1623 9.624e-01 1.156e-01 -1.139e-01 5.411e+01
1624 9.931e-01 1.051e-01 -1.275e-01 4.947e+01
1625 1.000e+00 5.688e-02 -1.263e-01 4.794e+01
1626 9.878e-01 1.019e-02 -1.182e-01 -4.339e+01
1627 9.583e-01 8.209e-02 -1.141e-01 -4.330e+01
1628 8.975e-01 1.578e-01 -1.086e-01 -4.388e+01
1629 8.293e-01 2.112e-01 -1.015e-01 -4.623e+01
1630 7.599e-01 2.361e-01 -8.763e-02 -4.864e+01
1631 6.968e-01 2.476e-01 -8.473e-02 -4.897e+01
1632 6.484e-01 2.474e-01 -8.558e-02 -5.003e+01
1633 6.069e-01 2.460e-01 -1.042e-01 -4.891e+01
1634 5.815e-01 2.424e-01 -1.168e-01 -4.907e+01
1635 5.629e-01 2.283e-01 -1.277e-01 -4.829e+01
1636 5.624e-01 2.226e-01 -1.486e-01 -4.655e+01
1637 5.606e-01 2.136e-01 -1.615e-01 -4.403e+01
1638 5.692e-01 2.110e-01 -1.777e-01 -4.065e+01
1639 5.941e-01 2.080e-01 -1.867e-01 -3.476e+01
1640 6.216e-01 2.136e-01 -1.902e-01 -3.064e+01
1641 6.448e-01 2.411e-01 -1.834e-01 -2.700e+01
1642 6.687e-01 2.717e-01 -1.748e-01 -2.441e+01
1643 6.916e-01 3.038e-01 -1.556e-01 -2.313e+01
1644 7.002e-01 3.236e-01 -1.452e-01 -2.281e+01
1645 7.202e-01 3.512e-01 -1.272e-01 -2.254e+01
1646 7.254e-01 3.699e-01 -1.178e-01 -2.399e+01
1647 7.319e-01 3.729e-01 -1.235e-01 -2.546e+01
1648 7.125e-01 3.679e-01 -1.271e-01 -2.858e+01
1649 6.701e-01 3.508e-01 -1.275e-01 -3.136e+01
1650 6.167e-01 3.308e-01 -1.132e-01 -3.484e+01
1651 5.659e-01 3.001e-01 -9.347e-02 -3.834e+01
1652 5.221e-01 2.987e-01 -7.027e-02 -4.108e+01
1653 4.797e-01 2.806e-01 -5.261e-02 -4.227e+01
1654 4.602e-01 2.767e-01 -4.667e-02 -4.365e+01
1655 4.506e-01 2.748e-01 -3.874e-02 -4.550e+01
1656 4.388e-01 2.757e-01 -1.980e-02 -4.689e+01
1657 4.295e-01 2.689e-01 -1.014e-02 -4.793e+01
1658 4.266e-01 2.717e-01 3.419e-03 -4.893e+01
1659 4.182e-01 2.744e-01 1.741e-02 -5.030e+01
1660 4.162e-01 2.681e-01 3.893e-02 -5.148e+01
1661 4.057e-01 2.644e-01 4.642e-02 -5.181e+01
1662 4.025e-01 2.614e-01 6.325e-02 -5.300e+01
1663 3.994e-01 2.472e-01 8.623e-02 -5.556e+01
1664 3.947e-01 2.370e-01 1.054e-01 -5.643e+01
1665 3.919e-01 2.257e-01 1.192e-01 -5.700e+01
1666 3.931e-01 2.144e-01 1.301e-01 -6.051e+01
1667 3.899e-01 2.013e-01 1.523e-01 -6.273e+01
1668 3.875e-01 1.846e-01 1.651e-01 -6.590e+01
1669 3.839e-01 1.649e-01 1.754e-01 -6.728e+01
1670 3.857e-01 1.515e-01 1.818e-01 -7.120e+01
1671 3.834e-01 1.341e-01 1.943e-01 -7.564e+01
1672 3.930e-01 1.218e-01 1.980e-01 -8.178e+01
1673 3.889e-01 9.844e-02 2.111e-01 -8.571e+01
1674 3.920e-01 8.765e-02 2.224e-01 -9.409e+01
1675 3.839e-01 7.847e-02 2.139e-01 7.431e+01
1676 3.854e-01 7.269e-02 2.024e-01 6.244e+01
1677 3.855e-01 8.428e-02 2.014e-01 5.253e+01
1678 3.753e-01 9.170e-02 1.822e-01 4.255e+01
1679 3.803e-01 1.052e-01 1.683e-01 3.697e+01
1680 3.794e-01 1.096e-01 1.641e-01 3.083e+01
1681 3.720e-01 1.271e-01 1.492e-01 2.743e+01
1682 3.669e-01 1.334e-01 1.263e-01 2.343e+01
1683 3.664e-01 1.452e-01 1.204e-01 2.027e+01
1684 3.644e-01 1.499e-01 1.084e-01 1.810e+01
1685 3.576e-01 1.513e-01 9.499e-02 1.663e+01
1686 3.612e-01 1.579e-01 8.636e-02 1.334e+01
1687 3.496e-01 1.653e-01 7.764e-02 1.087e+01
1688 3.455e-01 1.716e-01 7.516e-02 8.123e+00
1689 3.441e-01 1.808e-01 6.272e-02 5.489e+00
1690 3.408e-01 1.854e-01 5.849e-02 4.474e+00
1691 3.453e-01 1.983e-01 5.352e-02 1.537e+00
1692 3.517e-01 2.011e-01 5.789e-02 -1.059e+00
1693 3.463e-01 2.143e-01 4.898e-02 -2.469e+00
1694 3.453e-01 2.165e-01 4.783e-02 -4.461e+00
1695 3.526e-01 2.197e-01 4.974e-02 -5.857e+00
1696 3.576e-01 2.256e-01 4.396e-02 -6.707e+00
1697 3.559e-01 2.321e-01 4.576e-02 -8.405e+00
1698 3.625e-01 2.327e-01 4.181e-02 -9.134e+00
1699 3.637e-01 2.262e-01 3.525e-02 -9.526e+00
1700 3.694e-01 2.245e-01 3.941e-02 -1.115e+01
1701 3.753e-01 2.329e-01 2.889e-02 -1.141e+01
1702 3.788e-01 2.341e-01 3.641e-02 -1.198e+01
1703 3.848e-01 2.346e-01 3.824e-02 -1.244e+01
1704 3.945e-01 2.420e-01 4.095e-02 -1.342e+01
1705 3.832e-01 2.328e-01 4.061e-02 -1.465e+01
1706 3.840e-01 2.291e-01 3.681e-02 -1.538e+01
1707 3.914e-01 2.235e-01 3.483e-02 -1.522e+01
1708 3.919e-01 2.210e-01 3.993e-02 -1.571e+01
1709 3.953e-01 2.295e-01 3.457e-02 -1.640e+01
1710 3.956e-01 2.185e-01 3.777e-02 -1.522e+01
1711 3.930e-01 2.113e-01 3.752e-02 -1.636e+01
1712 3.812e-01 1.998e-01 3.802e-02 -1.747e+01
1713 3.784e-01 1.938e-01 3.066e-02 -1.643e+01
1714 3.748e-01 1.786e-01 3.572e-02 -1.644e+01
1715 3.734e-01 1.598e-01 2.777e-02 -1.750e+01
1716 3.559e-01 1.534e-01 3.043e-02 -1.689e+01
1717 3.416e-01 1.385e-01 2.934e-02 -1.746e+01
1718 3.278e-01 1.240e-01 2.660e-02 -1.741e+01
1719 2.976e-01 9.945e-02 2.719e-02 -1.650e+01
1720 2.874e-01 9.494e-02 1.913e-02 -1.804e+01
1721 2.607e-01 7.386e-02 2.509e-02 -1.641e+01
1722 2.407e-01 5.938e-02 1.475e-02 -1.842e+01
1723 2.133e-01 4.280e-02 1.320e-02 -1.862e+01
1724 1.899e-01 3.642e-02 1.251e-02 -2.277e+01
1725 1.732e-01 3.006e-02 8.959e-03 -2.220e+01
1726 1.394e-01 2.059e-02 1.961e-03 -2.224e+01
1727 1.257e-01 2.136e-02 7.201e-03 -1.756e+01
1728 1.083e-01 9.334e-03 3.460e-03 -1.702e+01
1729 9.658e-02 4.249e-03 8.540e-04 0.000e+00
1730 7.538e-02 -1.323e-04 6.818e-03 0.000e+00
1731 6.117e-02 3.728e-03 5.838e-03 0.000e+00
1732 5.192e-02 -4.956e-03 4.043e-03 0.000e+00
1733 5.018e-02 -1.246e-03 -1.664e-04 0.000e+00
1734 4.088e-02 5.691e-03 6.838e-04 -4.576e+01
1735 2.986e-02 -4.970e-06 -1.537e-03 0.000e+00
1736 2.940e-02 -4.598e-03 1.289e-03 0.000e+00
1737 2.282e-02 4.075e-03 -5.436e-03 0.000e+00
1738 2.082e-02 -5.026e-03 4.686e-03 0.000e+00
1739 1.619e-02 -4.564e-03 9.279e-04 0.000e+00
1740 8.191e-03 -4.988e-03 3.543e-03 0.000e+00
1741 2.471e-02 -3.433e-03 -3.419e-04 0.000e+00
1742 1.351e-02 -5.374e-03 1.989e-03 0.000e+00
1743 1.214e-02 -5.075e-03 -3.513e-04 0.000e+00
1744 5.509e-03 -4.884e-04 2.311e-03 0.000e+00
1745 1.565e-02 -4.915e-03 1.574e-03 0.000e+00
1746 1.255e-02 -5.345e-03 -3.724e-03 0.000e+00
1747 1.299e-02 -4.287e-03 -5.070e-03 0.000e+00
1748 2.585e-03 3.839e-03 7.467e-03 0.000e+00
1749 8.463e-03 -4.992e-03 2.475e-03 0.000e+00
1750 4.925e-03 -2.979e-03 3.266e-03 0.000e+00
1751 1.185e-02 3.368e-03 -2.064e-03 0.000e+00
1752 3.208e-03 1.317e-03 5.368e-03 0.000e+00
1753 1.235e-02 -3.848e-03 -5.551e-03 0.000e+00
1754 2.909e-03 -3.616e-03 -3.509e-03 0.000e+00
1755 2.354e-03 -5.307e-03 -9.160e-03 0.000e+00
1756 2.121e-03 5.395e-03 4.156e-03 0.000e+00
1757 3.142e-03 6.805e-03 5.285e-05 5.164e+01
1758 -4.814e-03 -5.133e-03 -3.345e-03 0.000e+00
1759 -2.162e-03 -4.687e-04 -2.718e-03 0.000e+00
1760 -2.648e-04 3.457e-03 2.351e-03 0.000e+00
1761 -3.239e-03 -9.561e-04 4.166e-03 0.000e+00
1762 6.891e-04 -5.128e-03 -3.515e-03 0.000e+00
1763 8.853e-03 -5.052e-03 3.760e-03 0.000e+00
1764 4.866e-04 -4.998e-03 4.459e-03 0.000e+00
1765 1.561e-03 -4.204e-03 3.436e-03 0.000e+00
1766 1.772e-03 -4.884e-03 -3.265e-03 0.000e+00
1767 5.280e-03 -4.071e-03 -5.839e-04 0.000e+00
1768 -1.530e-03 3.812e-03 -1.946e-03 0.000e+00
1769 3.623e-03 -4.255e-03 4.259e-03 0.000e+00
1770 4.568e-03 -4.787e-03 -3.239e-03 0.000e+00
1771 -4.704e-03 4.967e-03 -3.163e-03 0.000e+00
1772 -4.724e-03 1.626e-03 -6.423e-04 0.000e+00
1773 3.795e-03 -4.804e-03 3.218e-04 0.000e+00
1774 6.718e-04 5.840e-04 1.384e-03 0.000e+00
1775 4.339e-03 -5.157e-03 4.716e-03 0.000e+00
1776 6.634e-04 -4.805e-03 -2.625e-03 0.000e+00
1777 7.970e-04 2.822e-03 9.743e-04 0.000e+00
1778 -2.476e-03 -3.578e-04 1.307e-03 0.000e+00
1779 3.783e-03 -5.105e-03 -3.403e-03 0.000e+00
1780 -2.119e-03 6.958e-03 3.513e-03 1.946e+01
1781 4.127e-03 5.869e-03 8.999e-05 -5.049e+01
1782 3.166e-03 -1.327e-03 7.950e-04 0.000e+00
1783 3.303e-03 -3.449e-03 1.624e-03 0.000e+00
1784 7.739e-03 1.782e-03 -7.012e-03 0.000e+00
1785 1.131e-02 -5.306e-03 4.347e-04 0.000e+00
1786 -7.936e-04 -5.280e-03 -5.789e-05 0.000e+00
1787 2.335e-03 4.576e-03 -2.582e-03 0.000e+00
1788 -1.624e-03 6.616e-04 -6.121e-04 0.000e+00
1789 -3.622e-03 -4.381e-03 -5.944e-03 0.000e+00
1790 7.464e-03 2.636e-03 1.408e-03 0.000e+00
1791 4.347e-03 -3.429e-04 1.153e-03 0.000e+00
1792 2.596e-03 2.384e-03 -2.740e-03 0.000e+00
1793 4.052e-03 4.183e-03 7.660e-03 0.000e+00
1794 1.381e-03 -3.543e-03 2.632e-03 0.000e+00
1795 3.295e-03 4.426e-03 -5.507e-04 0.000e+00
1796 -2.954e-03 -4.051e-03 -2.995e-03 0.000e+00
1797 8.082e-03 4.990e-04 -4.518e-03 0.000e+00
1798 -2.835e-03 3.645e-03 1.360e-03 0.000e+00
1799 9.985e-04 1.893e-03 5.492e-03 0.000e+00
1800 2.583e-03 4.033e-03 5.257e-03 0.000e+00
1801 5.540e-03 -2.752e-03 -2.202e-03 0.000e+00
1802 1.833e-03 -5.296e-03 -3.680e-03 0.000e+00
1803 3.110e-04 -5.348e-03 -8.894e-04 0.000e+00
1804 4.466e-03 1.208e-03 -1.358e-03 0.000e+00
1805 3.124e-04 3.934e-04 7.693e-04 0.000e+00
1806 2.785e-03 4.796e-03 -1.965e-03 0.000e+00
1807 2.981e-03 6.953e-04 -5.687e-03 0.000e+00
1808 -1.324e-03 4.738e-03 -3.737e-03 0.000e+00
1809 4.592e-03 -2.052e-04 -9.584e-04 0.000e+00
1810 1.285e-03 2.290e-03 2.195e-03 0.000e+00
1811 5.105e-03 -2.241e-03 -7.764e-03 0.000e+00
1812 3.148e-03 -4.683e-03 -4.051e-03 0.000e+00
1813 -4.538e-03 -4.189e-03 -2.502e-03 0.000e+00
1814 3.015e-03 6.073e-03 7.966e-04 4.404e+01
1815 -2.835e-03 2.103e-03 8.465e-03 0.000e+00
1816 -8.298e-04 -4.629e-03 -6.719e-04 0.000e+00
1817 -8.553e-04 -3.607e-03 -1.124e-03 0.000e+00
1818 -1.261e-03 -4.300e-04 -3.028e-04 0.000e+00
1819 -4.624e-04 1.904e-03 7.168e-03 0.000e+00
1820 -5.306e-03 4.540e-03 4.014e-04 0.000e+00
1821 4.145e-03 -1.635e-03 2.222e-03 0.000e+00
1822 -1.225e-03 2.994e-03 -3.665e-03 0.000e+00
1823 3.211e-03 2.265e-04 -3.014e-03 0.000e+00
1824 -5.710e-03 -4.126e-03 7.007e-04 0.000e+00
1825 4.163e-03 -5.408e-03 -1.311e-03 0.000e+00
1826 2.183e-03 -3.283e-03 3.249e-03 0.000e+00
1827 4.309e-03 8.045e-04 -2.237e-03 0.000e+00
1828 -4.069e-04 4.614e-03 1.423e-03 0.000e+00
1829 -3.702e-03 3.407e-03 -1.872e-03 0.000e+00
1830 2.542e-03 6.896e-03 1.001e-03 3.110e+00
1831 1.214e-03 2.915e-04 -1.145e-04 0.000e+00
1832 -1.503e-03 -6.373e-04 1.052e-03 0.000e+00
1833 4.604e-03 4.604e-03 -4.166e-03 0.000e+00
1834 1.490e-03 -4.831e-03 -1.894e-03 0.000e+00
1835 1.512e-03 1.833e-03 3.911e-03 0.000e+00
1836 4.352e-04 1.213e-03 -1.784e-03 0.000e+00
1837 -1.479e-03 3.912e-03 -1.445e-03 0.000e+00
1838 3.863e-04 3.128e-03 -2.895e-04 0.000e+00
1839 -5.554e-03 2.530e-03 1.360e-03 0.000e+00
1840 2.776e-03 2.339e-03 5.986e-05 0.000e+00
1841 -1.273e-03 8.214e-05 -5.575e-03 0.000e+00
1842 1.271e-03 6.465e-03 3.544e-04 3.848e+00
1843 1.493e-03 1.502e-03 5.088e-03 0.000e+00
1844 -6.296e-03 2.840e-03 6.417e-04 0.000e+00
1845 3.213e-03 1.480e-03 -2.846e-03 0.000e+00
1846 1.628e-03 4.288e-03 -3.482e-03 0.000e+00
1847 -1.203e-03 -3.940e-03 -1.753e-03 0.000e+00
1848 2.294e-03 -9.513e-04 -3.323e-03 0.000e+00
1849 -3.538e-03 -4.482e-03 7.186e-03 0.000e+00
1850 -2.295e-03 5.067e-03 3.050e-03 0.000e+00
1851 2.245e-03 -5.412e-03 3.825e-03 0.000e+00
1852 1.587e-03 4.168e-03 1.729e-03 0.000e+00
1853 4.302e-03 2.883e-03 -4.614e-05 0.000e+00
1854 -1.335e-03 -4.906e-03 -8.550e-04 0.000e+00
1855 7.980e-04 6.714e-03 -1.215e-03 1.886e+01
1856 4.776e-03 1.148e-03 -2.636e-03 0.000e+00
1857 -1.972e-03 1.127e-03 4.032e-03 0.000e+00
1858 -5.656e-04 9.906e-03 -4.013e-04 -4.034e+01
1859 -1.063e-03 -5.081e-03 -7.736e-03 0.000e+00
1860 -2.599e-03 -3.180e-03 -3.867e-03 0.000e+00
1861 -3.876e-03 -3.893e-03 6.451e-04 0.000e+00
1862 1.708e-03 7.286e-04 6.317e-03 0.000e+00
1863 9.868e-04 -1.319e-03 2.206e-03 0.000e+00
1864 -8.948e-04 2.589e-03 -3.825e-03 0.000e+00
1865 -4.507e-03 2.293e-03 -1.118e-04 0.000e+00
1866 -3.838e-03 3.241e-03 5.470e-03 0.000e+00
1867 1.817e-03 2.220e-03 8.097e-03 0.000e+00
1868 -8.193e-04 3.492e-03 -1.745e-03 0.000e+00
1869 4.478e-03 8.911e-04 -3.535e-03 0.000e+00
1870 -4.769e-03 -3.943e-03 2.008e-03 0.000e+00
1871 2.695e-03 4.680e-03 6.002e-03 0.000e+00
1872 -3.308e-03 -4.379e-03 4.307e-03 0.000e+00
1873 2.332e-03 5.561e-03 -3.953e-04 0.000e+00
1874 1.647e-04 -3.582e-04 5.789e-03 0.000e+00
1875 -5.112e-03 2.082e-03 -2.757e-03 0.000e+00
1876 -1.797e-03 -5.408e-03 2.442e-03 0.000e+00
1877 -1.904e-03 3.076e-03 2.351e-03 0.000e+00
1878 7.858e-04 1.194e-03 -9.100e-04 0.000e+00
1879 -1.765e-03 -6.743e-04 -4.041e-03 0.000e+00
1880 1.196e-03 -4.421e-03 2.101e-03 0.000e+00
1881 -4.261e-03 -4.477e-03 -8.435e-04 0.000e+00
1882 1.074e-03 -4.108e-03 3.080e-03 0.000e+00
1883 -2.150e-03 -4.367e-03 -4.938e-03 0.000e+00
1884 3.501e-04 5.975e-03 -7.292e-03 7.875e+01
1885 4.088e-03 6.396e-03 -5.434e-03 -4.182e+01
1886 7.498e-04 6.439e-04 1.586e-03 0.000e+00
1887 3.633e-03 1.093e-02 -1.829e-03 -3.704e+01
1888 -3.339e-03 1.210e-03 3.101e-03 0.000e+00
1889 -2.906e-04 -3.781e-03 -3.620e-03 0.000e+00
1890 -1.173e-03 2.305e-03 -1.639e-03 0.000e+00
1891 2.309e-03 3.855e-03 5.340e-03 0.000e+00
1892 -2.266e-03 -4.754e-04 2.460e-03 0.000e+00
1893 9.360e-03 -3.373e-03 2.312e-04 0.000e+00
1894 3.045e-04 5.747e-04 -2.004e-03 0.000e+00
1895 1.550e-03 -5.148e-03 -3.414e-03 0.000e+00
1896 -6.943e-04 -4.211e-03 1.468e-04 0.000e+00
1897 -5.106e-04 -4.952e-03 2.198e-03 0.000e+00
1898 2.622e-03 -5.393e-03 4.464e-03 0.000e+00
1899 5.503e-04 -3.481e-03 -2.740e-04 0.000e+00
1900 -1.577e-03 -5.208e-03 -1.115e-02 0.000e+00
1901 9.977e-04 -5.374e-03 -6.234e-03 0.000e+00
1902 -7.525e-03 1.828e-03 2.965e-03 0.000e+00
1903 2.217e-03 -3.610e-03 2.456e-03 0.000e+00
1904 1.221e-03 -4.834e-03 6.537e-03 0.000e+00
1905 -2.893e-03 -3.099e-03 -1.244e-03 0.000e+00
1906 3.547e-03 -4.274e-03 -1.754e-03 0.000e+00
1907 2.235e-04 -2.873e-04 3.285e-03 0.000e+00
1908 -1.566e-03 -3.321e-03 2.819e-03 0.000e+00
1909 3.217e-03 -3.499e-03 -3.694e-03 0.000e+00
1910 -1.014e-03 5.403e-03 -2.622e-04 0.000e+00
1911 -3.684e-04 3.792e-03 2.804e-03 0.000e+00
1912 -4.520e-04 -5.384e-03 5.289e-03 0.000e+00
1913 -1.600e-03 1.386e-03 2.337e-03 0.000e+00
1914 -5.799e-04 -2.561e-04 8.381e-05 0.000e+00
1915 -2.473e-03 -5.048e-03 -4.609e-03 0.000e+00
1916 3.031e-03 1.875e-03 -3.966e-03 0.000e+00
1917 -2.548e-03 -3.890e-03 -6.569e-03 0.000e+00
1918 6.874e-05 -4.471e-03 -1.406e-03 0.000e+00
1919 2.036e-03 3.869e-03 -3.995e-03 0.000e+00
1920 -3.665e-03 -5.392e-03 5.162e-03 0.000e+00
1921 2.541e-03 9.665e-04 4.425e-03 0.000e+00
1922 -6.020e-03 1.599e-04 1.176e-03 0.000e+00
1923 -1.648e-03 2.937e-03 7.726e-04 0.000e+00
1924 -5.717e-03 -5.354e-03 -2.319e-03 0.000e+00
1925 -8.428e-04 -5.302e-03 -1.627e-03 0.000e+00
1926 -3.420e-03 8.150e-04 8.766e-03 0.000e+00
1927 -3.073e-03 -4.892e-03 -1.323e-03 0.000e+00
1928 -1.872e-03 3.010e-03 -2.691e-03 0.000e+00
1929 1.282e-03 6.191e-05 -3.105e-03 0.000e+00
1930 3.865e-04 -4.004e-03 -4.726e-03 0.000e+00
1931 -2.089e-04 3.569e-03 -4.669e-03 0.000e+00
1932 1.830e-03 5.842e-03 1.080e-03 -1.037e+01
1933 -5.904e-03 -5.049e-04 -7.033e-03 0.000e+00
1934 -2.171e-03 3.872e-03 -6.773e-04 0.000e+00
1935 -1.815e-03 4.429e-03 4.450e-04 0.000e+00
1936 1.049e-03 -2.623e-04 -1.629e-03 0.000e+00
1937 -7.999e-03 -3.532e-03 -7.377e-04 0.000e+00
1938 -1.678e-03 -2.705e-03 3.549e-04 0.000e+00
1939 -3.939e-03 2.018e-03 -4.394e-03 0.000e+00
1940 1.272e-03 -5.006e-03 1.223e-04 0.000e+00
1941 -5.095e-03 3.535e-03 1.886e-03 0.000e+00
1942 3.635e-03 3.028e-03 -3.983e-03 0.000e+00
1943 -3.629e-03 -4.238e-03 -7.025e-03 0.000e+00
1944 -7.738e-03 -5.248e-03 5.022e-03 0.000e+00
1945 4.176e-03 -4.445e-03 1.474e-03 0.000e+00
1946 -4.005e-03 2.621e-03 4.512e-03 0.000e+00
1947 5.064e-04 1.104e-03 -1.895e-03 0.000e+00
1948 1.615e-03 -3.777e-03 -3.371e-03 0.000e+00
1949 -1.059e-03 -3.356e-03 -1.270e-03 0.000e+00
1950 -2.725e-03 3.230e-04 4.627e-03 0.000e+00
1951 -1.104e-03 2.298e-03 -2.613e-03 0.000e+00
1952 2.266e-04 -5.150e-03 4.001e-03 0.000e+00
1953 3.644e-04 2.213e-03 6.171e-03 0.000e+00
1954 -3.819e-03 8.297e-04 2.565e-03 0.000e+00
1955 -3.345e-03 -3.751e-03 -1.966e-03 0.000e+00
1956 -2.175e-03 3.050e-03 5.799e-03 0.000e+00
1957 1.023e-03 2.039e-03 -1.105e-03 0.000e+00
1958 -1.093e-03 -3.971e-03 -3.070e-03 0.000e+00
1959 2.747e-03 6.421e-03 -3.813e-03 2.782e+01
1960 6.905e-05 -4.356e-03 -5.564e-04 0.000e+00
1961 -4.727e-03 -5.240e-03 -1.940e-05 0.000e+00
1962 2.097e-03 1.217e-03 -1.044e-03 0.000e+00
1963 -1.393e-03 -2.029e-03 6.055e-04 0.000e+00
1964 -1.772e-04 -4.457e-03 8.914e-06 0.000e+00
1965 2.882e-03 -5.115e-03 -6.267e-04 0.000e+00
1966 1.282e-03 5.406e-05 -5.741e-03 0.000e+00
1967 4.771e-03 -5.177e-03 -4.205e-03 0.000e+00
1968 -1.823e-03 -5.356e-03 2.944e-03 0.000e+00
1969 1.341e-03 -3.690e-03 -5.323e-03 0.000e+00
1970 5.213e-04 -5.389e-03 3.627e-03 0.000e+00
1971 -6.858e-03 -5.185e-03 2.740e-03 0.000e+00
1972 -3.115e-04 8.863e-05 8.807e-04 0.000e+00
1973 4.470e-03 6.114e-03 -4.075e-03 2.754e+01
1974 -7.387e-04 -3.532e-03 -2.944e-03 0.000e+00
1975 1.511e-03 2.673e-03 2.249e-03 0.000e+00
1976 1.434e-03 4.216e-03 1.774e-03 0.000e+00
1977 7.164e-04 4.118e-03 8.286e-04 0.000e+00
1978 -9.527e-04 -4.160e-03 5.685e-04 0.000e+00
1979 -1.810e-04 -5.082e-03 -4.136e-03 0.000e+00
1980 -4.094e-03 3.632e-03 -4.051e-03 0.000e+00
1981 1.539e-03 -2.993e-03 9.764e-04 0.000e+00
1982 2.361e-03 3.431e-03 -6.175e-04 0.000e+00
1983 -5.081e-03 -5.239e-03 8.120e-03 0.000e+00
1984 -3.839e-04 6.766e-04 1.549e-03 0.000e+00
1985 2.577e-03 -5.289e-03 1.392e-03 0.000e+00
1986 -3.756e-03 -4.600e-03 2.462e-03 0.000e+00
1987 -1.513e-03 -5.083e-03 -1.591e-03 0.000e+00
1988 -1.258e-03 1.900e-03 -2.010e-03 0.000e+00
1989 4.402e-03 -5.084e-03 1.082e-03 0.000e+00
1990 1.063e-03 1.069e-03 7.177e-04 0.000e+00
1991 -1.059e-03 -3.043e-03 2.904e-03 0.000e+00
1992 -6.201e-04 6.043e-03 1.512e-03 -8.886e+01
1993 1.461e-03 -5.023e-03 1.208e-03 0.000e+00
1994 -5.905e-03 2.379e-04 -1.173e-03 0.000e+00
1995 -2.562e-03 -3.454e-03 -1.237e-03 0.000e+00
1996 -4.862e-03 3.760e-03 -3.907e-03 0.000e+00
1997 -2.455e-03 3.090e-04 -1.516e-03 0.000e+00
1998 -2.555e-03 -3.545e-03 4.118e-04 0.000e+00
1999 -9.485e-04 -3.634e-03 2.798e-03 0.000e+00
2000 -3.691e-03 2.100e-03 1.968e-04 0.000e+00
2001 -6.196e-03 8.705e-04 -4.658e-03 0.000e+00
2002 1.759e-03 -5.043e-03 -8.253e-04 0.000e+00
2003 -1.315e-03 2.676e-03 1.540e-03 0.000e+00
2004 -3.406e-03 -5.021e-03 -1.665e-03 0.000e+00
2005 1.398e-03 -4.150e-03 -4.037e-03 0.000e+00
2006 4.655e-04 3.567e-03 -1.450e-03 0.000e+00
2007 8.627e-03 3.683e-03 5.925e-04 0.000e+00
2008 -5.114e-03 -3.109e-03 -3.790e-03 0.000e+00
2009 1.859e-03 4.961e-03 7.977e-03 0.000e+00
2010 -4.444e-04 -3.643e-03 5.806e-03 0.000e+00
2011 -5.176e-04 7.764e-04 -2.773e-03 0.000e+00
2012 1.226e-03 5.310e-03 2.274e-03 0.000e+00
2013 -3.675e-03 -3.412e-03 -2.261e-03 0.000e+00
2014 5.307e-03 3.605e-03 -1.656e-06 0.000e+00
2015 -2.562e-03 8.381e-04 2.270e-03 0.000e+00
2016 -3.676e-03 2.971e-03 3.970e-03 0.000e+00
2017 -1.926e-03 -2.896e-03 -1.049e-03 0.000e+00
2018 1.167e-03 -2.671e-03 1.733e-03 0.000e+00
2019 -2.984e-03 3.288e-03 -1.489e-05 0.000e+00
2020 -5.797e-03 -4.036e-03 2.724e-03 0.000e+00
2021 -1.682e-03 2.390e-03 1.166e-03 0.000e+00
2022 -2.642e-04 -3.323e-03 4.096e-03 0.000e+00
2023 -2.520e-03 -4.826e-03 1.720e-03 0.000e+00
2024 -2.549e-04 2.289e-03 -2.027e-03 0.000e+00
2025 -2.404e-03 -5.114e-03 -3.347e-03 0.000e+00
2026 -4.030e-03 2.624e-03 3.474e-03 0.000e+00
2027 -1.077e-03 1.175e-03 1.943e-03 0.000e+00
2028 -5.804e-03 9.209e-03 -5.651e-03 -8.836e+01
2029 1.581e-03 2.132e-03 -2.868e-03 0.000e+00
2030 1.437e-04 8.562e-03 -6.325e-03 -5.368e+01
2031 3.490e-03 8.004e-05 3.765e-03 0.000e+00
2032 -1.593e-03 9.777e-04 -1.333e-03 0.000e+00
2033 -4.223e-03 2.619e-03 -3.511e-03 0.000e+00
2034 -4.563e-03 2.429e-03 -2.267e-03 0.000e+00
2035 -3.561e-03 -4.468e-03 2.786e-03 0.000e+00
2036 7.328e-03 -4.112e-03 4.726e-03 0.000e+00
2037 -5.059e-03 2.746e-03 -9.479e-04 0.000e+00
2038 -4.404e-03 -5.237e-03 5.535e-04 0.000e+00
2039 -3.807e-03 4.735e-03 -4.727e-03 0.000e+00
2040 -3.929e-03 3.948e-03 -2.070e-03 0.000e+00
2041 3.170e-05 -3.235e-03 -1.547e-03 0.000e+00
2042 3.608e-03 2.725e-04 1.227e-03 0.000e+00
2043 -8.123e-03 1.388e-03 1.924e-03 0.000e+00
2044 -2.593e-03 3.222e-03 3.236e-03 0.000e+00
2045 -5.714e-03 4.660e-04 -7.253e-03 0.000e+00
2046 -1.416e-03 -3.941e-03 2.703e-03 0.000e+00
2047 -2.117e-03 -3.410e-03 -7.581e-03 0.000e+00
