Bin I L V PA
0 -2.143e-04 3.713e-06 -3.168e-05 0.000e+00
1 -1.631e-04 4.392e-06 -1.062e-06 0.000e+00
2 -2.038e-04 7.771e-06 -1.274e-04 0.000e+00
3 -2.370e-04 2.956e-06 -1.264e-05 0.000e+00
4 -2.111e-04 -4.273e-06 -3.740e-05 0.000e+00
5 -1.099e-04 -9.507e-06 -6.986e-05 0.000e+00
6 -1.019e-04 -8.300e-06 -7.583e-05 0.000e+00
7 -2.453e-04 -7.252e-06 -4.045e-05 0.000e+00
8 -1.677e-04 1.414e-05 2.815e-05 0.000e+00
9 -1.085e-04 -9.331e-06 3.553e-05 0.000e+00
10 -2.176e-04 -5.356e-06 8.131e-07 0.000e+00
11 -2.552e-04 -7.827e-06 -7.914e-06 0.000e+00
12 -2.249e-04 3.330e-06 -5.963e-06 0.000e+00
13 -1.748e-04 -7.496e-06 -1.083e-05 0.000e+00
14 -1.534e-04 -7.388e-06 1.546e-05 0.000e+00
15 -1.762e-04 -6.795e-06 -6.973e-06 0.000e+00
16 -2.551e-04 2.151e-06 9.915e-05 0.000e+00
17 -2.754e-04 6.978e-06 1.919e-05 0.000e+00
18 -1.573e-04 -8.385e-06 2.416e-05 0.000e+00
19 -2.127e-04 -6.360e-06 2.307e-05 0.000e+00
20 -8.150e-05 -7.274e-06 -1.653e-06 0.000e+00
21 -2.712e-04 -9.988e-08 1.910e-05 0.000e+00
22 -2.352e-04 -1.419e-06 6.687e-05 0.000e+00
23 -2.160e-04 -6.065e-06 -1.402e-04 0.000e+00
24 -1.181e-04 -6.497e-06 -8.107e-05 0.000e+00
25 -1.090e-04 -5.151e-06 -9.235e-05 0.000e+00
26 -3.347e-05 -4.137e-07 8.423e-06 0.000e+00
27 -1.850e-04 -9.265e-06 8.849e-05 0.000e+00
28 -1.861e-04 -2.724e-06 1.248e-05 0.000e+00
29 -1.418e-04 -9.015e-06 5.817e-05 0.000e+00
30 -1.524e-04 2.361e-05 -2.878e-05 0.000e+00
31 -1.773e-04 -5.435e-07 -8.270e-05 0.000e+00
32 -1.665e-04 9.570e-07 -2.227e-05 0.000e+00
33 -6.573e-05 7.913e-07 -1.417e-04 0.000e+00
34 -1.447e-04 -6.507e-06 8.473e-05 0.000e+00
35 -1.933e-04 -5.011e-06 6.505e-05 0.000e+00
36 -2.078e-05 1.603e-06 -7.443e-05 0.000e+00
37 -1.997e-04 8.988e-06 4.335e-05 0.000e+00
38 -9.570e-05 -7.942e-06 -1.934e-05 0.000e+00
39 -1.665e-04 -7.882e-06 -2.906e-05 0.000e+00
40 -1.233e-04 2.573e-07 -3.672e-06 0.000e+00
41 -4.939e-05 -9.510e-06 7.021e-06 0.000e+00
42 -1.165e-04 -4.357e-06 5.052e-05 0.000e+00
43 -8.985e-05 5.808e-06 -5.393e-05 0.000e+00
44 -1.624e-04 -8.918e-06 -7.175e-05 0.000e+00
45 -7.584e-05 -5.849e-06 -1.847e-05 0.000e+00
46 1.487e-05 1.134e-05 -1.517e-05 0.000e+00
47 3.881e-06 -3.832e-06 -5.751e-05 0.000e+00
48 -1.482e-05 8.032e-06 2.025e-06 0.000e+00
49 -1.462e-05 -7.588e-06 -6.003e-05 0.000e+00
50 -9.693e-05 -9.549e-06 6.171e-05 0.000e+00
51 -3.206e-05 2.525e-05 -3.782e-06 0.000e+00
52 -1.608e-04 -9.288e-06 2.962e-05 0.000e+00
53 3.936e-05 -6.408e-06 1.943e-05 0.000e+00
54 -3.426e-05 2.453e-06 3.320e-05 0.000e+00
55 -5.066e-05 -7.009e-06 6.170e-05 0.000e+00
56 3.568e-05 -3.473e-06 -2.768e-05 0.000e+00
57 -2.803e-05 -5.970e-06 -3.777e-05 0.000e+00
58 -2.037e-05 -1.974e-06 3.227e-05 0.000e+00
59 -3.280e-05 -9.398e-06 -1.107e-05 0.000e+00
60 1.424e-06 -4.977e-06 7.670e-06 0.000e+00
61 -1.060e-04 -8.662e-06 -6.674e-05 0.000e+00
62 1.602e-04 9.561e-06 -2.145e-05 0.000e+00
63 1.297e-04 -4.992e-06 -1.672e-05 0.000e+00
64 -9.740e-06 -2.841e-07 -8.066e-05 0.000e+00
65 4.639e-05 -7.966e-07 2.093e-05 0.000e+00
66 2.867e-06 6.524e-07 1.158e-04 0.000e+00
67 -5.471e-05 -7.227e-06 -2.407e-05 0.000e+00
68 -6.956e-05 -7.670e-06 2.676e-05 0.000e+00
69 -2.294e-05 9.149e-08 8.828e-05 0.000e+00
70 -1.360e-05 -2.931e-06 -1.998e-05 0.000e+00
71 8.344e-05 -8.466e-06 2.504e-05 0.000e+00
72 3.032e-05 -9.060e-06 -6.630e-05 0.000e+00
73 -4.858e-05 -8.572e-06 2.415e-05 0.000e+00
74 1.051e-05 7.969e-06 -1.115e-04 0.000e+00
75 1.215e-04 8.322e-06 -1.863e-05 0.000e+00
76 3.902e-05 -7.772e-06 3.498e-05 0.000e+00
77 -1.751e-05 -7.038e-06 -1.607e-05 0.000e+00
78 1.181e-04 -7.670e-06 -1.108e-05 0.000e+00
79 4.702e-05 -4.316e-06 -4.089e-05 0.000e+00
80 4.633e-05 9.728e-06 3.967e-05 0.000e+00
81 5.636e-05 -3.642e-06 -1.635e-04 0.000e+00
82 1.584e-05 -8.164e-06 -5.978e-05 0.000e+00
83 4.618e-05 -3.099e-06 5.467e-05 0.000e+00
84 -1.383e-05 -9.249e-06 8.274e-05 0.000e+00
85 2.047e-04 -5.864e-06 2.562e-05 0.000e+00
86 -1.794e-05 1.874e-07 -8.152e-05 0.000e+00
87 6.694e-05 -3.086e-06 -7.561e-05 0.000e+00
88 -6.210e-05 -9.423e-06 -1.463e-04 0.000e+00
89 3.910e-05 -1.928e-06 6.022e-05 0.000e+00
90 -6.143e-05 -1.208e-06 -1.603e-05 0.000e+00
91 4.462e-05 -6.962e-06 -5.020e-05 0.000e+00
92 3.572e-05 -5.423e-07 9.528e-05 0.000e+00
93 8.726e-05 -9.533e-06 -9.415e-06 0.000e+00
94 1.446e-04 -5.447e-06 -2.228e-05 0.000e+00
95 1.734e-05 -4.393e-06 -2.617e-05 0.000e+00
96 -8.929e-06 2.242e-05 1.642e-05 0.000e+00
97 5.743e-05 -9.014e-06 4.522e-05 0.000e+00
98 4.414e-05 -8.737e-06 -2.141e-04 0.000e+00
99 4.916e-05 -8.189e-06 5.134e-06 0.000e+00
100 6.333e-05 -5.615e-06 -2.484e-05 0.000e+00
101 3.641e-05 -2.394e-06 -1.236e-05 0.000e+00
102 9.599e-05 2.024e-05 -2.072e-05 0.000e+00
103 -1.568e-05 -7.298e-06 -1.262e-04 0.000e+00
104 6.817e-05 -2.581e-06 9.266e-05 0.000e+00
105 1.223e-04 -3.161e-06 6.376e-05 0.000e+00
106 -1.145e-06 -5.095e-06 -4.712e-05 0.000e+00
107 -1.509e-05 2.385e-05 -3.010e-05 0.000e+00
108 3.681e-05 -9.181e-06 -5.028e-05 0.000e+00
109 0.000e+00 5.606e-06 2.033e-05 0.000e+00
110 9.858e-05 -6.418e-06 -2.119e-05 0.000e+00
111 4.287e-05 -9.430e-06 -5.229e-05 0.000e+00
112 1.415e-04 8.698e-06 5.233e-07 0.000e+00
113 4.418e-05 -8.548e-06 -3.092e-05 0.000e+00
114 -4.982e-05 7.406e-06 1.351e-05 0.000e+00
115 1.338e-07 9.677e-07 3.044e-05 0.000e+00
116 5.189e-06 1.948e-05 -2.397e-05 0.000e+00
117 1.359e-05 4.324e-06 3.302e-05 0.000e+00
118 -1.043e-04 5.621e-06 1.060e-04 0.000e+00
119 -1.140e-05 1.325e-05 7.413e-06 0.000e+00
120 -1.918e-05 2.385e-05 7.135e-05 0.000e+00
121 -1.100e-04 -3.640e-06 -3.112e-05 0.000e+00
122 -4.260e-05 4.304e-07 5.415e-05 0.000e+00
123 -4.224e-05 6.382e-06 -3.159e-06 0.000e+00
124 -5.384e-05 6.369e-06 -8.818e-05 0.000e+00
125 -2.776e-06 2.806e-05 9.365e-06 0.000e+00
126 -4.989e-05 -6.909e-07 5.839e-06 0.000e+00
127 -3.451e-05 1.144e-05 -1.331e-04 0.000e+00
128 4.287e-05 2.718e-05 3.710e-05 0.000e+00
129 -2.000e-04 1.401e-05 -1.446e-05 0.000e+00
130 -3.337e-05 4.827e-05 -7.995e-05 0.000e+00
131 2.122e-05 1.342e-05 5.802e-05 0.000e+00
132 -1.910e-05 -3.159e-06 -2.437e-05 0.000e+00
133 3.144e-05 2.111e-05 2.462e-05 0.000e+00
134 -2.425e-05 4.626e-05 -1.412e-05 0.000e+00
135 3.588e-05 2.645e-05 -1.915e-05 0.000e+00
136 5.779e-06 3.402e-05 1.630e-05 0.000e+00
137 -7.724e-05 5.346e-05 3.872e-05 0.000e+00
138 6.982e-07 2.929e-05 3.408e-05 0.000e+00
139 3.343e-05 4.368e-05 3.105e-05 0.000e+00
140 1.653e-05 6.318e-05 4.618e-06 0.000e+00
141 1.157e-05 8.435e-05 3.379e-05 0.000e+00
142 1.256e-04 8.817e-05 -5.886e-05 0.000e+00
143 4.240e-05 8.575e-05 -2.378e-05 0.000e+00
144 3.080e-05 1.599e-04 -4.005e-05 0.000e+00
145 7.841e-05 1.378e-04 4.074e-05 0.000e+00
146 2.372e-04 1.813e-04 8.468e-05 0.000e+00
147 -3.813e-05 2.653e-04 1.080e-04 0.000e+00
148 1.669e-04 2.648e-04 4.239e-05 0.000e+00
149 2.842e-04 2.175e-04 -3.341e-05 0.000e+00
150 2.009e-04 5.422e-04 -2.893e-05 0.000e+00
151 2.603e-04 4.224e-04 2.721e-06 0.000e+00
152 4.467e-04 5.634e-04 -6.384e-05 0.000e+00
153 4.018e-04 1.081e-03 2.895e-05 1.322e+02
154 5.192e-04 1.249e-03 -2.035e-05 1.325e+02
155 6.510e-04 1.303e-03 -8.700e-06 1.264e+02
156 6.189e-04 1.387e-03 -4.148e-05 1.317e+02
157 8.353e-04 1.568e-03 1.036e-04 1.302e+02
158 9.788e-04 1.616e-03 7.150e-05 1.285e+02
159 1.089e-03 1.920e-03 -9.390e-05 1.303e+02
160 1.157e-03 2.034e-03 5.739e-05 1.292e+02
161 1.563e-03 2.257e-03 -6.842e-05 1.319e+02
162 1.776e-03 2.558e-03 -5.244e-05 1.279e+02
163 1.877e-03 2.826e-03 3.007e-05 1.311e+02
164 2.103e-03 2.905e-03 9.152e-05 1.301e+02
165 2.381e-03 3.205e-03 8.810e-05 1.296e+02
166 2.661e-03 3.547e-03 1.335e-04 1.294e+02
167 2.839e-03 3.627e-03 6.336e-05 1.283e+02
168 2.904e-03 3.771e-03 8.947e-05 1.288e+02
169 2.981e-03 3.902e-03 4.811e-06 1.284e+02
170 3.000e-03 3.801e-03 -7.621e-05 1.280e+02
171 2.958e-03 3.708e-03 3.931e-05 1.274e+02
172 2.680e-03 3.623e-03 3.361e-05 1.280e+02
173 2.602e-03 3.343e-03 1.091e-04 1.265e+02
174 2.416e-03 3.146e-03 1.134e-05 1.263e+02
175 2.240e-03 2.889e-03 -5.621e-06 1.258e+02
176 1.968e-03 2.648e-03 -1.066e-04 1.250e+02
177 1.908e-03 2.690e-03 -2.013e-05 1.252e+02
178 1.877e-03 2.551e-03 -6.173e-05 1.259e+02
179 1.988e-03 2.614e-03 -1.238e-04 1.264e+02
180 2.062e-03 2.611e-03 5.490e-05 1.232e+02
181 2.309e-03 2.848e-03 -1.219e-04 1.250e+02
182 2.425e-03 2.835e-03 -7.554e-05 1.252e+02
183 2.479e-03 2.924e-03 -4.935e-05 1.243e+02
184 2.573e-03 2.983e-03 -1.116e-04 1.251e+02
185 2.546e-03 3.054e-03 -1.840e-04 1.241e+02
186 2.702e-03 3.077e-03 -2.149e-04 1.222e+02
187 2.828e-03 2.975e-03 -1.059e-04 1.244e+02
188 2.931e-03 3.136e-03 -1.576e-04 1.231e+02
189 2.887e-03 3.096e-03 -5.606e-05 1.211e+02
190 3.003e-03 3.216e-03 -1.245e-04 1.208e+02
191 3.134e-03 3.058e-03 -3.139e-07 1.217e+02
192 3.223e-03 3.036e-03 -1.075e-04 1.198e+02
193 3.340e-03 3.011e-03 -1.196e-04 1.199e+02
194 3.393e-03 2.829e-03 -8.536e-05 1.189e+02
195 3.401e-03 2.811e-03 -1.349e-04 1.205e+02
196 3.523e-03 2.620e-03 -1.268e-04 1.200e+02
197 3.523e-03 2.514e-03 -1.612e-04 1.191e+02
198 3.653e-03 2.234e-03 -1.932e-04 1.163e+02
199 3.803e-03 2.295e-03 -5.029e-05 1.184e+02
200 3.896e-03 2.153e-03 -2.778e-04 1.159e+02
201 4.238e-03 1.938e-03 -2.328e-04 1.168e+02
202 4.508e-03 1.856e-03 -1.727e-04 1.152e+02
203 4.825e-03 1.652e-03 -1.804e-04 1.127e+02
204 5.183e-03 1.646e-03 -2.477e-04 1.148e+02
205 5.780e-03 1.301e-03 -1.950e-04 1.097e+02
206 6.313e-03 1.255e-03 -2.724e-04 1.086e+02
207 6.969e-03 2.953e-04 -1.877e-04 0.000e+00
208 7.907e-03 1.117e-04 -3.278e-04 0.000e+00
209 8.814e-03 2.112e-05 -2.523e-04 0.000e+00
210 9.936e-03 -1.894e-06 -2.629e-04 0.000e+00
211 1.132e-02 9.218e-04 -3.080e-04 0.000e+00
212 1.323e-02 1.485e-03 -3.927e-04 2.546e+01
213 1.515e-02 2.020e-03 -3.913e-04 2.655e+01
214 1.796e-02 2.693e-03 -3.278e-04 2.310e+01
215 2.158e-02 3.712e-03 -5.353e-04 2.227e+01
216 2.604e-02 4.801e-03 -3.627e-04 2.081e+01
217 3.178e-02 6.505e-03 -3.709e-04 1.944e+01
218 3.895e-02 8.398e-03 -5.632e-04 1.850e+01
219 4.834e-02 1.084e-02 -6.282e-04 1.719e+01
220 5.994e-02 1.406e-02 -5.661e-04 1.762e+01
221 7.520e-02 1.846e-02 -8.774e-04 1.763e+01
222 9.439e-02 2.403e-02 -1.180e-03 1.685e+01
223 1.182e-01 3.058e-02 -1.539e-03 1.589e+01
224 1.474e-01 3.909e-02 -1.776e-03 1.537e+01
225 1.819e-01 4.938e-02 -1.844e-03 1.507e+01
226 2.208e-01 5.995e-02 -2.452e-03 1.447e+01
227 2.684e-01 7.561e-02 -3.259e-03 1.446e+01
228 3.194e-01 9.183e-02 -3.662e-03 1.428e+01
229 3.746e-01 1.105e-01 -3.213e-03 1.411e+01
230 4.307e-01 1.314e-01 -3.816e-03 1.413e+01
231 4.914e-01 1.591e-01 -3.370e-03 1.404e+01
232 5.550e-01 1.900e-01 -2.991e-03 1.387e+01
233 6.172e-01 2.254e-01 -4.031e-03 1.358e+01
234 6.758e-01 2.645e-01 -4.396e-03 1.311e+01
235 7.266e-01 3.029e-01 -5.465e-03 1.291e+01
236 7.727e-01 3.407e-01 -7.409e-03 1.238e+01
237 8.106e-01 3.781e-01 -1.017e-02 1.175e+01
238 8.319e-01 4.046e-01 -1.168e-02 1.082e+01
239 8.443e-01 4.302e-01 -1.128e-02 9.883e+00
240 8.423e-01 4.440e-01 -8.612e-03 8.974e+00
241 8.290e-01 4.501e-01 -5.344e-03 8.033e+00
242 8.052e-01 4.496e-01 -2.611e-04 7.131e+00
243 7.745e-01 4.418e-01 5.462e-03 6.217e+00
244 7.368e-01 4.281e-01 1.034e-02 5.358e+00
245 6.944e-01 4.089e-01 1.458e-02 4.519e+00
246 6.496e-01 3.863e-01 1.868e-02 3.610e+00
247 6.043e-01 3.618e-01 2.201e-02 2.762e+00
248 5.646e-01 3.407e-01 2.449e-02 1.885e+00
249 5.266e-01 3.194e-01 2.653e-02 9.629e-01
250 4.976e-01 3.037e-01 2.896e-02 -4.814e-04
251 4.731e-01 2.907e-01 3.206e-02 -1.084e+00
252 4.525e-01 2.795e-01 3.535e-02 -2.293e+00
253 4.370e-01 2.705e-01 3.843e-02 -3.528e+00
254 4.244e-01 2.628e-01 4.156e-02 -4.898e+00
255 4.152e-01 2.561e-01 4.519e-02 -6.391e+00
256 4.099e-01 2.514e-01 4.917e-02 -7.988e+00
257 4.071e-01 2.470e-01 5.290e-02 -9.765e+00
258 4.060e-01 2.428e-01 5.682e-02 -1.166e+01
259 4.089e-01 2.401e-01 6.044e-02 -1.370e+01
260 4.146e-01 2.379e-01 6.421e-02 -1.590e+01
261 4.242e-01 2.376e-01 6.771e-02 -1.833e+01
262 4.375e-01 2.385e-01 7.171e-02 -2.095e+01
263 4.538e-01 2.406e-01 7.442e-02 -2.370e+01
264 4.739e-01 2.439e-01 7.750e-02 -2.667e+01
265 4.972e-01 2.479e-01 8.045e-02 -2.990e+01
266 5.238e-01 2.537e-01 8.288e-02 -3.333e+01
267 5.554e-01 2.618e-01 8.467e-02 -3.697e+01
268 5.895e-01 2.707e-01 8.516e-02 -4.081e+01
269 6.253e-01 2.800e-01 8.355e-02 -4.487e+01
270 6.655e-01 2.904e-01 7.909e-02 1.310e+02
271 7.068e-01 2.995e-01 7.323e-02 1.266e+02
272 7.501e-01 3.065e-01 6.309e-02 1.222e+02
273 7.954e-01 3.127e-01 4.988e-02 1.177e+02
274 8.399e-01 3.171e-01 3.398e-02 1.129e+02
275 8.844e-01 3.210e-01 1.502e-02 1.082e+02
276 9.230e-01 3.202e-01 -7.351e-03 1.035e+02
277 9.562e-01 3.169e-01 -3.171e-02 9.879e+01
278 9.799e-01 3.133e-01 -5.627e-02 9.418e+01
279 9.957e-01 3.086e-01 -7.778e-02 8.965e+01
280 1.000e+00 3.045e-01 -9.927e-02 8.504e+01
281 9.949e-01 3.017e-01 -1.214e-01 8.040e+01
282 9.794e-01 2.989e-01 -1.422e-01 7.554e+01
283 9.524e-01 2.963e-01 -1.571e-01 7.072e+01
284 9.127e-01 2.938e-01 -1.662e-01 6.587e+01
285 8.665e-01 2.900e-01 -1.706e-01 6.096e+01
286 8.153e-01 2.854e-01 -1.700e-01 5.621e+01
287 7.636e-01 2.804e-01 -1.658e-01 5.145e+01
288 7.137e-01 2.747e-01 -1.600e-01 4.698e+01
289 6.690e-01 2.681e-01 -1.529e-01 4.260e+01
290 6.293e-01 2.619e-01 -1.452e-01 3.845e+01
291 5.933e-01 2.556e-01 -1.386e-01 3.447e+01
292 5.624e-01 2.506e-01 -1.315e-01 3.063e+01
293 5.349e-01 2.463e-01 -1.232e-01 2.697e+01
294 5.100e-01 2.422e-01 -1.143e-01 2.358e+01
295 4.889e-01 2.387e-01 -1.055e-01 2.046e+01
296 4.699e-01 2.351e-01 -9.624e-02 1.767e+01
297 4.523e-01 2.312e-01 -8.734e-02 1.508e+01
298 4.344e-01 2.259e-01 -7.690e-02 1.283e+01
299 4.174e-01 2.198e-01 -6.687e-02 1.085e+01
300 4.011e-01 2.118e-01 -5.723e-02 9.124e+00
301 3.848e-01 2.026e-01 -4.949e-02 7.624e+00
302 3.698e-01 1.936e-01 -4.175e-02 6.238e+00
303 3.563e-01 1.842e-01 -3.467e-02 5.037e+00
304 3.440e-01 1.748e-01 -2.936e-02 3.935e+00
305 3.352e-01 1.669e-01 -2.446e-02 2.861e+00
306 3.272e-01 1.586e-01 -2.051e-02 1.900e+00
307 3.241e-01 1.515e-01 -1.769e-02 1.033e+00
308 3.259e-01 1.476e-01 -1.582e-02 1.682e-01
309 3.291e-01 1.430e-01 -1.441e-02 -7.662e-01
310 3.330e-01 1.364e-01 -1.275e-02 -1.623e+00
311 3.365e-01 1.309e-01 -1.170e-02 -2.318e+00
312 3.408e-01 1.247e-01 -1.054e-02 -3.034e+00
313 3.400e-01 1.150e-01 -9.649e-03 -3.842e+00
314 3.343e-01 1.042e-01 -8.555e-03 -4.524e+00
315 3.265e-01 9.349e-02 -7.888e-03 -5.173e+00
316 3.131e-01 8.022e-02 -6.574e-03 -5.971e+00
317 2.964e-01 6.631e-02 -6.030e-03 -6.487e+00
318 2.780e-01 5.466e-02 -5.604e-03 -6.797e+00
319 2.558e-01 4.144e-02 -5.205e-03 -7.150e+00
320 2.320e-01 3.048e-02 -4.263e-03 -7.385e+00
321 2.080e-01 2.166e-02 -3.088e-03 -7.379e+00
322 1.843e-01 1.508e-02 -2.023e-03 -6.985e+00
323 1.610e-01 9.905e-03 -1.912e-03 -7.859e+00
324 1.396e-01 5.944e-03 -1.718e-03 -7.068e+00
325 1.203e-01 3.661e-03 -1.649e-03 -7.047e+00
326 1.023e-01 1.776e-03 -1.188e-03 -1.378e+01
327 8.786e-02 3.482e-05 -8.529e-04 0.000e+00
328 7.439e-02 5.627e-05 -5.318e-04 0.000e+00
329 6.358e-02 1.096e-03 -2.920e-04 7.631e+01
330 5.388e-02 1.609e-03 -5.275e-04 7.838e+01
331 4.585e-02 1.983e-03 -6.298e-04 8.196e+01
332 3.893e-02 1.810e-03 -6.145e-04 8.044e+01
333 3.336e-02 2.159e-03 -4.843e-04 7.647e+01
334 2.874e-02 2.177e-03 -4.124e-04 7.821e+01
335 2.477e-02 2.274e-03 -2.391e-04 7.840e+01
336 2.129e-02 2.223e-03 -1.854e-04 7.891e+01
337 1.846e-02 2.027e-03 -1.890e-04 8.012e+01
338 1.612e-02 2.301e-03 -1.679e-04 7.904e+01
339 1.412e-02 2.038e-03 -2.243e-04 7.720e+01
340 1.232e-02 1.876e-03 -1.249e-04 7.871e+01
341 1.076e-02 1.696e-03 -8.034e-05 7.944e+01
342 9.392e-03 1.609e-03 -1.226e-04 7.787e+01
343 8.290e-03 1.666e-03 -1.285e-04 7.936e+01
344 7.114e-03 1.368e-03 -8.672e-05 8.075e+01
345 6.336e-03 1.383e-03 -1.009e-04 7.468e+01
346 5.469e-03 1.399e-03 6.674e-05 7.572e+01
347 4.697e-03 1.226e-03 -2.731e-05 7.413e+01
348 4.145e-03 1.140e-03 -3.388e-05 7.920e+01
349 3.677e-03 1.048e-03 -1.151e-04 7.464e+01
350 3.133e-03 3.504e-04 -8.354e-05 0.000e+00
351 2.698e-03 2.684e-04 -1.354e-04 0.000e+00
352 2.376e-03 3.240e-04 -1.448e-04 0.000e+00
353 2.097e-03 1.527e-04 -1.080e-04 0.000e+00
354 1.794e-03 1.816e-04 -4.720e-06 0.000e+00
355 1.582e-03 1.597e-04 -5.870e-05 0.000e+00
356 1.145e-03 5.988e-05 -1.296e-04 0.000e+00
357 9.100e-04 2.648e-05 -1.060e-04 0.000e+00
358 7.730e-04 4.987e-05 4.287e-05 0.000e+00
359 4.816e-04 7.454e-05 -5.383e-05 0.000e+00
360 4.815e-04 3.022e-05 -1.043e-04 0.000e+00
361 2.685e-04 2.435e-05 4.030e-05 0.000e+00
362 1.814e-04 3.688e-05 -1.041e-04 0.000e+00
363 5.767e-05 5.527e-05 5.140e-05 0.000e+00
364 -1.218e-04 3.539e-06 -8.470e-05 0.000e+00
365 -1.917e-04 1.760e-05 -7.775e-05 0.000e+00
366 -1.658e-04 3.143e-06 -6.012e-05 0.000e+00
367 -2.686e-04 1.008e-05 5.252e-05 0.000e+00
368 -2.856e-04 1.485e-05 -7.016e-05 0.000e+00
369 -4.329e-04 3.806e-05 -1.037e-04 0.000e+00
370 -4.484e-04 3.739e-05 -6.755e-05 0.000e+00
371 -5.641e-04 3.839e-05 -6.436e-05 0.000e+00
372 -4.558e-04 3.716e-06 4.162e-06 0.000e+00
373 -5.464e-04 7.986e-07 1.777e-05 0.000e+00
374 -6.233e-04 5.516e-05 -1.654e-05 0.000e+00
375 -5.558e-04 -6.274e-06 -1.679e-05 0.000e+00
376 -5.879e-04 2.181e-05 -1.042e-04 0.000e+00
377 -5.463e-04 1.650e-06 8.585e-05 0.000e+00
378 -7.020e-04 1.672e-05 -1.740e-04 0.000e+00
379 -7.831e-04 -5.302e-06 -9.004e-05 0.000e+00
380 -7.030e-04 1.723e-05 -2.426e-05 0.000e+00
381 -7.870e-04 3.159e-05 5.165e-05 0.000e+00
382 -7.450e-04 -5.029e-06 7.485e-05 0.000e+00
383 -6.476e-04 4.574e-05 -1.006e-04 0.000e+00
384 -8.186e-04 4.923e-05 1.350e-05 0.000e+00
385 -6.375e-04 2.742e-05 -4.463e-05 0.000e+00
386 -7.673e-04 1.446e-05 3.965e-05 0.000e+00
387 -5.616e-04 3.414e-05 -4.175e-05 0.000e+00
388 -7.349e-04 8.301e-05 7.653e-05 0.000e+00
389 -7.521e-04 7.090e-05 6.370e-05 0.000e+00
390 -7.144e-04 9.147e-05 7.673e-05 0.000e+00
391 -7.118e-04 5.219e-05 -1.306e-04 0.000e+00
392 -7.731e-04 5.423e-05 6.229e-05 0.000e+00
393 -6.955e-04 8.308e-05 4.974e-05 0.000e+00
394 -6.141e-04 6.398e-05 3.090e-05 0.000e+00
395 -6.755e-04 4.255e-05 2.823e-05 0.000e+00
396 -7.404e-04 2.621e-05 -4.824e-05 0.000e+00
397 -6.924e-04 7.153e-05 -5.572e-07 0.000e+00
398 -7.255e-04 7.767e-05 -1.147e-04 0.000e+00
399 -6.782e-04 7.970e-05 5.185e-05 0.000e+00
400 -6.755e-04 3.012e-06 2.123e-05 0.000e+00
401 -6.927e-04 2.974e-05 2.285e-05 0.000e+00
402 -5.759e-04 4.497e-05 -8.485e-05 0.000e+00
403 -4.593e-04 2.530e-05 -2.539e-05 0.000e+00
404 -4.915e-04 4.450e-06 -7.132e-05 0.000e+00
405 -5.880e-04 3.746e-05 3.456e-05 0.000e+00
406 -5.494e-04 3.692e-06 1.781e-05 0.000e+00
407 -5.212e-04 -2.826e-06 5.790e-05 0.000e+00
408 -6.425e-04 -7.643e-06 6.029e-05 0.000e+00
409 -5.363e-04 -8.215e-06 3.531e-05 0.000e+00
410 -5.383e-04 -9.011e-06 -6.394e-05 0.000e+00
411 -4.674e-04 -8.040e-06 1.029e-04 0.000e+00
412 -4.748e-04 2.026e-06 -1.357e-05 0.000e+00
413 -4.482e-04 -1.039e-06 9.997e-05 0.000e+00
414 -5.263e-04 -2.392e-06 5.838e-05 0.000e+00
415 -4.583e-04 1.121e-05 -4.785e-05 0.000e+00
416 -3.362e-04 -6.531e-06 2.272e-05 0.000e+00
417 -3.184e-04 1.336e-05 -2.268e-05 0.000e+00
418 -4.899e-04 -1.697e-06 -4.381e-06 0.000e+00
419 -3.681e-04 -8.514e-06 1.008e-04 0.000e+00
420 -2.508e-04 -6.693e-06 8.645e-05 0.000e+00
421 -2.096e-04 1.356e-05 7.458e-05 0.000e+00
422 -2.754e-04 -4.677e-06 4.458e-05 0.000e+00
423 -1.982e-04 -3.616e-06 -2.569e-05 0.000e+00
424 -1.432e-04 2.288e-06 -6.360e-05 0.000e+00
425 -2.959e-04 2.116e-05 7.070e-06 0.000e+00
426 -2.373e-04 1.607e-06 9.388e-06 0.000e+00
427 -4.936e-05 0.000e+00 -3.310e-05 0.000e+00
428 -1.061e-04 -5.257e-06 -6.743e-06 0.000e+00
429 -6.113e-05 2.616e-05 6.362e-05 0.000e+00
430 -1.092e-04 -6.843e-06 5.791e-05 0.000e+00
431 -2.069e-04 -8.956e-06 -5.761e-05 0.000e+00
432 -7.237e-05 -9.182e-06 -8.350e-05 0.000e+00
433 -8.074e-05 -8.858e-06 9.305e-05 0.000e+00
434 -1.224e-04 -3.097e-07 -4.998e-05 0.000e+00
435 -7.255e-05 -8.584e-06 3.219e-05 0.000e+00
436 -9.204e-05 -1.299e-06 9.054e-05 0.000e+00
437 -2.566e-05 -4.718e-06 -2.164e-05 0.000e+00
438 -1.489e-05 -9.459e-06 3.077e-05 0.000e+00
439 -3.317e-06 -4.604e-06 -5.641e-05 0.000e+00
440 1.943e-05 -3.993e-06 3.143e-05 0.000e+00
441 4.670e-05 9.961e-06 1.405e-04 0.000e+00
442 9.707e-05 1.229e-05 -3.620e-05 0.000e+00
443 6.150e-05 -7.184e-06 -1.186e-04 0.000e+00
444 6.117e-05 -5.580e-06 2.530e-05 0.000e+00
445 5.560e-05 -2.089e-06 1.133e-04 0.000e+00
446 3.401e-05 -9.290e-06 5.232e-05 0.000e+00
447 -4.695e-05 6.088e-06 6.623e-05 0.000e+00
448 1.213e-04 -8.930e-06 1.257e-04 0.000e+00
449 9.203e-05 1.437e-05 -1.039e-04 0.000e+00
450 2.251e-04 -4.927e-06 0.000e+00 0.000e+00
451 8.079e-05 -3.071e-06 9.889e-05 0.000e+00
452 1.198e-04 -2.566e-06 -7.321e-05 0.000e+00
453 1.948e-04 -9.545e-06 3.124e-05 0.000e+00
454 1.466e-04 1.262e-05 -3.343e-06 0.000e+00
455 2.218e-04 -1.921e-06 -9.080e-05 0.000e+00
456 2.951e-04 1.541e-06 -2.184e-05 0.000e+00
457 2.182e-04 5.386e-06 4.647e-05 0.000e+00
458 1.756e-04 1.640e-06 -2.027e-05 0.000e+00
459 2.326e-04 -9.342e-06 -1.403e-04 0.000e+00
460 2.215e-04 -6.370e-06 -2.151e-05 0.000e+00
461 2.050e-04 2.551e-06 -3.844e-05 0.000e+00
462 2.488e-04 -5.220e-06 1.187e-05 0.000e+00
463 2.291e-04 3.127e-06 -2.022e-05 0.000e+00
464 2.038e-04 -8.484e-06 1.443e-05 0.000e+00
465 9.485e-05 -5.492e-06 8.781e-06 0.000e+00
466 1.110e-04 3.789e-06 -2.575e-05 0.000e+00
467 3.011e-04 -6.239e-06 1.938e-04 0.000e+00
468 2.509e-04 -8.029e-06 -1.538e-05 0.000e+00
469 2.607e-04 -6.587e-06 -3.130e-07 0.000e+00
470 1.995e-04 2.183e-05 5.048e-05 0.000e+00
471 2.585e-04 -7.898e-06 3.873e-05 0.000e+00
472 2.930e-04 -8.384e-06 1.266e-04 0.000e+00
473 2.674e-04 -8.536e-06 7.259e-06 0.000e+00
474 2.470e-04 -7.170e-06 -1.313e-05 0.000e+00
475 2.476e-04 6.167e-07 3.698e-06 0.000e+00
476 1.904e-04 -1.612e-06 -6.690e-05 0.000e+00
477 2.903e-04 -9.130e-06 5.358e-05 0.000e+00
478 2.449e-04 2.923e-06 2.703e-05 0.000e+00
479 2.491e-04 -8.608e-06 6.582e-06 0.000e+00
480 2.476e-04 -8.122e-06 3.435e-05 0.000e+00
481 2.353e-04 -1.366e-06 -4.543e-05 0.000e+00
482 2.511e-04 1.021e-05 2.064e-05 0.000e+00
483 3.216e-04 5.258e-06 -3.813e-05 0.000e+00
484 2.107e-04 2.404e-05 2.963e-05 0.000e+00
485 2.748e-04 1.695e-08 -2.310e-05 0.000e+00
486 2.184e-04 -8.602e-06 1.225e-04 0.000e+00
487 4.208e-04 -2.069e-06 -1.157e-05 0.000e+00
488 3.599e-04 2.620e-08 -8.502e-05 0.000e+00
489 4.022e-04 -2.692e-06 6.552e-05 0.000e+00
490 1.821e-04 -5.887e-06 -1.025e-05 0.000e+00
491 2.434e-04 -6.375e-06 -2.287e-05 0.000e+00
492 3.668e-04 2.815e-06 1.082e-05 0.000e+00
493 2.817e-04 4.583e-06 5.489e-08 0.000e+00
494 2.579e-04 -3.512e-06 5.013e-05 0.000e+00
495 2.684e-04 -6.197e-06 4.317e-05 0.000e+00
496 2.867e-04 -6.168e-06 8.570e-05 0.000e+00
497 2.947e-04 -7.887e-06 3.622e-05 0.000e+00
498 2.560e-04 7.480e-07 -7.179e-06 0.000e+00
499 2.881e-04 -8.541e-06 4.965e-05 0.000e+00
500 1.932e-04 -1.003e-06 7.703e-05 0.000e+00
501 2.221e-04 -7.735e-06 1.429e-05 0.000e+00
502 2.807e-04 -3.911e-06 -6.722e-05 0.000e+00
503 4.037e-04 -9.389e-06 -5.236e-05 0.000e+00
504 2.451e-04 -2.952e-06 1.454e-04 0.000e+00
505 3.346e-04 -9.240e-06 -2.507e-07 0.000e+00
506 3.036e-04 7.590e-06 -3.860e-05 0.000e+00
507 2.653e-04 7.102e-06 -1.259e-04 0.000e+00
508 2.674e-04 -6.641e-06 6.215e-05 0.000e+00
509 3.265e-04 -5.576e-06 -3.058e-05 0.000e+00
510 2.508e-04 -7.769e-06 -1.063e-04 0.000e+00
511 2.864e-04 -2.318e-06 -3.116e-05 0.000e+00
