Bin I L V PA
0 -3.503e-02 1.715e-02 5.474e-03 0.000e+00
1 7.287e-03 6.183e-03 -1.036e-04 0.000e+00
2 -1.816e-03 -2.143e-02 -1.785e-02 0.000e+00
3 2.394e-03 1.623e-02 2.598e-03 0.000e+00
4 2.336e-02 -3.942e-03 5.641e-03 0.000e+00
5 5.301e-03 -3.575e-03 2.053e-03 0.000e+00
6 -1.484e-02 -1.309e-02 -1.900e-04 0.000e+00
7 -9.226e-03 9.957e-03 -1.173e-02 0.000e+00
8 1.245e-02 -2.226e-02 -8.508e-03 0.000e+00
9 -1.251e-02 2.917e-02 -2.621e-02 1.120e+02
10 -1.127e-02 -2.901e-03 -7.492e-03 0.000e+00
11 2.496e-02 7.903e-03 5.746e-04 0.000e+00
12 5.355e-03 -1.992e-02 -1.699e-03 0.000e+00
13 -2.263e-02 -1.822e-02 3.672e-03 0.000e+00
14 -2.204e-04 -2.085e-02 -8.036e-03 0.000e+00
15 -1.472e-03 -1.709e-02 -8.622e-03 0.000e+00
16 -3.449e-02 3.305e-03 1.257e-03 0.000e+00
17 -2.889e-02 -2.172e-02 1.534e-02 0.000e+00
18 -2.735e-02 1.918e-02 -1.884e-03 0.000e+00
19 -1.367e-02 8.374e-04 1.780e-02 0.000e+00
20 -1.641e-02 1.307e-02 8.244e-03 0.000e+00
21 -4.032e-03 -2.269e-02 8.617e-03 0.000e+00
22 -2.438e-02 1.357e-02 2.062e-03 0.000e+00
23 1.386e-02 -5.377e-03 -2.804e-02 0.000e+00
24 -7.958e-03 7.313e-03 2.281e-03 0.000e+00
25 -2.157e-02 4.583e-03 -5.070e-03 0.000e+00
26 -1.249e-02 -1.714e-02 -4.555e-04 0.000e+00
27 8.205e-03 8.056e-03 7.563e-03 0.000e+00
28 -2.305e-02 7.505e-04 -1.111e-03 0.000e+00
29 2.337e-02 -2.105e-02 -1.404e-02 0.000e+00
30 2.170e-02 -1.952e-02 -7.867e-03 0.000e+00
31 -3.987e-03 -1.961e-02 -5.639e-03 0.000e+00
32 -1.118e-02 -1.065e-02 -1.037e-03 0.000e+00
33 8.682e-03 -4.893e-03 -7.043e-03 0.000e+00
34 -2.673e-02 -1.951e-02 1.875e-02 0.000e+00
35 -1.433e-02 1.174e-03 -2.532e-02 0.000e+00
36 -2.864e-02 -2.182e-03 -1.587e-02 0.000e+00
37 5.929e-03 -2.135e-02 -7.027e-03 0.000e+00
38 2.506e-02 2.199e-03 2.682e-02 0.000e+00
39 5.602e-03 2.368e-02 2.288e-03 -3.295e+01
40 -1.057e-02 -2.063e-02 9.060e-03 0.000e+00
41 -1.016e-02 1.506e-02 1.825e-02 0.000e+00
42 -8.590e-03 5.025e-03 -1.076e-02 0.000e+00
43 2.334e-02 1.244e-03 5.036e-03 0.000e+00
44 -1.655e-03 6.799e-03 -9.932e-04 0.000e+00
45 -2.144e-02 7.472e-03 4.746e-03 0.000e+00
46 -2.042e-03 -1.943e-03 -1.659e-02 0.000e+00
47 -9.694e-03 -1.868e-02 -8.468e-03 0.000e+00
48 -3.555e-03 1.649e-02 -2.047e-02 0.000e+00
49 1.551e-03 -1.877e-02 2.510e-03 0.000e+00
50 2.260e-02 1.327e-02 -9.890e-03 0.000e+00
51 6.241e-03 -1.605e-02 1.205e-02 0.000e+00
52 3.782e-02 -2.196e-02 2.473e-03 0.000e+00
53 8.645e-03 -1.539e-02 -1.479e-02 0.000e+00
54 5.473e-03 -2.151e-02 -1.213e-02 0.000e+00
55 8.763e-04 -1.973e-02 -1.417e-02 0.000e+00
56 3.035e-02 1.213e-03 8.124e-03 0.000e+00
57 1.573e-02 2.122e-04 -2.048e-04 0.000e+00
58 8.080e-04 2.253e-03 -1.171e-02 0.000e+00
59 -2.210e-03 6.773e-03 -8.109e-03 0.000e+00
60 4.398e-02 2.263e-02 -2.262e-02 0.000e+00
61 1.712e-02 -2.200e-02 1.230e-03 0.000e+00
62 2.371e-02 -1.719e-02 -1.946e-02 0.000e+00
63 2.589e-02 -1.589e-02 -2.108e-02 0.000e+00
64 3.077e-02 2.189e-02 -5.201e-03 0.000e+00
65 4.319e-02 -1.816e-02 -1.168e-02 0.000e+00
66 3.793e-02 -1.407e-02 -2.036e-04 0.000e+00
67 2.675e-02 -2.050e-02 5.278e-03 0.000e+00
68 2.511e-02 -2.039e-02 -3.597e-02 0.000e+00
69 4.446e-02 -2.105e-02 -1.200e-02 0.000e+00
70 4.911e-02 -9.618e-04 -1.816e-02 0.000e+00
71 2.416e-02 -1.564e-02 -9.551e-03 0.000e+00
72 2.312e-02 2.472e-02 -2.414e-02 4.483e+01
73 7.020e-03 1.201e-02 -6.662e-04 0.000e+00
74 4.070e-02 -1.516e-02 -1.005e-03 0.000e+00
75 3.595e-02 1.650e-03 -1.064e-02 0.000e+00
76 3.798e-02 1.851e-04 -1.046e-02 0.000e+00
77 2.404e-02 8.389e-03 -4.801e-03 0.000e+00
78 4.001e-02 2.559e-02 8.615e-04 4.549e+01
79 1.930e-02 2.120e-02 -1.329e-02 0.000e+00
80 7.680e-03 -2.279e-02 2.290e-02 0.000e+00
81 -1.148e-02 1.919e-02 -1.203e-02 0.000e+00
82 1.075e-02 1.825e-02 -1.423e-02 0.000e+00
83 1.725e-02 -1.836e-02 -1.664e-02 0.000e+00
84 1.311e-02 -1.188e-02 -1.505e-03 0.000e+00
85 2.527e-02 1.798e-02 7.469e-03 0.000e+00
86 1.680e-03 2.080e-02 1.662e-03 0.000e+00
87 2.611e-02 1.132e-02 -2.489e-03 0.000e+00
88 1.887e-02 1.788e-02 -4.943e-03 0.000e+00
89 2.360e-02 -1.642e-02 9.640e-03 0.000e+00
90 3.607e-02 1.116e-02 2.867e-04 0.000e+00
91 4.273e-02 2.232e-02 -2.326e-02 0.000e+00
92 4.182e-02 1.416e-02 -5.670e-03 0.000e+00
93 3.688e-02 2.883e-02 -2.260e-02 6.748e+01
94 3.003e-02 2.192e-02 -3.808e-03 0.000e+00
95 5.148e-02 4.057e-02 1.618e-02 4.852e+01
96 8.114e-02 1.907e-02 -1.766e-02 0.000e+00
97 1.055e-01 2.925e-02 -1.480e-02 5.528e+01
98 9.514e-02 3.364e-02 -1.357e-02 5.075e+01
99 1.294e-01 3.772e-02 -1.976e-02 6.928e+01
100 1.474e-01 3.952e-02 -2.715e-02 6.101e+01
101 1.897e-01 5.856e-02 -2.324e-02 6.068e+01
102 2.411e-01 4.591e-02 -2.176e-02 5.804e+01
103 2.741e-01 1.395e-02 -4.251e-02 0.000e+00
104 4.126e-01 1.208e-02 -5.226e-02 0.000e+00
105 5.343e-01 2.971e-02 -3.424e-02 4.542e+01
106 6.948e-01 3.888e-02 -4.120e-02 6.034e+01
107 8.343e-01 4.583e-02 -4.530e-02 4.983e+01
108 9.027e-01 4.484e-02 -2.324e-02 5.567e+00
109 9.889e-01 1.598e-01 4.458e-02 -1.368e+01
110 1.000e+00 2.616e-01 7.696e-02 -1.171e+01
111 9.672e-01 2.900e-01 1.288e-01 -1.288e+01
112 8.990e-01 2.662e-01 1.337e-01 -1.237e+01
113 9.025e-01 2.415e-01 1.516e-01 -6.636e+00
114 8.391e-01 2.193e-01 1.559e-01 -1.029e+01
115 7.580e-01 1.582e-01 9.995e-02 -8.385e+00
116 6.182e-01 7.637e-02 3.627e-02 -4.642e+00
117 4.983e-01 7.684e-03 7.935e-03 0.000e+00
118 4.282e-01 1.346e-02 -5.869e-03 0.000e+00
119 3.465e-01 5.067e-02 -4.296e-02 8.451e+01
120 2.999e-01 4.350e-02 -1.139e-02 8.697e+01
121 2.312e-01 2.319e-02 -1.967e-02 7.051e+01
122 2.240e-01 5.556e-02 -1.326e-02 5.324e+01
123 2.211e-01 6.900e-02 -2.966e-02 4.204e+01
124 2.334e-01 8.738e-02 -3.834e-02 3.884e+01
125 2.384e-01 1.248e-01 6.283e-03 3.069e+01
126 2.892e-01 1.273e-01 2.553e-02 3.338e+01
127 2.982e-01 1.942e-01 1.419e-02 2.992e+01
128 3.260e-01 1.844e-01 1.113e-02 2.399e+01
129 3.264e-01 2.214e-01 3.909e-02 1.977e+01
130 3.465e-01 1.977e-01 5.847e-02 1.457e+01
131 3.453e-01 2.329e-01 3.486e-02 1.070e+01
132 3.076e-01 1.939e-01 -3.567e-03 8.504e+00
133 2.722e-01 1.788e-01 -1.110e-02 1.603e+00
134 2.511e-01 1.288e-01 2.005e-03 -9.728e+00
135 1.888e-01 7.638e-02 1.170e-02 -1.636e+01
136 1.047e-01 1.430e-02 -1.654e-02 0.000e+00
137 7.908e-02 -2.242e-02 -7.084e-03 0.000e+00
138 6.665e-02 3.836e-03 -9.313e-03 0.000e+00
139 4.373e-02 -2.154e-03 -1.928e-02 0.000e+00
140 2.143e-02 3.979e-03 -4.042e-03 0.000e+00
141 2.391e-02 1.111e-02 -5.479e-03 0.000e+00
142 -7.899e-03 1.047e-02 -1.533e-02 0.000e+00
143 2.395e-03 1.735e-02 -1.150e-02 0.000e+00
144 -3.106e-03 -2.274e-02 1.528e-02 0.000e+00
145 2.222e-03 -2.134e-02 -4.868e-03 0.000e+00
146 6.235e-03 2.462e-03 -1.373e-02 0.000e+00
147 1.844e-02 2.183e-02 -1.462e-02 0.000e+00
148 -7.199e-03 3.296e-03 -8.642e-03 0.000e+00
149 -3.729e-02 -1.320e-02 -4.545e-03 0.000e+00
150 -2.739e-03 2.336e-03 -2.612e-02 0.000e+00
151 -6.585e-03 -2.693e-03 1.067e-02 0.000e+00
152 -6.429e-03 -2.154e-02 1.989e-02 0.000e+00
153 -1.081e-02 1.278e-03 -7.673e-03 0.000e+00
154 -1.313e-02 -1.918e-02 -1.398e-03 0.000e+00
155 -1.230e-02 5.597e-03 2.683e-02 0.000e+00
156 1.617e-02 7.144e-03 6.034e-03 0.000e+00
157 7.512e-03 -1.926e-02 9.126e-03 0.000e+00
158 7.677e-03 -2.284e-02 -4.771e-03 0.000e+00
159 -6.750e-03 -2.159e-02 6.191e-03 0.000e+00
160 1.780e-02 -1.894e-02 -2.816e-02 0.000e+00
161 2.297e-02 -1.951e-02 1.942e-02 0.000e+00
162 -3.900e-03 -1.732e-03 -1.311e-02 0.000e+00
163 -3.003e-02 6.874e-04 1.766e-02 0.000e+00
164 1.344e-02 -1.919e-02 -3.043e-02 0.000e+00
165 -8.645e-03 -2.121e-02 -9.678e-03 0.000e+00
166 2.309e-02 -2.054e-02 4.403e-04 0.000e+00
167 -5.482e-03 3.501e-02 -1.655e-02 1.332e+02
168 -1.073e-02 -2.138e-02 -2.703e-03 0.000e+00
169 -3.725e-02 -1.891e-02 -1.517e-03 0.000e+00
170 2.395e-03 1.207e-02 -4.822e-03 0.000e+00
171 3.771e-03 -1.643e-02 -7.547e-03 0.000e+00
172 4.261e-03 -2.261e-02 -1.112e-03 0.000e+00
173 1.692e-02 -1.710e-02 -3.918e-05 0.000e+00
174 1.343e-02 2.361e-03 -2.190e-02 0.000e+00
175 -1.066e-02 3.574e-03 -1.656e-02 0.000e+00
176 -7.940e-03 -1.699e-02 1.323e-02 0.000e+00
177 -8.790e-03 -2.236e-02 -1.187e-02 0.000e+00
178 1.345e-02 9.005e-03 -1.658e-02 0.000e+00
179 8.760e-03 3.669e-03 5.389e-03 0.000e+00
180 -8.697e-03 -2.267e-02 1.185e-02 0.000e+00
181 -1.022e-03 -1.557e-02 -1.533e-02 0.000e+00
182 -1.986e-02 5.734e-04 5.585e-03 0.000e+00
183 -2.768e-02 4.159e-04 -1.608e-02 0.000e+00
184 -2.142e-02 -2.129e-02 -8.807e-03 0.000e+00
185 2.028e-02 4.702e-03 -2.714e-02 0.000e+00
186 1.254e-02 -1.608e-02 -1.725e-02 0.000e+00
187 -3.838e-03 6.950e-03 -3.256e-04 0.000e+00
188 -1.652e-02 -2.165e-02 -6.354e-03 0.000e+00
189 -3.978e-03 -1.851e-02 -8.875e-03 0.000e+00
190 -1.573e-02 -5.906e-05 -2.100e-02 0.000e+00
191 -1.822e-03 -1.768e-02 -3.816e-03 0.000e+00
192 -2.145e-02 -2.077e-02 2.136e-02 0.000e+00
193 -8.805e-03 -2.102e-02 3.504e-03 0.000e+00
194 -3.947e-03 1.825e-02 7.994e-03 0.000e+00
195 -1.831e-02 -1.264e-02 -1.598e-02 0.000e+00
196 2.101e-03 -2.212e-02 -2.644e-02 0.000e+00
197 1.785e-02 7.916e-04 -2.225e-03 0.000e+00
198 7.585e-03 -2.136e-02 8.993e-03 0.000e+00
199 -1.987e-03 -2.012e-02 -1.449e-02 0.000e+00
200 4.262e-03 4.163e-04 -9.977e-04 0.000e+00
201 2.189e-02 6.067e-03 -1.457e-02 0.000e+00
202 8.987e-03 -1.924e-02 -1.218e-02 0.000e+00
203 9.553e-03 -1.561e-02 -2.221e-03 0.000e+00
204 -8.467e-03 -1.475e-02 -5.826e-03 0.000e+00
205 3.244e-03 -9.952e-04 -9.916e-03 0.000e+00
206 2.249e-02 -1.585e-02 1.050e-03 0.000e+00
207 -1.528e-02 -1.483e-02 -1.283e-02 0.000e+00
208 -2.184e-02 4.697e-03 -1.107e-02 0.000e+00
209 -2.139e-02 -2.266e-02 -3.874e-03 0.000e+00
210 -1.196e-03 1.476e-02 2.615e-03 0.000e+00
211 2.883e-02 -1.441e-02 -9.688e-03 0.000e+00
212 -4.903e-03 2.239e-02 2.136e-03 0.000e+00
213 -6.965e-03 5.938e-03 7.945e-03 0.000e+00
214 -4.121e-03 -2.211e-02 1.220e-02 0.000e+00
215 -4.434e-03 -4.430e-04 2.352e-02 0.000e+00
216 3.113e-03 -1.652e-02 -5.393e-03 0.000e+00
217 -3.191e-03 1.520e-03 -1.374e-02 0.000e+00
218 -1.112e-02 1.963e-02 6.471e-03 0.000e+00
219 -1.922e-03 -2.007e-02 2.008e-02 0.000e+00
220 2.386e-02 -4.553e-03 -6.347e-03 0.000e+00
221 -6.311e-03 -1.767e-02 2.976e-02 0.000e+00
222 -8.118e-03 -2.122e-02 1.244e-02 0.000e+00
223 -6.109e-03 1.142e-03 -1.010e-02 0.000e+00
224 -1.346e-02 1.254e-02 -4.001e-03 0.000e+00
225 -4.744e-02 -4.614e-05 -1.595e-03 0.000e+00
226 -5.597e-03 5.617e-03 -6.594e-03 0.000e+00
227 -4.118e-03 8.928e-04 6.822e-04 0.000e+00
228 4.879e-03 -6.798e-03 -1.162e-02 0.000e+00
229 6.998e-03 -1.901e-02 -2.054e-02 0.000e+00
230 -2.480e-03 -3.627e-04 -1.256e-02 0.000e+00
231 -1.144e-02 6.120e-03 3.891e-03 0.000e+00
232 9.200e-03 1.671e-02 -4.417e-03 0.000e+00
233 -2.393e-02 1.530e-02 -7.209e-03 0.000e+00
234 -3.877e-03 1.188e-02 -6.416e-03 0.000e+00
235 -2.166e-02 -1.781e-02 1.272e-02 0.000e+00
236 1.634e-02 7.935e-03 -2.362e-02 0.000e+00
237 2.386e-02 6.220e-03 8.785e-03 0.000e+00
238 -2.229e-02 -2.189e-02 1.753e-02 0.000e+00
239 -9.350e-03 4.374e-02 -1.456e-02 -2.296e+01
240 -9.243e-04 -1.855e-03 1.604e-02 0.000e+00
241 1.068e-02 -1.918e-02 1.036e-04 0.000e+00
242 -6.594e-03 -1.382e-02 3.809e-03 0.000e+00
243 4.622e-03 -2.082e-02 1.811e-02 0.000e+00
244 1.485e-03 -2.050e-02 -1.179e-02 0.000e+00
245 -8.079e-03 -1.822e-02 -7.616e-03 0.000e+00
246 -1.061e-02 2.691e-03 -2.178e-03 0.000e+00
247 2.347e-03 8.116e-03 3.232e-02 0.000e+00
248 9.243e-04 -1.479e-02 -3.585e-03 0.000e+00
249 1.508e-02 -2.243e-03 -1.708e-02 0.000e+00
250 -1.784e-03 3.703e-02 -3.572e-03 -1.053e+00
251 -2.351e-02 -1.909e-02 -1.974e-03 0.000e+00
252 3.095e-03 3.627e-04 3.252e-03 0.000e+00
253 3.398e-02 -9.699e-03 5.389e-03 0.000e+00
254 2.052e-02 2.453e-02 1.228e-03 3.307e+01
255 -1.059e-02 1.565e-02 1.194e-03 0.000e+00
