Bin I L V PA
0 -4.561e-03 -4.062e-04 3.226e-05 0.000e+00
1 -5.693e-03 -1.514e-03 3.200e-03 0.000e+00
2 -3.847e-03 -8.138e-03 -1.860e-03 0.000e+00
3 -1.441e-03 4.760e-03 3.802e-03 0.000e+00
4 -2.717e-03 -5.988e-03 -1.562e-03 0.000e+00
5 3.997e-04 1.450e-03 -4.079e-03 0.000e+00
6 -2.294e-03 -8.292e-03 -1.209e-03 0.000e+00
7 1.664e-04 -8.618e-03 1.636e-03 0.000e+00
8 3.722e-03 1.522e-04 7.508e-03 0.000e+00
9 1.028e-03 5.344e-03 4.921e-03 0.000e+00
10 -6.959e-03 7.093e-03 7.172e-03 0.000e+00
11 -4.746e-03 3.796e-03 5.749e-03 0.000e+00
12 3.620e-03 -7.669e-04 -1.225e-02 0.000e+00
13 -6.798e-03 3.641e-03 2.816e-03 0.000e+00
14 -6.205e-04 2.302e-03 -3.752e-03 0.000e+00
15 -7.163e-04 1.340e-03 -2.434e-03 0.000e+00
16 1.136e-03 -8.505e-03 1.937e-03 0.000e+00
17 -5.195e-03 1.509e-03 -4.022e-03 0.000e+00
18 4.719e-03 -3.682e-03 -2.676e-03 0.000e+00
19 -1.099e-02 -8.588e-03 -2.806e-03 0.000e+00
20 2.157e-03 -7.576e-03 -3.718e-03 0.000e+00
21 3.050e-03 -8.566e-03 3.697e-03 0.000e+00
22 8.962e-04 -1.876e-03 3.560e-03 0.000e+00
23 -5.636e-03 -8.684e-03 -7.697e-03 0.000e+00
24 2.617e-04 4.049e-03 6.312e-03 0.000e+00
25 -1.075e-02 7.941e-03 6.718e-03 0.000e+00
26 1.497e-04 5.554e-03 -2.211e-03 0.000e+00
27 -7.235e-04 -6.059e-03 -6.211e-03 0.000e+00
28 9.170e-03 -5.566e-03 -2.184e-03 0.000e+00
29 -3.029e-03 6.351e-03 -7.545e-03 0.000e+00
30 -4.177e-03 9.413e-03 -2.368e-03 3.415e+01
31 5.424e-04 -3.397e-04 4.911e-03 0.000e+00
32 2.053e-03 -1.071e-03 -9.601e-04 0.000e+00
33 6.747e-03 3.952e-03 -2.968e-03 0.000e+00
34 6.191e-04 1.308e-03 6.841e-04 0.000e+00
35 2.233e-03 -5.267e-03 1.015e-03 0.000e+00
36 5.907e-03 2.315e-05 -3.513e-03 0.000e+00
37 2.056e-03 1.545e-03 -5.973e-03 0.000e+00
38 3.201e-03 1.294e-03 -6.060e-04 0.000e+00
39 6.416e-03 1.162e-02 6.154e-03 -2.777e+00
40 4.234e-03 2.170e-03 -5.107e-03 0.000e+00
41 -3.464e-04 4.813e-03 5.888e-03 0.000e+00
42 -6.173e-03 -7.623e-03 -3.199e-03 0.000e+00
43 -9.533e-05 8.068e-03 6.698e-03 0.000e+00
44 6.748e-03 -7.594e-03 6.196e-05 0.000e+00
45 2.295e-03 2.803e-03 -2.429e-03 0.000e+00
46 7.778e-04 2.520e-03 -6.307e-03 0.000e+00
47 8.548e-03 -7.514e-03 -1.846e-02 0.000e+00
48 -6.063e-03 3.767e-03 9.317e-03 0.000e+00
49 -7.404e-03 2.644e-03 1.350e-03 0.000e+00
50 2.146e-03 6.228e-03 -4.199e-03 0.000e+00
51 4.240e-03 7.025e-03 1.524e-03 0.000e+00
52 -7.128e-03 -2.959e-03 4.153e-03 0.000e+00
53 4.806e-03 -8.214e-03 6.267e-03 0.000e+00
54 -3.760e-04 -6.934e-03 5.764e-03 0.000e+00
55 -6.790e-03 -8.290e-03 -1.649e-03 0.000e+00
56 -3.003e-03 1.858e-03 -7.399e-03 0.000e+00
57 2.371e-04 5.334e-03 -2.788e-03 0.000e+00
58 6.920e-03 6.027e-03 2.943e-03 0.000e+00
59 7.906e-03 2.148e-03 -1.969e-03 0.000e+00
60 -2.441e-03 -1.690e-03 3.984e-03 0.000e+00
61 5.969e-03 3.683e-03 9.055e-03 0.000e+00
62 -5.646e-03 2.004e-03 3.258e-03 0.000e+00
63 8.453e-03 -4.872e-03 -3.404e-03 0.000e+00
64 -6.590e-04 -1.704e-03 -1.615e-02 0.000e+00
65 3.715e-03 4.080e-03 -1.259e-02 0.000e+00
66 5.592e-03 2.068e-03 -1.986e-02 0.000e+00
67 -3.239e-03 -1.542e-04 8.469e-04 0.000e+00
68 -5.289e-03 -8.260e-03 8.906e-03 0.000e+00
69 -2.345e-03 3.781e-03 -1.719e-03 0.000e+00
70 -3.596e-03 -2.191e-03 8.746e-03 0.000e+00
71 3.512e-03 -8.152e-03 3.424e-03 0.000e+00
72 -8.037e-04 6.848e-03 -1.635e-03 0.000e+00
73 2.583e-03 -8.315e-03 7.969e-03 0.000e+00
74 -5.493e-04 -6.632e-03 -6.139e-03 0.000e+00
75 -1.289e-03 2.032e-04 -1.383e-02 0.000e+00
76 3.774e-03 -8.405e-03 8.721e-04 0.000e+00
77 4.969e-04 2.221e-04 2.010e-03 0.000e+00
78 1.535e-03 3.990e-03 2.051e-03 0.000e+00
79 8.107e-03 -5.348e-03 -2.128e-03 0.000e+00
80 -6.012e-03 -5.716e-03 3.677e-03 0.000e+00
81 -1.874e-03 -6.880e-03 -4.415e-03 0.000e+00
82 1.123e-03 -6.815e-03 -6.361e-03 0.000e+00
83 -3.752e-03 -7.749e-03 3.189e-03 0.000e+00
84 -8.691e-03 -8.498e-03 6.233e-04 0.000e+00
85 -1.873e-03 4.678e-03 2.574e-03 0.000e+00
86 6.096e-04 -8.584e-03 1.856e-03 0.000e+00
87 3.043e-03 5.827e-03 7.407e-03 0.000e+00
88 -1.247e-02 7.650e-03 4.647e-03 0.000e+00
89 6.369e-04 5.026e-03 3.598e-03 0.000e+00
90 2.606e-04 5.920e-03 -1.280e-02 0.000e+00
91 -4.010e-03 2.119e-03 -6.869e-03 0.000e+00
92 -7.497e-04 2.458e-03 -4.096e-03 0.000e+00
93 -2.121e-03 4.171e-03 -4.837e-03 0.000e+00
94 -7.024e-03 -8.615e-03 3.748e-03 0.000e+00
95 -4.166e-03 3.678e-03 -6.295e-03 0.000e+00
96 1.558e-03 3.494e-03 -7.151e-03 0.000e+00
97 -2.676e-03 -7.672e-03 6.923e-03 0.000e+00
98 -1.132e-02 1.541e-03 -7.819e-03 0.000e+00
99 3.570e-03 -8.680e-03 4.938e-04 0.000e+00
100 -1.827e-03 -5.628e-03 -2.917e-03 0.000e+00
101 -4.003e-03 -1.596e-03 4.660e-03 0.000e+00
102 4.901e-03 -6.863e-03 -7.596e-03 0.000e+00
103 -2.474e-03 4.339e-03 3.117e-03 0.000e+00
104 -2.941e-03 4.805e-03 7.119e-03 0.000e+00
105 -1.031e-02 5.687e-03 4.085e-03 0.000e+00
106 8.452e-03 -6.253e-03 7.888e-04 0.000e+00
107 -9.291e-03 -8.149e-03 -4.453e-03 0.000e+00
108 -9.528e-04 3.235e-03 3.408e-03 0.000e+00
109 1.320e-05 7.853e-03 5.898e-03 0.000e+00
110 3.326e-03 -7.831e-03 5.737e-03 0.000e+00
111 -2.788e-03 2.479e-03 8.208e-03 0.000e+00
112 4.717e-03 -8.430e-03 -4.926e-03 0.000e+00
113 2.056e-03 1.212e-04 -8.633e-03 0.000e+00
114 -4.951e-03 -8.322e-03 -7.302e-03 0.000e+00
115 -2.949e-03 1.213e-03 1.611e-03 0.000e+00
116 3.181e-03 1.143e-02 -8.015e-03 1.197e+01
117 -1.163e-03 9.385e-05 3.922e-03 0.000e+00
118 4.042e-03 1.810e-03 -3.540e-04 0.000e+00
119 2.589e-03 3.353e-03 -4.736e-03 0.000e+00
120 7.162e-03 -1.560e-03 1.759e-03 0.000e+00
121 1.172e-02 4.200e-03 1.387e-03 0.000e+00
122 -3.602e-03 1.781e-04 -2.371e-04 0.000e+00
123 1.055e-02 8.664e-03 -7.683e-03 5.074e+01
124 4.713e-03 -2.093e-03 -8.301e-03 0.000e+00
125 -2.943e-03 1.387e-03 9.025e-05 0.000e+00
126 3.283e-03 1.726e-03 6.406e-03 0.000e+00
127 -5.866e-03 9.287e-03 1.412e-03 4.645e+01
128 2.336e-03 -1.880e-03 -5.469e-03 0.000e+00
129 -3.016e-03 -1.063e-03 9.664e-04 0.000e+00
130 1.730e-03 5.378e-03 1.461e-04 0.000e+00
131 6.085e-03 2.658e-03 -4.983e-03 0.000e+00
132 4.424e-03 2.007e-03 -4.922e-03 0.000e+00
133 9.114e-03 1.801e-03 -1.392e-03 0.000e+00
134 2.648e-03 5.400e-03 -3.056e-03 0.000e+00
135 2.276e-03 -6.942e-03 1.094e-04 0.000e+00
136 -1.587e-03 -4.790e-03 1.509e-03 0.000e+00
137 4.138e-03 -6.543e-03 5.219e-03 0.000e+00
138 1.008e-03 6.090e-03 1.106e-02 0.000e+00
139 -5.915e-03 4.508e-03 -2.575e-03 0.000e+00
140 1.021e-03 7.473e-03 8.840e-03 0.000e+00
141 -3.363e-03 -6.318e-03 -1.107e-02 0.000e+00
142 -6.673e-03 5.482e-03 -2.372e-03 0.000e+00
143 -7.188e-03 6.379e-03 1.144e-02 0.000e+00
144 1.158e-03 -6.584e-03 -5.919e-03 0.000e+00
145 1.037e-02 -7.635e-03 -6.979e-03 0.000e+00
146 4.739e-03 -8.514e-03 8.261e-04 0.000e+00
147 -6.808e-03 -8.291e-03 8.921e-04 0.000e+00
148 -5.993e-04 -6.838e-03 -1.088e-02 0.000e+00
149 1.138e-02 1.895e-03 -3.531e-03 0.000e+00
150 -1.834e-04 -7.962e-03 -1.273e-03 0.000e+00
151 5.200e-03 6.366e-03 3.084e-03 0.000e+00
152 1.436e-02 5.244e-03 3.072e-03 0.000e+00
153 -1.258e-03 -1.116e-03 7.257e-03 0.000e+00
154 9.744e-03 7.791e-05 3.474e-03 0.000e+00
155 -2.221e-03 -3.746e-03 4.488e-03 0.000e+00
156 -2.838e-03 -7.730e-04 -6.986e-03 0.000e+00
157 -8.919e-03 -6.872e-03 8.358e-03 0.000e+00
158 -7.386e-03 -8.302e-03 -2.446e-03 0.000e+00
159 3.678e-03 -8.520e-03 3.752e-03 0.000e+00
160 -2.876e-04 -7.121e-03 -1.127e-02 0.000e+00
161 -6.714e-03 5.947e-03 -8.922e-03 0.000e+00
162 -8.295e-03 6.346e-04 4.048e-03 0.000e+00
163 -9.181e-04 -6.019e-03 2.637e-03 0.000e+00
164 -5.306e-03 8.238e-03 -1.096e-03 0.000e+00
165 -4.664e-03 2.734e-03 3.632e-03 0.000e+00
166 8.263e-03 9.039e-03 7.211e-03 3.396e+01
167 3.216e-03 -4.279e-03 3.799e-03 0.000e+00
168 7.926e-03 -7.712e-03 -5.034e-03 0.000e+00
169 9.012e-03 -8.474e-03 7.744e-03 0.000e+00
170 8.009e-04 3.570e-03 8.252e-04 0.000e+00
171 7.003e-03 3.959e-03 1.952e-03 0.000e+00
172 1.362e-03 3.864e-03 1.131e-02 0.000e+00
173 -1.299e-03 3.043e-03 5.995e-03 0.000e+00
174 4.652e-03 -7.112e-03 2.715e-03 0.000e+00
175 -1.743e-03 6.251e-03 3.164e-03 0.000e+00
176 4.737e-03 -7.076e-03 7.470e-03 0.000e+00
177 -3.130e-03 1.192e-03 -1.032e-03 0.000e+00
178 -2.135e-03 -6.026e-03 5.348e-03 0.000e+00
179 2.320e-04 6.703e-03 -6.734e-03 0.000e+00
180 -2.861e-03 4.699e-04 -5.747e-03 0.000e+00
181 4.448e-03 4.809e-03 3.998e-03 0.000e+00
182 -8.791e-03 4.532e-03 -6.511e-04 0.000e+00
183 -2.457e-03 4.999e-03 1.229e-02 0.000e+00
184 -5.013e-03 1.184e-02 -5.154e-03 -1.256e+01
185 3.664e-03 -7.169e-04 3.812e-03 0.000e+00
186 2.342e-03 -2.451e-03 2.121e-03 0.000e+00
187 2.059e-03 -1.283e-03 -5.785e-03 0.000e+00
188 -3.902e-03 -7.670e-03 7.516e-03 0.000e+00
189 -6.291e-03 4.923e-03 8.312e-03 0.000e+00
190 3.310e-03 8.791e-03 6.672e-03 -6.464e+01
191 -7.256e-03 1.889e-03 1.769e-03 0.000e+00
192 5.362e-04 -6.250e-03 4.877e-04 0.000e+00
193 -3.226e-03 4.272e-03 5.856e-03 0.000e+00
194 3.421e-03 1.157e-02 -1.198e-03 -2.941e+01
195 7.802e-03 2.046e-03 -3.133e-03 0.000e+00
196 7.426e-04 -6.212e-04 7.397e-03 0.000e+00
197 3.325e-03 -7.863e-03 -3.613e-03 0.000e+00
198 5.671e-03 -8.700e-03 -5.438e-03 0.000e+00
199 3.928e-03 -6.911e-03 -3.966e-03 0.000e+00
200 -2.259e-03 1.675e-03 -3.100e-03 0.000e+00
201 -1.718e-03 -2.965e-03 -4.846e-03 0.000e+00
202 -7.877e-03 1.820e-03 3.360e-03 0.000e+00
203 -5.529e-03 -1.338e-03 3.794e-03 0.000e+00
204 5.047e-04 5.052e-03 4.312e-03 0.000e+00
205 1.236e-03 1.825e-03 3.774e-03 0.000e+00
206 1.573e-03 -4.827e-03 -1.688e-04 0.000e+00
207 5.803e-03 3.787e-03 1.101e-03 0.000e+00
208 -7.266e-03 2.413e-03 3.518e-03 0.000e+00
209 4.170e-04 1.026e-02 -8.954e-03 1.351e+01
210 3.222e-04 4.747e-03 -1.914e-03 0.000e+00
211 5.275e-03 -5.851e-03 6.944e-03 0.000e+00
212 -4.144e-03 -8.528e-03 3.770e-03 0.000e+00
213 2.326e-03 -8.429e-03 -3.919e-03 0.000e+00
214 1.464e-03 -7.558e-03 4.555e-03 0.000e+00
215 -3.608e-04 -5.107e-03 1.320e-03 0.000e+00
216 1.080e-03 -9.988e-04 5.301e-03 0.000e+00
217 -3.102e-04 -1.926e-03 -4.056e-03 0.000e+00
218 4.413e-03 -6.178e-03 2.188e-03 0.000e+00
219 7.442e-03 -7.788e-03 2.954e-04 0.000e+00
220 6.347e-03 6.499e-04 -3.413e-03 0.000e+00
221 6.296e-03 -1.548e-03 -1.087e-02 0.000e+00
222 -5.313e-03 -8.156e-03 -6.538e-03 0.000e+00
223 -8.917e-05 9.214e-03 -8.518e-03 5.410e+01
224 1.533e-03 3.056e-03 -4.826e-03 0.000e+00
225 7.554e-03 4.332e-03 3.099e-03 0.000e+00
226 -1.046e-02 -8.399e-03 -8.297e-03 0.000e+00
227 3.776e-03 -3.930e-03 4.943e-03 0.000e+00
228 3.565e-04 -8.546e-03 -1.606e-03 0.000e+00
229 -5.313e-03 -4.688e-03 -5.395e-03 0.000e+00
230 9.089e-03 -6.820e-04 3.892e-03 0.000e+00
231 -5.118e-03 3.711e-03 -1.823e-04 0.000e+00
232 -1.693e-03 -6.794e-03 -4.859e-03 0.000e+00
233 7.991e-03 -8.625e-03 5.967e-03 0.000e+00
234 2.749e-03 5.395e-03 1.014e-03 0.000e+00
235 8.496e-04 7.752e-03 6.668e-03 0.000e+00
236 3.791e-03 -1.285e-03 -2.027e-03 0.000e+00
237 -4.686e-03 9.966e-05 -2.291e-03 0.000e+00
238 -3.155e-03 -8.071e-03 -2.128e-03 0.000e+00
239 1.009e-03 -5.086e-03 -6.080e-03 0.000e+00
240 6.755e-03 4.001e-03 -2.233e-03 0.000e+00
241 9.632e-04 1.915e-03 8.842e-03 0.000e+00
242 1.348e-03 -2.207e-03 -4.100e-04 0.000e+00
243 -4.767e-03 4.295e-03 -6.951e-03 0.000e+00
244 5.629e-03 5.356e-03 -6.396e-03 0.000e+00
245 4.837e-04 3.157e-03 -1.802e-03 0.000e+00
246 -2.844e-03 -8.571e-03 -2.651e-03 0.000e+00
247 -9.033e-03 4.496e-04 2.083e-03 0.000e+00
248 7.245e-03 -6.932e-03 -2.347e-03 0.000e+00
249 -3.809e-03 3.117e-03 -4.133e-03 0.000e+00
250 9.612e-03 -7.294e-03 5.314e-03 0.000e+00
251 -3.205e-03 -8.491e-03 -9.706e-03 0.000e+00
252 3.056e-05 1.007e-03 5.366e-03 0.000e+00
253 9.294e-04 2.989e-03 6.171e-03 0.000e+00
254 -2.225e-03 -8.659e-03 1.889e-04 0.000e+00
255 1.824e-03 4.484e-03 -7.328e-03 0.000e+00
256 2.945e-03 -1.550e-03 -9.869e-03 0.000e+00
257 -3.254e-03 3.782e-03 2.696e-03 0.000e+00
258 3.820e-03 -3.255e-04 6.027e-03 0.000e+00
259 -9.818e-03 -7.539e-03 -3.856e-03 0.000e+00
260 5.859e-03 -6.011e-04 -3.999e-03 0.000e+00
261 -3.008e-03 -8.300e-03 -1.692e-03 0.000e+00
262 -6.012e-03 -8.156e-03 1.242e-02 0.000e+00
263 -2.385e-03 -1.152e-03 3.103e-03 0.000e+00
264 -3.315e-03 -8.229e-03 -4.422e-03 0.000e+00
265 2.490e-03 -8.260e-03 3.963e-03 0.000e+00
266 3.577e-04 -7.849e-03 -1.289e-03 0.000e+00
267 3.211e-03 5.290e-04 -3.761e-04 0.000e+00
268 -1.591e-02 4.667e-03 8.500e-03 0.000e+00
269 -5.482e-04 2.778e-03 3.923e-05 0.000e+00
270 9.563e-05 2.904e-03 -3.000e-03 0.000e+00
271 1.339e-03 -7.675e-03 2.294e-03 0.000e+00
272 2.853e-03 1.233e-02 -6.623e-03 -5.238e+01
273 4.708e-03 5.348e-03 8.295e-04 0.000e+00
274 -1.404e-03 -7.260e-03 -4.090e-03 0.000e+00
275 4.555e-03 2.201e-06 -7.781e-03 0.000e+00
276 -4.713e-03 -7.849e-03 7.901e-03 0.000e+00
277 -6.984e-03 1.987e-03 5.622e-03 0.000e+00
278 -3.247e-03 4.699e-03 -4.687e-03 0.000e+00
279 -1.728e-02 -8.310e-03 -8.772e-03 0.000e+00
280 -5.130e-03 2.873e-03 3.983e-03 0.000e+00
281 -4.962e-03 -8.038e-03 -2.760e-03 0.000e+00
282 6.468e-04 5.881e-03 3.879e-04 0.000e+00
283 -1.959e-04 -5.626e-03 1.088e-03 0.000e+00
284 4.496e-03 -6.886e-03 -1.503e-03 0.000e+00
285 4.891e-03 -7.162e-03 2.224e-03 0.000e+00
286 -3.181e-03 6.884e-03 1.634e-03 0.000e+00
287 3.375e-03 6.248e-03 -1.529e-03 0.000e+00
288 2.163e-03 1.511e-03 1.002e-02 0.000e+00
289 -6.070e-03 -4.749e-03 -7.662e-03 0.000e+00
290 5.683e-03 5.781e-04 5.059e-03 0.000e+00
291 3.541e-04 1.290e-03 1.472e-03 0.000e+00
292 4.039e-04 1.879e-03 4.822e-04 0.000e+00
293 -3.827e-03 -1.882e-03 -1.355e-03 0.000e+00
294 4.968e-03 3.743e-03 7.517e-03 0.000e+00
295 1.563e-03 3.255e-03 1.319e-03 0.000e+00
296 1.364e-03 -5.117e-03 -3.431e-03 0.000e+00
297 -4.656e-03 2.777e-03 3.066e-03 0.000e+00
298 2.104e-03 -4.235e-05 -1.217e-02 0.000e+00
299 -2.523e-03 7.728e-03 3.703e-03 0.000e+00
300 -1.208e-02 -8.174e-03 4.139e-03 0.000e+00
301 5.478e-03 1.063e-02 -2.388e-03 3.814e+01
302 -1.669e-04 2.834e-03 7.699e-03 0.000e+00
303 2.781e-03 -5.408e-03 1.126e-02 0.000e+00
304 1.072e-04 -8.443e-03 -1.697e-02 0.000e+00
305 -6.292e-04 -8.118e-03 -1.235e-03 0.000e+00
306 -8.037e-03 -8.361e-03 3.154e-03 0.000e+00
307 6.208e-04 1.049e-03 8.529e-05 0.000e+00
308 -6.222e-03 -6.484e-03 -6.623e-03 0.000e+00
309 -2.850e-03 9.115e-03 -7.149e-03 4.135e+01
310 -9.876e-04 6.062e-03 -4.243e-03 0.000e+00
311 2.834e-03 -7.118e-03 4.425e-03 0.000e+00
312 -2.960e-03 9.074e-03 -5.136e-03 -4.216e+01
313 -1.284e-02 -6.656e-03 7.620e-03 0.000e+00
314 1.865e-03 1.830e-03 -7.229e-04 0.000e+00
315 -1.037e-03 1.033e-02 2.970e-03 4.271e+01
316 4.503e-04 1.107e-02 -2.598e-03 2.420e+01
317 -2.178e-03 -2.566e-03 -5.445e-03 0.000e+00
318 -3.637e-03 5.687e-03 1.383e-03 0.000e+00
319 3.086e-03 1.157e-03 -6.110e-03 0.000e+00
320 3.601e-04 6.164e-03 -2.538e-03 0.000e+00
321 -1.489e-02 -8.683e-03 1.422e-03 0.000e+00
322 1.252e-03 6.707e-03 -5.489e-03 0.000e+00
323 4.578e-03 -6.761e-03 -2.597e-03 0.000e+00
324 -1.278e-02 -6.204e-03 3.312e-04 0.000e+00
325 5.601e-03 -7.282e-03 -1.352e-02 0.000e+00
326 -1.490e-03 -6.872e-04 -3.798e-03 0.000e+00
327 2.961e-03 -7.185e-03 2.003e-03 0.000e+00
328 -1.699e-03 -7.814e-03 -8.464e-03 0.000e+00
329 -7.914e-03 4.005e-03 -7.811e-03 0.000e+00
330 -2.933e-04 -8.450e-03 -1.890e-03 0.000e+00
331 6.331e-03 -8.166e-03 7.670e-03 0.000e+00
332 -7.067e-03 -7.319e-03 2.378e-04 0.000e+00
333 2.829e-03 -7.445e-04 -5.619e-03 0.000e+00
334 -1.865e-03 -7.367e-03 3.287e-03 0.000e+00
335 -4.879e-03 2.887e-03 4.627e-03 0.000e+00
336 4.721e-03 2.486e-03 3.389e-03 0.000e+00
337 1.102e-02 1.797e-04 1.942e-03 0.000e+00
338 1.518e-02 -7.831e-03 -8.055e-04 0.000e+00
339 9.832e-05 -9.742e-04 -2.074e-03 0.000e+00
340 5.719e-03 -2.408e-04 2.401e-03 0.000e+00
341 6.799e-04 -7.888e-03 4.002e-03 0.000e+00
342 3.267e-03 -5.336e-03 -2.428e-03 0.000e+00
343 -4.372e-03 -7.013e-03 2.579e-03 0.000e+00
344 4.791e-03 8.285e-03 3.559e-03 0.000e+00
345 1.202e-03 -5.155e-03 -5.474e-03 0.000e+00
346 5.295e-03 -6.364e-03 6.023e-03 0.000e+00
347 -2.556e-03 -6.802e-03 1.024e-03 0.000e+00
348 4.485e-04 4.150e-04 -6.725e-03 0.000e+00
349 2.706e-03 -3.338e-03 -1.103e-03 0.000e+00
350 8.086e-03 -4.485e-04 1.053e-02 0.000e+00
351 -7.574e-03 4.844e-03 -3.716e-03 0.000e+00
352 -3.055e-03 -7.882e-03 7.348e-03 0.000e+00
353 6.000e-04 4.057e-03 -5.085e-03 0.000e+00
354 3.927e-03 -7.434e-03 -4.671e-03 0.000e+00
355 -4.021e-03 -8.338e-03 -1.134e-02 0.000e+00
356 -6.329e-03 4.186e-03 4.512e-03 0.000e+00
357 -1.889e-03 8.705e-03 -3.282e-03 -7.384e+01
358 1.167e-03 3.175e-03 -1.579e-03 0.000e+00
359 1.326e-03 -8.481e-03 -2.427e-03 0.000e+00
360 -6.480e-03 3.419e-03 8.303e-04 0.000e+00
361 1.029e-02 -7.865e-03 -3.818e-03 0.000e+00
362 1.084e-02 6.615e-04 -2.447e-03 0.000e+00
363 -8.611e-03 1.568e-03 -5.059e-03 0.000e+00
364 9.465e-03 1.882e-04 9.077e-03 0.000e+00
365 -2.023e-03 1.069e-03 3.676e-03 0.000e+00
366 3.807e-03 3.670e-03 -1.039e-03 0.000e+00
367 4.859e-03 8.451e-03 5.164e-03 7.853e+01
368 3.822e-03 -7.973e-03 -9.965e-04 0.000e+00
369 1.584e-03 4.420e-03 4.354e-03 0.000e+00
370 -1.540e-03 -6.774e-03 -1.474e-03 0.000e+00
371 2.042e-05 -1.042e-03 -5.861e-03 0.000e+00
372 -3.669e-03 -5.753e-04 6.438e-03 0.000e+00
373 -1.898e-03 -7.775e-03 1.287e-02 0.000e+00
374 -1.670e-04 -8.089e-03 -4.199e-03 0.000e+00
375 1.676e-02 2.745e-03 1.154e-03 0.000e+00
376 -1.905e-03 -8.667e-03 5.159e-03 0.000e+00
377 -3.423e-03 -8.016e-03 -1.923e-03 0.000e+00
378 -2.778e-03 -2.716e-03 7.452e-03 0.000e+00
379 9.562e-03 -8.047e-03 -1.759e-03 0.000e+00
380 -4.313e-03 -8.114e-03 -5.321e-04 0.000e+00
381 1.461e-02 -8.635e-03 -1.946e-02 0.000e+00
382 1.675e-02 -7.413e-03 -5.980e-03 0.000e+00
383 -2.349e-03 -7.554e-03 4.723e-03 0.000e+00
384 1.739e-04 -5.455e-03 6.799e-03 0.000e+00
385 5.827e-03 5.323e-03 5.964e-03 0.000e+00
386 6.460e-03 1.506e-03 -4.217e-03 0.000e+00
387 1.207e-02 2.424e-04 -1.693e-02 0.000e+00
388 4.695e-03 -6.682e-04 -5.053e-03 0.000e+00
389 1.128e-02 -8.271e-03 -2.469e-03 0.000e+00
390 7.736e-03 -8.055e-03 -3.605e-03 0.000e+00
391 7.437e-03 7.137e-03 2.147e-03 0.000e+00
392 7.580e-03 -8.246e-03 -2.123e-03 0.000e+00
393 1.653e-02 1.665e-03 6.832e-03 0.000e+00
394 1.395e-02 -6.892e-04 8.250e-04 0.000e+00
395 2.061e-02 1.298e-02 -5.081e-03 8.334e+01
396 2.397e-02 -6.676e-03 4.707e-04 0.000e+00
397 2.102e-02 2.169e-02 -4.944e-03 8.306e+01
398 3.042e-02 4.293e-03 -6.258e-03 0.000e+00
399 2.073e-02 8.201e-04 6.257e-03 0.000e+00
400 3.140e-02 6.993e-03 -5.427e-03 0.000e+00
401 3.391e-02 -2.178e-03 9.135e-03 0.000e+00
402 4.567e-02 5.929e-03 1.305e-02 0.000e+00
403 5.323e-02 9.344e-03 7.581e-03 9.253e+01
404 5.139e-02 1.245e-02 4.410e-03 -8.574e+01
405 6.578e-02 6.232e-03 5.079e-04 0.000e+00
406 7.322e-02 1.043e-02 6.183e-03 7.661e+01
407 7.828e-02 1.860e-02 -4.135e-04 8.131e+01
408 8.623e-02 4.057e-03 7.644e-03 0.000e+00
409 9.852e-02 1.617e-02 -3.648e-03 8.340e+01
410 1.066e-01 2.245e-02 -7.998e-04 8.684e+01
411 1.199e-01 3.335e-02 -4.067e-03 7.613e+01
412 1.297e-01 2.179e-02 1.447e-02 8.838e+01
413 1.444e-01 2.442e-02 9.408e-03 7.508e+01
414 1.605e-01 1.545e-02 5.348e-03 7.177e+01
415 1.791e-01 2.331e-02 3.373e-03 7.476e+01
416 2.092e-01 3.146e-02 5.986e-03 7.840e+01
417 2.337e-01 3.763e-02 1.002e-02 7.585e+01
418 2.719e-01 3.634e-02 -1.882e-03 7.430e+01
419 2.936e-01 3.598e-02 -2.214e-03 6.975e+01
420 3.133e-01 4.354e-02 3.061e-03 7.469e+01
421 3.600e-01 4.199e-02 3.294e-03 6.419e+01
422 4.095e-01 4.663e-02 9.285e-03 6.157e+01
423 4.549e-01 3.872e-02 1.386e-02 6.751e+01
424 5.217e-01 4.060e-02 1.426e-02 6.452e+01
425 5.543e-01 2.740e-02 1.978e-02 7.118e+01
426 5.992e-01 1.128e-02 9.384e-03 5.455e+01
427 6.329e-01 6.993e-03 6.427e-03 0.000e+00
428 6.905e-01 2.115e-02 4.854e-03 7.661e+00
429 7.565e-01 3.076e-02 2.520e-02 -1.312e+01
430 8.196e-01 4.481e-02 2.821e-02 -1.197e+01
431 8.769e-01 5.157e-02 2.662e-02 -7.351e+00
432 9.125e-01 7.038e-02 3.630e-02 -2.350e+01
433 9.331e-01 7.317e-02 2.449e-02 -2.628e+01
434 9.361e-01 9.203e-02 1.861e-02 -2.919e+01
435 9.437e-01 1.133e-01 7.842e-03 -2.677e+01
436 9.438e-01 1.541e-01 1.003e-02 -2.620e+01
437 9.635e-01 1.886e-01 -1.159e-02 -2.500e+01
438 9.819e-01 2.340e-01 2.339e-03 -2.647e+01
439 9.752e-01 2.546e-01 -3.327e-03 -2.711e+01
440 9.854e-01 2.835e-01 8.790e-03 -3.003e+01
441 9.998e-01 2.919e-01 -4.165e-05 -3.035e+01
442 1.000e+00 3.038e-01 -3.367e-03 -3.105e+01
443 9.953e-01 3.153e-01 -1.155e-02 -3.275e+01
444 9.864e-01 3.158e-01 -1.249e-02 -3.275e+01
445 9.495e-01 3.383e-01 -1.988e-02 -3.345e+01
446 9.106e-01 3.584e-01 -7.262e-03 -3.286e+01
447 8.920e-01 3.734e-01 6.566e-03 -3.496e+01
448 8.821e-01 3.694e-01 -1.745e-03 -3.694e+01
449 8.509e-01 3.699e-01 -4.013e-03 -3.851e+01
450 8.050e-01 3.722e-01 1.560e-03 -3.886e+01
451 7.536e-01 3.548e-01 -7.717e-03 -3.951e+01
452 7.192e-01 3.619e-01 -2.563e-02 -4.076e+01
453 6.831e-01 3.510e-01 -1.618e-02 -4.087e+01
454 6.451e-01 3.409e-01 -8.052e-03 -4.254e+01
455 5.994e-01 3.117e-01 -1.369e-02 -4.249e+01
456 5.690e-01 3.016e-01 -1.712e-02 -4.431e+01
457 5.401e-01 2.765e-01 -1.239e-03 -4.571e+01
458 5.089e-01 2.701e-01 -8.594e-03 -4.683e+01
459 4.692e-01 2.384e-01 -1.109e-02 -4.694e+01
460 4.204e-01 2.185e-01 4.190e-03 -4.812e+01
461 3.755e-01 1.841e-01 -1.185e-02 -4.763e+01
462 3.290e-01 1.750e-01 -7.253e-03 -4.922e+01
463 2.968e-01 1.456e-01 -1.109e-02 -5.073e+01
464 2.640e-01 1.349e-01 -5.599e-03 -5.262e+01
465 2.345e-01 1.288e-01 -5.084e-03 -5.174e+01
466 2.195e-01 1.205e-01 2.726e-03 -5.571e+01
467 1.899e-01 1.024e-01 -4.684e-03 -5.450e+01
468 1.736e-01 1.140e-01 -4.858e-03 -5.461e+01
469 1.551e-01 8.756e-02 -3.713e-03 -5.582e+01
470 1.343e-01 8.592e-02 4.418e-04 -5.866e+01
471 1.127e-01 7.626e-02 -2.096e-03 -5.796e+01
472 1.048e-01 6.381e-02 -6.611e-03 -5.558e+01
473 8.297e-02 5.717e-02 4.957e-03 -6.007e+01
474 6.801e-02 4.552e-02 -3.230e-03 -5.645e+01
475 6.925e-02 2.681e-02 -1.121e-02 -5.904e+01
476 7.000e-02 3.976e-02 3.113e-03 -5.941e+01
477 5.169e-02 3.468e-02 -7.749e-03 -5.918e+01
478 5.448e-02 3.544e-02 6.232e-06 -6.095e+01
479 4.309e-02 1.562e-02 4.943e-03 -6.569e+01
480 3.685e-02 2.036e-02 5.494e-03 -6.235e+01
481 2.132e-02 9.966e-03 -6.793e-03 -6.580e+01
482 2.084e-02 1.311e-02 6.029e-03 -7.446e+01
483 2.319e-02 1.281e-02 7.280e-03 -7.100e+01
484 1.545e-02 7.843e-03 -8.269e-04 0.000e+00
485 1.858e-02 1.081e-02 -5.251e-03 -5.330e+01
486 9.959e-03 1.057e-02 -7.624e-03 -6.652e+01
487 1.796e-02 1.229e-02 -4.257e-04 -7.868e+01
488 2.008e-02 -7.366e-03 5.577e-03 0.000e+00
489 1.147e-02 -6.632e-03 2.601e-03 0.000e+00
490 9.675e-03 -8.621e-03 -1.780e-02 0.000e+00
491 8.814e-03 7.230e-04 -1.408e-03 0.000e+00
492 1.167e-02 -7.099e-03 -1.554e-03 0.000e+00
493 5.799e-03 -7.559e-03 -9.231e-03 0.000e+00
494 7.418e-03 -6.747e-03 1.554e-03 0.000e+00
495 1.344e-02 -5.878e-03 -1.855e-03 0.000e+00
496 4.546e-03 -8.441e-03 -5.186e-04 0.000e+00
497 8.066e-03 -8.205e-03 -1.235e-02 0.000e+00
498 9.025e-03 3.689e-03 -3.953e-03 0.000e+00
499 8.523e-04 5.875e-03 -2.016e-03 0.000e+00
500 -1.180e-03 -8.682e-04 -1.343e-03 0.000e+00
501 1.122e-02 -7.138e-03 6.760e-03 0.000e+00
502 2.970e-03 1.400e-03 -2.259e-03 0.000e+00
503 7.458e-04 2.416e-03 -2.684e-03 0.000e+00
504 5.926e-03 1.612e-03 6.576e-03 0.000e+00
505 6.634e-03 2.068e-03 -3.056e-03 0.000e+00
506 -7.764e-03 -3.964e-03 -7.974e-03 0.000e+00
507 -2.969e-03 -1.778e-03 -4.248e-03 0.000e+00
508 -2.022e-03 -4.140e-03 -2.177e-03 0.000e+00
509 -8.805e-04 3.960e-03 4.346e-03 0.000e+00
510 -9.168e-03 -1.703e-03 1.633e-03 0.000e+00
511 9.968e-04 3.424e-03 -3.974e-03 0.000e+00
512 1.250e-02 -8.383e-03 1.276e-03 0.000e+00
513 7.084e-03 9.997e-03 -1.369e-03 3.673e+01
514 1.831e-03 1.145e-04 8.759e-04 0.000e+00
515 8.547e-03 8.422e-04 -4.271e-03 0.000e+00
516 6.139e-03 3.073e-03 -2.858e-03 0.000e+00
517 9.681e-03 8.877e-03 -8.298e-03 -5.299e+01
518 8.931e-03 3.864e-03 5.582e-03 0.000e+00
519 1.043e-03 9.654e-03 4.393e-04 2.461e+01
520 1.753e-03 3.123e-05 -2.825e-03 0.000e+00
521 5.537e-03 -7.251e-03 1.826e-03 0.000e+00
522 4.690e-03 -6.177e-03 -6.261e-03 0.000e+00
523 2.546e-03 -5.970e-03 3.946e-03 0.000e+00
524 1.196e-02 -6.200e-03 -4.250e-03 0.000e+00
525 -3.986e-04 9.113e-03 1.533e-03 -7.704e+01
526 -2.483e-04 -8.147e-03 5.789e-03 0.000e+00
527 -8.643e-04 -3.226e-03 -4.802e-03 0.000e+00
528 7.809e-03 -4.270e-03 4.670e-03 0.000e+00
529 -7.659e-04 -7.412e-03 -1.424e-04 0.000e+00
530 4.351e-03 8.298e-03 -2.241e-03 0.000e+00
531 2.783e-03 -8.101e-03 -5.644e-03 0.000e+00
532 3.479e-03 9.023e-03 -1.194e-02 -1.462e+01
533 -2.763e-03 -7.244e-03 9.344e-04 0.000e+00
534 -5.806e-03 -7.235e-03 -5.810e-03 0.000e+00
535 -8.279e-03 -3.436e-04 -4.911e-03 0.000e+00
536 -3.325e-03 -8.433e-03 -3.943e-03 0.000e+00
537 -3.422e-03 -8.381e-03 7.392e-04 0.000e+00
538 2.523e-03 -7.350e-03 -4.285e-03 0.000e+00
539 -2.285e-03 -5.159e-03 -1.910e-03 0.000e+00
540 5.077e-03 -2.084e-04 -3.058e-03 0.000e+00
541 4.409e-03 -4.356e-03 -1.953e-03 0.000e+00
542 6.144e-03 4.902e-03 6.917e-03 0.000e+00
543 4.577e-03 -7.047e-03 -1.541e-03 0.000e+00
544 1.024e-02 6.730e-03 -2.227e-03 0.000e+00
545 6.064e-03 7.693e-03 -2.385e-03 0.000e+00
546 -1.165e-03 3.594e-03 -2.198e-03 0.000e+00
547 1.740e-03 2.669e-03 2.440e-03 0.000e+00
548 9.783e-04 -5.071e-03 -2.619e-03 0.000e+00
549 4.079e-03 6.283e-03 9.197e-04 0.000e+00
550 5.561e-03 1.184e-02 -2.525e-03 3.069e+01
551 3.637e-04 -5.802e-04 7.269e-03 0.000e+00
552 -6.556e-03 6.796e-03 1.243e-03 0.000e+00
553 1.433e-02 8.434e-04 2.274e-04 0.000e+00
554 -4.916e-04 4.710e-04 -1.697e-03 0.000e+00
555 1.155e-02 7.541e-03 1.720e-04 0.000e+00
556 6.372e-03 1.771e-03 1.657e-03 0.000e+00
557 5.798e-03 -5.576e-03 1.139e-02 0.000e+00
558 9.143e-03 5.374e-03 2.522e-03 0.000e+00
559 -7.787e-03 -8.343e-03 -6.519e-03 0.000e+00
560 3.945e-03 4.397e-03 -4.850e-03 0.000e+00
561 4.230e-03 -8.509e-03 -5.804e-03 0.000e+00
562 5.449e-03 5.687e-03 -4.059e-03 0.000e+00
563 -3.668e-04 7.227e-03 5.458e-04 0.000e+00
564 -1.001e-03 1.276e-03 -1.121e-03 0.000e+00
565 -2.906e-03 2.019e-03 1.148e-03 0.000e+00
566 6.003e-04 1.139e-02 5.554e-03 -1.857e-01
567 7.031e-03 3.851e-03 -4.721e-03 0.000e+00
568 4.053e-03 2.783e-03 9.263e-03 0.000e+00
569 1.452e-02 -5.283e-03 -1.638e-03 0.000e+00
570 -7.706e-03 -1.758e-04 -3.462e-04 0.000e+00
571 -6.851e-03 6.033e-03 3.972e-03 0.000e+00
572 -5.315e-03 1.053e-03 -5.570e-03 0.000e+00
573 -1.317e-02 -2.551e-03 5.739e-03 0.000e+00
574 2.418e-03 2.135e-03 4.122e-03 0.000e+00
575 5.078e-03 -2.673e-03 -4.226e-03 0.000e+00
576 -3.301e-03 5.080e-03 6.756e-03 0.000e+00
577 -5.310e-03 -8.822e-04 2.824e-03 0.000e+00
578 1.147e-03 7.772e-03 -2.532e-03 0.000e+00
579 -3.977e-04 3.184e-03 -7.875e-03 0.000e+00
580 8.446e-03 4.172e-03 -3.431e-03 0.000e+00
581 1.789e-03 4.158e-03 2.598e-04 0.000e+00
582 2.650e-03 4.757e-03 -4.138e-03 0.000e+00
583 -2.809e-03 2.236e-03 -3.485e-03 0.000e+00
584 3.650e-03 -5.484e-03 8.047e-03 0.000e+00
585 -1.367e-03 -7.949e-03 3.270e-03 0.000e+00
586 -3.736e-03 6.362e-03 -4.380e-03 0.000e+00
587 -1.388e-03 6.586e-03 2.978e-03 0.000e+00
588 1.881e-03 -1.572e-03 6.884e-03 0.000e+00
589 -8.197e-04 -4.944e-03 4.857e-03 0.000e+00
590 4.119e-04 5.951e-03 -6.154e-03 0.000e+00
591 -8.176e-03 -1.487e-03 3.837e-03 0.000e+00
592 -1.211e-02 8.477e-03 2.318e-04 4.349e+01
593 -3.403e-03 -8.321e-03 4.037e-03 0.000e+00
594 3.651e-03 -5.081e-03 -1.000e-03 0.000e+00
595 -1.015e-03 6.258e-03 -6.470e-04 0.000e+00
596 4.409e-03 -8.558e-03 -6.440e-04 0.000e+00
597 6.410e-04 7.280e-03 2.065e-03 0.000e+00
598 1.026e-03 -8.662e-03 -1.327e-04 0.000e+00
599 -5.867e-03 -4.924e-03 -2.681e-03 0.000e+00
600 1.013e-02 -7.366e-03 4.236e-03 0.000e+00
601 6.876e-03 7.719e-03 -9.148e-03 0.000e+00
602 -4.646e-03 3.297e-03 -2.927e-03 0.000e+00
603 2.554e-03 -7.954e-03 -9.044e-04 0.000e+00
604 -2.295e-03 -1.475e-03 1.810e-03 0.000e+00
605 -1.667e-03 3.450e-04 1.945e-03 0.000e+00
606 2.290e-03 -6.059e-03 -3.825e-03 0.000e+00
607 9.038e-03 -2.015e-04 1.981e-04 0.000e+00
608 -7.755e-05 -1.840e-03 5.029e-03 0.000e+00
609 2.552e-03 5.613e-03 -5.475e-03 0.000e+00
610 -6.163e-03 -7.684e-03 -7.489e-03 0.000e+00
611 -8.196e-03 -8.243e-03 4.209e-03 0.000e+00
612 -1.936e-03 6.045e-03 2.876e-03 0.000e+00
613 7.573e-03 2.574e-03 -9.190e-03 0.000e+00
614 -1.277e-02 1.405e-03 -6.659e-04 0.000e+00
615 3.513e-03 -1.663e-04 -4.554e-04 0.000e+00
616 -8.240e-03 -8.505e-03 -1.948e-03 0.000e+00
617 -5.063e-03 6.586e-03 -4.976e-03 0.000e+00
618 2.982e-03 -8.518e-03 1.969e-04 0.000e+00
619 4.202e-03 -8.499e-03 1.291e-03 0.000e+00
620 -1.311e-02 -4.263e-03 -3.510e-03 0.000e+00
621 2.550e-03 -5.618e-04 6.922e-04 0.000e+00
622 8.323e-03 -6.211e-03 -3.163e-03 0.000e+00
623 -2.524e-03 2.897e-03 1.746e-03 0.000e+00
624 -7.151e-03 -5.946e-03 -1.763e-03 0.000e+00
625 -2.987e-03 -8.269e-03 1.102e-03 0.000e+00
626 -2.445e-03 3.465e-03 -1.295e-02 0.000e+00
627 -5.369e-03 5.191e-03 -4.171e-03 0.000e+00
628 9.851e-03 -8.138e-03 4.499e-03 0.000e+00
629 3.504e-03 -8.173e-03 -1.158e-03 0.000e+00
630 -4.705e-03 -6.192e-03 -6.128e-03 0.000e+00
631 1.003e-02 1.526e-03 2.203e-03 0.000e+00
632 -6.129e-03 -7.398e-03 -4.181e-04 0.000e+00
633 1.239e-03 3.537e-03 -6.375e-03 0.000e+00
634 -3.352e-03 -6.484e-03 3.169e-03 0.000e+00
635 8.294e-03 8.821e-03 -6.627e-03 -4.995e+01
636 1.003e-02 -1.882e-03 -4.025e-03 0.000e+00
637 -1.641e-03 -8.309e-03 -1.287e-03 0.000e+00
638 -7.459e-04 1.444e-03 5.092e-03 0.000e+00
639 -8.299e-03 5.755e-03 -8.076e-05 0.000e+00
640 5.990e-03 4.303e-03 8.686e-04 0.000e+00
641 -2.107e-03 -7.398e-03 6.052e-03 0.000e+00
642 6.965e-03 1.207e-02 -7.464e-03 -5.605e+01
643 3.615e-03 6.952e-03 -5.509e-04 0.000e+00
644 -7.096e-03 2.586e-03 5.495e-03 0.000e+00
645 -5.721e-03 2.268e-03 -7.881e-03 0.000e+00
646 1.450e-03 -7.118e-03 -1.384e-03 0.000e+00
647 -5.691e-03 1.998e-03 2.152e-03 0.000e+00
648 -7.914e-03 3.550e-03 6.732e-03 0.000e+00
649 1.904e-04 2.954e-03 -4.037e-03 0.000e+00
650 -3.516e-03 -8.299e-03 -3.887e-03 0.000e+00
651 9.094e-03 4.277e-05 -2.576e-03 0.000e+00
652 -2.333e-03 2.780e-03 -6.971e-03 0.000e+00
653 3.396e-03 -7.736e-03 9.986e-03 0.000e+00
654 5.827e-03 -7.779e-03 -2.897e-03 0.000e+00
655 1.778e-03 8.246e-03 -5.059e-03 0.000e+00
656 -4.575e-03 9.558e-03 7.495e-04 1.618e+01
657 7.106e-03 -5.611e-04 1.875e-03 0.000e+00
658 -1.233e-03 -7.291e-03 -6.846e-03 0.000e+00
659 4.794e-03 -8.303e-03 -2.534e-03 0.000e+00
660 9.174e-04 5.195e-03 -2.719e-03 0.000e+00
661 -5.781e-03 -2.136e-03 5.068e-03 0.000e+00
662 1.723e-03 7.658e-03 -1.182e-02 0.000e+00
663 4.992e-03 -4.725e-03 -6.468e-03 0.000e+00
664 2.603e-03 -1.727e-03 -2.335e-03 0.000e+00
665 3.463e-03 -8.542e-03 -3.996e-03 0.000e+00
666 5.566e-03 -7.647e-03 6.886e-03 0.000e+00
667 -1.373e-03 -1.685e-03 2.811e-03 0.000e+00
668 -1.354e-03 6.659e-03 2.391e-03 0.000e+00
669 -1.485e-02 -1.245e-03 8.198e-03 0.000e+00
670 1.603e-03 -7.877e-03 1.340e-04 0.000e+00
671 2.273e-03 -7.714e-03 -4.442e-04 0.000e+00
672 -1.430e-04 1.922e-03 1.554e-03 0.000e+00
673 -6.306e-03 -8.374e-03 3.575e-03 0.000e+00
674 9.682e-04 8.407e-03 1.547e-02 5.679e+01
675 1.916e-03 -1.576e-03 -1.108e-03 0.000e+00
676 6.249e-03 4.676e-03 -5.669e-03 0.000e+00
677 -1.076e-03 -2.568e-03 -8.352e-03 0.000e+00
678 4.174e-03 -1.007e-03 -9.586e-04 0.000e+00
679 6.092e-03 -8.304e-03 7.590e-03 0.000e+00
680 -6.420e-03 7.191e-03 -3.523e-03 0.000e+00
681 -1.898e-03 -8.365e-03 6.344e-03 0.000e+00
682 7.801e-03 3.102e-03 5.899e-03 0.000e+00
683 -5.723e-03 -8.706e-03 5.985e-03 0.000e+00
684 3.572e-03 6.332e-03 -1.374e-03 0.000e+00
685 -4.199e-03 3.129e-03 1.222e-03 0.000e+00
686 -4.913e-03 1.894e-03 5.607e-03 0.000e+00
687 1.853e-03 1.690e-03 2.111e-03 0.000e+00
688 9.900e-03 -8.453e-03 2.009e-04 0.000e+00
689 2.708e-03 -7.128e-04 7.137e-03 0.000e+00
690 -3.295e-03 -8.211e-03 6.192e-03 0.000e+00
691 5.784e-03 4.256e-04 -2.550e-03 0.000e+00
692 2.267e-03 2.009e-03 -5.438e-03 0.000e+00
693 3.734e-03 -8.408e-03 -8.577e-03 0.000e+00
694 -9.894e-03 8.940e-04 -3.863e-03 0.000e+00
695 -4.619e-03 5.257e-03 -2.730e-03 0.000e+00
696 -4.607e-03 9.392e-04 3.949e-03 0.000e+00
697 4.040e-03 -4.980e-03 5.412e-03 0.000e+00
698 -5.195e-04 5.449e-03 -6.379e-03 0.000e+00
699 -2.112e-03 4.878e-03 5.412e-03 0.000e+00
700 2.334e-03 5.853e-03 9.422e-03 0.000e+00
701 3.343e-03 6.081e-03 -8.678e-04 0.000e+00
702 1.255e-03 5.810e-03 5.891e-03 0.000e+00
703 -4.869e-03 -6.758e-03 6.048e-03 0.000e+00
704 -2.204e-03 4.589e-03 -8.964e-03 0.000e+00
705 1.311e-03 4.119e-03 -3.056e-03 0.000e+00
706 5.515e-04 5.050e-03 4.632e-03 0.000e+00
707 4.573e-03 -6.724e-03 -8.522e-03 0.000e+00
708 3.584e-03 -2.094e-03 -7.533e-03 0.000e+00
709 -1.059e-03 -8.122e-03 2.590e-03 0.000e+00
710 -4.695e-03 -8.068e-03 3.454e-03 0.000e+00
711 9.415e-03 -6.161e-03 1.084e-02 0.000e+00
712 3.333e-03 -2.954e-03 -7.931e-04 0.000e+00
713 -3.329e-03 -7.242e-03 -1.644e-03 0.000e+00
714 6.567e-03 6.183e-04 7.620e-03 0.000e+00
715 -4.975e-03 -6.837e-03 3.279e-03 0.000e+00
716 -3.536e-04 7.677e-04 1.439e-02 0.000e+00
717 3.498e-03 1.330e-03 2.841e-03 0.000e+00
718 -7.526e-03 2.204e-03 -4.706e-03 0.000e+00
719 -5.414e-03 1.245e-02 -1.788e-04 4.881e+01
720 1.068e-02 1.779e-03 -4.414e-03 0.000e+00
721 1.170e-03 4.923e-03 -3.678e-03 0.000e+00
722 -1.030e-02 1.031e-02 4.306e-03 -7.831e+01
723 7.663e-04 -6.105e-03 8.018e-03 0.000e+00
724 9.324e-03 5.652e-03 1.165e-03 0.000e+00
725 3.711e-03 9.658e-05 -2.304e-03 0.000e+00
726 8.059e-03 4.808e-03 -3.231e-04 0.000e+00
727 -3.042e-03 -7.834e-04 5.337e-04 0.000e+00
728 -4.994e-03 3.267e-03 -5.722e-03 0.000e+00
729 -4.465e-03 3.275e-03 1.189e-02 0.000e+00
730 5.929e-03 3.278e-03 -5.931e-04 0.000e+00
731 9.717e-03 -1.216e-03 3.098e-03 0.000e+00
732 2.316e-03 3.927e-03 -6.939e-03 0.000e+00
733 1.574e-03 -8.348e-03 -1.781e-03 0.000e+00
734 -1.205e-03 1.095e-02 7.286e-04 -6.301e+01
735 -1.136e-05 -6.843e-03 2.550e-03 0.000e+00
736 6.676e-03 8.616e-03 -3.535e-03 6.545e+01
737 6.597e-03 1.437e-03 -4.945e-03 0.000e+00
738 -3.500e-03 2.947e-03 -1.089e-03 0.000e+00
739 -8.745e-03 -2.960e-04 -2.166e-03 0.000e+00
740 -3.423e-04 -5.914e-03 7.909e-03 0.000e+00
741 2.370e-03 -8.164e-03 -5.053e-03 0.000e+00
742 -1.441e-02 8.229e-03 7.915e-04 0.000e+00
743 1.629e-03 3.906e-03 -1.030e-03 0.000e+00
744 2.289e-03 -5.432e-03 -4.496e-03 0.000e+00
745 8.617e-05 -3.756e-04 -4.217e-03 0.000e+00
746 -2.449e-03 -8.087e-03 -2.258e-03 0.000e+00
747 -5.222e-03 1.734e-03 3.052e-03 0.000e+00
748 -1.619e-02 -7.158e-03 -9.311e-04 0.000e+00
749 3.600e-03 2.515e-03 5.651e-04 0.000e+00
750 -2.560e-04 7.812e-03 -4.025e-04 0.000e+00
751 -9.288e-04 3.567e-03 3.229e-03 0.000e+00
752 -8.062e-04 -2.966e-03 1.045e-03 0.000e+00
753 6.889e-03 -7.994e-03 -4.819e-03 0.000e+00
754 -3.158e-03 -8.293e-03 -1.457e-02 0.000e+00
755 -5.269e-03 -6.281e-03 -6.934e-03 0.000e+00
756 -1.389e-03 -7.044e-03 -4.513e-03 0.000e+00
757 9.375e-04 -6.848e-03 -1.130e-03 0.000e+00
758 -4.608e-03 -6.356e-03 1.027e-02 0.000e+00
759 -3.150e-04 -8.049e-03 -1.045e-03 0.000e+00
760 2.927e-03 -6.243e-03 -4.196e-03 0.000e+00
761 7.556e-03 -7.604e-03 -4.478e-03 0.000e+00
762 -4.513e-03 -8.156e-03 -8.638e-04 0.000e+00
763 7.906e-03 -6.560e-03 -5.224e-04 0.000e+00
764 -8.159e-04 6.405e-03 -6.349e-05 0.000e+00
765 -6.788e-03 -5.472e-03 -2.678e-03 0.000e+00
766 2.566e-03 -5.901e-05 -3.538e-04 0.000e+00
767 7.079e-04 -7.183e-03 -2.397e-03 0.000e+00
768 -2.451e-03 3.606e-03 -2.054e-04 0.000e+00
769 -3.947e-03 -7.695e-03 -2.754e-03 0.000e+00
770 -3.164e-03 -8.486e-03 -5.170e-03 0.000e+00
771 -9.055e-04 -6.906e-03 -5.003e-03 0.000e+00
772 4.961e-04 -4.111e-03 7.009e-03 0.000e+00
773 9.573e-03 4.376e-05 1.550e-03 0.000e+00
774 1.389e-04 -7.832e-03 4.270e-03 0.000e+00
775 -2.066e-03 -7.815e-03 -4.634e-04 0.000e+00
776 -8.044e-04 7.431e-03 5.271e-03 0.000e+00
777 -1.961e-05 4.857e-03 -1.712e-03 0.000e+00
778 1.015e-02 7.236e-04 5.698e-04 0.000e+00
779 -5.943e-03 1.444e-03 -3.509e-03 0.000e+00
780 -9.662e-04 -2.019e-04 2.892e-03 0.000e+00
781 1.217e-02 4.729e-03 -1.489e-03 0.000e+00
782 6.064e-04 6.331e-03 -1.751e-03 0.000e+00
783 -5.363e-04 5.096e-03 3.419e-03 0.000e+00
784 4.824e-03 3.327e-03 -1.040e-03 0.000e+00
785 -7.133e-04 -6.392e-03 3.793e-03 0.000e+00
786 3.872e-03 -7.872e-03 -4.975e-03 0.000e+00
787 3.704e-03 1.830e-05 2.337e-03 0.000e+00
788 -5.057e-03 -7.683e-04 5.258e-03 0.000e+00
789 2.262e-03 -8.418e-03 -4.533e-03 0.000e+00
790 7.949e-03 -4.105e-03 -2.410e-03 0.000e+00
791 2.415e-03 4.090e-03 5.414e-04 0.000e+00
792 -4.060e-03 -8.146e-03 4.802e-03 0.000e+00
793 1.630e-03 -2.508e-04 -6.932e-03 0.000e+00
794 5.277e-03 1.573e-03 3.822e-03 0.000e+00
795 -2.619e-03 -1.187e-03 6.557e-04 0.000e+00
796 1.808e-03 -6.698e-03 1.712e-03 0.000e+00
797 -1.278e-03 -6.074e-03 4.550e-03 0.000e+00
798 -5.148e-05 1.003e-04 1.154e-03 0.000e+00
799 -2.185e-04 -3.930e-03 7.466e-03 0.000e+00
800 8.128e-03 -5.501e-04 -3.231e-03 0.000e+00
801 -5.258e-03 6.529e-03 3.379e-03 0.000e+00
802 5.107e-04 4.246e-03 -2.825e-03 0.000e+00
803 3.713e-03 -5.469e-03 -2.133e-03 0.000e+00
804 -9.895e-03 -5.371e-03 -2.494e-03 0.000e+00
805 1.018e-03 -8.645e-03 -3.611e-03 0.000e+00
806 -2.240e-04 1.354e-03 -1.289e-03 0.000e+00
807 -1.160e-02 2.713e-03 9.528e-03 0.000e+00
808 -1.313e-03 -4.419e-03 4.678e-03 0.000e+00
809 1.101e-03 -7.698e-03 -4.822e-03 0.000e+00
810 9.275e-04 1.472e-03 5.428e-04 0.000e+00
811 -5.776e-04 6.891e-03 4.493e-03 0.000e+00
812 7.656e-05 -2.772e-03 -1.703e-03 0.000e+00
813 -6.823e-03 -8.113e-03 -1.083e-03 0.000e+00
814 -3.746e-03 -4.492e-04 -4.308e-03 0.000e+00
815 3.665e-04 -8.269e-03 -3.003e-03 0.000e+00
816 -6.648e-03 3.636e-03 5.859e-03 0.000e+00
817 -5.951e-03 4.786e-03 -1.857e-05 0.000e+00
818 -5.347e-03 -6.435e-03 1.146e-03 0.000e+00
819 -9.356e-04 -8.062e-03 3.496e-03 0.000e+00
820 -2.800e-03 -2.323e-03 -8.545e-04 0.000e+00
821 -1.096e-05 -8.225e-03 -1.438e-03 0.000e+00
822 -1.778e-03 7.230e-03 1.883e-03 0.000e+00
823 -3.981e-03 1.035e-02 8.021e-03 7.076e+01
824 -5.482e-03 8.035e-03 6.566e-04 0.000e+00
825 -2.928e-03 5.341e-03 2.922e-03 0.000e+00
826 -3.143e-03 -7.183e-03 1.186e-03 0.000e+00
827 2.659e-03 3.470e-04 -9.494e-03 0.000e+00
828 1.970e-03 -6.291e-03 2.349e-03 0.000e+00
829 4.092e-04 1.459e-03 5.230e-03 0.000e+00
830 -4.791e-03 -1.033e-03 7.242e-03 0.000e+00
831 9.942e-04 1.597e-03 6.947e-04 0.000e+00
832 -3.223e-03 -6.822e-03 -5.270e-03 0.000e+00
833 2.036e-03 6.642e-03 -8.261e-03 0.000e+00
834 -1.807e-03 -8.197e-03 5.192e-03 0.000e+00
835 3.529e-03 5.670e-03 1.318e-03 0.000e+00
836 7.394e-03 -4.721e-06 1.346e-02 0.000e+00
837 -7.639e-04 3.683e-03 -9.720e-06 0.000e+00
838 1.297e-03 7.057e-03 -2.233e-03 0.000e+00
839 2.199e-03 -4.691e-04 -3.697e-03 0.000e+00
840 -5.224e-03 6.167e-03 4.626e-03 0.000e+00
841 -3.243e-03 1.007e-02 -2.379e-03 -6.678e+01
842 -3.607e-03 2.022e-03 -5.806e-04 0.000e+00
843 9.552e-03 2.333e-03 9.594e-03 0.000e+00
844 3.453e-05 -8.565e-03 -3.792e-03 0.000e+00
845 -1.916e-03 -8.113e-03 -2.535e-03 0.000e+00
846 4.484e-03 2.153e-04 -3.397e-03 0.000e+00
847 1.240e-03 1.096e-03 -4.167e-03 0.000e+00
848 -6.332e-03 3.204e-03 1.156e-02 0.000e+00
849 5.176e-03 1.261e-05 4.685e-04 0.000e+00
850 1.586e-04 -7.525e-03 -1.606e-03 0.000e+00
851 -5.067e-03 1.454e-03 -7.107e-03 0.000e+00
852 -3.417e-03 -7.841e-03 9.987e-03 0.000e+00
853 -3.625e-03 1.801e-03 -2.503e-04 0.000e+00
854 -2.525e-03 -7.855e-03 4.028e-03 0.000e+00
855 6.435e-04 1.581e-03 1.474e-03 0.000e+00
856 -1.663e-03 -1.015e-04 -2.829e-03 0.000e+00
857 8.052e-03 1.311e-02 -4.962e-03 -5.075e+01
858 -1.717e-03 -2.270e-03 3.988e-03 0.000e+00
859 8.222e-03 -6.461e-03 2.252e-03 0.000e+00
860 -4.728e-04 5.507e-03 5.593e-03 0.000e+00
861 2.924e-03 -6.536e-03 5.175e-03 0.000e+00
862 -5.615e-04 -8.623e-04 5.180e-03 0.000e+00
863 6.183e-03 -1.634e-03 2.423e-03 0.000e+00
864 -2.457e-03 4.727e-03 -5.295e-03 0.000e+00
865 4.420e-03 4.479e-03 3.941e-03 0.000e+00
866 -9.755e-03 -4.637e-03 -6.400e-03 0.000e+00
867 2.813e-03 -5.275e-03 1.041e-04 0.000e+00
868 3.255e-03 9.364e-03 -2.232e-03 5.626e+01
869 3.646e-04 3.906e-03 -1.481e-03 0.000e+00
870 8.805e-03 -1.523e-03 -6.538e-03 0.000e+00
871 -8.334e-03 6.535e-03 -1.019e-03 0.000e+00
872 -1.436e-04 6.994e-03 4.440e-03 0.000e+00
873 5.629e-04 4.876e-04 6.381e-03 0.000e+00
874 -1.121e-02 7.296e-04 9.439e-03 0.000e+00
875 -6.205e-03 1.546e-03 -5.037e-03 0.000e+00
876 5.293e-04 2.725e-03 -3.481e-03 0.000e+00
877 -1.634e-02 -3.186e-03 -5.721e-03 0.000e+00
878 1.270e-03 -8.023e-03 -1.293e-03 0.000e+00
879 -2.592e-03 9.232e-03 2.151e-04 -6.840e+01
880 1.041e-03 -1.549e-03 -3.746e-04 0.000e+00
881 -1.077e-02 -6.019e-03 1.738e-03 0.000e+00
882 -5.510e-03 -7.083e-03 -2.270e-04 0.000e+00
883 8.575e-04 3.679e-04 -3.725e-03 0.000e+00
884 1.095e-02 -7.086e-03 -7.220e-03 0.000e+00
885 -1.080e-02 6.577e-03 -5.166e-03 0.000e+00
886 2.446e-03 -7.742e-03 6.255e-03 0.000e+00
887 7.601e-03 2.168e-05 8.392e-03 0.000e+00
888 -3.104e-03 2.091e-03 1.415e-03 0.000e+00
889 1.947e-03 8.484e-03 -3.531e-03 -2.745e+01
890 5.746e-03 -9.670e-05 -6.855e-03 0.000e+00
891 -1.229e-02 -7.108e-03 3.328e-03 0.000e+00
892 -7.795e-03 1.509e-03 3.307e-03 0.000e+00
893 -8.268e-03 6.545e-03 3.371e-03 0.000e+00
894 -6.791e-03 3.696e-03 2.884e-03 0.000e+00
895 -1.895e-04 6.212e-03 4.422e-03 0.000e+00
896 -1.812e-03 -5.817e-03 -4.647e-03 0.000e+00
897 4.054e-03 7.660e-03 -1.225e-03 0.000e+00
898 -1.958e-03 -8.481e-03 -7.135e-03 0.000e+00
899 5.542e-05 6.308e-04 -5.640e-04 0.000e+00
900 9.692e-03 6.466e-03 2.718e-03 0.000e+00
901 1.014e-02 4.361e-03 5.196e-03 0.000e+00
902 3.851e-03 -7.421e-03 7.225e-03 0.000e+00
903 7.257e-03 -7.148e-03 -3.412e-03 0.000e+00
904 -9.722e-03 1.580e-03 -3.124e-03 0.000e+00
905 -1.170e-03 -1.920e-03 -2.055e-03 0.000e+00
906 3.252e-04 2.524e-03 3.046e-03 0.000e+00
907 1.218e-02 -8.337e-03 1.027e-03 0.000e+00
908 -1.587e-03 1.272e-03 -3.140e-03 0.000e+00
909 1.143e-02 7.197e-03 1.183e-03 0.000e+00
910 -2.204e-03 4.533e-03 5.323e-03 0.000e+00
911 -5.634e-03 -6.647e-03 -4.066e-03 0.000e+00
912 1.313e-03 -6.192e-03 -3.223e-03 0.000e+00
913 7.694e-03 -5.201e-03 6.215e-03 0.000e+00
914 -9.122e-03 -2.192e-03 -1.232e-02 0.000e+00
915 -3.015e-03 2.583e-03 6.106e-03 0.000e+00
916 3.318e-03 1.267e-03 -8.012e-03 0.000e+00
917 8.679e-03 4.384e-03 8.191e-03 0.000e+00
918 -8.384e-03 -8.477e-03 -4.293e-03 0.000e+00
919 3.198e-03 -8.217e-04 5.167e-03 0.000e+00
920 -3.687e-04 8.316e-03 2.010e-03 0.000e+00
921 -2.116e-03 -7.455e-03 1.121e-02 0.000e+00
922 -1.146e-02 -8.167e-03 -2.865e-03 0.000e+00
923 -7.580e-04 -8.085e-03 5.931e-03 0.000e+00
924 6.038e-04 2.766e-03 4.479e-03 0.000e+00
925 2.074e-03 -7.513e-03 4.175e-03 0.000e+00
926 9.066e-04 -6.266e-03 9.280e-05 0.000e+00
927 -6.476e-03 1.924e-03 -4.073e-03 0.000e+00
928 -1.752e-03 -1.517e-03 2.431e-03 0.000e+00
929 -1.977e-03 -7.304e-03 -3.005e-03 0.000e+00
930 1.230e-03 -6.450e-03 3.672e-03 0.000e+00
931 -4.934e-03 3.867e-03 5.747e-03 0.000e+00
932 2.976e-03 -8.398e-03 -5.198e-03 0.000e+00
933 -1.038e-03 1.669e-03 -4.134e-03 0.000e+00
934 6.777e-04 -1.012e-03 1.600e-03 0.000e+00
935 -8.994e-03 5.330e-03 5.944e-04 0.000e+00
936 -5.610e-03 -5.077e-03 -9.544e-03 0.000e+00
937 2.640e-03 4.817e-03 9.301e-04 0.000e+00
938 -4.249e-03 6.100e-03 -1.029e-02 0.000e+00
939 -2.486e-03 1.836e-02 3.940e-03 -1.921e+01
940 -9.649e-03 3.128e-03 -3.974e-03 0.000e+00
941 -1.991e-03 -2.178e-04 1.033e-03 0.000e+00
942 -6.765e-04 1.978e-03 5.481e-03 0.000e+00
943 -8.401e-03 3.685e-03 -1.243e-02 0.000e+00
944 -2.323e-03 -6.898e-03 -2.096e-04 0.000e+00
945 6.164e-04 -8.690e-03 -4.862e-03 0.000e+00
946 -1.882e-03 8.689e-03 -4.889e-03 -4.101e+01
947 1.342e-03 4.786e-03 9.026e-04 0.000e+00
948 8.325e-04 -8.157e-03 -6.243e-03 0.000e+00
949 1.593e-03 -8.456e-03 5.641e-03 0.000e+00
950 4.590e-03 4.038e-03 5.017e-03 0.000e+00
951 -1.010e-03 2.419e-03 1.129e-02 0.000e+00
952 3.550e-03 -7.524e-03 5.837e-03 0.000e+00
953 1.622e-03 -7.317e-03 5.342e-03 0.000e+00
954 -5.029e-03 -7.667e-03 -1.131e-02 0.000e+00
955 3.537e-03 7.175e-03 4.855e-03 0.000e+00
956 4.442e-03 9.458e-04 -1.774e-03 0.000e+00
957 3.965e-03 7.206e-03 -4.587e-03 0.000e+00
958 1.670e-03 -2.923e-04 7.169e-03 0.000e+00
959 -8.999e-03 3.511e-03 2.547e-03 0.000e+00
960 -4.422e-03 -7.278e-03 2.936e-03 0.000e+00
961 5.921e-03 2.142e-03 -5.629e-03 0.000e+00
962 -6.471e-03 -3.932e-03 2.025e-04 0.000e+00
963 2.940e-03 4.930e-03 -5.510e-03 0.000e+00
964 -3.340e-03 4.524e-04 -7.427e-03 0.000e+00
965 1.140e-03 7.985e-03 8.354e-03 0.000e+00
966 3.716e-03 6.819e-03 5.771e-03 0.000e+00
967 1.950e-03 3.185e-03 6.183e-03 0.000e+00
968 -2.687e-03 6.786e-03 1.576e-03 0.000e+00
969 -2.358e-03 -8.001e-03 3.708e-03 0.000e+00
970 1.461e-03 -1.222e-03 6.663e-03 0.000e+00
971 -1.243e-02 -6.127e-03 1.636e-02 0.000e+00
972 -1.448e-03 -8.144e-03 -6.026e-03 0.000e+00
973 2.971e-03 -8.586e-03 -5.516e-03 0.000e+00
974 1.103e-02 -8.199e-04 -1.066e-02 0.000e+00
975 -2.465e-03 2.424e-03 -2.976e-03 0.000e+00
976 -3.121e-04 1.074e-02 -2.424e-03 1.600e+00
977 5.475e-04 -1.484e-03 5.776e-03 0.000e+00
978 8.329e-04 7.337e-03 1.007e-02 0.000e+00
979 3.949e-03 -3.721e-03 -3.805e-03 0.000e+00
980 -5.572e-04 -5.963e-03 4.761e-03 0.000e+00
981 4.516e-04 -2.431e-03 -1.143e-02 0.000e+00
982 7.543e-03 3.768e-03 3.807e-03 0.000e+00
983 -2.599e-03 6.482e-03 -4.641e-03 0.000e+00
984 -3.133e-03 -7.424e-03 -1.450e-03 0.000e+00
985 -4.215e-03 -1.715e-05 -1.481e-03 0.000e+00
986 -1.094e-02 1.537e-03 1.117e-02 0.000e+00
987 -3.997e-03 -7.492e-03 1.050e-03 0.000e+00
988 -6.806e-03 4.132e-03 -1.024e-03 0.000e+00
989 -1.661e-02 2.301e-03 1.072e-04 0.000e+00
990 -7.814e-03 -6.280e-03 2.540e-03 0.000e+00
991 -3.231e-03 -8.456e-04 -7.731e-03 0.000e+00
992 5.863e-03 4.414e-03 4.025e-03 0.000e+00
993 -1.372e-03 1.893e-03 2.839e-03 0.000e+00
994 3.764e-03 8.988e-04 -8.512e-03 0.000e+00
995 4.997e-03 -8.202e-03 -2.416e-03 0.000e+00
996 3.066e-04 6.478e-03 -3.179e-03 0.000e+00
997 -7.924e-03 -7.308e-03 5.039e-03 0.000e+00
998 3.316e-03 -6.552e-03 -7.810e-03 0.000e+00
999 -9.646e-03 -7.620e-03 6.868e-03 0.000e+00
1000 -1.376e-02 -2.429e-03 2.961e-03 0.000e+00
1001 -6.363e-03 -5.994e-03 -5.528e-04 0.000e+00
1002 3.570e-03 1.235e-03 6.405e-04 0.000e+00
1003 9.980e-03 7.206e-03 2.315e-03 0.000e+00
1004 -8.158e-03 -5.090e-03 1.059e-03 0.000e+00
1005 -9.611e-04 -4.693e-03 -3.847e-03 0.000e+00
1006 -6.027e-03 -4.508e-05 -7.474e-03 0.000e+00
1007 1.519e-03 2.314e-03 6.426e-03 0.000e+00
1008 1.056e-03 2.122e-03 4.784e-03 0.000e+00
1009 -3.796e-03 2.021e-03 7.615e-03 0.000e+00
1010 1.987e-03 6.269e-03 6.925e-03 0.000e+00
1011 -3.885e-03 -6.435e-03 1.451e-04 0.000e+00
1012 -8.342e-04 4.055e-04 -1.236e-02 0.000e+00
1013 -8.627e-04 -7.816e-03 9.559e-04 0.000e+00
1014 2.875e-03 -5.718e-03 6.970e-03 0.000e+00
1015 -2.518e-03 -5.583e-03 3.600e-03 0.000e+00
1016 -1.709e-03 4.336e-03 8.954e-05 0.000e+00
1017 -4.848e-03 -7.579e-03 -3.024e-03 0.000e+00
1018 -7.581e-03 -8.226e-03 5.992e-03 0.000e+00
1019 8.289e-03 1.651e-04 3.910e-03 0.000e+00
1020 6.805e-03 2.361e-03 6.735e-03 0.000e+00
1021 1.848e-03 -7.457e-03 -2.746e-03 0.000e+00
1022 -4.046e-04 -6.227e-03 -8.809e-03 0.000e+00
1023 5.262e-03 5.704e-05 8.297e-04 0.000e+00
1024 -5.503e-03 -5.487e-03 4.215e-03 0.000e+00
1025 1.203e-03 -8.246e-03 -5.551e-03 0.000e+00
1026 -6.171e-03 -4.230e-03 -1.387e-03 0.000e+00
1027 -1.599e-03 -1.619e-03 -1.780e-03 0.000e+00
1028 2.915e-03 7.724e-03 7.551e-03 0.000e+00
1029 -4.821e-04 4.901e-03 1.499e-03 0.000e+00
1030 -4.679e-03 8.634e-03 -6.465e-04 -5.593e+01
1031 -1.894e-03 -8.788e-05 7.568e-03 0.000e+00
1032 -3.854e-03 2.485e-03 3.562e-03 0.000e+00
1033 -2.426e-03 -1.364e-03 3.879e-05 0.000e+00
1034 -3.513e-03 -6.167e-03 2.564e-03 0.000e+00
1035 2.606e-03 3.689e-03 -5.565e-03 0.000e+00
1036 -8.092e-03 1.369e-02 -4.856e-03 7.834e+01
1037 6.692e-03 -7.723e-03 -1.038e-03 0.000e+00
1038 -2.565e-03 -8.675e-03 -5.624e-03 0.000e+00
1039 6.389e-03 -8.213e-03 -6.549e-03 0.000e+00
1040 -5.415e-03 -8.038e-03 2.754e-03 0.000e+00
1041 -4.699e-04 7.090e-03 4.388e-03 0.000e+00
1042 -4.065e-03 3.198e-03 -4.797e-03 0.000e+00
1043 5.698e-03 6.883e-03 -6.298e-04 0.000e+00
1044 4.842e-03 -4.804e-03 4.248e-03 0.000e+00
1045 3.095e-03 1.670e-03 2.288e-03 0.000e+00
1046 6.224e-03 -7.715e-04 3.085e-03 0.000e+00
1047 -1.169e-02 -6.264e-03 -6.423e-03 0.000e+00
1048 -4.483e-03 -6.414e-04 1.213e-03 0.000e+00
1049 7.303e-03 -4.854e-03 5.642e-03 0.000e+00
1050 -2.362e-04 2.379e-03 5.006e-05 0.000e+00
1051 3.283e-03 -8.262e-03 1.917e-04 0.000e+00
1052 -9.532e-03 5.203e-03 -1.338e-03 0.000e+00
1053 -2.108e-03 6.019e-03 -2.792e-03 0.000e+00
1054 2.135e-03 7.600e-03 8.019e-03 0.000e+00
1055 -4.688e-03 -5.131e-03 3.224e-03 0.000e+00
1056 -1.476e-03 -1.824e-03 5.957e-03 0.000e+00
1057 -1.304e-03 8.102e-03 -6.046e-03 0.000e+00
1058 -4.942e-03 2.932e-03 7.568e-04 0.000e+00
1059 -2.347e-03 -8.548e-03 -3.282e-03 0.000e+00
1060 2.460e-03 6.048e-03 -1.163e-03 0.000e+00
1061 -4.750e-03 6.419e-03 3.395e-03 0.000e+00
1062 2.618e-03 1.336e-03 6.223e-03 0.000e+00
1063 3.263e-03 -3.854e-03 -3.719e-03 0.000e+00
1064 4.900e-03 1.784e-03 -6.730e-03 0.000e+00
1065 6.629e-03 1.555e-03 2.407e-03 0.000e+00
1066 -7.746e-03 -7.589e-03 7.430e-03 0.000e+00
1067 1.207e-03 5.729e-03 -1.023e-03 0.000e+00
1068 3.689e-03 -8.656e-03 -8.706e-03 0.000e+00
1069 1.873e-03 -7.056e-03 3.227e-03 0.000e+00
1070 8.488e-03 8.796e-03 6.119e-03 1.025e+01
1071 -1.014e-03 6.633e-03 -6.574e-03 0.000e+00
1072 -8.797e-03 -7.895e-03 -5.226e-03 0.000e+00
1073 2.039e-03 5.728e-03 -2.211e-03 0.000e+00
1074 2.844e-03 1.496e-03 -8.112e-03 0.000e+00
1075 -6.995e-03 3.486e-03 4.312e-04 0.000e+00
1076 -9.784e-03 8.541e-04 2.063e-03 0.000e+00
1077 -3.620e-03 -5.761e-03 3.196e-03 0.000e+00
1078 8.938e-03 7.395e-03 -4.727e-03 0.000e+00
1079 -7.766e-03 -7.051e-03 6.877e-03 0.000e+00
1080 5.657e-03 -5.388e-03 -3.378e-04 0.000e+00
1081 -4.953e-03 3.563e-03 -1.474e-02 0.000e+00
1082 -2.361e-03 9.134e-03 -5.019e-03 -8.500e+00
1083 -2.838e-03 5.185e-03 3.486e-03 0.000e+00
1084 6.937e-03 -9.097e-04 -5.727e-03 0.000e+00
1085 1.606e-03 -8.389e-03 -7.688e-03 0.000e+00
1086 -3.427e-03 4.362e-03 3.555e-03 0.000e+00
1087 2.929e-03 -6.181e-03 -3.818e-03 0.000e+00
1088 -2.506e-03 1.379e-04 4.532e-03 0.000e+00
1089 2.521e-03 -7.759e-03 -6.198e-03 0.000e+00
1090 5.468e-04 1.222e-03 6.911e-03 0.000e+00
1091 6.861e-03 1.090e-03 3.184e-03 0.000e+00
1092 -4.365e-03 2.061e-03 -1.259e-03 0.000e+00
1093 -1.066e-02 -1.049e-04 -1.716e-03 0.000e+00
1094 1.221e-02 2.557e-03 -4.109e-03 0.000e+00
1095 1.475e-03 -6.603e-03 1.644e-03 0.000e+00
1096 2.706e-04 -3.049e-03 -6.145e-03 0.000e+00
1097 -3.985e-04 -8.394e-03 2.930e-03 0.000e+00
1098 -2.465e-03 -8.290e-03 9.864e-03 0.000e+00
1099 6.190e-03 2.243e-03 -1.084e-02 0.000e+00
1100 -8.827e-03 9.375e-03 1.577e-03 8.275e+01
1101 -9.513e-03 3.224e-03 1.927e-03 0.000e+00
1102 1.183e-03 3.654e-03 1.420e-03 0.000e+00
1103 -5.515e-03 1.295e-03 -1.236e-02 0.000e+00
1104 1.016e-02 -1.872e-03 3.947e-03 0.000e+00
1105 -1.892e-03 6.818e-03 4.238e-03 0.000e+00
1106 -7.160e-03 6.392e-03 -7.891e-03 0.000e+00
1107 -5.291e-03 3.503e-03 -1.153e-03 0.000e+00
1108 -9.330e-03 1.395e-03 -2.600e-03 0.000e+00
1109 -6.471e-04 -8.590e-03 -4.031e-03 0.000e+00
1110 2.790e-03 -7.756e-03 4.915e-03 0.000e+00
1111 9.695e-03 -7.000e-03 1.252e-03 0.000e+00
1112 -4.100e-03 7.156e-04 -6.753e-03 0.000e+00
1113 -4.844e-03 3.634e-03 -3.306e-03 0.000e+00
1114 -4.490e-03 -8.123e-03 2.978e-03 0.000e+00
1115 7.100e-04 1.029e-02 1.932e-03 -2.173e+01
1116 1.371e-02 -7.076e-03 4.152e-03 0.000e+00
1117 -2.306e-03 6.250e-03 3.219e-03 0.000e+00
1118 -4.649e-03 3.278e-03 -7.019e-03 0.000e+00
1119 -1.004e-02 1.944e-03 -7.806e-03 0.000e+00
1120 -9.386e-03 -6.771e-03 3.796e-03 0.000e+00
1121 -8.866e-03 -8.490e-03 1.172e-03 0.000e+00
1122 1.324e-03 -1.788e-03 -3.254e-03 0.000e+00
1123 1.064e-03 1.679e-03 -4.506e-03 0.000e+00
1124 -1.987e-03 2.406e-03 8.280e-03 0.000e+00
1125 -5.765e-04 -5.030e-03 -3.763e-03 0.000e+00
1126 2.243e-03 1.797e-03 -5.558e-03 0.000e+00
1127 5.992e-03 -6.385e-03 -1.052e-02 0.000e+00
1128 -4.054e-03 -7.400e-03 -1.758e-03 0.000e+00
1129 -4.454e-03 3.459e-03 -1.383e-03 0.000e+00
1130 1.905e-03 -6.570e-03 2.296e-03 0.000e+00
1131 -5.049e-03 9.894e-03 -6.066e-03 -7.612e+00
1132 2.850e-03 -4.425e-03 4.236e-03 0.000e+00
1133 -5.201e-03 1.741e-03 -1.681e-03 0.000e+00
1134 1.017e-02 -8.475e-03 -5.616e-03 0.000e+00
1135 2.173e-03 3.026e-03 -1.293e-03 0.000e+00
1136 1.210e-03 -7.591e-03 -5.447e-03 0.000e+00
1137 -1.035e-02 3.849e-03 7.662e-03 0.000e+00
1138 1.415e-03 4.490e-03 8.935e-04 0.000e+00
1139 4.932e-03 3.382e-03 3.733e-03 0.000e+00
1140 -5.795e-03 -1.797e-03 -1.560e-03 0.000e+00
1141 -3.386e-03 4.141e-04 -3.381e-03 0.000e+00
1142 8.918e-03 -5.231e-03 -8.373e-04 0.000e+00
1143 -1.004e-03 2.876e-03 1.405e-03 0.000e+00
1144 4.448e-03 -2.766e-03 -1.099e-02 0.000e+00
1145 -3.593e-03 2.274e-03 7.758e-04 0.000e+00
1146 -4.052e-03 2.918e-03 5.440e-03 0.000e+00
1147 2.398e-03 -1.479e-03 -7.676e-03 0.000e+00
1148 9.876e-04 6.074e-03 -3.726e-03 0.000e+00
1149 4.074e-03 9.802e-03 5.574e-03 2.387e+01
1150 2.191e-03 -7.536e-03 -2.603e-03 0.000e+00
1151 -2.943e-03 1.551e-03 -1.894e-02 0.000e+00
1152 3.376e-03 -8.304e-03 2.961e-03 0.000e+00
1153 7.454e-03 -8.538e-03 -4.306e-03 0.000e+00
1154 2.803e-03 4.137e-03 7.280e-03 0.000e+00
1155 -4.428e-03 -5.196e-03 -5.082e-03 0.000e+00
1156 -1.390e-03 -2.919e-03 5.177e-03 0.000e+00
1157 3.611e-03 2.364e-03 1.380e-03 0.000e+00
1158 8.377e-03 -6.886e-03 -3.422e-04 0.000e+00
1159 -5.014e-03 -6.437e-03 7.264e-04 0.000e+00
1160 -9.572e-03 -6.912e-03 9.568e-03 0.000e+00
1161 -3.570e-03 -7.277e-03 -4.925e-04 0.000e+00
1162 2.567e-03 2.958e-03 5.684e-03 0.000e+00
1163 3.217e-04 -8.614e-03 -2.394e-04 0.000e+00
1164 -7.262e-04 1.971e-04 -6.271e-03 0.000e+00
1165 -1.409e-03 -5.189e-03 1.473e-02 0.000e+00
1166 3.223e-03 3.887e-03 -3.978e-03 0.000e+00
1167 -3.684e-03 6.717e-03 -5.104e-03 0.000e+00
1168 3.697e-03 -2.054e-03 -4.609e-03 0.000e+00
1169 7.195e-03 -6.956e-04 3.414e-03 0.000e+00
1170 -1.149e-02 3.573e-03 1.523e-03 0.000e+00
1171 3.443e-03 3.028e-03 2.481e-03 0.000e+00
1172 3.980e-04 9.170e-04 -9.223e-04 0.000e+00
1173 -4.815e-03 -8.374e-03 3.064e-03 0.000e+00
1174 4.824e-03 -6.064e-03 -1.212e-03 0.000e+00
1175 8.091e-04 -6.897e-03 8.857e-03 0.000e+00
1176 -2.486e-03 2.167e-03 -2.559e-03 0.000e+00
1177 -3.241e-03 -6.544e-03 5.282e-03 0.000e+00
1178 3.983e-03 2.083e-03 8.468e-03 0.000e+00
1179 -7.971e-04 -8.563e-03 -1.306e-03 0.000e+00
1180 7.152e-03 -5.893e-05 -5.011e-03 0.000e+00
1181 -8.558e-03 -7.490e-03 1.007e-03 0.000e+00
1182 -6.227e-03 3.680e-03 -1.010e-03 0.000e+00
1183 -1.616e-03 -5.369e-03 2.737e-03 0.000e+00
1184 -1.143e-02 -8.118e-03 -8.983e-04 0.000e+00
1185 -4.238e-03 -2.458e-03 -4.459e-03 0.000e+00
1186 3.706e-03 -8.030e-03 2.950e-03 0.000e+00
1187 -4.903e-03 -6.375e-04 -8.349e-03 0.000e+00
1188 7.831e-03 -7.828e-03 -3.634e-03 0.000e+00
1189 -5.702e-05 3.656e-04 5.828e-03 0.000e+00
1190 5.994e-03 5.353e-03 9.601e-03 0.000e+00
1191 6.070e-03 7.595e-03 1.816e-03 0.000e+00
1192 2.164e-03 6.225e-03 -3.990e-03 0.000e+00
1193 -8.908e-04 -8.395e-03 -4.200e-03 0.000e+00
1194 2.425e-04 -7.529e-03 -8.161e-03 0.000e+00
1195 4.259e-03 -1.825e-04 -9.448e-03 0.000e+00
1196 -3.493e-03 1.255e-03 1.386e-03 0.000e+00
1197 -2.649e-03 -8.005e-03 -4.500e-03 0.000e+00
1198 -6.441e-03 2.711e-03 -8.251e-03 0.000e+00
1199 1.635e-03 -6.564e-03 -2.845e-03 0.000e+00
1200 4.942e-03 -8.218e-03 -6.740e-04 0.000e+00
1201 -2.293e-04 -7.806e-03 8.866e-04 0.000e+00
1202 -1.113e-04 -8.605e-03 -4.491e-03 0.000e+00
1203 -1.819e-02 -1.257e-04 9.050e-03 0.000e+00
1204 3.828e-03 4.494e-03 -2.223e-03 0.000e+00
1205 2.381e-03 1.976e-04 -3.279e-03 0.000e+00
1206 9.812e-04 1.476e-03 5.264e-04 0.000e+00
1207 6.295e-03 1.175e-02 3.683e-03 7.309e+01
1208 -5.067e-03 -1.846e-03 -9.706e-03 0.000e+00
1209 1.452e-03 8.714e-03 8.632e-03 8.187e+01
1210 -1.020e-03 4.074e-03 -4.314e-03 0.000e+00
1211 2.717e-03 4.461e-03 1.304e-02 0.000e+00
1212 3.156e-03 8.993e-03 3.526e-03 7.389e+00
1213 -6.071e-03 -8.668e-04 -3.871e-03 0.000e+00
1214 5.386e-03 6.931e-03 3.833e-03 0.000e+00
1215 1.055e-02 -8.464e-03 4.571e-03 0.000e+00
1216 4.055e-03 -8.087e-03 -2.482e-03 0.000e+00
1217 2.955e-03 -6.103e-03 1.175e-03 0.000e+00
1218 -1.232e-03 -8.264e-03 -1.388e-03 0.000e+00
1219 3.510e-03 -1.137e-03 6.037e-03 0.000e+00
1220 -1.801e-03 -7.750e-03 2.633e-03 0.000e+00
1221 -1.505e-03 2.049e-03 -2.179e-03 0.000e+00
1222 -4.221e-03 -2.466e-03 1.475e-03 0.000e+00
1223 -3.509e-04 6.007e-03 4.533e-03 0.000e+00
1224 5.078e-03 4.140e-03 -3.510e-04 0.000e+00
1225 -9.958e-03 6.534e-03 1.215e-02 0.000e+00
1226 -8.535e-04 -3.735e-03 -4.782e-03 0.000e+00
1227 -6.178e-03 2.217e-03 2.885e-03 0.000e+00
1228 9.849e-04 1.540e-03 1.618e-03 0.000e+00
1229 4.020e-03 -7.362e-03 3.310e-04 0.000e+00
1230 4.851e-03 -5.180e-03 1.190e-03 0.000e+00
1231 -8.322e-03 -7.716e-03 1.144e-02 0.000e+00
1232 -8.306e-03 3.809e-03 -8.118e-03 0.000e+00
1233 2.346e-03 -7.999e-03 1.761e-03 0.000e+00
1234 -5.760e-03 4.535e-03 1.227e-03 0.000e+00
1235 -2.370e-04 2.555e-03 5.970e-03 0.000e+00
1236 2.878e-03 -7.793e-03 -4.226e-03 0.000e+00
1237 -3.970e-03 -6.934e-03 -4.372e-03 0.000e+00
1238 -1.253e-04 -8.221e-03 -3.045e-03 0.000e+00
1239 -4.694e-04 -8.405e-03 4.390e-03 0.000e+00
1240 -4.013e-03 -8.223e-03 7.026e-03 0.000e+00
1241 -1.716e-03 -6.383e-03 1.315e-02 0.000e+00
1242 6.096e-03 -5.876e-05 -2.005e-03 0.000e+00
1243 9.132e-03 -6.356e-03 -1.722e-04 0.000e+00
1244 5.727e-03 1.071e-02 3.918e-03 -9.848e+00
1245 -4.270e-03 1.063e-02 2.871e-03 3.505e+01
1246 3.508e-03 6.824e-03 -3.404e-03 0.000e+00
1247 8.907e-03 -7.956e-03 3.867e-03 0.000e+00
1248 2.281e-03 -8.072e-03 -6.746e-03 0.000e+00
1249 3.517e-03 -4.800e-04 -4.746e-03 0.000e+00
1250 4.573e-03 6.257e-03 9.349e-03 0.000e+00
1251 1.194e-03 -7.281e-03 7.766e-03 0.000e+00
1252 9.747e-03 -6.861e-03 1.960e-03 0.000e+00
1253 4.374e-03 -7.512e-03 -4.542e-04 0.000e+00
1254 -1.622e-03 -8.154e-03 3.648e-03 0.000e+00
1255 2.838e-04 1.473e-03 2.015e-03 0.000e+00
1256 1.746e-03 -7.896e-03 -4.213e-03 0.000e+00
1257 6.056e-03 -8.671e-03 5.263e-04 0.000e+00
1258 1.943e-03 -7.960e-03 4.077e-03 0.000e+00
1259 -6.481e-04 3.518e-03 3.119e-03 0.000e+00
1260 -3.628e-04 -8.590e-03 -5.584e-04 0.000e+00
1261 8.746e-04 2.077e-03 -3.161e-03 0.000e+00
1262 3.523e-03 -8.654e-03 8.131e-03 0.000e+00
1263 1.015e-03 1.353e-03 -5.528e-03 0.000e+00
1264 -5.025e-04 -6.385e-03 2.872e-03 0.000e+00
1265 4.017e-03 2.618e-03 7.217e-03 0.000e+00
1266 -2.021e-03 1.912e-04 7.386e-03 0.000e+00
1267 7.624e-03 5.618e-03 3.509e-04 0.000e+00
1268 -3.951e-03 2.383e-03 5.516e-03 0.000e+00
1269 1.442e-02 -2.947e-04 3.809e-04 0.000e+00
1270 -1.770e-03 6.583e-04 1.009e-02 0.000e+00
1271 8.661e-05 -7.960e-03 -6.629e-03 0.000e+00
1272 3.817e-03 2.894e-04 3.482e-03 0.000e+00
1273 -5.221e-03 3.026e-03 4.789e-03 0.000e+00
1274 -3.044e-03 -8.611e-03 6.315e-03 0.000e+00
1275 3.259e-03 2.923e-03 -1.528e-03 0.000e+00
1276 5.791e-04 4.081e-03 -2.662e-03 0.000e+00
1277 5.770e-03 -7.303e-03 3.612e-03 0.000e+00
1278 4.737e-04 4.851e-04 3.128e-03 0.000e+00
1279 3.385e-03 7.597e-03 -7.745e-03 0.000e+00
1280 -8.447e-03 3.670e-03 -3.129e-03 0.000e+00
1281 -4.570e-03 8.454e-03 7.636e-03 -1.268e+01
1282 -8.676e-03 7.641e-03 -5.098e-03 0.000e+00
1283 3.266e-03 1.852e-03 -6.615e-04 0.000e+00
1284 2.629e-04 -7.794e-03 -9.357e-03 0.000e+00
1285 3.633e-03 7.623e-03 -9.094e-03 0.000e+00
1286 -5.207e-03 3.765e-03 -1.090e-02 0.000e+00
1287 1.866e-03 -8.546e-03 -1.926e-03 0.000e+00
1288 3.477e-03 1.299e-03 -2.495e-03 0.000e+00
1289 3.944e-04 3.117e-03 7.453e-04 0.000e+00
1290 -7.473e-03 -5.911e-03 4.787e-03 0.000e+00
1291 8.202e-03 -3.036e-03 4.499e-03 0.000e+00
1292 6.015e-03 1.563e-03 -1.830e-03 0.000e+00
1293 6.027e-03 1.671e-03 8.751e-03 0.000e+00
1294 1.158e-03 -7.567e-03 -1.132e-03 0.000e+00
1295 7.719e-03 2.053e-03 4.866e-03 0.000e+00
1296 5.766e-03 1.314e-02 -3.005e-03 -1.494e+01
1297 -5.449e-04 -6.177e-03 -2.094e-03 0.000e+00
1298 -2.747e-03 2.260e-03 -6.861e-03 0.000e+00
1299 -2.723e-03 4.918e-03 -1.070e-03 0.000e+00
1300 1.335e-02 5.361e-03 2.586e-03 0.000e+00
1301 4.569e-03 5.316e-03 -3.127e-03 0.000e+00
1302 1.448e-02 2.908e-03 2.180e-03 0.000e+00
1303 -7.717e-03 -8.470e-04 4.181e-03 0.000e+00
1304 -7.050e-04 1.049e-04 -1.919e-03 0.000e+00
1305 3.596e-03 -5.729e-04 -5.329e-04 0.000e+00
1306 2.827e-03 2.014e-03 3.984e-03 0.000e+00
1307 5.215e-03 -8.172e-03 -3.398e-03 0.000e+00
1308 3.897e-04 8.335e-03 6.903e-03 2.738e+01
1309 1.404e-02 1.473e-02 3.998e-03 8.672e+01
1310 2.388e-03 5.584e-04 -3.571e-03 0.000e+00
1311 -9.321e-04 -7.936e-03 -2.274e-03 0.000e+00
1312 7.198e-04 -7.096e-03 -7.894e-03 0.000e+00
1313 1.124e-03 2.065e-04 1.815e-03 0.000e+00
1314 -2.472e-03 9.328e-04 4.001e-03 0.000e+00
1315 2.812e-03 -7.964e-03 -8.204e-04 0.000e+00
1316 1.585e-03 -2.170e-03 -8.853e-03 0.000e+00
1317 5.139e-03 1.812e-03 1.005e-02 0.000e+00
1318 1.235e-03 -8.429e-03 2.437e-03 0.000e+00
1319 -3.215e-03 -6.692e-03 7.702e-03 0.000e+00
1320 5.505e-03 6.381e-03 -9.724e-03 0.000e+00
1321 1.741e-03 7.601e-03 1.023e-02 0.000e+00
1322 -6.690e-03 -2.171e-03 -9.642e-04 0.000e+00
1323 4.003e-04 -6.723e-03 9.732e-04 0.000e+00
1324 3.049e-03 1.715e-03 7.330e-03 0.000e+00
1325 1.203e-03 8.816e-03 -1.178e-04 -1.361e+01
1326 -7.236e-03 -4.517e-03 -4.073e-03 0.000e+00
1327 -9.633e-03 8.589e-04 -6.175e-03 0.000e+00
1328 -4.882e-03 5.992e-03 -1.745e-03 0.000e+00
1329 -4.168e-03 -7.607e-03 1.201e-02 0.000e+00
1330 -2.348e-03 2.567e-03 -8.084e-04 0.000e+00
1331 3.661e-03 9.427e-05 -3.685e-03 0.000e+00
1332 1.022e-02 1.139e-02 -1.167e-03 -1.132e+01
1333 7.079e-03 2.307e-03 7.636e-03 0.000e+00
1334 1.914e-03 -7.548e-03 6.789e-03 0.000e+00
1335 -5.669e-03 -8.163e-03 8.962e-04 0.000e+00
1336 4.349e-03 4.167e-03 -7.904e-03 0.000e+00
1337 -1.630e-03 -7.373e-03 -3.169e-03 0.000e+00
1338 -1.176e-03 5.438e-03 2.865e-03 0.000e+00
1339 -5.520e-04 -1.832e-03 -5.452e-03 0.000e+00
1340 -1.014e-03 -5.506e-03 2.474e-03 0.000e+00
1341 -3.654e-03 -1.775e-03 6.379e-03 0.000e+00
1342 8.937e-03 -6.854e-03 -8.774e-03 0.000e+00
1343 5.323e-03 -7.899e-03 -6.535e-04 0.000e+00
1344 -4.786e-03 6.425e-03 -4.304e-03 0.000e+00
1345 -2.269e-03 -3.957e-03 4.835e-03 0.000e+00
1346 7.171e-03 2.134e-03 1.328e-03 0.000e+00
1347 9.115e-03 -7.399e-03 3.174e-03 0.000e+00
1348 -2.441e-03 1.582e-03 6.106e-03 0.000e+00
1349 1.211e-03 -8.176e-03 -4.621e-03 0.000e+00
1350 -3.391e-03 -6.560e-03 -4.580e-04 0.000e+00
1351 -4.876e-03 -2.396e-03 -5.837e-03 0.000e+00
1352 3.909e-03 7.461e-03 5.299e-03 0.000e+00
1353 3.045e-05 2.454e-03 3.620e-03 0.000e+00
1354 2.548e-03 -5.330e-04 7.136e-03 0.000e+00
1355 1.000e-03 8.966e-05 -8.139e-03 0.000e+00
1356 -3.912e-03 1.328e-03 8.076e-03 0.000e+00
1357 -9.481e-03 5.406e-03 1.554e-03 0.000e+00
1358 -5.749e-03 2.451e-03 8.652e-04 0.000e+00
1359 1.056e-02 -2.415e-03 -2.855e-04 0.000e+00
1360 2.967e-03 -7.254e-03 -5.958e-03 0.000e+00
1361 9.020e-04 7.502e-03 -1.347e-03 0.000e+00
1362 9.811e-03 -8.385e-04 4.727e-03 0.000e+00
1363 2.461e-03 -6.123e-03 5.238e-03 0.000e+00
1364 1.321e-03 3.758e-03 1.698e-03 0.000e+00
1365 2.022e-03 1.360e-02 -1.022e-02 7.737e+01
1366 1.335e-03 2.491e-03 8.726e-03 0.000e+00
1367 -1.637e-03 -5.103e-03 3.763e-03 0.000e+00
1368 -2.855e-03 8.763e-03 -4.394e-04 8.475e+01
1369 1.408e-03 -4.168e-04 7.618e-03 0.000e+00
1370 -4.441e-03 -6.394e-03 2.723e-03 0.000e+00
1371 -6.513e-03 5.679e-03 -6.193e-03 0.000e+00
1372 1.170e-02 -7.824e-03 3.677e-03 0.000e+00
1373 2.982e-04 -5.268e-03 -6.814e-03 0.000e+00
1374 2.340e-03 4.383e-03 1.671e-03 0.000e+00
1375 5.972e-03 6.019e-03 -1.228e-03 0.000e+00
1376 7.486e-03 -6.220e-03 5.507e-03 0.000e+00
1377 -4.381e-03 -1.744e-03 2.184e-03 0.000e+00
1378 2.735e-03 -7.125e-04 -1.010e-02 0.000e+00
1379 -1.033e-02 4.005e-03 1.823e-03 0.000e+00
1380 2.941e-03 -7.502e-03 1.058e-02 0.000e+00
1381 7.612e-03 7.626e-03 -3.198e-03 0.000e+00
1382 1.429e-07 -7.943e-03 2.138e-03 0.000e+00
1383 2.010e-03 -7.092e-04 9.902e-04 0.000e+00
1384 -6.893e-03 5.365e-05 9.102e-03 0.000e+00
1385 7.002e-03 -7.220e-03 -2.545e-04 0.000e+00
1386 7.374e-03 5.766e-03 -4.829e-03 0.000e+00
1387 -1.103e-02 9.302e-03 -3.902e-03 -4.073e+01
1388 5.821e-03 -2.524e-03 7.970e-03 0.000e+00
1389 9.362e-03 -7.109e-03 2.152e-03 0.000e+00
1390 7.929e-03 7.323e-03 2.423e-03 0.000e+00
1391 5.202e-03 1.349e-03 3.174e-05 0.000e+00
1392 -3.024e-04 -7.613e-03 2.469e-03 0.000e+00
1393 4.664e-03 4.899e-03 -6.057e-04 0.000e+00
1394 -9.668e-04 7.345e-04 4.766e-04 0.000e+00
1395 8.863e-03 3.114e-03 2.834e-03 0.000e+00
1396 5.428e-03 4.895e-03 2.393e-04 0.000e+00
1397 1.890e-03 -1.367e-03 -2.972e-03 0.000e+00
1398 2.286e-03 -7.176e-04 7.268e-03 0.000e+00
1399 1.801e-03 -6.453e-03 3.828e-03 0.000e+00
1400 -1.221e-02 -2.523e-03 -3.150e-03 0.000e+00
1401 -2.217e-03 -8.668e-03 2.285e-03 0.000e+00
1402 -1.032e-02 8.946e-03 7.647e-03 -7.932e+00
1403 6.822e-04 7.703e-03 -3.716e-03 0.000e+00
1404 3.864e-03 -7.753e-03 5.056e-03 0.000e+00
1405 -3.157e-03 8.934e-04 -3.920e-03 0.000e+00
1406 4.745e-03 -8.501e-03 -1.188e-02 0.000e+00
1407 2.650e-03 2.607e-03 5.695e-03 0.000e+00
1408 -3.282e-03 -8.112e-03 -3.145e-03 0.000e+00
1409 5.274e-03 -7.062e-03 -5.173e-03 0.000e+00
1410 9.668e-03 1.295e-02 -4.122e-04 7.437e+00
1411 5.054e-03 9.789e-03 8.440e-03 -4.349e+01
1412 -5.222e-05 4.721e-06 4.849e-04 0.000e+00
1413 -2.191e-03 8.370e-03 -2.522e-03 -2.704e+01
1414 -3.550e-03 -8.194e-03 9.270e-04 0.000e+00
1415 4.094e-03 -6.068e-03 1.722e-03 0.000e+00
1416 -3.321e-03 -8.482e-03 -6.609e-04 0.000e+00
1417 -4.990e-03 -4.931e-03 -5.474e-03 0.000e+00
1418 -6.788e-03 -2.004e-03 -1.944e-03 0.000e+00
1419 -4.867e-03 1.342e-03 5.984e-03 0.000e+00
1420 1.651e-02 5.855e-03 1.624e-03 0.000e+00
1421 -2.672e-03 -8.360e-03 6.077e-04 0.000e+00
1422 -7.173e-04 5.269e-03 1.012e-04 0.000e+00
1423 -9.574e-03 2.870e-03 -4.162e-03 0.000e+00
1424 -4.519e-03 -7.348e-03 6.554e-04 0.000e+00
1425 -4.275e-03 -1.819e-03 4.376e-03 0.000e+00
1426 -4.748e-03 -7.293e-03 6.467e-04 0.000e+00
1427 6.579e-04 7.933e-04 -1.670e-02 0.000e+00
1428 6.523e-03 6.025e-03 2.177e-03 0.000e+00
1429 1.979e-03 -2.249e-03 1.309e-03 0.000e+00
1430 1.487e-02 -5.988e-03 5.216e-03 0.000e+00
1431 -3.220e-03 2.406e-03 3.731e-03 0.000e+00
1432 3.958e-03 7.943e-03 1.978e-03 0.000e+00
1433 6.769e-03 3.550e-04 -1.072e-02 0.000e+00
1434 7.598e-03 -7.823e-03 1.720e-03 0.000e+00
1435 5.286e-04 -4.994e-03 -7.902e-04 0.000e+00
1436 -1.746e-03 4.925e-03 9.741e-03 0.000e+00
1437 -4.766e-03 1.449e-03 2.875e-03 0.000e+00
1438 -5.181e-03 -8.469e-03 7.715e-03 0.000e+00
1439 -7.192e-03 2.034e-03 -2.153e-04 0.000e+00
1440 -4.098e-03 -7.008e-03 -5.348e-03 0.000e+00
1441 -3.352e-04 -8.609e-03 -3.940e-03 0.000e+00
1442 -2.329e-03 6.128e-03 -5.157e-03 0.000e+00
1443 6.410e-03 1.863e-03 -1.070e-02 0.000e+00
1444 -1.044e-02 1.268e-04 1.324e-03 0.000e+00
1445 6.106e-04 -2.631e-04 2.660e-03 0.000e+00
1446 -9.735e-04 -6.310e-04 -3.673e-03 0.000e+00
1447 -4.092e-03 -7.287e-03 4.203e-03 0.000e+00
1448 3.270e-04 3.388e-03 -3.173e-03 0.000e+00
1449 -1.012e-04 9.409e-04 -8.390e-04 0.000e+00
1450 -3.427e-03 3.461e-03 -6.644e-03 0.000e+00
1451 7.591e-03 -6.781e-03 8.285e-03 0.000e+00
1452 6.907e-03 -3.113e-03 -2.334e-03 0.000e+00
1453 1.901e-03 -5.726e-03 8.561e-03 0.000e+00
1454 -1.045e-02 -7.571e-03 6.916e-04 0.000e+00
1455 3.593e-03 -8.495e-03 -7.905e-04 0.000e+00
1456 -5.205e-03 -7.595e-03 -5.468e-04 0.000e+00
1457 -4.893e-03 1.891e-03 2.419e-03 0.000e+00
1458 3.039e-05 2.875e-03 -4.288e-03 0.000e+00
1459 3.989e-03 2.547e-03 8.042e-03 0.000e+00
1460 9.856e-03 2.892e-03 -9.731e-03 0.000e+00
1461 -2.747e-03 -7.343e-03 2.566e-04 0.000e+00
1462 -3.520e-03 2.819e-04 6.279e-03 0.000e+00
1463 -5.211e-03 1.145e-02 -1.491e-03 -4.388e+01
1464 -6.641e-03 3.359e-03 -1.459e-03 0.000e+00
1465 6.868e-03 -7.448e-03 7.845e-04 0.000e+00
1466 -8.604e-03 1.363e-03 8.951e-03 0.000e+00
1467 2.469e-03 -6.717e-04 -8.593e-03 0.000e+00
1468 8.119e-03 3.868e-03 2.785e-03 0.000e+00
1469 -2.138e-03 6.199e-04 -1.973e-03 0.000e+00
1470 -2.837e-03 4.981e-03 -4.222e-04 0.000e+00
1471 1.330e-03 -6.846e-03 4.407e-03 0.000e+00
1472 7.988e-03 -5.273e-03 5.316e-03 0.000e+00
1473 -4.502e-03 6.378e-03 -2.806e-03 0.000e+00
1474 -4.187e-04 3.921e-03 4.822e-03 0.000e+00
1475 -7.619e-03 3.670e-04 -4.702e-03 0.000e+00
1476 4.600e-03 9.738e-03 -3.081e-04 -4.644e+01
1477 -6.576e-03 3.273e-03 1.186e-03 0.000e+00
1478 4.275e-04 -7.281e-03 1.880e-03 0.000e+00
1479 -1.118e-03 6.160e-03 -9.769e-03 0.000e+00
1480 -3.027e-03 3.928e-03 -2.220e-03 0.000e+00
1481 -2.029e-03 -8.083e-03 4.379e-04 0.000e+00
1482 -1.014e-02 5.636e-03 7.401e-03 0.000e+00
1483 -6.396e-03 -6.618e-03 -2.001e-03 0.000e+00
1484 1.904e-03 2.874e-03 4.736e-04 0.000e+00
1485 -6.289e-03 9.138e-03 -1.262e-03 4.033e+01
1486 -2.586e-03 -4.626e-03 3.421e-03 0.000e+00
1487 -1.231e-03 5.598e-03 -8.225e-04 0.000e+00
1488 -3.595e-03 6.450e-03 2.786e-03 0.000e+00
1489 8.711e-03 -6.752e-03 -2.536e-03 0.000e+00
1490 -1.720e-02 -8.701e-03 7.385e-03 0.000e+00
1491 -1.478e-03 -5.926e-03 -8.172e-03 0.000e+00
1492 9.977e-04 3.721e-04 3.457e-03 0.000e+00
1493 -4.266e-03 4.656e-03 -4.319e-03 0.000e+00
1494 -2.024e-03 -4.584e-03 -1.106e-03 0.000e+00
1495 1.293e-03 1.624e-04 4.760e-03 0.000e+00
1496 -5.919e-03 -1.133e-04 -2.721e-03 0.000e+00
1497 -1.360e-02 -7.908e-03 -1.210e-04 0.000e+00
1498 3.355e-03 4.742e-03 2.235e-03 0.000e+00
1499 -5.422e-03 -3.639e-04 2.093e-03 0.000e+00
1500 -2.128e-03 -7.269e-03 -3.308e-03 0.000e+00
1501 -5.909e-03 -7.167e-03 4.072e-04 0.000e+00
1502 -7.266e-04 -6.880e-03 -6.013e-03 0.000e+00
1503 -7.578e-04 1.136e-03 1.225e-02 0.000e+00
1504 -1.573e-02 -6.762e-03 2.588e-03 0.000e+00
1505 -4.082e-03 5.186e-03 -2.062e-03 0.000e+00
1506 -1.717e-03 6.903e-03 -5.320e-03 0.000e+00
1507 -1.306e-02 5.236e-03 -1.010e-03 0.000e+00
1508 8.747e-05 -8.166e-03 -1.001e-02 0.000e+00
1509 -3.933e-03 2.195e-03 -5.078e-03 0.000e+00
1510 1.324e-03 9.706e-03 -8.451e-03 2.604e+01
1511 -5.159e-03 5.730e-03 1.777e-03 0.000e+00
1512 -8.193e-03 5.737e-03 -1.809e-03 0.000e+00
1513 1.010e-03 5.234e-03 -6.932e-04 0.000e+00
1514 -1.304e-02 3.636e-03 -1.720e-03 0.000e+00
1515 -1.342e-02 7.717e-04 -1.031e-03 0.000e+00
1516 4.791e-03 4.806e-03 -9.839e-04 0.000e+00
1517 -6.769e-03 -7.454e-03 2.570e-03 0.000e+00
1518 -2.083e-03 -6.828e-03 5.865e-03 0.000e+00
1519 5.322e-03 6.109e-04 2.113e-03 0.000e+00
1520 -4.408e-03 -5.546e-03 -1.341e-03 0.000e+00
1521 -3.148e-03 -7.874e-03 2.660e-03 0.000e+00
1522 -3.835e-03 5.118e-04 -3.025e-04 0.000e+00
1523 5.560e-03 -7.116e-03 -1.195e-03 0.000e+00
1524 -8.659e-03 -3.817e-03 -4.064e-03 0.000e+00
1525 3.030e-03 4.016e-04 -5.764e-03 0.000e+00
1526 2.473e-04 4.052e-05 3.080e-03 0.000e+00
1527 1.611e-03 -7.108e-03 7.006e-03 0.000e+00
1528 -4.732e-03 -8.185e-03 1.636e-03 0.000e+00
1529 -1.004e-02 2.918e-03 6.476e-03 0.000e+00
1530 4.558e-03 4.958e-03 -1.010e-02 0.000e+00
1531 1.829e-03 5.895e-04 2.374e-03 0.000e+00
1532 -1.178e-04 -5.088e-03 -3.946e-03 0.000e+00
1533 -3.277e-03 -6.208e-03 -1.148e-02 0.000e+00
1534 -8.554e-04 -6.310e-03 -2.610e-03 0.000e+00
1535 -1.142e-02 -3.381e-04 -5.425e-03 0.000e+00
1536 3.516e-03 -2.580e-04 1.167e-03 0.000e+00
1537 -4.739e-03 -1.601e-03 -4.383e-03 0.000e+00
1538 -4.628e-03 8.431e-03 4.479e-04 -4.890e+01
1539 5.216e-03 -3.020e-05 -5.515e-03 0.000e+00
1540 3.011e-03 -8.163e-03 -1.806e-03 0.000e+00
1541 6.845e-03 1.427e-03 -6.993e-03 0.000e+00
1542 -5.412e-03 1.149e-03 1.708e-04 0.000e+00
1543 1.604e-03 8.958e-04 1.569e-03 0.000e+00
1544 4.331e-03 3.689e-03 4.597e-03 0.000e+00
1545 -6.541e-03 2.952e-03 -2.991e-03 0.000e+00
1546 5.495e-03 -3.470e-04 -4.448e-03 0.000e+00
1547 -5.728e-03 -5.185e-03 -5.129e-03 0.000e+00
1548 -7.368e-05 -7.527e-03 8.237e-03 0.000e+00
1549 -6.662e-03 -7.577e-03 -7.352e-03 0.000e+00
1550 -6.977e-03 1.008e-02 1.305e-03 -6.957e+01
1551 -3.920e-03 3.321e-03 8.681e-03 0.000e+00
1552 -7.104e-03 -2.976e-04 -1.877e-03 0.000e+00
1553 -1.714e-03 -7.492e-03 -2.103e-03 0.000e+00
1554 -1.080e-02 4.998e-03 1.040e-02 0.000e+00
1555 8.001e-03 7.295e-03 7.839e-03 0.000e+00
1556 -3.107e-03 6.608e-03 -8.352e-03 0.000e+00
1557 1.692e-03 -8.669e-03 1.645e-05 0.000e+00
1558 1.065e-02 -8.260e-03 6.943e-03 0.000e+00
1559 -5.651e-03 -6.021e-04 -4.200e-04 0.000e+00
1560 -1.224e-03 -7.484e-03 5.581e-03 0.000e+00
1561 2.735e-03 -8.124e-03 7.965e-03 0.000e+00
1562 1.590e-03 6.690e-03 2.258e-03 0.000e+00
1563 4.630e-04 1.690e-03 2.495e-03 0.000e+00
1564 1.209e-02 5.518e-03 8.018e-03 0.000e+00
1565 -1.565e-03 -7.357e-03 2.497e-03 0.000e+00
1566 -1.861e-03 -8.544e-03 -7.180e-03 0.000e+00
1567 -4.217e-04 -4.713e-03 -2.925e-03 0.000e+00
1568 8.394e-03 -1.619e-03 -8.170e-03 0.000e+00
1569 -1.106e-02 -6.286e-03 9.901e-03 0.000e+00
1570 -2.461e-03 6.869e-03 -1.268e-02 0.000e+00
1571 -1.397e-04 -6.314e-03 -1.277e-04 0.000e+00
1572 1.544e-03 -8.363e-03 2.199e-03 0.000e+00
1573 -4.547e-03 -7.302e-03 -2.846e-03 0.000e+00
1574 -6.692e-03 2.112e-04 -5.512e-03 0.000e+00
1575 1.008e-02 -4.427e-03 -8.657e-04 0.000e+00
1576 1.030e-02 -6.583e-03 7.512e-03 0.000e+00
1577 -9.116e-04 -7.156e-03 -3.189e-03 0.000e+00
1578 -1.119e-02 -8.132e-03 1.371e-03 0.000e+00
1579 -8.802e-05 5.146e-04 -9.918e-03 0.000e+00
1580 -8.911e-04 7.678e-03 -6.390e-03 0.000e+00
1581 3.512e-03 -4.393e-03 -5.565e-03 0.000e+00
1582 -4.113e-03 4.678e-03 5.553e-03 0.000e+00
1583 -5.401e-03 -8.121e-03 4.235e-03 0.000e+00
1584 -3.019e-03 1.322e-03 -3.450e-03 0.000e+00
1585 -2.699e-03 6.718e-03 -4.389e-03 0.000e+00
1586 -1.342e-03 -8.225e-03 -1.023e-02 0.000e+00
1587 1.256e-02 -8.124e-03 -3.236e-03 0.000e+00
1588 -9.110e-04 -8.118e-03 7.249e-03 0.000e+00
1589 4.199e-05 3.573e-03 -1.404e-03 0.000e+00
1590 -1.946e-03 -6.208e-04 4.499e-03 0.000e+00
1591 -1.599e-02 -2.010e-03 -4.754e-03 0.000e+00
1592 -6.749e-03 -1.751e-03 -1.468e-02 0.000e+00
1593 8.745e-03 -7.802e-03 -8.246e-04 0.000e+00
1594 1.588e-03 -7.127e-03 7.796e-03 0.000e+00
1595 7.223e-03 -7.681e-03 -2.566e-03 0.000e+00
1596 7.201e-03 3.830e-03 -5.950e-03 0.000e+00
1597 4.254e-03 -8.164e-03 3.633e-03 0.000e+00
1598 5.726e-03 -7.080e-03 -8.778e-03 0.000e+00
1599 8.084e-03 -6.298e-03 -2.294e-03 0.000e+00
1600 6.354e-04 3.862e-03 -1.549e-02 0.000e+00
1601 1.192e-03 2.271e-03 6.256e-03 0.000e+00
1602 2.723e-03 1.097e-03 8.191e-05 0.000e+00
1603 -2.619e-03 -3.407e-04 6.538e-03 0.000e+00
1604 -4.011e-03 -6.074e-03 -5.405e-03 0.000e+00
1605 -9.453e-03 1.867e-03 4.695e-04 0.000e+00
1606 -4.406e-04 -5.918e-03 -5.274e-03 0.000e+00
1607 -6.214e-03 2.975e-03 -8.600e-04 0.000e+00
1608 1.171e-03 -1.353e-03 2.331e-03 0.000e+00
1609 1.365e-02 2.872e-03 4.981e-03 0.000e+00
1610 1.923e-03 -4.915e-03 -2.806e-03 0.000e+00
1611 -5.373e-03 -6.159e-03 2.292e-03 0.000e+00
1612 -5.300e-03 3.885e-03 -1.528e-02 0.000e+00
1613 7.746e-04 2.166e-03 4.635e-03 0.000e+00
1614 3.958e-03 4.356e-03 -1.537e-02 0.000e+00
1615 -6.592e-03 -8.544e-03 8.934e-03 0.000e+00
1616 3.218e-03 7.043e-03 -1.029e-02 0.000e+00
1617 -6.623e-03 8.816e-04 -1.284e-02 0.000e+00
1618 1.079e-02 -6.082e-04 -1.186e-02 0.000e+00
1619 -1.081e-02 -1.158e-03 -2.831e-04 0.000e+00
1620 -5.685e-03 -6.594e-03 -2.120e-03 0.000e+00
1621 -4.929e-03 3.205e-03 -1.408e-03 0.000e+00
1622 2.203e-03 -6.761e-03 4.000e-03 0.000e+00
1623 -3.128e-03 7.795e-03 -5.359e-03 0.000e+00
1624 -4.206e-03 1.589e-03 -5.635e-03 0.000e+00
1625 6.261e-03 4.466e-03 5.455e-03 0.000e+00
1626 -4.419e-03 4.923e-03 5.364e-03 0.000e+00
1627 -5.435e-03 -5.956e-03 9.722e-04 0.000e+00
1628 6.492e-03 3.423e-03 2.543e-03 0.000e+00
1629 -2.541e-03 -6.064e-03 -1.103e-03 0.000e+00
1630 -1.474e-03 6.916e-03 -6.441e-03 0.000e+00
1631 -5.075e-03 3.376e-03 1.690e-02 0.000e+00
1632 -4.368e-03 -8.547e-03 -3.276e-03 0.000e+00
1633 -6.836e-03 6.971e-03 -3.793e-04 0.000e+00
1634 -6.080e-03 -8.632e-03 -7.598e-04 0.000e+00
1635 6.585e-03 -6.356e-04 -5.078e-03 0.000e+00
1636 1.889e-03 7.113e-03 1.913e-03 0.000e+00
1637 -7.921e-03 8.153e-03 5.121e-03 0.000e+00
1638 -1.075e-02 2.270e-04 1.501e-03 0.000e+00
1639 -4.907e-03 5.253e-03 -5.952e-03 0.000e+00
1640 -9.394e-03 2.993e-03 -2.090e-03 0.000e+00
1641 1.932e-03 4.530e-03 -7.497e-04 0.000e+00
1642 4.196e-03 4.085e-03 5.332e-03 0.000e+00
1643 -9.022e-04 8.149e-03 4.785e-03 0.000e+00
1644 1.869e-03 3.253e-03 7.270e-04 0.000e+00
1645 -9.669e-03 2.506e-03 4.907e-03 0.000e+00
1646 -3.936e-03 -7.428e-03 9.033e-03 0.000e+00
1647 5.128e-03 -8.023e-03 5.489e-03 0.000e+00
1648 -3.651e-03 -8.169e-03 -5.146e-03 0.000e+00
1649 -3.097e-03 1.283e-03 -2.964e-03 0.000e+00
1650 7.858e-04 6.725e-05 2.749e-04 0.000e+00
1651 2.396e-03 3.068e-03 -3.301e-03 0.000e+00
1652 -1.928e-03 -8.207e-03 -9.951e-05 0.000e+00
1653 6.170e-04 9.680e-04 3.664e-03 0.000e+00
1654 4.882e-03 2.197e-03 -6.620e-03 0.000e+00
1655 1.153e-03 -8.147e-03 -7.319e-04 0.000e+00
1656 9.282e-04 -4.150e-03 -3.711e-03 0.000e+00
1657 4.806e-03 -7.487e-03 -7.228e-03 0.000e+00
1658 -8.613e-04 3.082e-03 -1.538e-03 0.000e+00
1659 -6.583e-04 5.032e-03 2.501e-03 0.000e+00
1660 4.805e-03 6.716e-03 1.122e-03 0.000e+00
1661 1.580e-03 -7.634e-03 -7.084e-04 0.000e+00
1662 -1.012e-02 -8.082e-03 2.332e-03 0.000e+00
1663 -9.981e-03 5.536e-03 -2.228e-03 0.000e+00
1664 3.126e-03 -8.319e-03 1.643e-03 0.000e+00
1665 4.149e-03 -7.216e-03 -2.703e-03 0.000e+00
1666 6.882e-03 1.205e-03 1.050e-03 0.000e+00
1667 3.465e-03 -8.531e-03 2.183e-03 0.000e+00
1668 4.107e-03 -1.168e-03 1.091e-02 0.000e+00
1669 4.402e-03 -1.838e-03 -3.038e-03 0.000e+00
1670 3.466e-03 -7.013e-03 -9.252e-03 0.000e+00
1671 4.374e-04 2.666e-03 6.887e-04 0.000e+00
1672 -2.554e-03 -8.290e-03 7.124e-03 0.000e+00
1673 -1.486e-03 -6.875e-03 2.506e-03 0.000e+00
1674 -5.958e-03 7.332e-03 -5.451e-03 0.000e+00
1675 -2.366e-03 -2.533e-03 2.698e-03 0.000e+00
1676 -4.599e-03 1.281e-02 -4.242e-03 -2.854e+01
1677 -3.280e-03 3.627e-04 -7.995e-03 0.000e+00
1678 -2.555e-04 -8.610e-03 -3.052e-03 0.000e+00
1679 7.178e-03 -4.712e-03 4.322e-03 0.000e+00
1680 5.529e-03 -8.316e-03 1.453e-02 0.000e+00
1681 -5.917e-03 -8.381e-03 -3.295e-03 0.000e+00
1682 -3.440e-03 2.221e-03 -2.393e-03 0.000e+00
1683 -1.119e-02 -8.090e-03 3.786e-03 0.000e+00
1684 2.670e-04 -7.401e-03 4.070e-03 0.000e+00
1685 -6.550e-04 1.072e-02 2.330e-03 3.143e+01
1686 1.913e-03 4.216e-03 2.583e-03 0.000e+00
1687 1.793e-03 -2.609e-05 4.496e-03 0.000e+00
1688 -1.100e-02 -7.128e-03 -1.376e-02 0.000e+00
1689 -2.698e-03 -1.203e-03 -1.963e-03 0.000e+00
1690 1.550e-03 7.224e-03 -8.462e-03 0.000e+00
1691 -4.091e-03 -8.521e-03 3.947e-03 0.000e+00
1692 -4.671e-03 -1.266e-03 -7.061e-03 0.000e+00
1693 1.806e-03 1.559e-03 -2.764e-03 0.000e+00
1694 7.580e-03 -7.363e-03 -4.580e-03 0.000e+00
1695 4.290e-03 -4.387e-03 3.633e-03 0.000e+00
1696 -6.600e-03 6.753e-03 2.882e-03 0.000e+00
1697 -5.656e-03 7.486e-03 1.489e-03 0.000e+00
1698 6.189e-03 -6.045e-03 4.513e-04 0.000e+00
1699 4.587e-03 6.040e-03 4.034e-04 0.000e+00
1700 6.839e-04 -4.749e-03 1.879e-03 0.000e+00
1701 -4.327e-03 2.010e-03 -6.526e-04 0.000e+00
1702 -9.152e-03 1.502e-03 7.983e-04 0.000e+00
1703 -7.088e-03 -2.040e-03 -6.347e-03 0.000e+00
1704 4.586e-03 -8.347e-03 -6.578e-03 0.000e+00
1705 4.281e-03 -4.848e-03 -4.481e-03 0.000e+00
1706 8.478e-03 6.203e-03 6.081e-03 0.000e+00
1707 -1.316e-03 4.189e-05 3.258e-03 0.000e+00
1708 -1.326e-03 -5.767e-03 -5.266e-03 0.000e+00
1709 -4.446e-03 1.069e-03 -4.285e-03 0.000e+00
1710 -1.139e-03 1.337e-03 2.887e-03 0.000e+00
1711 -7.397e-03 1.177e-03 1.626e-03 0.000e+00
1712 -6.932e-03 8.327e-03 5.606e-03 -3.949e+01
1713 1.311e-03 9.261e-03 -4.240e-03 4.623e+01
1714 1.407e-03 1.756e-03 3.398e-03 0.000e+00
1715 -5.239e-03 -6.657e-03 4.798e-03 0.000e+00
1716 1.330e-02 -7.118e-03 -7.216e-03 0.000e+00
1717 1.523e-03 -7.145e-03 7.604e-04 0.000e+00
1718 1.812e-03 -2.968e-03 8.754e-03 0.000e+00
1719 -5.065e-04 5.880e-03 -1.893e-03 0.000e+00
1720 -1.360e-03 -8.560e-03 6.495e-03 0.000e+00
1721 -1.232e-03 -6.825e-03 1.273e-03 0.000e+00
1722 5.158e-03 -8.350e-03 4.508e-03 0.000e+00
1723 2.310e-03 -6.621e-03 -7.353e-03 0.000e+00
1724 -5.671e-04 -7.257e-03 2.631e-03 0.000e+00
1725 1.634e-05 -8.328e-03 -3.199e-03 0.000e+00
1726 2.272e-03 -7.793e-03 -3.769e-03 0.000e+00
1727 2.361e-03 -7.757e-03 -1.027e-02 0.000e+00
1728 -3.890e-03 7.614e-03 6.381e-03 0.000e+00
1729 3.078e-04 -5.032e-03 7.256e-03 0.000e+00
1730 -2.569e-03 -7.647e-03 -3.410e-03 0.000e+00
1731 -8.360e-03 -6.671e-03 2.550e-03 0.000e+00
1732 -1.149e-02 5.581e-03 2.893e-03 0.000e+00
1733 7.028e-03 6.257e-03 8.083e-03 0.000e+00
1734 -3.099e-05 4.625e-03 -1.792e-03 0.000e+00
1735 -7.993e-03 1.942e-03 4.736e-03 0.000e+00
1736 4.347e-03 -6.802e-03 1.407e-03 0.000e+00
1737 2.215e-03 -6.490e-03 -5.615e-03 0.000e+00
1738 5.254e-03 7.042e-03 5.207e-03 0.000e+00
1739 -6.215e-03 -6.190e-03 1.351e-03 0.000e+00
1740 2.491e-03 7.787e-04 1.403e-03 0.000e+00
1741 -8.231e-04 3.899e-03 6.080e-03 0.000e+00
1742 -1.941e-03 -8.277e-03 3.758e-04 0.000e+00
1743 3.812e-03 4.948e-03 2.466e-04 0.000e+00
1744 2.788e-03 5.486e-03 2.651e-04 0.000e+00
1745 1.746e-03 -7.795e-03 -9.761e-04 0.000e+00
1746 5.687e-04 -6.563e-03 1.174e-02 0.000e+00
1747 -3.443e-03 3.052e-03 -4.181e-03 0.000e+00
1748 -5.808e-03 5.126e-04 -9.050e-05 0.000e+00
1749 5.053e-03 -2.541e-04 -2.036e-03 0.000e+00
1750 -2.054e-03 1.917e-03 -4.138e-04 0.000e+00
1751 -4.804e-03 3.267e-03 2.265e-03 0.000e+00
1752 -1.531e-03 4.046e-03 9.720e-06 0.000e+00
1753 -6.481e-03 1.788e-03 6.290e-03 0.000e+00
1754 -3.770e-03 -8.220e-03 -7.593e-04 0.000e+00
1755 2.576e-03 -6.587e-03 -6.835e-03 0.000e+00
1756 9.195e-03 2.670e-03 -3.360e-03 0.000e+00
1757 -2.596e-03 -9.366e-04 -7.714e-03 0.000e+00
1758 -5.204e-04 -7.283e-03 -4.848e-03 0.000e+00
1759 -2.293e-03 8.277e-05 6.961e-04 0.000e+00
1760 5.839e-03 -1.462e-03 1.853e-03 0.000e+00
1761 9.348e-03 4.666e-03 2.833e-03 0.000e+00
1762 -3.184e-03 -8.313e-03 -5.782e-03 0.000e+00
1763 -1.735e-03 6.569e-03 2.546e-03 0.000e+00
1764 -3.628e-03 -8.376e-03 -1.031e-03 0.000e+00
1765 -4.281e-03 -7.265e-03 -2.426e-03 0.000e+00
1766 7.917e-04 5.931e-04 2.934e-03 0.000e+00
1767 8.648e-03 1.812e-03 -4.014e-04 0.000e+00
1768 2.743e-03 7.318e-03 -3.300e-03 0.000e+00
1769 -9.760e-04 -7.855e-03 -5.449e-03 0.000e+00
1770 -2.856e-03 5.015e-03 5.133e-03 0.000e+00
1771 -2.790e-03 3.914e-03 -6.566e-04 0.000e+00
1772 1.281e-03 -2.265e-03 -2.645e-03 0.000e+00
1773 -7.088e-03 9.268e-03 -5.394e-03 -2.023e+00
1774 -2.711e-03 1.089e-03 -1.036e-03 0.000e+00
1775 2.961e-03 1.027e-03 -5.511e-03 0.000e+00
1776 -4.414e-03 -6.017e-03 -9.165e-04 0.000e+00
1777 -6.348e-03 8.529e-04 1.728e-03 0.000e+00
1778 -1.158e-02 -8.140e-03 6.705e-03 0.000e+00
1779 8.933e-03 -8.520e-03 -4.568e-03 0.000e+00
1780 8.069e-03 5.647e-03 -3.361e-03 0.000e+00
1781 5.810e-05 2.281e-03 -1.109e-03 0.000e+00
1782 4.042e-03 -2.182e-03 -4.946e-03 0.000e+00
1783 -8.065e-04 -7.427e-03 -8.607e-04 0.000e+00
1784 7.755e-03 1.502e-03 -4.432e-03 0.000e+00
1785 -6.153e-03 2.531e-05 -3.176e-03 0.000e+00
1786 4.422e-03 7.416e-03 1.081e-02 0.000e+00
1787 -8.388e-04 -8.175e-03 1.302e-03 0.000e+00
1788 2.063e-03 1.646e-03 3.204e-03 0.000e+00
1789 -4.582e-03 -7.397e-03 1.914e-03 0.000e+00
1790 1.670e-03 2.295e-03 3.748e-03 0.000e+00
1791 -6.541e-03 4.967e-04 -2.125e-03 0.000e+00
1792 -1.016e-03 -7.540e-03 1.029e-03 0.000e+00
1793 4.063e-03 -7.297e-03 -1.194e-03 0.000e+00
1794 -8.187e-03 -8.145e-03 -4.813e-03 0.000e+00
1795 2.491e-04 7.794e-03 7.846e-03 0.000e+00
1796 -1.247e-02 4.460e-03 9.464e-03 0.000e+00
1797 1.032e-02 1.971e-04 1.398e-03 0.000e+00
1798 -1.433e-03 -2.489e-04 -1.441e-03 0.000e+00
1799 -1.448e-03 -8.052e-03 -1.629e-03 0.000e+00
1800 -4.651e-04 -8.621e-03 -1.987e-03 0.000e+00
1801 6.733e-03 2.175e-03 2.491e-04 0.000e+00
1802 -2.554e-03 -7.987e-03 1.858e-03 0.000e+00
1803 3.843e-03 -5.679e-03 -5.862e-03 0.000e+00
1804 1.825e-03 -4.567e-03 -1.553e-03 0.000e+00
1805 -1.776e-03 2.842e-03 -1.242e-04 0.000e+00
1806 5.659e-04 2.285e-03 -5.933e-03 0.000e+00
1807 2.585e-04 1.425e-02 -2.447e-05 -2.518e+01
1808 5.410e-03 -5.480e-03 -3.141e-03 0.000e+00
1809 -5.426e-03 2.737e-04 9.999e-04 0.000e+00
1810 -1.287e-03 1.416e-03 4.741e-03 0.000e+00
1811 3.865e-03 -7.210e-03 7.884e-03 0.000e+00
1812 -5.860e-03 1.689e-03 -4.143e-03 0.000e+00
1813 3.827e-03 3.034e-04 -2.638e-03 0.000e+00
1814 6.463e-03 5.053e-03 1.660e-02 0.000e+00
1815 6.066e-03 -7.737e-03 -3.141e-03 0.000e+00
1816 4.561e-03 -8.502e-03 8.851e-03 0.000e+00
1817 1.002e-03 -8.464e-03 -9.063e-03 0.000e+00
1818 6.292e-03 3.847e-03 -3.833e-03 0.000e+00
1819 -2.824e-03 2.986e-03 -8.967e-03 0.000e+00
1820 -2.237e-03 3.403e-03 9.955e-04 0.000e+00
1821 -4.197e-03 -8.652e-03 -5.480e-03 0.000e+00
1822 1.333e-04 7.123e-03 3.814e-03 0.000e+00
1823 4.078e-03 4.712e-03 6.594e-04 0.000e+00
1824 6.828e-03 -7.775e-03 9.664e-04 0.000e+00
1825 1.258e-03 -8.532e-03 -5.243e-03 0.000e+00
1826 3.916e-03 -8.659e-03 3.375e-03 0.000e+00
1827 1.354e-02 3.561e-04 -3.508e-03 0.000e+00
1828 -2.080e-03 -7.377e-03 8.126e-03 0.000e+00
1829 5.070e-04 -7.904e-03 -3.178e-03 0.000e+00
1830 5.350e-04 -7.299e-03 3.355e-03 0.000e+00
1831 -2.958e-03 -7.976e-04 -3.674e-03 0.000e+00
1832 -7.289e-04 -8.327e-03 -1.002e-03 0.000e+00
1833 1.185e-03 -7.693e-03 3.783e-03 0.000e+00
1834 -8.188e-03 -1.057e-03 -8.364e-04 0.000e+00
1835 -5.417e-03 -7.155e-03 3.901e-03 0.000e+00
1836 -6.599e-03 2.774e-03 1.576e-03 0.000e+00
1837 -1.509e-03 -5.673e-03 4.021e-03 0.000e+00
1838 -1.840e-03 1.244e-03 5.310e-03 0.000e+00
1839 6.002e-03 -7.424e-03 -3.560e-03 0.000e+00
1840 1.100e-02 1.871e-03 4.083e-03 0.000e+00
1841 4.603e-03 -7.775e-03 -5.222e-03 0.000e+00
1842 -2.719e-03 -6.535e-03 6.867e-03 0.000e+00
1843 -7.447e-03 8.217e-03 1.066e-02 0.000e+00
1844 3.135e-03 -7.066e-03 2.531e-03 0.000e+00
1845 3.421e-03 -7.925e-03 -5.078e-03 0.000e+00
1846 -5.229e-03 2.553e-03 8.354e-03 0.000e+00
1847 4.128e-03 1.649e-03 -4.268e-04 0.000e+00
1848 -2.100e-03 7.445e-03 -3.813e-04 0.000e+00
1849 -1.460e-03 4.573e-03 7.107e-03 0.000e+00
1850 7.564e-03 -8.454e-03 -3.328e-04 0.000e+00
1851 -4.066e-03 -7.804e-03 -9.673e-04 0.000e+00
1852 6.339e-03 -7.811e-03 3.198e-03 0.000e+00
1853 -2.216e-03 3.597e-03 6.304e-03 0.000e+00
1854 -1.766e-03 1.059e-02 -2.614e-03 8.430e+01
1855 5.699e-04 6.280e-03 -8.491e-03 0.000e+00
1856 -1.280e-03 -6.308e-03 -3.728e-03 0.000e+00
1857 6.760e-03 9.701e-04 1.120e-03 0.000e+00
1858 -7.434e-03 -8.653e-03 6.427e-03 0.000e+00
1859 -3.334e-03 6.526e-03 -4.673e-03 0.000e+00
1860 5.601e-03 5.361e-03 -7.505e-04 0.000e+00
1861 6.834e-03 -1.038e-03 2.232e-03 0.000e+00
1862 -1.087e-03 -6.808e-03 3.725e-03 0.000e+00
1863 -1.124e-03 7.631e-03 1.135e-03 0.000e+00
1864 3.566e-03 -6.077e-03 -2.783e-03 0.000e+00
1865 -1.110e-02 4.982e-03 -2.722e-03 0.000e+00
1866 -6.518e-03 -2.825e-04 -1.139e-03 0.000e+00
1867 -4.614e-03 -4.328e-04 -4.193e-03 0.000e+00
1868 6.818e-03 3.573e-04 -3.588e-03 0.000e+00
1869 -7.130e-03 4.211e-03 1.876e-04 0.000e+00
1870 9.738e-04 3.027e-03 -6.844e-03 0.000e+00
1871 4.225e-04 -8.613e-03 2.237e-03 0.000e+00
1872 8.163e-04 -4.632e-04 5.112e-03 0.000e+00
1873 -3.471e-03 -6.070e-03 5.373e-03 0.000e+00
1874 -4.798e-03 -8.006e-03 -4.177e-03 0.000e+00
1875 7.593e-03 4.930e-04 1.037e-02 0.000e+00
1876 1.272e-03 -1.001e-03 3.592e-03 0.000e+00
1877 3.117e-03 5.840e-03 1.065e-02 0.000e+00
1878 1.060e-03 -4.067e-03 6.953e-03 0.000e+00
1879 3.898e-03 -6.094e-03 -4.239e-03 0.000e+00
1880 5.890e-03 -8.151e-03 -4.319e-03 0.000e+00
1881 1.348e-03 -4.581e-03 9.002e-03 0.000e+00
1882 -4.303e-04 2.572e-03 9.016e-03 0.000e+00
1883 -1.075e-03 -5.183e-03 1.587e-03 0.000e+00
1884 9.126e-03 1.756e-03 2.610e-03 0.000e+00
1885 4.750e-03 6.493e-03 -8.667e-03 0.000e+00
1886 1.078e-02 2.960e-03 -4.344e-03 0.000e+00
1887 6.250e-03 -8.655e-03 -7.347e-03 0.000e+00
1888 -2.065e-03 -7.029e-03 -4.256e-03 0.000e+00
1889 3.176e-03 4.098e-03 -3.371e-03 0.000e+00
1890 -1.673e-03 1.056e-02 -4.486e-03 -6.230e+01
1891 5.006e-03 -7.917e-03 1.197e-03 0.000e+00
1892 -1.696e-03 -8.198e-03 -4.658e-03 0.000e+00
1893 -5.864e-03 4.226e-03 -3.230e-03 0.000e+00
1894 -1.604e-03 -7.929e-03 5.116e-03 0.000e+00
1895 2.352e-03 -5.497e-03 7.622e-03 0.000e+00
1896 2.106e-03 9.046e-05 -2.698e-03 0.000e+00
1897 -1.953e-03 6.199e-06 -1.677e-03 0.000e+00
1898 5.575e-03 -5.896e-04 6.634e-03 0.000e+00
1899 -7.614e-04 -2.870e-03 -2.300e-03 0.000e+00
1900 -1.115e-03 -2.788e-03 1.300e-03 0.000e+00
1901 -6.357e-03 -6.099e-03 -1.997e-03 0.000e+00
1902 5.011e-03 1.043e-03 -4.365e-04 0.000e+00
1903 -3.902e-03 -1.906e-03 9.425e-03 0.000e+00
1904 -6.264e-03 9.128e-04 3.981e-03 0.000e+00
1905 4.207e-03 -5.489e-03 5.548e-03 0.000e+00
1906 -4.898e-03 3.338e-03 -8.157e-03 0.000e+00
1907 -4.488e-03 3.321e-03 -6.252e-03 0.000e+00
1908 -6.575e-03 -8.334e-03 -1.007e-03 0.000e+00
1909 2.290e-03 -7.601e-04 3.268e-03 0.000e+00
1910 -4.852e-03 -7.865e-03 2.590e-03 0.000e+00
1911 3.452e-04 1.505e-03 9.565e-04 0.000e+00
1912 -3.743e-03 -6.141e-04 4.725e-03 0.000e+00
1913 7.847e-03 -7.784e-03 9.254e-04 0.000e+00
1914 -9.864e-03 -5.180e-03 -6.659e-03 0.000e+00
1915 2.809e-03 -8.343e-03 -1.749e-03 0.000e+00
1916 -2.199e-04 1.067e-03 -2.036e-03 0.000e+00
1917 -9.511e-04 1.587e-04 -2.409e-03 0.000e+00
1918 7.766e-03 -7.143e-03 3.309e-04 0.000e+00
1919 -1.009e-02 8.259e-04 -4.694e-04 0.000e+00
1920 3.346e-03 1.248e-03 3.573e-03 0.000e+00
1921 -4.550e-04 -1.445e-04 5.408e-03 0.000e+00
1922 -3.141e-03 -7.454e-03 -4.848e-03 0.000e+00
1923 1.665e-03 -8.267e-03 -2.557e-03 0.000e+00
1924 -5.561e-04 -6.030e-03 -1.137e-02 0.000e+00
1925 -2.015e-03 -4.676e-03 1.326e-03 0.000e+00
1926 4.190e-04 7.140e-03 -4.098e-04 0.000e+00
1927 -1.905e-03 -5.411e-03 4.720e-03 0.000e+00
1928 5.185e-03 3.576e-03 -7.399e-03 0.000e+00
1929 -1.429e-07 1.071e-03 -4.172e-03 0.000e+00
1930 -4.215e-03 6.273e-03 -3.880e-03 0.000e+00
1931 -7.248e-03 3.113e-03 7.405e-04 0.000e+00
1932 6.223e-03 4.991e-03 1.470e-03 0.000e+00
1933 -1.626e-03 -3.925e-03 4.897e-04 0.000e+00
1934 -7.933e-03 -6.642e-03 1.111e-04 0.000e+00
1935 5.119e-03 -7.116e-03 3.966e-03 0.000e+00
1936 -1.229e-03 -5.063e-03 -3.131e-03 0.000e+00
1937 -2.383e-03 1.081e-02 -2.284e-03 -5.616e+01
1938 -1.565e-03 -6.730e-03 3.756e-03 0.000e+00
1939 3.609e-03 -1.096e-03 6.141e-03 0.000e+00
1940 -1.478e-03 1.099e-03 -3.619e-03 0.000e+00
1941 1.841e-03 -8.141e-03 -7.890e-03 0.000e+00
1942 -1.059e-04 -7.329e-03 -5.257e-03 0.000e+00
1943 1.114e-03 -4.166e-03 6.648e-03 0.000e+00
1944 -6.976e-04 3.017e-03 -4.170e-03 0.000e+00
1945 4.239e-03 -7.121e-03 1.438e-03 0.000e+00
1946 9.997e-03 1.329e-03 1.154e-03 0.000e+00
1947 2.500e-03 -7.910e-03 -1.335e-03 0.000e+00
1948 6.322e-03 5.409e-03 7.342e-03 0.000e+00
1949 -1.209e-03 -1.528e-03 5.110e-04 0.000e+00
1950 4.187e-03 2.927e-03 -3.577e-03 0.000e+00
1951 1.451e-03 -6.487e-03 -2.925e-03 0.000e+00
1952 7.798e-03 4.324e-03 -4.334e-03 0.000e+00
1953 5.460e-03 7.186e-04 2.371e-03 0.000e+00
1954 2.330e-04 1.009e-02 -6.724e-03 -7.448e+01
1955 5.754e-04 -6.432e-03 1.395e-02 0.000e+00
1956 4.054e-03 5.649e-03 -1.053e-03 0.000e+00
1957 1.091e-02 3.158e-03 7.103e-04 0.000e+00
1958 4.777e-03 2.396e-03 -1.654e-02 0.000e+00
1959 -4.151e-04 1.111e-03 7.950e-03 0.000e+00
1960 7.695e-04 -1.625e-03 -2.697e-03 0.000e+00
1961 -1.167e-02 5.780e-03 -4.960e-04 0.000e+00
1962 2.679e-03 4.755e-03 -2.076e-03 0.000e+00
1963 3.126e-03 -6.886e-03 -1.124e-04 0.000e+00
1964 -1.890e-03 -8.920e-04 -8.507e-03 0.000e+00
1965 2.093e-03 -6.535e-03 -2.026e-03 0.000e+00
1966 -7.919e-03 5.047e-03 2.088e-03 0.000e+00
1967 -1.520e-03 2.625e-03 -1.011e-02 0.000e+00
1968 -1.656e-03 9.072e-04 -6.343e-03 0.000e+00
1969 3.330e-03 -7.939e-03 -7.913e-03 0.000e+00
1970 -5.357e-03 -6.819e-03 3.633e-03 0.000e+00
1971 -5.385e-03 2.634e-03 3.928e-03 0.000e+00
1972 1.362e-02 6.119e-03 4.828e-03 0.000e+00
1973 4.095e-03 -8.254e-03 1.517e-03 0.000e+00
1974 2.776e-03 5.526e-03 -8.908e-03 0.000e+00
1975 -3.210e-03 2.306e-03 -5.052e-03 0.000e+00
1976 4.662e-03 -4.872e-03 -4.588e-03 0.000e+00
1977 1.107e-03 7.630e-03 -8.152e-03 0.000e+00
1978 -7.324e-03 -6.683e-03 -4.210e-05 0.000e+00
1979 -1.480e-03 -6.737e-04 7.115e-03 0.000e+00
1980 -2.399e-03 -6.312e-03 9.015e-05 0.000e+00
1981 -8.453e-04 1.281e-03 5.007e-03 0.000e+00
1982 5.050e-03 4.755e-03 5.242e-03 0.000e+00
1983 4.063e-03 5.955e-04 -8.352e-03 0.000e+00
1984 -1.026e-02 1.237e-03 -8.163e-03 0.000e+00
1985 3.947e-03 -8.133e-03 -4.017e-03 0.000e+00
1986 6.997e-03 -8.139e-03 4.188e-03 0.000e+00
1987 3.356e-03 -8.487e-03 -4.007e-03 0.000e+00
1988 5.528e-04 -6.868e-03 -4.964e-03 0.000e+00
1989 -8.457e-03 8.330e-03 -2.460e-03 -8.229e+01
1990 -6.943e-03 -6.093e-04 -5.614e-03 0.000e+00
1991 -5.838e-03 2.382e-04 -5.337e-03 0.000e+00
1992 -2.109e-03 4.330e-03 -3.201e-03 0.000e+00
1993 5.275e-03 -6.111e-03 -1.740e-03 0.000e+00
1994 4.770e-03 1.065e-02 4.217e-03 1.384e+01
1995 -7.867e-03 3.370e-03 2.652e-03 0.000e+00
1996 -1.103e-02 -8.583e-03 5.451e-04 0.000e+00
1997 1.523e-03 -5.239e-03 -4.481e-03 0.000e+00
1998 5.349e-03 2.311e-03 -2.398e-03 0.000e+00
1999 2.065e-03 -5.237e-03 -1.011e-02 0.000e+00
2000 -1.873e-03 4.232e-03 1.552e-04 0.000e+00
2001 1.210e-03 -4.355e-03 -2.148e-04 0.000e+00
2002 1.042e-02 8.884e-03 -9.409e-03 8.176e+01
2003 3.321e-03 7.551e-03 1.389e-03 0.000e+00
2004 -1.093e-04 -1.258e-03 -3.176e-03 0.000e+00
2005 -1.075e-02 3.236e-03 1.181e-03 0.000e+00
2006 1.669e-03 3.165e-03 3.595e-03 0.000e+00
2007 5.181e-03 6.235e-03 -3.253e-03 0.000e+00
2008 9.929e-04 -8.687e-03 -6.899e-03 0.000e+00
2009 8.993e-04 -5.131e-03 -3.950e-03 0.000e+00
2010 2.285e-06 -8.183e-03 -6.131e-03 0.000e+00
2011 -1.010e-03 1.514e-03 1.306e-03 0.000e+00
2012 -6.753e-03 -8.489e-03 6.973e-03 0.000e+00
2013 -1.541e-04 6.692e-03 4.476e-03 0.000e+00
2014 -3.673e-03 -6.094e-03 2.069e-03 0.000e+00
2015 3.068e-03 9.941e-04 1.568e-03 0.000e+00
2016 6.967e-03 -6.523e-03 2.802e-03 0.000e+00
2017 3.326e-03 5.545e-03 4.705e-03 0.000e+00
2018 7.907e-03 4.939e-03 8.066e-03 0.000e+00
2019 1.909e-03 -8.018e-03 -2.604e-03 0.000e+00
2020 -3.289e-03 -5.455e-05 -1.564e-03 0.000e+00
2021 7.892e-03 9.480e-03 -3.501e-04 3.367e+01
2022 2.549e-03 1.391e-03 -7.730e-03 0.000e+00
2023 -5.240e-03 -5.313e-03 -2.131e-02 0.000e+00
2024 -1.004e-02 5.896e-03 6.438e-03 0.000e+00
2025 3.579e-03 -8.648e-03 8.722e-03 0.000e+00
2026 5.185e-04 5.466e-03 -2.213e-03 0.000e+00
2027 -1.166e-03 -2.280e-03 2.023e-03 0.000e+00
2028 3.730e-03 -8.114e-03 4.617e-03 0.000e+00
2029 2.457e-04 3.313e-03 1.700e-03 0.000e+00
2030 -4.899e-03 3.527e-03 -1.929e-03 0.000e+00
2031 1.509e-03 1.633e-03 -6.888e-03 0.000e+00
2032 4.158e-03 -6.871e-03 -1.039e-02 0.000e+00
2033 3.692e-03 -8.247e-03 4.640e-03 0.000e+00
2034 -7.123e-03 2.504e-03 -5.036e-04 0.000e+00
2035 3.487e-03 -6.184e-04 6.317e-03 0.000e+00
2036 5.517e-03 9.103e-03 -2.075e-03 -5.025e+01
2037 -5.447e-05 -1.837e-03 5.654e-05 0.000e+00
2038 7.515e-03 2.718e-03 -6.586e-03 0.000e+00
2039 2.872e-03 4.202e-03 -1.670e-03 0.000e+00
2040 6.466e-03 4.480e-04 -8.457e-03 0.000e+00
2041 -3.784e-03 4.076e-03 -2.662e-03 0.000e+00
2042 7.124e-03 2.575e-03 -1.140e-02 0.000e+00
2043 -1.748e-03 -5.034e-03 3.047e-03 0.000e+00
2044 1.012e-03 -4.762e-03 -2.406e-03 0.000e+00
2045 -6.903e-03 9.331e-03 -1.822e-02 -7.314e+01
2046 1.273e-02 2.875e-03 -1.033e-02 0.000e+00
2047 -2.729e-03 -7.315e-03 8.932e-03 0.000e+00
